33.324099987745285 1.1518714427947998 -1.1678509712219238 -0.14120127260684967 0.4547857940196991 -1.7933982610702515 0.11392842233181 0.45922639966011047 -1.9776290655136108 0.11441206932067871 0.15250010788440704 -1.8142879009246826 0.16689130663871765 0.14411497116088867 -2.0068998336791992 0.16887135803699493 -0.15247392654418945 -1.7867108583450317 0.14367267489433289 -0.4619280993938446 -1.4391791820526123 0.12589798867702484
33.324099987745285 1.55342698097229 -1.18182373046875 -0.10079723596572876 0.86378771066665649 -1.8429105281829834 0.035681869834661484 0.88392317295074463 -2.0180525779724121 0.029964467510581017 0.50335413217544556 -1.9384702444076538 0.035499289631843567 0.48744717240333557 -2.1135931015014648 0.036561030894517899 0.16085344552993774 -1.9724783897399902 0.030210761353373528 -0.2153613269329071 -1.6474113464355469 -0.0066864811815321445
600.65189999341965 1.834072470664978 0.088585220277309418 -0.094163261353969574 1.1960446834564209 -0.66307663917541504 0.1058012843132019 1.2316476106643677 -0.83298110961914063 0.12098479270935059 0.87780857086181641 -0.76422238349914551 0.12245917320251465 0.91213780641555786 -0.92941617965698242 0.14683808386325836 0.5223008394241333 -0.83128869533538818 0.15103916823863983 0.12536527216434479 -0.54162085056304932 0.1149846538901329
923.31149998307228 2.9271173477172852 -2.5416824817657471 -0.75378137826919556 0.6259772777557373 -4.9968371391296387 -0.28924810886383057 0.72186869382858276 -5.4871597290039063 -0.37395334243774414 -0.33318069577217102 -5.4008398056030273 -0.39758417010307312 -0.26265797019004822 -5.9291529655456543 -0.51427042484283447 -1.1312518119812012 -5.4953527450561523 -0.66142553091049194 -2.1383953094482422 -4.5169296264648438 -0.72737067937850952
923.31149998307228 1.5160160064697266 -1.5591956377029419 0.37737858295440674 1.1495820283889771 -2.1914777755737305 0.32557341456413269 1.1445009708404541 -2.2823586463928223 0.39131161570549011 0.87905901670455933 -2.3097829818725586 0.24101912975311279 0.85930967330932617 -2.3939251899719238 0.32067734003067017 0.54950571060180664 -2.4372704029083252 0.26828250288963318 0.044491264969110489 -2.2025094032287598 0.16951683163642883
1043.3205999881029 0.80950170755386353 -0.30881115794181824 -0.28696879744529724 0.42515900731086731 -0.99393051862716675 -0.28854918479919434 0.43108603358268738 -1.1207766532897949 -0.29145142436027527 0.22261282801628113 -1.1084187030792236 -0.30088794231414795 0.24717837572097778 -1.2491768598556519 -0.30582383275032043 -0.010157226584851742 -1.2118364572525024 -0.26640936732292175 -0.34527802467346191 -0.98273682594299316 -0.24569927155971527
1214.5661000013351 0.90344417095184326 -1.0484845638275146 -0.18775860965251923 -0.14685502648353577 -2.0318470001220703 0.020432820543646812 -0.1044456735253334 -2.2555644512176514 0.021328561007976532 -0.59799641370773315 -2.1818335056304932 -0.018390128389000893 -0.59207797050476074 -2.4039270877838135 -0.0095975361764431 -1.0502723455429077 -2.2410256862640381 -0.050906691700220108 -1.664634108543396 -1.7930022478103638 -0.14307636022567749
1214.5661000013351 1.4998458623886108 -1.3478134870529175 -0.22190654277801514 0.48419493436813354 -2.364858865737915 -0.04921305924654007 0.52566677331924438 -2.6244258880615234 -0.049697723239660263 0.014094991609454155 -2.5099670886993408 -0.027172759175300598 0.021428478881716728 -2.7683894634246826 -0.023338576778769493 -0.42234247922897339 -2.5507833957672119 -0.018416639417409897 -0.92795062065124512 -2.0721447467803955 -0.03166348859667778
1315.4699999988079 1.1667920351028442 -1.2433242797851563 -0.0065420255996286869 0.30969595909118652 -1.9733058214187622 0.023566106334328651 0.34210807085037231 -2.1386792659759521 0.037769239395856857 -0.031158322468400002 -2.0590014457702637 0.051483806222677231 -0.026688810437917709 -2.2163493633270264 0.077051378786563873 -0.32451972365379333 -2.0894095897674561 0.10867665708065033 -0.6492316722869873 -1.7581682205200195 0.11271615326404572
1315.4699999988079 0.9765932559967041 -1.0146042108535767 -0.099758781492710114 0.38173636794090271 -1.5449265241622925 -0.029875081032514572 0.39950600266456604 -1.7013583183288574 -0.028105823323130608 0.095178611576557159 -1.6338437795639038 -0.0017079433891922235 0.09261651337146759 -1.7865903377532959 0.0048217689618468285 -0.18626359105110168 -1.6598989963531494 0.022543953731656075 -0.4896913468837738 -1.3585656881332397 0.021262461319565773
1395.7890999913216 1.0139122009277344 -0.9369819164276123 -0.12235964834690094 0.38100349903106689 -1.5293843746185303 0.026332423090934753 0.40008068084716797 -1.6909995079040527 0.024045024067163467 0.077267132699489594 -1.6010589599609375 0.052444390952587128 0.074234895408153534 -1.7619038820266724 0.055402249097824097 -0.20872151851654053 -1.6222993135452271 0.057077065110206604 -0.5247611403465271 -1.3310245275497437 0.035455536097288132
1395.7890999913216 1.2465585470199585 -1.0944645404815674 -0.17926605045795441 0.41782873868942261 -1.7767239809036255 0.055615514516830444 0.42290395498275757 -1.9419542551040649 0.049677196890115738 0.090125225484371185 -1.8408342599868774 0.09058988094329834 0.06808789074420929 -2.0097601413726807 0.091948382556438446 -0.24444246292114258 -1.8731434345245361 0.10143047571182251 -0.62362015247344971 -1.5675228834152222 0.074460498988628387
1492.3097999840975 1.2902966737747192 -0.9601866602897644 -0.29707440733909607 0.4800589382648468 -1.7462868690490723 -0.046034354716539383 0.49641025066375732 -1.9022107124328613 -0.060680326074361801 0.17205436527729034 -1.8309464454650879 -0.0013572510797530413 0.18527224659919739 -1.9936649799346924 -0.012608747929334641 -0.12096688151359558 -1.8482472896575928 -0.0022714973893016577 -0.50779902935028076 -1.555482029914856 -0.0068479552865028381
1492.3097999840975 1.1844581365585327 -0.85180646181106567 -0.15263739228248596 0.50430589914321899 -1.5894234180450439 -0.050048161298036575 0.51534748077392578 -1.7666221857070923 -0.044157329946756363 0.20938234031200409 -1.7171519994735718 -0.060085102915763855 0.21042183041572571 -1.9021588563919067 -0.051447305828332901 -0.085993759334087372 -1.7945033311843872 -0.049100760370492935 -0.4759889543056488 -1.4793163537979126 -0.054826155304908752
1609.6218999922276 1.1874154806137085 -0.82735741138458252 0.010237826034426689 0.95340925455093384 -1.6446470022201538 -0.2272752970457077 0.99744206666946411 -1.9170565605163574 -0.21570442616939545 0.56412440538406372 -1.9012340307235718 -0.24833673238754272 0.59254342317581177 -2.2245333194732666 -0.23675759136676788 0.16501948237419128 -2.0974485874176025 -0.20763981342315674 -0.34044542908668518 -1.6295194625854492 -0.16206818819046021
1789.0150999873877 1.3704483509063721 -0.77497071027755737 -0.31112778186798096 0.63859450817108154 -1.7230393886566162 0.024075962603092194 0.68281608819961548 -1.9713046550750732 0.003730197437107563 0.17843182384967804 -1.8725312948226929 0.057326413691043854 0.18603485822677612 -2.1168560981750488 0.039178617298603058 -0.2810617983341217 -1.9741115570068359 0.0025970232672989368 -0.69930249452590942 -1.6600202322006226 -0.059527300298213959
1789.0150999873877 1.5208255052566528 -0.76923024654388428 -0.89525800943374634 0.31639030575752258 -2.0803346633911133 -0.81022071838378906 0.34394460916519165 -2.4113481044769287 -0.84976875782012939 -0.18267127871513367 -2.2408633232116699 -0.7884642481803894 -0.11753698438405991 -2.6012601852416992 -0.83610117435455322 -0.63727933168411255 -2.4754326343536377 -0.73537367582321167 -1.1316894292831421 -2.0403022766113281 -0.67161059379577637
1954.3153000026941 0.89985257387161255 -0.88677603006362915 -0.11552830785512924 -0.030687315389513969 -1.8311973810195923 0.021803151816129684 0.006511039100587368 -2.0592765808105469 0.013481645844876766 -0.49818852543830872 -1.9549524784088135 0.0052757938392460346 -0.50803929567337036 -2.1799681186676025 0.010434332303702831 -0.93883514404296875 -1.9925116300582886 0.00032302268664352596 -1.4520125389099121 -1.5222091674804688 -0.067731395363807678
