759.08159999549389 -1.442365288734436 -0.055974759161472321 -0.35083401203155518 -1.7311346530914307 -0.43782994151115417 -0.46859589219093323 -1.705036997795105 -0.4973023533821106 -0.43663805723190308 -1.8856371641159058 -0.54140162467956543 -0.38433998823165894 -1.8397562503814697 -0.55229151248931885 -0.32644593715667725 -1.9634186029434204 -0.53175777196884155 -0.25065517425537109 -2.0881249904632568 -0.46449419856071472 -0.20795370638370514
938.69049999117851 1.912724494934082 -4.0650701522827148 -0.27725183963775635 0.79013484716415405 -4.966465950012207 -0.058174870908260345 0.78521066904067993 -5.2779707908630371 -0.053484167903661728 0.23332534730434418 -5.0572242736816406 -0.032399777323007584 0.19294844567775726 -5.3766608238220215 -0.034549862146377563 -0.30088064074516296 -5.0999574661254883 -0.061116419732570648 -0.75571250915527344 -4.5062494277954102 -0.064446926116943359
1049.6580999940634 0.53760439157485962 -0.82768332958221436 -0.018215054646134377 0.29967689514160156 -1.0253967046737671 -0.0038785811048001051 0.31440445780754089 -1.0647149085998535 -0.016807077452540398 0.15292747318744659 -1.0561106204986572 -0.038608945906162262 0.15783850848674774 -1.1034681797027588 -0.048132617026567459 0.047208383679389954 -1.0536683797836304 -0.08296649158000946 -0.096235252916812897 -0.91754680871963501 -0.12823507189750671
1049.6580999940634 0.89932459592819214 -1.0417280197143555 -0.086422756314277649 0.41684961318969727 -1.3681650161743164 -0.013151359744369984 0.44885092973709106 -1.4888144731521606 -0.03070971742272377 0.20246599614620209 -1.4175065755844116 -0.050197653472423553 0.2166537344455719 -1.5474183559417725 -0.073813974857330322 0.057677671313285828 -1.4278131723403931 -0.13758756220340729 -0.089989721775054932 -1.2094507217407227 -0.18281799554824829
1150.7401999980211 1.1415680646896362 -1.0636330842971802 -0.055351931601762772 0.57400918006896973 -1.5823863744735718 0.081944167613983154 0.59530967473983765 -1.7134437561035156 0.097003288567066193 0.31154277920722961 -1.6114572286605835 0.12056495994329453 0.33918553590774536 -1.7356206178665161 0.1412583589553833 0.099224835634231567 -1.5642595291137695 0.13880547881126404 -0.17165246605873108 -1.3071260452270508 0.13465999066829681
1150.7401999980211 1.3303278684616089 -0.97297990322113037 0.15469913184642792 0.83595490455627441 -1.5998779535293579 0.1275678426027298 0.8795885443687439 -1.7627233266830444 0.144932821393013 0.53121811151504517 -1.6958653926849365 0.14907151460647583 0.55265647172927856 -1.8661468029022217 0.17745259404182434 0.26045271754264832 -1.7357704639434814 0.20070232450962067 -0.039925470948219299 -1.4071958065032959 0.18519403040409088
1236.8844000101089 1.4237176179885864 -0.91432464122772217 -0.029204206541180611 0.84683716297149658 -1.7165039777755737 0.064727611839771271 0.89372807741165161 -1.8679190874099731 0.07441498339176178 0.55426931381225586 -1.8479528427124023 0.070565558969974518 0.58863627910614014 -2.0056204795837402 0.088976263999938965 0.26790356636047363 -1.8780002593994141 0.063776455819606781 -0.1420070081949234 -1.589408278465271 0.044249914586544037
1236.8844000101089 1.2470929622650146 -0.76531392335891724 -0.029065556824207306 0.74992024898529053 -1.4878169298171997 0.036838449537754059 0.78929466009140015 -1.6338748931884766 0.044314131140708923 0.45798668265342712 -1.6154253482818604 0.025561058893799782 0.49046650528907776 -1.7619756460189819 0.037974931299686432 0.1922849714756012 -1.6506552696228027 0.023722251877188683 -0.20114476978778839 -1.4116876125335693 0.0023624992463737726
1337.2720999866724 1.4940189123153687 -0.73796123266220093 -0.086077682673931122 0.89389431476593018 -1.6590083837509155 0.020717892795801163 0.95082050561904907 -1.8302701711654663 0.022949783131480217 0.56991267204284668 -1.8344229459762573 0.02857644110918045 0.61288273334503174 -2.0087230205535889 0.039486423134803772 0.24198859930038452 -1.9201076030731201 0.055528409779071808 -0.21449801325798035 -1.634067177772522 0.053642280399799347
1337.2720999866724 1.5025801658630371 -0.60214686393737793 -0.27018925547599792 0.92917066812515259 -1.5946189165115356 -0.066393159329891205 0.97919434309005737 -1.7892038822174072 -0.082071952521800995 0.61134195327758789 -1.7800372838973999 -0.080953203141689301 0.65269607305526733 -1.9901043176651001 -0.10018543899059296 0.28012219071388245 -1.9027687311172485 -0.1182561069726944 -0.17580096423625946 -1.6319037675857544 -0.14242769777774811
1423.3935000002384 1.5047030448913574 -0.54605787992477417 -0.091670677065849304 1.1013630628585815 -1.6571899652481079 -0.017131797969341278 1.1724147796630859 -1.8566693067550659 -0.015936190262436867 0.72385662794113159 -1.929795503616333 -0.043857961893081665 0.7626192569732666 -2.1355190277099609 -0.03631061315536499 0.28681224584579468 -2.0901107788085938 -0.028287114575505257 -0.2555050253868103 -1.7827144861221313 -0.035972382873296738
1423.3935000002384 1.1118209362030029 -0.67015558481216431 0.33863595128059387 1.2638921737670898 -1.5402113199234009 0.02157321386039257 1.3160046339035034 -1.7524286508560181 0.06721014529466629 0.93287366628646851 -1.8710993528366089 -0.096535399556159973 1.0090715885162354 -2.1132400035858154 -0.063438035547733307 0.52396446466445923 -2.1534519195556641 -0.12371765822172165 -0.25378566980361938 -1.8343892097473145 -0.12885765731334686
1508.4874999970198 0.92430639266967773 -0.92272621393203735 0.361398845911026 1.0865983963012695 -1.8512589931488037 0.023026175796985626 1.1422133445739746 -2.0777394771575928 0.071730382740497589 0.73333191871643066 -2.2043862342834473 -0.1030205711722374 0.81465113162994385 -2.4628012180328369 -0.067698724567890167 0.29693973064422607 -2.5057158470153809 -0.13202977180480957 -0.53308343887329102 -2.1652085781097412 -0.13751523196697235
1508.4874999970198 0.90450543165206909 -0.67891639471054077 -0.10309234261512756 0.79861009120941162 -1.3873300552368164 -0.45603501796722412 0.83323585987091064 -1.6170481443405151 -0.45531255006790161 0.54394406080245972 -1.5828970670700073 -0.62538790702819824 0.61036825180053711 -1.825776219367981 -0.67121243476867676 0.15576688945293427 -1.8249068260192871 -0.66781443357467651 -0.45244598388671875 -1.5901257991790771 -0.6420433521270752
1649.9949000030756 0.80338424444198608 0.08773331344127655 -0.54381084442138672 0.067427806556224823 -1.1318976879119873 -0.26396003365516663 0.13696229457855225 -1.336707592010498 -0.29920914769172668 -0.27858737111091614 -1.3082424402236938 -0.30780115723609924 -0.19292460381984711 -1.5165269374847412 -0.34930062294006348 -0.70698827505111694 -1.4213794469833374 -0.40227875113487244 -1.0699837207794189 -1.0376045703887939 -0.44535079598426819
1734.1997999995947 3.135059118270874 -0.72408938407897949 -1.3917845487594604 1.4410111904144287 -3.7036523818969727 -0.73825609683990479 1.597631573677063 -4.0900545120239258 -0.86301100254058838 0.5663641095161438 -4.1842164993286133 -0.73171395063400269 0.68796581029891968 -4.6072826385498047 -0.86696481704711914 -0.19024904072284698 -4.4307999610900879 -0.85467880964279175 -1.0008566379547119 -3.8751797676086426 -0.90243887901306152
1902.0265999883413 0.76672881841659546 -0.93075466156005859 -0.088268011808395386 0.18534481525421143 -1.9026998281478882 0.12840403616428375 0.18677879869937897 -2.0764882564544678 0.1462189108133316 -0.15166786313056946 -1.9799003601074219 0.18899160623550415 -0.15835730731487274 -2.1467690467834473 0.2216789722442627 -0.51882266998291016 -1.963749885559082 0.24949714541435242 -0.89609074592590332 -1.635930061340332 0.22660498321056366
1902.0265999883413 0.86024808883666992 -1.0199227333068848 -0.10686402022838593 0.27004402875900269 -1.7956411838531494 -0.02344481460750103 0.27361580729484558 -1.9827001094818115 -0.022196315228939056 -0.034348361194133759 -1.8565714359283447 -0.0096318582072854042 -0.037496559321880341 -2.0399284362792969 -0.0070071648806333542 -0.32726860046386719 -1.8652321100234985 -0.0011150713544338942 -0.61709386110305786 -1.5577348470687866 -0.0079188048839569092
