0.0 -0.97106999158859253 -1.1467769145965576 0.47824004292488098 -0.90975791215896606 -1.2737401723861694 0.40009605884552002 -1.1365542411804199 -1.2807338237762451 0.306723952293396 -0.96505534648895264 -1.257229208946228 0.094782434403896332 -1.1865189075469971 -1.1942903995513916 -0.028888199478387833 -1.1172695159912109 -1.1716192960739136 -0.054124828428030014 -0.91788238286972046 -1.1869329214096069 -0.21313174068927765
0.0 -0.8718574047088623 -1.1238538026809692 0.62521153688430786 -0.84860903024673462 -1.2415115833282471 0.56751734018325806 -1.0646852254867554 -1.2900916337966919 0.48386028409004211 -0.92782461643218994 -1.2429287433624268 0.27510553598403931 -1.1528970003128052 -1.2288298606872559 0.16073444485664368 -1.1080361604690552 -1.1921654939651489 0.11204846948385239 -0.93702471256256104 -1.2152388095855713 -0.056905269622802734
61.355700001120567 -1.0249733924865723 -1.1161631345748901 0.12900672852993011 -0.965240478515625 -1.2454637289047241 0.14669099450111389 -1.1569926738739014 -1.2463526725769043 0.04800787940621376 -0.90844815969467163 -1.2411856651306152 -0.075829677283763885 -1.0912537574768066 -1.185476541519165 -0.21126285195350647 -0.95135229825973511 -1.1355859041213989 -0.25009414553642273 -0.75610297918319702 -1.1256073713302612 -0.3749958872795105
65.362500011920929 -1.054966926574707 -1.2014147043228149 0.13702934980392456 -0.99151879549026489 -1.3387575149536133 0.1558135598897934 -1.195197582244873 -1.339701771736145 0.050992496311664581 -0.93119406700134277 -1.3342133760452271 -0.08054756373167038 -1.1253699064254761 -1.2750391960144043 -0.2244044691324234 -0.97676676511764526 -1.2220455408096313 -0.26565098762512207 -0.76937323808670044 -1.2114464044570923 -0.39832144975662231
124.71289999783039 -1.009942889213562 -1.1708871126174927 0.12710623443126678 -0.99689996242523193 -1.3069857358932495 0.081517808139324188 -1.2109559774398804 -1.3111718893051147 -0.038022827357053757 -0.95445376634597778 -1.3188140392303467 -0.1634766161441803 -1.156739354133606 -1.2658683061599731 -0.32030075788497925 -1.0161035060882568 -1.2334390878677368 -0.33214327692985535 -0.80929708480834961 -1.2255668640136719 -0.46706536412239075
124.71289999783039 -1.0292911529541016 -1.1341227293014526 0.23593832552433014 -0.97385984659194946 -1.2667397260665894 0.19279295206069946 -1.1737298965454102 -1.2920659780502319 0.064960308372974396 -0.94719612598419189 -1.2777258157730103 -0.041518803685903549 -1.1332619190216064 -1.2435698509216309 -0.20293127000331879 -0.99153637886047363 -1.2060462236404419 -0.19932945072650909 -0.80888038873672485 -1.2018487453460693 -0.33645859360694885
245.3192999958992 -0.82533371448516846 -0.97726166248321533 0.6284409761428833 -0.78309643268585205 -1.115234375 0.61193186044692993 -1.0325316190719604 -1.1690771579742432 0.47760602831840515 -0.79385548830032349 -1.1330938339233398 0.29188907146453857 -1.0565793514251709 -1.1084625720977783 0.10097427666187286 -1.0208625793457031 -0.96064239740371704 -0.0067824069410562515 -0.84669256210327148 -0.95439499616622925 -0.13727298378944397
320.58870001137257 -1.1974464654922485 -1.6111000776290894 0.93447136878967285 -1.1690266132354736 -1.7903622388839722 0.86802905797958374 -1.4758909940719604 -1.794474720954895 0.71891695261001587 -1.2594588994979858 -1.7735525369644165 0.36498954892158508 -1.5618054866790771 -1.6880279779434204 0.15118439495563507 -1.5209760665893555 -1.632871150970459 0.090836994349956512 -1.2772758007049561 -1.6659948825836182 -0.13757839798927307
320.58870001137257 -0.8536306619644165 -1.0880227088928223 0.43496409058570862 -0.77485471963882446 -1.2345709800720215 0.39918246865272522 -0.99560737609863281 -1.2628991603851318 0.31404253840446472 -0.8507845401763916 -1.2041685581207275 0.1007901057600975 -1.0688725709915161 -1.1774255037307739 -0.0033269212581217289 -1.0156930685043335 -1.0944054126739502 -0.060146570205688477 -0.87148034572601318 -1.0708173513412476 -0.2268841564655304
385.97509999573231 -0.8989485502243042 -1.2124768495559692 0.46905714273452759 -0.81399881839752197 -1.3705102205276489 0.430471271276474 -1.0520519018173218 -1.401058554649353 0.3386588990688324 -0.89587932825088501 -1.337725043296814 0.10869376361370087 -1.131058931350708 -1.3088861703872681 -0.003582952544093132 -1.0737118721008301 -1.2193598747253418 -0.064855583012104034 -0.91819703578948975 -1.1939231157302856 -0.24466045200824738
385.97509999573231 -0.87079668045043945 -1.1931338310241699 0.41322320699691772 -0.75155085325241089 -1.2684944868087769 0.48086732625961304 -0.95812058448791504 -1.3078209161758423 0.41543278098106384 -0.81560301780700684 -1.2392375469207764 0.16497403383255005 -1.0349311828613281 -1.2082732915878296 0.072940327227115631 -1.0000348091125488 -1.1308708190917969 0.02797316201031208 -0.85997915267944336 -1.1347614526748657 -0.14759883284568787
443.24040000140667 -0.80506730079650879 -1.1535134315490723 0.58436602354049683 -0.73954302072525024 -1.3268442153930664 0.5315287709236145 -0.95935910940170288 -1.3743951320648193 0.43961355090141296 -0.83486485481262207 -1.3245984315872192 0.19449315965175629 -1.0700924396514893 -1.3048332929611206 0.073997989296913147 -1.0295413732528687 -1.204264760017395 -0.0097288582473993301 -0.8853265643119812 -1.1873427629470825 -0.16625559329986572
443.24040000140667 -0.8394463062286377 -1.0732405185699463 0.31680828332901001 -0.87174934148788452 -1.254297137260437 0.23471398651599884 -1.0900019407272339 -1.2711163759231567 0.11996350437402725 -0.88886529207229614 -1.2827894687652588 -0.052518580108880997 -1.1205445528030396 -1.2450202703475952 -0.21090914309024811 -1.0556961297988892 -1.1760967969894409 -0.27129235863685608 -0.87306731939315796 -1.1349649429321289 -0.39312690496444702
497.71340000629425 -0.83576267957687378 -1.1802963018417358 0.33495825529098511 -0.86991697549819946 -1.3717294931411743 0.24815905094146729 -1.1006779670715332 -1.3895125389099121 0.12683215737342834 -0.88801389932632446 -1.4018547534942627 -0.05553499236702919 -1.1329708099365234 -1.361920952796936 -0.22300301492214203 -1.0644057989120483 -1.2890473604202271 -0.2868468165397644 -0.8713105320930481 -1.2455581426620483 -0.41566377878189087
497.71340000629425 -0.78146803379058838 -1.1233270168304443 0.6344764232635498 -0.74010771512985229 -1.2609057426452637 0.59313619136810303 -0.93653857707977295 -1.2892366647720337 0.53112363815307617 -0.84794908761978149 -1.2508487701416016 0.25099146366119385 -1.0731853246688843 -1.2101179361343384 0.14991997182369232 -1.094982385635376 -1.1888861656188965 0.085212647914886475 -0.95393872261047363 -1.2109196186065674 -0.086837418377399445
557.01200000941753 -0.82689523696899414 -1.2272439002990723 0.34006869792938232 -0.78894048929214478 -1.3530285358428955 0.24663764238357544 -1.0201147794723511 -1.3755068778991699 0.18993575870990753 -0.87123292684555054 -1.3343949317932129 0.027620267122983932 -1.1142678260803223 -1.2927201986312866 -0.048550412058830261 -1.0730012655258179 -1.1983836889266968 -0.084968224167823792 -0.89601993560791016 -1.1702895164489746 -0.23254154622554779
557.01200000941753 -0.80906784534454346 -1.1792834997177124 0.3268696665763855 -0.7725861668586731 -1.3001865148544312 0.23706462979316711 -0.99478870630264282 -1.3217924833297729 0.18256331980228424 -0.8516848087310791 -1.2822760343551636 0.026547199115157127 -1.0852876901626587 -1.2422188520431519 -0.046667333692312241 -1.045622706413269 -1.1515433788299561 -0.081671789288520813 -0.87550991773605347 -1.1245394945144653 -0.22351786494255066
615.1414999961853 -0.81504184007644653 -1.1649771928787231 0.51794666051864624 -0.74655485153198242 -1.3076846599578857 0.47678390145301819 -0.94763833284378052 -1.329166054725647 0.43175816535949707 -0.87173020839691162 -1.2590616941452026 0.15167231857776642 -1.0963343381881714 -1.2187844514846802 0.087424479424953461 -1.1112138032913208 -1.1262078285217285 0.0048984666354954243 -0.95426028966903687 -1.1426531076431274 -0.22999569773674011
615.1414999961853 -0.77033096551895142 -1.0977010726928711 0.19586943089962006 -0.81146186590194702 -1.3181897401809692 0.088189788162708282 -1.0471627712249756 -1.3754433393478394 0.0093400226905941963 -0.84261953830718994 -1.3351877927780151 -0.15391005575656891 -1.1164660453796387 -1.3468431234359741 -0.26207643747329712 -1.066231369972229 -1.2687686681747437 -0.33608019351959229 -0.90014410018920898 -1.2014349699020386 -0.47498863935470581
669.9350999891758 -0.82029908895492554 -1.1005901098251343 0.43054062128067017 -0.68633323907852173 -1.3794996738433838 0.35723763704299927 -0.89552062749862671 -1.4260655641555786 0.32616305351257324 -0.79550731182098389 -1.3674477338790894 0.046927124261856079 -1.0406031608581543 -1.3695341348648071 0.0070857717655599117 -1.0668244361877441 -1.2538372278213501 -0.14622297883033752 -0.91923654079437256 -1.1684161424636841 -0.36602452397346497
669.9350999891758 -0.84876734018325806 -1.1456471681594849 0.45308363437652588 -0.70778870582580566 -1.4391567707061768 0.37594345211982727 -0.92792648077011108 -1.4881603717803955 0.34324216842651367 -0.82267773151397705 -1.4264739751815796 0.049389135092496872 -1.0806035995483398 -1.4286695718765259 0.0074622142128646374 -1.1081973314285278 -1.3069162368774414 -0.15387175977230072 -0.95288378000259399 -1.2170236110687256 -0.38517919182777405
728.90420000255108 -0.80935966968536377 -1.1107637882232666 0.15016023814678192 -0.81399548053741455 -1.4069705009460449 -0.047705832868814468 -1.0410141944885254 -1.473024845123291 -0.087124459445476532 -0.79417133331298828 -1.4159148931503296 -0.21109703183174133 -1.020028829574585 -1.445625901222229 -0.26687082648277283 -1.0405532121658325 -1.2619882822036743 -0.26589077711105347 -0.8927154541015625 -1.1822377443313599 -0.40553560853004456
728.90420000255108 -0.79917097091674805 -0.91125118732452393 0.20563535392284393 -0.81869542598724365 -1.3111176490783691 0.0037894418928772211 -1.0550910234451294 -1.3834670782089233 -0.020503722131252289 -0.87790602445602417 -1.3157414197921753 -0.17191703617572784 -1.1368486881256104 -1.3359290361404419 -0.21386197209358215 -1.167350172996521 -1.2581733465194702 -0.22797375917434692 -1.0361689329147339 -1.2345268726348877 -0.36074888706207275
790.42280000448227 -0.82375925779342651 -0.92920202016830444 0.20607517659664154 -0.84332597255706787 -1.3299330472946167 0.0037928672973066568 -1.0802327394485474 -1.4024386405944824 -0.020552817732095718 -0.90266454219818115 -1.334566593170166 -0.17229349911212921 -1.1621670722961426 -1.3547978401184082 -0.21432909369468689 -1.1927344799041748 -1.2768741846084595 -0.22847138345241547 -1.0612696409225464 -1.2531765699386597 -0.36153364181518555
790.42280000448227 -0.91399937868118286 -1.0363069772720337 0.21597401797771454 -0.88137781620025635 -1.3456082344055176 0.13576135039329529 -1.1040419340133667 -1.4425408840179443 0.080392561852931976 -0.88507288694381714 -1.3664472103118896 -0.085325613617897034 -1.117556095123291 -1.4261372089385986 -0.1707797646522522 -1.1794039011001587 -1.2195558547973633 -0.24367004632949829 -1.0108422040939331 -1.1403753757476807 -0.41673672199249268
847.18129999935627 -0.79706192016601563 -0.95728486776351929 -0.6345829963684082 -0.88785964250564575 -1.3774033784866333 -0.8365250825881958 -1.0796928405761719 -1.4817304611206055 -0.8189929723739624 -0.82531636953353882 -1.3511359691619873 -0.64419424533843994 -0.96812617778778076 -1.4011392593383789 -0.64863330125808716 -0.98984354734420776 -0.91217398643493652 -0.27114975452423096 -0.82146894931793213 -0.91301953792572021 -0.18840840458869934
961.41249999403954 -0.97089278697967529 -0.8158719539642334 0.4933769702911377 -1.039928674697876 -1.1278244256973267 0.27863109111785889 -1.2812591791152954 -1.1942708492279053 0.1620488166809082 -1.0743125677108765 -1.1664395332336426 0.022109691053628922 -1.337891697883606 -1.1853252649307251 -0.12716385722160339 -1.3277753591537476 -1.093519926071167 -0.19750860333442688 -1.1538550853729248 -1.0295647382736206 -0.38103348016738892
1102.6245999932289 -1.7914301156997681 -1.7987370491027832 0.86786490678787231 -1.7102420330047607 -2.151719331741333 0.73066234588623047 -1.982548713684082 -2.1799466609954834 0.61600303649902344 -1.8021247386932373 -2.1473956108093262 0.37702533602714539 -2.1155903339385986 -2.1051290035247803 0.23630379140377045 -2.1298832893371582 -2.0400631427764893 0.15996648371219635 -1.9522676467895508 -2.0459928512573242 -0.14937455952167511
1182.0535999983549 -0.96024090051651001 -1.0584700107574463 0.30559021234512329 -0.87804585695266724 -1.2437831163406372 0.28462034463882446 -1.0503545999526978 -1.2357416152954102 0.25136023759841919 -0.92221009731292725 -1.2072045803070068 0.10504155606031418 -1.101814866065979 -1.1594340801239014 0.067390963435173035 -1.059357762336731 -1.1113871335983276 0.03273048996925354 -0.91280913352966309 -1.118682861328125 -0.16012479364871979
1182.0535999983549 -0.75635027885437012 -0.97332781553268433 -0.17152506113052368 -0.82420718669891357 -1.2015255689620972 -0.31774905323982239 -1.0201581716537476 -1.1916838884353638 -0.34337019920349121 -0.81707602739334106 -1.2248797416687012 -0.27966710925102234 -1.0157084465026855 -1.1612694263458252 -0.32546347379684448 -0.93103533983230591 -1.0941532850265503 -0.2390160858631134 -0.75734066963195801 -1.0883424282073975 -0.25086933374404907
1240.6091999858618 -0.77954947948455811 -0.97173875570297241 -0.17142461240291595 -0.84737151861190796 -1.1998194456100464 -0.31757360696792603 -1.0432220697402954 -1.1899827718734741 -0.34318163990974426 -0.84024399518966675 -1.2231615781784058 -0.27951118350028992 -1.0387746095657349 -1.1595839262008667 -0.32528409361839294 -0.95414483547210693 -1.0925021171569824 -0.23888102173805237 -0.78053927421569824 -1.0866943597793579 -0.25072818994522095
1240.6091999858618 -0.88254469633102417 -0.95160144567489624 0.32777535915374756 -0.90534114837646484 -1.1963982582092285 0.23507620394229889 -1.0764342546463013 -1.1693849563598633 0.15550190210342407 -0.93836808204650879 -1.2021809816360474 -0.011840375140309334 -1.1079825162887573 -1.1272513866424561 -0.11821495741605759 -1.0930498838424683 -1.0843141078948975 -0.16293126344680786 -0.96226048469543457 -1.0796594619750977 -0.3907376229763031
1316.4851999878883 -0.73023289442062378 -1.0555602312088013 -0.16206169128417969 -0.87206017971038818 -1.1938492059707642 -0.3227989673614502 -1.0733538866043091 -1.192344069480896 -0.33987948298454285 -0.87214571237564087 -1.204087495803833 -0.30184316635131836 -1.0807042121887207 -1.1709675788879395 -0.31125226616859436 -0.93281441926956177 -1.048741340637207 -0.1839795857667923 -0.75838762521743774 -1.0797728300094604 -0.25807958841323853
1316.4851999878883 -0.79589337110519409 -1.1163806915283203 0.12921765446662903 -0.81658166646957397 -1.2574031352996826 0.019367966800928116 -1.0345062017440796 -1.2572094202041626 -0.038596101105213165 -0.84631055593490601 -1.2578234672546387 -0.16288550198078156 -1.0748914480209351 -1.2099642753601074 -0.23228102922439575 -1.013270378112793 -1.1709661483764648 -0.24595028162002563 -0.84008896350860596 -1.171628475189209 -0.41432002186775208
1380.2593999952078 -0.83046513795852661 -1.0708296298980713 0.52798110246658325 -0.73069965839385986 -1.2730699777603149 0.55296224355697632 -0.91416442394256592 -1.2737622261047363 0.53111898899078369 -0.80611562728881836 -1.2547565698623657 0.27195689082145691 -0.9958685040473938 -1.2033083438873291 0.24280424416065216 -0.99888557195663452 -1.1526182889938354 0.15507291257381439 -0.86653071641921997 -1.159332275390625 -0.10927332192659378
1380.2593999952078 -0.82966583967208862 -0.98792010545730591 0.24918818473815918 -0.75539743900299072 -1.1681597232818604 0.2104048877954483 -0.94368624687194824 -1.1662769317626953 0.17869144678115845 -0.8329775333404541 -1.1219477653503418 0.013844761066138744 -1.0374062061309814 -1.0750957727432251 -0.028428986668586731 -0.99559628963470459 -1.0033730268478394 -0.017392793670296669 -0.84135764837265015 -1.0159898996353149 -0.20048613846302032
1440.4790000021458 -0.8081400990486145 -1.1063274145126343 0.26986080408096313 -0.72770780324935913 -1.3015258312225342 0.22785869240760803 -0.93162357807159424 -1.2994867563247681 0.19351321458816528 -0.81172668933868408 -1.2514785528182983 0.014985146932303905 -1.0331218242645264 -1.2007380723953247 -0.030797092244029045 -0.9878419041633606 -1.1230628490447998 -0.018844954669475555 -0.82080227136611938 -1.1367267370223999 -0.21713405847549438
1440.4790000021458 -0.7698180079460144 -0.95553559064865112 0.30932775139808655 -0.72758662700653076 -1.2311807870864868 0.29688224196434021 -0.90450555086135864 -1.2324972152709961 0.25535926222801208 -0.77652430534362793 -1.2582288980484009 0.07595457136631012 -0.9772912859916687 -1.2153885364532471 0.016919495537877083 -0.97299051284790039 -1.1980149745941162 -0.046935804188251495 -0.84840691089630127 -1.1990472078323364 -0.25393953919410706
1498.4977000057697 -0.73095959424972534 -1.0811961889266968 0.70003342628479004 -0.61596232652664185 -1.2769607305526733 0.67901021242141724 -0.79760849475860596 -1.3033180236816406 0.64186680316925049 -0.75691848993301392 -1.2340914011001587 0.31411528587341309 -0.95641827583312988 -1.1972209215164185 0.26754593849182129 -0.9771963357925415 -1.1101459264755249 0.15286548435688019 -0.87155956029891968 -1.115480899810791 -0.14718599617481232
1498.4977000057697 -0.65752768516540527 -1.0539480447769165 0.6958085298538208 -0.54322522878646851 -1.2485297918319702 0.67491233348846436 -0.72377389669418335 -1.2747278213500977 0.63799333572387695 -0.68332976102828979 -1.2059195041656494 0.31222200393676758 -0.88162422180175781 -1.1692718267440796 0.26593402028083801 -0.90227669477462769 -1.0827229022979736 0.15194644033908844 -0.79727822542190552 -1.088025689125061 -0.14629217982292175
1559.2256000041962 -0.6946340799331665 -1.004413366317749 0.65329396724700928 -0.52511173486709595 -1.2701842784881592 0.7112579345703125 -0.6582682728767395 -1.2840160131454468 0.71282440423965454 -0.70567357540130615 -1.1391772031784058 0.37130692601203918 -0.82834500074386597 -1.0466599464416504 0.36134663224220276 -0.84026306867599487 -1.0295672416687012 0.20785714685916901 -0.75249207019805908 -1.1634198427200317 -0.13054972887039185
1559.2256000041962 -0.66751605272293091 -1.0362892150878906 0.89699476957321167 -0.48850482702255249 -1.2484769821166992 0.93331629037857056 -0.63174033164978027 -1.2388927936553955 0.92161506414413452 -0.65862244367599487 -1.1608719825744629 0.57345432043075562 -0.7886996865272522 -1.0711134672164917 0.55196011066436768 -0.83423078060150146 -1.0108857154846191 0.37446486949920654 -0.7778666615486145 -1.0695645809173584 0.029869396239519119
1621.5438999980688 -0.62111365795135498 -0.93704515695571899 0.56101536750793457 -0.5989220142364502 -1.2162015438079834 0.53691470623016357 -0.7058403491973877 -1.1982930898666382 0.51540011167526245 -0.6877601146697998 -1.1902624368667603 0.35849720239639282 -0.78632831573486328 -1.1257407665252686 0.33972674608230591 -0.76820510625839233 -1.0613069534301758 0.20456470549106598 -0.68857657909393311 -1.0922318696975708 -0.077320560812950134
1621.5438999980688 -0.6648106575012207 -0.92792731523513794 0.55714571475982666 -0.64277225732803345 -1.2051562070846558 0.53321146965026855 -0.74895238876342773 -1.1873714923858643 0.51184540987014771 -0.73099696636199951 -1.1793962717056274 0.35602584481239319 -0.82888460159301758 -1.115320086479187 0.33738499879837036 -0.81088656187057495 -1.0513311624526978 0.20315620303153992 -0.73180782794952393 -1.0820424556732178 -0.076782748103141785
1682.4630000144243 -0.71932017803192139 -1.0407106876373291 0.54830306768417358 -0.65237993001937866 -1.2165077924728394 0.60442012548446655 -0.71262466907501221 -1.2064749002456665 0.58888417482376099 -0.73229873180389404 -1.1411949396133423 0.34199497103691101 -0.76068466901779175 -1.0762676000595093 0.30047440528869629 -0.73166531324386597 -1.0108145475387573 0.16425031423568726 -0.66449064016342163 -1.0463981628417969 -0.16705651581287384
1682.4630000144243 -0.51088011264801025 -0.9272192120552063 0.69319736957550049 -0.45523488521575928 -1.2110785245895386 0.68767428398132324 -0.56071096658706665 -1.2178122997283936 0.65781605243682861 -0.61211174726486206 -1.1319361925125122 0.42179965972900391 -0.69973117113113403 -1.0778365135192871 0.4088083803653717 -0.72710216045379639 -1.0492634773254395 0.22604683041572571 -0.65986776351928711 -1.0586768388748169 -0.10037532448768616
1768.7106999903917 -0.66929155588150024 -0.93384826183319092 0.69248288869857788 -0.63939225673675537 -1.1597276926040649 0.59795546531677246 -0.79273223876953125 -1.1362887620925903 0.55253094434738159 -0.71584755182266235 -1.1761763095855713 0.28046303987503052 -0.88203775882720947 -1.0981218814849854 0.21418750286102295 -0.92905420064926147 -1.0691171884536743 0.095352306962013245 -0.82946228981018066 -1.0565330982208252 -0.14490430057048798
1768.7106999903917 -0.70549565553665161 -1.0757633447647095 0.21401974558830261 -0.74130368232727051 -1.3057737350463867 -0.040924765169620514 -0.97354215383529663 -1.3205616474151611 -0.1458917111158371 -0.77647203207015991 -1.3343393802642822 -0.37238004803657532 -1.0504028797149658 -1.3054134845733643 -0.49986690282821655 -1.0233016014099121 -1.255098819732666 -0.56417715549468994 -0.8167262077331543 -1.1671421527862549 -0.74176007509231567
1825.9413999915123 -0.70534968376159668 -0.97458755970001221 0.67846482992172241 -0.58097559213638306 -1.3009748458862305 0.61581110954284668 -0.7862398624420166 -1.3137105703353882 0.55077797174453735 -0.68878865242004395 -1.3137526512145996 0.27369755506515503 -0.91793227195739746 -1.270477294921875 0.20181429386138916 -0.95255982875823975 -1.1870107650756836 0.060061145573854446 -0.84479665756225586 -1.121476411819458 -0.1902444064617157
1825.9413999915123 -0.69752359390258789 -0.97144538164138794 0.67161232233047485 -0.59846240282058716 -1.2444421052932739 0.60343289375305176 -0.77356564998626709 -1.2699989080429077 0.54556334018707275 -0.72165107727050781 -1.2436439990997314 0.30897662043571472 -0.9178931713104248 -1.2071293592453003 0.25697019696235657 -0.94281381368637085 -1.130333423614502 0.10539039224386215 -0.83766043186187744 -1.0975675582885742 -0.16715559363365173
1885.1517000049353 -0.64145177602767944 -1.0109279155731201 0.69997435808181763 -0.53820806741714478 -1.2954508066177368 0.62891638278961182 -0.72070437669754028 -1.3220866918563843 0.568603515625 -0.66659790277481079 -1.294619083404541 0.32202783226966858 -0.87112557888031006 -1.2565627098083496 0.2678256630897522 -0.8970983624458313 -1.1765244007110596 0.10984598845243454 -0.78750520944595337 -1.142375111579895 -0.1742071658372879
1885.1517000049353 -0.66654407978057861 -0.97517663240432739 0.75899094343185425 -0.57142031192779541 -1.2857449054718018 0.71345746517181396 -0.73412835597991943 -1.3081364631652832 0.69181686639785767 -0.71765446662902832 -1.280339241027832 0.33946773409843445 -0.91276144981384277 -1.2455543279647827 0.32139283418655396 -0.98636728525161743 -1.21593177318573 0.15863117575645447 -0.88752323389053345 -1.191394567489624 -0.133519247174263
1949.5452999919653 -0.62428385019302368 -1.0056524276733398 0.50995928049087524 -0.58375799655914307 -1.2581943273544312 0.45645570755004883 -0.72996217012405396 -1.2544611692428589 0.43022218346595764 -0.67494148015975952 -1.2307779788970947 0.17180661857128143 -0.82557177543640137 -1.1841325759887695 0.1377519965171814 -0.81970775127410889 -1.0871733427047729 0.011353597976267338 -0.72857928276062012 -1.0679018497467041 -0.28214341402053833
1949.5452999919653 -0.59018433094024658 -1.1205570697784424 0.54362380504608154 -0.54698359966278076 -1.3897676467895508 0.48658883571624756 -0.70283782482147217 -1.3857880830764771 0.45862379670143127 -0.64418554306030273 -1.3605417013168335 0.1831519603729248 -0.80475783348083496 -1.3108175992965698 0.14684963226318359 -0.79850685596466064 -1.2074586153030396 0.012108509428799152 -0.70136362314224243 -1.1869151592254639 -0.30076026916503906
