31.735499978065491 -0.96836435794830322 -1.023804783821106 0.49301537871360779 -0.90965479612350464 -1.0389560461044312 0.73770123720169067 -1.183073878288269 -1.1087794303894043 0.64006447792053223 -0.83093899488449097 -1.1429147720336914 0.39701536297798157 -1.1407513618469238 -1.1097493171691895 0.22892270982265472 -0.91350102424621582 -0.99270910024642944 0.010664745233952999 -0.66811060905456543 -0.98322111368179321 -0.089997455477714539
31.735499978065491 -1.0428841114044189 -1.0295255184173584 0.28162145614624023 -0.92432349920272827 -1.031522274017334 0.51417446136474609 -1.2372108697891235 -1.1098647117614746 0.33236601948738098 -0.84815609455108643 -1.1360965967178345 0.16979528963565826 -1.1686168909072876 -1.1094435453414917 -0.047695845365524292 -0.78089916706085205 -0.88150244951248169 -0.17776931822299957 -0.52840280532836914 -0.8807075023651123 -0.21039652824401855
82.89309997856617 -1.0425785779953003 -1.0772424936294556 0.46994671225547791 -0.88556969165802002 -1.0843476057052612 0.78327500820159912 -1.1807255744934082 -1.1647462844848633 0.66245001554489136 -0.83180618286132813 -1.1929781436920166 0.40474784374237061 -1.162110447883606 -1.1658697128295898 0.21268130838871002 -0.90479868650436401 -1.023900032043457 -0.038070656359195709 -0.65325731039047241 -1.0035703182220459 -0.12868271768093109
82.89309997856617 -1.0963890552520752 -1.0577849149703979 0.46076849102973938 -0.94244760274887085 -1.064751148223877 0.76797544956207275 -1.2318370342254639 -1.1435791254043579 0.64951092004776001 -0.88973444700241089 -1.1712595224380493 0.39684340357780457 -1.2135854959487915 -1.1446807384490967 0.20852921903133392 -0.96130090951919556 -1.0054845809936523 -0.037323888391256332 -0.71467381715774536 -0.98555195331573486 -0.12616568803787231
138.01859998703003 -1.0570117235183716 -1.0535515546798706 0.37355273962020874 -0.94021791219711304 -1.07867431640625 0.55061131715774536 -1.2145265340805054 -1.1405398845672607 0.43193191289901733 -0.88015371561050415 -1.1591547727584839 0.20279265940189362 -1.1890559196472168 -1.1282172203063965 0.006100835744291544 -0.98454105854034424 -1.0387958288192749 -0.1460912674665451 -0.72947585582733154 -1.017155647277832 -0.22459502518177032
138.01859998703003 -1.081778883934021 -1.0886107683181763 0.51589447259902954 -0.93306022882461548 -1.1116275787353516 0.76385509967803955 -1.2012714147567749 -1.1788945198059082 0.68523627519607544 -0.86400443315505981 -1.2097721099853516 0.39982971549034119 -1.1579984426498413 -1.1804274320602417 0.24151666462421417 -1.0125826597213745 -1.1160451173782349 0.028007039800286293 -0.76200199127197266 -1.1026681661605835 -0.095827721059322357
187.01229999959469 -1.0587214231491089 -1.0674057006835938 0.50160634517669678 -0.91412156820297241 -1.089785099029541 0.74269968271255493 -1.1749045848846436 -1.1551889181137085 0.66625821590423584 -0.84697824716567993 -1.1852115392684937 0.38875600695610046 -1.132830023765564 -1.1566795110702515 0.23482750356197357 -0.99144160747528076 -1.0940802097320557 0.027231065556406975 -0.74780082702636719 -1.0810737609863281 -0.093174062669277191
187.01229999959469 -1.0609297752380371 -1.0391325950622559 0.54102432727813721 -0.95212000608444214 -1.05975341796875 0.77674466371536255 -1.2156713008880615 -1.1279247999191284 0.66118723154067993 -0.87786686420440674 -1.1778234243392944 0.4063585102558136 -1.1835885047912598 -1.1389950513839722 0.20685426890850067 -0.98245775699615479 -1.0585546493530273 -0.023450493812561035 -0.71794456243515015 -1.0360052585601807 -0.11925357580184937
245.62139998376369 -0.95964467525482178 -0.88475239276885986 0.51025694608688354 -0.935616135597229 -0.95852714776992798 0.78377389907836914 -1.1882736682891846 -1.0467977523803711 0.68388253450393677 -0.87189853191375732 -1.1194738149642944 0.455706387758255 -1.1585623025894165 -1.1203486919403076 0.30288869142532349 -1.0065218210220337 -1.0868594646453857 0.053381629288196564 -0.7492186427116394 -1.0536407232284546 -0.070253752171993256
245.62139998376369 -1.0110017061233521 -0.88884705305099487 0.52260047197341919 -0.98639214038848877 -0.96440589427947998 0.80273175239562988 -1.2451595067977905 -1.0548111200332642 0.70042473077774048 -0.92113369703292847 -1.1292446851730347 0.46673068404197693 -1.2147296667098999 -1.1301407814025879 0.31021744012832642 -1.0590125322341919 -1.0958417654037476 0.054676592350006104 -0.79548710584640503 -1.0618195533752441 -0.071948632597923279
301.57169997692108 -1.0917130708694458 -0.97458118200302124 0.44930723309516907 -1.0020363330841064 -1.0205657482147217 0.72655057907104492 -1.2666270732879639 -1.0932431221008301 0.63460069894790649 -0.92888122797012329 -1.1559240818023682 0.36374390125274658 -1.2288281917572021 -1.1360589265823364 0.19972123205661774 -1.0753777027130127 -1.0982308387756348 -0.035653959959745407 -0.81400769948959351 -1.0657674074172974 -0.15351864695549011
301.57169997692108 -1.0930804014205933 -1.0717872381210327 0.4438040554523468 -0.98861604928970337 -1.1007450819015503 0.6831662654876709 -1.2610131502151489 -1.1721236705780029 0.55999118089675903 -0.90646970272064209 -1.2447035312652588 0.30879539251327515 -1.218435525894165 -1.2085084915161133 0.10907786339521408 -1.0401802062988281 -1.1698677539825439 -0.081821843981742859 -0.77094286680221558 -1.149350643157959 -0.19123639166355133
358.36519999802113 -1.0697977542877197 -1.0479480028152466 0.42966201901435852 -0.96866261959075928 -1.075982928276062 0.66139596700668335 -1.2323786020278931 -1.1450866460800171 0.54214638471603394 -0.88913416862487793 -1.2153534889221191 0.29895594716072083 -1.1911579370498657 -1.180311918258667 0.10560321062803268 -1.0185834169387817 -1.1429027318954468 -0.07921271026134491 -0.75792652368545532 -1.1230394840240479 -0.18514034152030945
358.36519999802113 -1.0902310609817505 -1.0550143718719482 0.44694021344184875 -0.97286295890808105 -1.0671379566192627 0.78594982624053955 -1.2578628063201904 -1.1663392782211304 0.65207386016845703 -0.89611989259719849 -1.2016421556472778 0.39150044322013855 -1.2307301759719849 -1.1695164442062378 0.17875874042510986 -0.97036916017532349 -1.0326931476593018 -0.056689154356718063 -0.68927717208862305 -1.009171724319458 -0.13658581674098969
411.58929999172688 -1.0420616865158081 -0.97696906328201294 0.54157227277755737 -0.92886435985565186 -0.98176801204681396 0.85772144794464111 -1.1834716796875 -1.0775015354156494 0.74170798063278198 -0.85566920042037964 -1.1082092523574829 0.49474477767944336 -1.1483327150344849 -1.0874016284942627 0.30980610847473145 -0.95112180709838867 -0.99778646230697632 0.041834615170955658 -0.7000395655632019 -0.96472913026809692 -0.049350544810295105
411.58929999172688 -0.93759208917617798 -0.91407740116119385 0.59560167789459229 -0.89137113094329834 -0.94418156147003174 0.79899919033050537 -1.137251615524292 -1.0089917182922363 0.71368300914764404 -0.84635460376739502 -1.0869531631469727 0.48385736346244812 -1.1190090179443359 -1.0768687725067139 0.34636175632476807 -0.99498927593231201 -1.0663266181945801 0.12935346364974976 -0.75614714622497559 -1.0600746870040894 0.012397062033414841
467.19309997558594 -0.99933719635009766 -0.92323297262191772 0.60208529233932495 -0.95261305570602417 -0.95366477966308594 0.8076968789100647 -1.2011699676513672 -1.0191804170608521 0.72145199775695801 -0.90710651874542236 -1.0979906320571899 0.48912450671195984 -1.1827288866043091 -1.0877964496612549 0.35013216733932495 -1.0573590993881226 -1.0771396160125732 0.13076160848140717 -0.81591713428497314 -1.0708194971084595 0.012532051652669907
467.19309997558594 -1.0406941175460815 -0.94636523723602295 0.65701794624328613 -0.95766294002532959 -0.97939425706863403 0.95661449432373047 -1.1912226676940918 -1.0475831031799316 0.85283857583999634 -0.89907664060592651 -1.1159336566925049 0.61012744903564453 -1.1753078699111938 -1.0756255388259888 0.4474087655544281 -1.033613920211792 -1.0400220155715942 0.14919672906398773 -0.78864371776580811 -1.0289537906646729 0.036050319671630859
520.36309999227524 -0.93103766441345215 -0.9386640191078186 0.48333096504211426 -0.86432433128356934 -0.95622116327285767 0.75164467096328735 -1.0930389165878296 -1.0224442481994629 0.62971103191375732 -0.81546103954315186 -1.0892716646194458 0.38878551125526428 -1.0932462215423584 -1.0407240390777588 0.19886770844459534 -0.90406131744384766 -0.98564541339874268 -0.022743452340364456 -0.66275286674499512 -0.98665368556976318 -0.087170027196407318
520.36309999227524 -1.0352885723114014 -0.94683176279067993 0.50323259830474854 -0.96582877635955811 -0.96511173248291016 0.7825927734375 -1.2039594650268555 -1.0340611934661865 0.6556391716003418 -0.91495370864868164 -1.1036399602890015 0.40479469299316406 -1.2041753530502319 -1.0530936717987061 0.20705799758434296 -1.0072016716003418 -0.99574744701385498 -0.02367691695690155 -0.75595855712890625 -0.99679714441299438 -0.090755939483642578
577.16729998588562 -1.1336896419525146 -1.0064882040023804 0.37412968277931213 -1.0630195140838623 -1.0361717939376831 0.64242362976074219 -1.2975254058837891 -1.1092147827148438 0.49677324295043945 -0.95425552129745483 -1.1688705682754517 0.27296444773674011 -1.2149395942687988 -1.1334226131439209 0.059363402426242828 -1.0220421552658081 -1.0492774248123169 -0.10318127274513245 -0.74545377492904663 -1.0282967090606689 -0.17268785834312439
577.16729998588562 -1.1038354635238647 -1.0215862989425659 0.38470649719238281 -1.0311678647994995 -1.0521088838577271 0.66058379411697388 -1.2723021507263184 -1.1272164583206177 0.51081663370132446 -0.91932970285415649 -1.1885583400726318 0.28068181872367859 -1.1873818635940552 -1.1521085500717163 0.061043325811624527 -0.9890323281288147 -1.0655848979949951 -0.10609570145606995 -0.70462608337402344 -1.0440112352371216 -0.17756690084934235
624.98489999771118 -1.1182670593261719 -1.0349425077438354 0.38973614573478699 -1.0446493625640869 -1.065864086151123 0.66922026872634888 -1.2889361381530762 -1.141953706741333 0.51749503612518311 -0.93134897947311401 -1.2040975093841553 0.28435143828392029 -1.2029056549072266 -1.1671711206436157 0.061841405928134918 -1.0019629001617432 -1.0795164108276367 -0.10748279094696045 -0.71383839845657349 -1.0576605796813965 -0.17988839745521545
624.98489999771118 -1.0944310426712036 -1.056856632232666 0.4206392765045166 -1.0357474088668823 -1.1001238822937012 0.77495163679122925 -1.2781544923782349 -1.2137283086776733 0.64189118146896362 -0.90080183744430542 -1.2588701248168945 0.46898168325424194 -1.1644735336303711 -1.2640076875686646 0.28769150376319885 -0.96649545431137085 -1.1510745286941528 0.032575398683547974 -0.65307837724685669 -1.1074292659759521 -0.087964944541454315
680.24609999358654 -1.0573848485946655 -0.8703920841217041 0.38067901134490967 -1.004275918006897 -0.9095490574836731 0.70133256912231445 -1.2236549854278564 -1.0123614072799683 0.58091253042221069 -0.88214987516403198 -1.0532147884368896 0.42442899942398071 -1.1207733154296875 -1.0578643083572388 0.26036092638969421 -0.94160276651382446 -0.95565962791442871 0.029480235651135445 -0.65795952081680298 -0.91616052389144897 -0.07960907369852066
680.24609999358654 -1.0862458944320679 -1.0273363590240479 0.25168472528457642 -1.089396595954895 -1.0648664236068726 0.31916037201881409 -1.3080489635467529 -1.1050682067871094 0.1666281521320343 -0.93503814935684204 -1.1923787593841553 0.13825543224811554 -1.1618053913116455 -1.157171368598938 -0.04262068122625351 -0.95382231473922729 -1.1334899663925171 -0.18933175504207611 -0.67137396335601807 -1.1307413578033447 -0.30085507035255432
779.86909998953342 -0.88730311393737793 -1.6205286979675293 0.62838351726531982 -0.8518836498260498 -1.7880815267562866 0.5595206618309021 -1.1549537181854248 -1.8161450624465942 0.47201690077781677 -0.86004209518432617 -1.778569221496582 0.303545743227005 -1.1619722843170166 -1.6943886280059814 0.17348648607730865 -1.0767854452133179 -1.5185012817382813 0.076142244040966034 -0.82103455066680908 -1.5234731435775757 -0.043138336390256882
846.1351999938488 -0.89423143863677979 -1.0635426044464111 0.48703914880752563 -0.77303946018218994 -1.1098258495330811 0.50356894731521606 -0.95345473289489746 -1.1474145650863647 0.4321550726890564 -0.7921937108039856 -1.1158716678619385 0.29051655530929565 -0.99966931343078613 -1.0793119668960571 0.18035280704498291 -0.95994162559509277 -1.012794017791748 0.11856455355882645 -0.78975832462310791 -1.0463213920593262 0.029247721657156944
846.1351999938488 -0.75576627254486084 -0.99013334512710571 0.43988493084907532 -0.697742760181427 -1.0589094161987305 0.4608093798160553 -0.88225167989730835 -1.0957721471786499 0.38792958855628967 -0.72224527597427368 -1.088071346282959 0.24047465622425079 -0.93741631507873535 -1.0507080554962158 0.13059599697589874 -0.88834995031356812 -1.0032159090042114 0.050014015287160873 -0.71250492334365845 -1.0237492322921753 -0.034386914223432541
923.03449998795986 -0.80683034658432007 -1.0298676490783691 0.53435695171356201 -0.75899237394332886 -1.1119726896286011 0.58218437433242798 -0.9571337103843689 -1.12696373462677 0.5306628942489624 -0.78496068716049194 -1.1568119525909424 0.35413295030593872 -1.0072348117828369 -1.1142873764038086 0.26939842104911804 -0.97334522008895874 -1.1072566509246826 0.17070573568344116 -0.81118941307067871 -1.1719790697097778 0.061440061777830124
923.03449998795986 -0.83610349893569946 -1.101972222328186 0.50690436363220215 -0.75629925727844238 -1.1876195669174194 0.52438962459564209 -0.93497282266616821 -1.1888288259506226 0.48703297972679138 -0.79301422834396362 -1.2018638849258423 0.32190021872520447 -0.99630343914031982 -1.1582568883895874 0.25295308232307434 -0.98233461380004883 -1.1458033323287964 0.16543860733509064 -0.830302894115448 -1.1950079202651978 0.055669616907835007
995.64239998161793 -0.73093384504318237 -0.85879701375961304 0.41158512234687805 -0.74375969171524048 -0.91267949342727661 0.51558327674865723 -0.90154469013214111 -0.96340799331665039 0.45362865924835205 -0.72469043731689453 -0.97536695003509521 0.31011956930160522 -0.91629642248153687 -0.97356569766998291 0.21315595507621765 -0.84430533647537231 -0.93195736408233643 0.07468925416469574 -0.67302149534225464 -0.94183242321014404 -0.020875144749879837
995.64239998161793 -0.78325563669204712 -0.8337785005569458 0.47823700308799744 -0.79815858602523804 -0.89638715982437134 0.59907746315002441 -0.98149669170379639 -0.95533108711242676 0.52708941698074341 -0.77600109577178955 -0.96922677755355835 0.36033925414085388 -0.99863737821578979 -0.96713382005691528 0.24767252802848816 -0.91498750448226929 -0.91878694295883179 0.086781352758407593 -0.71596449613571167 -0.93026137351989746 -0.024259548634290695
1049.2043999880552 -0.93372964859008789 -0.99395865201950073 0.57011282444000244 -0.9514957070350647 -1.068595290184021 0.71416836977005005 -1.1700555086135864 -1.1388630867004395 0.62835043668746948 -0.92508143186569214 -1.155428409576416 0.42956528067588806 -1.1904891729354858 -1.1529332399368286 0.29525378346443176 -1.0907689332962036 -1.0952984094619751 0.10345322638750076 -0.85351103544235229 -1.108977198600769 -0.028920138254761696
1049.2043999880552 -0.99548488855361938 -1.1202799081802368 0.65966266393661499 -0.97874373197555542 -1.1863738298416138 0.70992225408554077 -1.1755582094192505 -1.207706093788147 0.62261205911636353 -0.98354345560073853 -1.2665963172912598 0.41982227563858032 -1.2285585403442383 -1.2272052764892578 0.28685182332992554 -1.1845262050628662 -1.2329553365707397 0.15674552321434021 -0.99264419078826904 -1.3206589221954346 0.051031798124313354
1130.2380999922752 -0.85346359014511108 -0.89967018365859985 0.55639612674713135 -0.87031996250152588 -1.0131988525390625 0.55945461988449097 -1.0656200647354126 -1.0583930015563965 0.47772118449211121 -0.92040324211120605 -1.0753570795059204 0.30840772390365601 -1.1644885540008545 -1.0676002502441406 0.18445542454719543 -1.126006007194519 -1.067025899887085 0.073028691112995148 -0.94545745849609375 -1.0993958711624146 -0.017474642023444176
1132.3635999858379 -0.90406829118728638 -0.7309945821762085 0.58525103330612183 -0.95966535806655884 -0.86038041114807129 0.56181246042251587 -1.1502996683120728 -0.90233159065246582 0.48115074634552002 -1.0150959491729736 -0.94950103759765625 0.33208721876144409 -1.2621394395828247 -0.94930946826934814 0.21533016860485077 -1.2294906377792358 -0.98201793432235718 0.077959835529327393 -1.0476025342941284 -1.0180320739746094 -0.024734910577535629
1207.6854999959469 -1.0177533626556396 -0.76196098327636719 0.68421506881713867 -0.9668046236038208 -0.93694061040878296 0.70908188819885254 -1.1995254755020142 -0.97180771827697754 0.66261452436447144 -1.062278151512146 -1.0160144567489624 0.39156639575958252 -1.3532952070236206 -0.99676388502120972 0.29410803318023682 -1.3551871776580811 -1.0308867692947388 0.14859342575073242 -1.1733272075653076 -1.0725971460342407 0.022473776713013649
1207.6854999959469 -0.95987135171890259 -0.75237089395523071 0.64203840494155884 -1.0591007471084595 -0.94925248622894287 0.62519437074661255 -1.2925461530685425 -0.973854660987854 0.55191695690155029 -1.117376446723938 -1.0419173240661621 0.32545354962348938 -1.4155668020248413 -1.017402172088623 0.19023916125297546 -1.3591824769973755 -1.0454179048538208 0.027225565165281296 -1.1369587182998657 -1.0730552673339844 -0.096201911568641663
1295.0494999885559 -1.0047646760940552 -0.84681719541549683 0.56259256601333618 -1.1155086755752563 -1.0020447969436646 0.55389624834060669 -1.3678069114685059 -1.013817310333252 0.48272725939750671 -1.1587700843811035 -1.0793920755386353 0.28142744302749634 -1.4701763391494751 -1.0392649173736572 0.1533692330121994 -1.3986073732376099 -1.0303925275802612 -0.0036549996584653854 -1.1581944227218628 -1.042743444442749 -0.12391835451126099
1295.0494999885559 -1.0635327100753784 -0.79409158229827881 0.74286884069442749 -0.96299177408218384 -1.0079609155654907 0.74331909418106079 -1.2155914306640625 -1.0370985269546509 0.69423812627792358 -1.0566519498825073 -1.0924736261367798 0.43042555451393127 -1.3688303232192993 -1.0652519464492798 0.32873806357383728 -1.3642070293426514 -1.1229792833328247 0.19739724695682526 -1.1907632350921631 -1.1794949769973755 0.051709968596696854
1362.71629999578 -1.0997283458709717 -0.79270368814468384 0.6690138578414917 -1.2445836067199707 -0.99176287651062012 0.6738046407699585 -1.5019588470458984 -1.0049669742584229 0.58391565084457397 -1.2957499027252197 -1.1074934005737305 0.39321061968803406 -1.6140179634094238 -1.0614373683929443 0.26159167289733887 -1.568501353263855 -1.0562552213668823 0.084142409265041351 -1.2196143865585327 -1.018380880355835 0.011290601454675198
1362.71629999578 -0.97069579362869263 -0.73482245206832886 0.64484661817550659 -0.97206085920333862 -0.90414297580718994 0.67470234632492065 -1.2182284593582153 -0.91034507751464844 0.61756801605224609 -0.99521350860595703 -1.0259271860122681 0.42864155769348145 -1.2787001132965088 -0.98606735467910767 0.33451592922210693 -1.2096098661422729 -1.0288605690002441 0.20244763791561127 -1.0108720064163208 -1.0655920505523682 0.048769183456897736
1411.6100999861956 -1.0302635431289673 -0.79239469766616821 0.73731541633605957 -1.0416402816772461 -0.97724854946136475 0.75632888078689575 -1.3169652223587036 -0.99041032791137695 0.67444908618927002 -1.1064542531967163 -1.0572750568389893 0.43664646148681641 -1.4176368713378906 -1.0048158168792725 0.30372202396392822 -1.3849190473556519 -0.98345774412155151 0.18891313672065735 -1.1835895776748657 -0.99739623069763184 0.06452372670173645
1411.6100999861956 -1.0207070112228394 -0.85248929262161255 0.53894519805908203 -1.0684401988983154 -0.99438190460205078 0.48830488324165344 -1.3553934097290039 -1.0036575794219971 0.36704668402671814 -1.1028780937194824 -1.0899950265884399 0.17711950838565826 -1.4402322769165039 -1.0271704196929932 -0.0044872094877064228 -1.342471718788147 -1.0331834554672241 -0.069136478006839752 -1.0831574201583862 -1.0690348148345947 -0.14359244704246521
1463.3998999893665 -1.0393251180648804 -0.96699810028076172 0.58201658725738525 -0.99713242053985596 -1.0826946496963501 0.60660374164581299 -1.2931368350982666 -1.1033554077148438 0.54586696624755859 -1.0602719783782959 -1.1573752164840698 0.31523281335830688 -1.3918873071670532 -1.1222206354141235 0.20565290749073029 -1.3465752601623535 -1.0782066583633423 0.087249159812927246 -1.1520195007324219 -1.0757092237472534 -0.050101954489946365
1463.3998999893665 -0.96505492925643921 -0.95252448320388794 0.56439876556396484 -0.92413949966430664 -1.0647187232971191 0.58824163675308228 -1.2111834287643433 -1.0847541093826294 0.52934342622756958 -0.98536771535873413 -1.1371386051177979 0.3056909441947937 -1.3069446086883545 -1.1030482053756714 0.19942817091941833 -1.2630041837692261 -1.0603666305541992 0.084608666598796844 -1.0743379592895508 -1.0579448938369751 -0.048584640026092529
1864.1620000004768 -0.73794728517532349 0.051224671304225922 0.50091058015823364 -0.69659388065338135 -0.25784516334533691 0.36064302921295166 -0.96702837944030762 -0.28124380111694336 0.30626553297042847 -0.82864570617675781 -0.23194177448749542 0.12106367945671082 -1.1349116563796997 -0.19116571545600891 0.059233237057924271 -1.1437317132949829 -0.073180481791496277 -0.048917163163423538 -0.96641314029693604 -0.040445882827043533 -0.25172233581542969
1926.4517999887466 -2.6181967258453369 -3.0895853042602539 0.96857267618179321 -2.2976894378662109 -3.453169584274292 0.84347790479660034 -2.9678936004638672 -3.4118711948394775 0.74209403991699219 -2.4414284229278564 -3.1811904907226563 0.34224829077720642 -3.1106255054473877 -3.0195443630218506 0.22339572012424469 -2.794785737991333 -2.8288445472717285 0.021894641220569611 -2.2948112487792969 -2.9376378059387207 -0.43671751022338867
