22.855499997735023 -0.78352761268615723 -0.9359968900680542 0.5476948618888855 -0.89554822444915771 -1.133574366569519 0.57063537836074829 -1.1378738880157471 -1.1915653944015503 0.45026826858520508 -0.885364830493927 -1.2010887861251831 0.34424525499343872 -1.1422302722930908 -1.2153016328811646 0.1815015971660614 -1.052177906036377 -1.1574019193649292 0.14899028837680817 -0.86506563425064087 -1.1315797567367554 -0.0072946175932884216
22.855499997735023 -0.80925041437149048 -1.033186674118042 0.58625024557113647 -0.79226285219192505 -1.2365015745162964 0.51284927129745483 -1.0165989398956299 -1.3017520904541016 0.40559619665145874 -0.91976302862167358 -1.2304719686508179 0.20311100780963898 -1.2059786319732666 -1.2309823036193848 0.040681704878807068 -0.92137515544891357 -1.0325527191162109 0.060874279588460922 -0.78137046098709106 -1.0305180549621582 -0.10667663812637329
87.063400015234947 -0.79066932201385498 -1.0468872785568237 0.52381408214569092 -0.79608821868896484 -1.2786872386932373 0.53218162059783936 -1.0431736707687378 -1.3581570386886597 0.41638022661209106 -0.84483319520950317 -1.3088617324829102 0.21289320290088654 -1.1203913688659668 -1.320820689201355 0.045606914907693863 -0.9880901575088501 -1.2325060367584229 -0.015594670549035072 -0.8128509521484375 -1.2256680727005005 -0.18070457875728607
87.063400015234947 -0.82143431901931763 -1.0517255067825317 0.5235590934753418 -0.82685059309005737 -1.2834110260009766 0.53192251920700073 -1.0738140344619751 -1.3628417253494263 0.41617831587791443 -0.87557142972946167 -1.3135706186294556 0.21279174089431763 -1.1509934663772583 -1.3255237340927124 0.045588076114654541 -1.018757700920105 -1.2372527122497559 -0.015583289787173271 -0.84360498189926147 -1.2304180860519409 -0.18061168491840363
151.24310000240803 -0.91791379451751709 -1.0266431570053101 0.43082034587860107 -0.75390338897705078 -1.3392181396484375 0.44927725195884705 -0.96999192237854004 -1.4109067916870117 0.37281551957130432 -0.90055197477340698 -1.343034029006958 0.11142560094594955 -1.170085072517395 -1.3616707324981689 0.006388029083609581 -0.99268794059753418 -1.2001394033432007 4.5560667786048725e-05 -0.87892550230026245 -1.1466312408447266 -0.20563401281833649
151.24310000240803 -0.7759440541267395 -1.1716303825378418 -0.16309849917888641 -0.84705078601837158 -1.3169960975646973 -0.21439658105373383 -1.0601551532745361 -1.3504647016525269 -0.27055275440216064 -0.91782784461975098 -1.318817138671875 -0.24696515500545502 -1.1569291353225708 -1.3151460886001587 -0.32040172815322876 -0.92411452531814575 -1.1082800626754761 -0.095248870551586151 -0.79478806257247925 -1.1321254968643188 -0.16427402198314667
216.89090000092983 -0.87526774406433105 -1.1478931903839111 0.17733798921108246 -0.81443941593170166 -1.3057080507278442 0.096844129264354706 -1.0024392604827881 -1.3289526700973511 0.033359907567501068 -0.90673404932022095 -1.2686963081359863 -0.078791767358779907 -1.1193592548370361 -1.2343517541885376 -0.17776867747306824 -0.82866358757019043 -0.99509859085083008 -0.032568469643592834 -0.78918606042861938 -1.2204476594924927 -0.2539030909538269
216.89090000092983 -0.99204254150390625 -1.1292517185211182 0.40576088428497314 -0.85991895198822021 -1.3308392763137817 0.2669922411441803 -1.089724063873291 -1.3982893228530884 0.20096062123775482 -1.0258716344833374 -1.2020572423934937 0.020592229440808296 -1.3046958446502686 -1.1917623281478882 -0.090188629925251007 -1.0212446451187134 -0.89039188623428345 -0.032570768147706985 -1.0155695676803589 -1.2308863401412964 -0.32159778475761414
274.21430000662804 -1.0058022737503052 -1.1581814289093018 0.41108733415603638 -0.87194126844406128 -1.3624198436737061 0.27049383521080017 -1.1047682762145996 -1.4307569265365601 0.20359383523464203 -1.0400761365890503 -1.2319443225860596 0.020853545516729355 -1.3225669860839844 -1.2215139865875244 -0.091384127736091614 -1.0353884696960449 -0.91618043184280396 -0.033008567988872528 -1.0296387672424316 -1.2611523866653442 -0.32583639025688171
274.21430000662804 -0.99333727359771729 -1.1438280344009399 0.40599271655082703 -0.86113524436950684 -1.3455352783203125 0.26714158058166504 -1.0910768508911133 -1.4130254983901978 0.20107069611549377 -1.027186393737793 -1.2166768312454224 0.020595107227563858 -1.3061764240264893 -1.2063757181167603 -0.090251602232456207 -1.0225569009780884 -0.90482616424560547 -0.032599490135908127 -1.0168784856796265 -1.2455228567123413 -0.32179829478263855
333.45839999616146 -0.91563314199447632 -1.1623704433441162 0.083528928458690643 -0.87387967109680176 -1.3352600336074829 -0.011016477830708027 -1.0755540132522583 -1.3913623094558716 -0.064691051840782166 -1.0157675743103027 -1.2678858041763306 -0.19677460193634033 -1.2634172439575195 -1.2603460550308228 -0.29648411273956299 -0.96078920364379883 -0.91569316387176514 -0.10875720530748367 -0.93831628561019897 -1.1744343042373657 -0.32783752679824829
333.45839999616146 -0.90184414386749268 -1.1271374225616455 0.081571213901042938 -0.8610723614692688 -1.2959616184234619 -0.010751042515039444 -1.05800461769104 -1.3507447242736816 -0.063163504004478455 -0.99962401390075684 -1.2301715612411499 -0.19214123487472534 -1.2414504289627075 -1.2228091955184937 -0.28950616717338562 -0.94593828916549683 -0.8862605094909668 -0.10619348287582397 -0.92399388551712036 -1.1389176845550537 -0.3201223611831665
393.24330000579357 -0.9559444785118103 -1.0566924810409546 0.33777791261672974 -0.82113820314407349 -1.3248759508132935 0.18906053900718689 -1.0244758129119873 -1.3951867818832397 0.14481751620769501 -1.0090141296386719 -1.120033860206604 0.0034698382951319218 -1.254863977432251 -1.0902527570724487 -0.084458135068416595 -1.1079727411270142 -0.82545876502990723 -0.097224131226539612 -1.0617746114730835 -1.2560977935791016 -0.37250667810440063
516.58380001783371 -0.85790520906448364 -0.79708009958267212 0.38828054070472717 -0.83869171142578125 -1.0303938388824463 0.24951876699924469 -1.0844502449035645 -1.0706081390380859 0.18394957482814789 -0.84518653154373169 -1.0485794544219971 0.15744912624359131 -1.1090695858001709 -1.0151208639144897 0.074278607964515686 -1.0798325538635254 -0.90583479404449463 0.11039036512374878 -0.87058079242706299 -0.90226280689239502 -0.018957041203975677
516.58380001783371 -1.2608026266098022 -1.6307817697525024 0.75352215766906738 -1.4396675825119019 -1.7320210933685303 0.7189173698425293 -1.7881399393081665 -1.8224990367889404 0.4493032693862915 -1.4190841913223267 -1.86406409740448 0.27955135703086853 -1.8438446521759033 -1.8505364656448364 -0.062572143971920013 -1.6988683938980103 -1.7962135076522827 -0.16546404361724854 -1.3630083799362183 -1.8291059732437134 -0.39055138826370239
578.98030000925064 -0.76467716693878174 -1.0268750190734863 0.34001785516738892 -0.82963943481445313 -1.1111284494400024 0.27787899971008301 -1.0757397413253784 -1.1604999303817749 0.068508557975292206 -0.81042385101318359 -1.1817748546600342 0.0057498188689351082 -1.1113243103027344 -1.1545499563217163 -0.26979431509971619 -0.93181765079498291 -1.0465266704559326 -0.30285242199897766 -0.71645081043243408 -1.0264366865158081 -0.40978670120239258
578.98030000925064 -0.80006974935531616 -1.1288937330245972 0.36337551474571228 -0.86949533224105835 -1.2189359664916992 0.29696735739707947 -1.1325039863586426 -1.2716993093490601 0.073212049901485443 -0.84895950555801392 -1.2944360971450806 0.0061414525844156742 -1.1705334186553955 -1.2653406858444214 -0.28833404183387756 -0.97869366407394409 -1.1498955488204956 -0.32366341352462769 -0.74852997064590454 -1.1284252405166626 -0.43794462084770203
637.05529999732971 -0.74447715282440186 -1.1184953451156616 0.77615588903427124 -0.71585661172866821 -1.2088462114334106 0.81292438507080078 -0.91299962997436523 -1.2568376064300537 0.73723369836807251 -0.833748459815979 -1.2051373720169067 0.47971430420875549 -1.0652897357940674 -1.1919147968292236 0.37805637717247009 -0.91487938165664673 -1.0460474491119385 0.27454096078872681 -0.80310165882110596 -1.0947908163070679 0.0077967448160052299
637.05529999732971 -0.77249282598495483 -1.0092461109161377 0.46182194352149963 -0.83357971906661987 -1.1397192478179932 0.50335937738418579 -1.0697929859161377 -1.19379723072052 0.35807377099990845 -0.8491675853729248 -1.2050137519836426 0.20819954574108124 -1.1232537031173706 -1.1871200799942017 0.015287000685930252 -0.94778335094451904 -1.0615590810775757 -0.091792762279510498 -0.78919649124145508 -1.0430186986923218 -0.25025627017021179
704.93780000507832 -0.86215335130691528 -1.1268662214279175 0.31770724058151245 -0.94275474548339844 -1.2349731922149658 0.25037601590156555 -1.1850225925445557 -1.2537491321563721 0.079364456236362457 -0.91760730743408203 -1.3199566602706909 -0.080235928297042847 -1.1899130344390869 -1.2637170553207397 -0.30469197034835815 -1.0575754642486572 -1.2072591781616211 -0.36618795990943909 -0.84160494804382324 -1.2110555171966553 -0.54021608829498291
704.93780000507832 -0.81097203493118286 -1.1377362012863159 0.30865681171417236 -0.88927716016769409 -1.2427634000778198 0.24324372410774231 -1.1246433258056641 -1.2610044479370117 0.077103950083255768 -0.86484616994857788 -1.3253259658813477 -0.077949725091457367 -1.1293944120407104 -1.2706882953643799 -0.29601144790649414 -1.0008268356323242 -1.2158389091491699 -0.35575553774833679 -0.79100900888442993 -1.219527006149292 -0.52482587099075317
768.24140001833439 -0.82846313714981079 -1.1067510843276978 0.42027011513710022 -0.83822083473205566 -1.1675747632980347 0.36996623873710632 -1.0578117370605469 -1.1805397272109985 0.21522608399391174 -0.82303380966186523 -1.2229269742965698 0.04923064261674881 -1.0582908391952515 -1.1633486747741699 -0.15410758554935455 -0.94886195659637451 -1.1125168800354004 -0.1812606155872345 -0.76016873121261597 -1.1317881345748901 -0.33042165637016296
768.24140001833439 -0.71910935640335083 -1.0151375532150269 -0.1059296727180481 -0.89945864677429199 -1.1006096601486206 -0.15088202059268951 -1.1401565074920654 -1.1676465272903442 -0.32473039627075195 -0.8230665922164917 -1.2162885665893555 -0.35172653198242188 -1.0761122703552246 -1.2318621873855591 -0.59931486845016479 -0.92780786752700806 -1.1141077280044556 -0.52549153566360474 -0.72988003492355347 -1.1011452674865723 -0.55991458892822266
848.63730001449585 -0.7259489893913269 -1.0190011262893677 0.11382129788398743 -0.88018608093261719 -1.1633379459381104 0.044485211372375488 -1.1223315000534058 -1.2053112983703613 -0.11408223956823349 -0.83789879083633423 -1.2621489763259888 -0.23784488439559937 -1.0980433225631714 -1.2544288635253906 -0.45525351166725159 -1.0185149908065796 -1.1944987773895264 -0.4565504789352417 -0.80909967422485352 -1.158990740776062 -0.57159560918807983
848.63730001449585 -0.85388678312301636 -1.1273270845413208 0.42752400040626526 -0.88379925489425659 -1.2835367918014526 0.40982156991958618 -1.1378389596939087 -1.3397303819656372 0.22235570847988129 -0.86908763647079468 -1.3627272844314575 0.022532999515533447 -1.1446980237960815 -1.3457469940185547 -0.23895218968391418 -1.0415809154510498 -1.2963525056838989 -0.2767195999622345 -0.83639061450958252 -1.2866809368133545 -0.40722504258155823
919.00930000841618 -0.77326583862304688 -1.0365527868270874 0.13365451991558075 -0.87936180830001831 -1.1827930212020874 0.056345906108617783 -1.1224141120910645 -1.2048714160919189 -0.10392704606056213 -0.83718550205230713 -1.2791271209716797 -0.23107229173183441 -1.1054964065551758 -1.2456594705581665 -0.45620071887969971 -1.0225147008895874 -1.1936079263687134 -0.43614009022712708 -0.81203997135162354 -1.1831185817718506 -0.54127699136734009
919.00930000841618 -0.74201172590255737 -1.0752928256988525 -0.38562396168708801 -0.9186825156211853 -1.1882655620574951 -0.43974906206130981 -1.1655908823013306 -1.2048972845077515 -0.54020982980728149 -0.8593449592590332 -1.291077733039856 -0.44769737124443054 -1.1044352054595947 -1.2641392946243286 -0.60894250869750977 -0.94859194755554199 -1.182114839553833 -0.40108448266983032 -0.73920607566833496 -1.1787512302398682 -0.3302968442440033
985.68539999425411 -0.67893236875534058 -0.99691885709762573 -0.45231544971466064 -0.85076051950454712 -1.0946172475814819 -0.47841891646385193 -1.0901100635528564 -1.1216745376586914 -0.61737585067749023 -0.81600815057754517 -1.1940687894821167 -0.50913763046264648 -1.067119836807251 -1.1786270141601563 -0.71297842264175415 -0.93213468790054321 -1.1172846555709839 -0.53077191114425659 -0.75106340646743774 -1.1260956525802612 -0.47558587789535522
985.68539999425411 -0.66663628816604614 -0.9652479887008667 -0.44570958614349365 -0.83595490455627441 -1.0615196228027344 -0.47143182158470154 -1.071808934211731 -1.0881816148757935 -0.60835933685302734 -0.80171018838882446 -1.1595185995101929 -0.5017019510269165 -1.0491546392440796 -1.1443023681640625 -0.70256584882736206 -0.91614073514938354 -1.0838558673858643 -0.52302026748657227 -0.73771393299102783 -1.0925382375717163 -0.46864014863967896
1045.4217000007629 -0.81515240669250488 -0.99244987964630127 0.54728507995605469 -0.81039446592330933 -1.110686182975769 0.48283094167709351 -1.0362582206726074 -1.1681419610977173 0.34064260125160217 -0.807381272315979 -1.1781295537948608 0.16888274252414703 -1.0506902933120728 -1.1930098533630371 -0.033823207020759583 -0.99963301420211792 -1.1791930198669434 -0.10427722334861755 -0.81109172105789185 -1.1792008876800537 -0.25323465466499329
1045.4217000007629 -0.86497485637664795 -1.0297895669937134 0.26678642630577087 -0.87757152318954468 -1.1517093181610107 0.20533260703086853 -1.1409453153610229 -1.2016478776931763 0.012964067980647087 -0.8270493745803833 -1.2462782859802246 -0.11230093985795975 -1.1092272996902466 -1.2219234704971313 -0.37490525841712952 -0.98165756464004517 -1.1704564094543457 -0.39373791217803955 -0.76713252067565918 -1.172920823097229 -0.48515120148658752
1103.7128999978304 -0.84523391723632813 -1.1744643449783325 -0.08207983523607254 -0.87695717811584473 -1.2747229337692261 -0.14392976462841034 -1.1469870805740356 -1.3279030323028564 -0.30380576848983765 -0.77869480848312378 -1.3700917959213257 -0.36337870359420776 -1.0663424730300903 -1.3592629432678223 -0.60006207227706909 -0.95284366607666016 -1.2705202102661133 -0.56508046388626099 -0.73523807525634766 -1.2558536529541016 -0.63928753137588501
1103.7128999978304 -0.75884205102920532 -1.0628284215927124 -0.075704008340835571 -0.78810220956802368 -1.1553025245666504 -0.13275161385536194 -1.037165641784668 -1.2043535709381104 -0.2802141010761261 -0.69746941328048706 -1.2432665824890137 -0.3351614773273468 -0.96278268098831177 -1.2332785129547119 -0.55346763134002686 -0.85809648036956787 -1.1514261960983276 -0.5212022066116333 -0.65738683938980103 -1.1378984451293945 -0.58964747190475464
1168.8848000019789 -0.83022356033325195 -1.0922176837921143 0.24756292998790741 -0.84740817546844482 -1.1885765790939331 0.22865061461925507 -1.0931954383850098 -1.2567591667175293 0.054206028580665588 -0.7967570424079895 -1.2447158098220825 -0.076977401971817017 -1.0616850852966309 -1.2463730573654175 -0.31269729137420654 -0.96507656574249268 -1.1745724678039551 -0.35467809438705444 -0.75220829248428345 -1.1638637781143188 -0.47602167725563049
1168.8848000019789 -0.90293771028518677 -1.1490516662597656 0.089736402034759521 -0.85791653394699097 -1.2160490751266479 0.23119206726551056 -1.1086162328720093 -1.2566640377044678 0.03867466002702713 -0.80394625663757324 -1.2951322793960571 -0.1253146231174469 -1.0493452548980713 -1.2471299171447754 -0.35511070489883423 -0.9449266791343689 -1.1482906341552734 -0.37211614847183228 -0.76192033290863037 -1.1037706136703491 -0.45373314619064331
1229.3388999998569 -0.92566764354705811 -1.1698317527770996 0.15962734818458557 -0.80130988359451294 -1.2294802665710449 0.26174786686897278 -1.0537866353988647 -1.2732781171798706 0.10187907516956329 -0.78742605447769165 -1.264176607131958 -0.044150207191705704 -1.0189753770828247 -1.2264128923416138 -0.22165714204311371 -0.88580888509750366 -1.0650182962417603 -0.19685903191566467 -0.72442185878753662 -1.0416942834854126 -0.29862293601036072
1229.3388999998569 -0.89601778984069824 -1.0853544473648071 0.15460734069347382 -0.77557039260864258 -1.1431273221969604 0.25351673364639282 -1.0201081037521362 -1.1855480670928955 0.098674915730953217 -0.76212310791015625 -1.1767327785491943 -0.042762588709592819 -0.98639160394668579 -1.1401565074920654 -0.21468797326087952 -0.85741239786148071 -0.98383677005767822 -0.19066961109638214 -0.70109999179840088 -0.96124619245529175 -0.28923362493515015
1286.6659000068903 -0.88581687211990356 -1.1331733465194702 0.04680049791932106 -0.87679225206375122 -1.1856918334960938 0.21281406283378601 -1.134946346282959 -1.2484674453735352 -0.0351693294942379 -0.77658736705780029 -1.2451798915863037 -0.13813784718513489 -1.0158495903015137 -1.1985564231872559 -0.40956348180770874 -0.870003342628479 -1.0391137599945068 -0.41029995679855347 -0.66282248497009277 -0.99911683797836304 -0.41099178791046143
1289.5004000067711 -0.90408724546432495 -1.1081551313400269 0.39456728100776672 -0.86381494998931885 -1.1641253232955933 0.61380851268768311 -1.0864583253860474 -1.2270162105560303 0.4658406674861908 -0.80724543333053589 -1.2701089382171631 0.24287174642086029 -1.0475484132766724 -1.2450133562088013 0.010793574154376984 -0.9934922456741333 -1.1615610122680664 -0.019421786069869995 -0.82219135761260986 -1.1526212692260742 -0.12890113890171051
1355.7396000027657 -0.88924986124038696 -1.064000129699707 0.38097438216209412 -0.85036617517471313 -1.1180405616760254 0.59265667200088501 -1.0653332471847534 -1.1787631511688232 0.44979041814804077 -0.79574692249298096 -1.2203701734542847 0.23450896143913269 -1.0277649164199829 -1.1961398124694824 0.010432321578264236 -0.97557246685028076 -1.1155647039413452 -0.01874128170311451 -0.81017756462097168 -1.1069331169128418 -0.12444602698087692
1355.7396000027657 -0.90383714437484741 -1.0430428981781006 0.54617792367935181 -0.81797116994857788 -1.1519526243209839 0.72638744115829468 -1.0538742542266846 -1.2052619457244873 0.57628136873245239 -0.79114228487014771 -1.2646872997283936 0.36399877071380615 -1.0615558624267578 -1.2378134727478027 0.14985133707523346 -1.0286605358123779 -1.1572937965393066 0.086158595979213715 -0.87965208292007446 -1.1248960494995117 -0.060882572084665298
1439.9268000125885 -1.0587444305419922 -1.122519850730896 0.67910522222518921 -0.98680084943771362 -1.2272149324417114 0.63396996259689331 -1.2725110054016113 -1.2879325151443481 0.47937649488449097 -0.99793809652328491 -1.2719695568084717 0.23987686634063721 -1.2984844446182251 -1.2563362121582031 0.02623177133500576 -1.1727862358093262 -1.1468292474746704 -0.11828725039958954 -0.9480292797088623 -1.1123526096343994 -0.28320181369781494
1439.9268000125885 -0.97424018383026123 -1.0237990617752075 0.8819238543510437 -0.85189181566238403 -1.1463258266448975 0.88966464996337891 -1.117458701133728 -1.2059025764465332 0.74154555797576904 -0.88401585817337036 -1.1983960866928101 0.45001661777496338 -1.1605707406997681 -1.1920328140258789 0.25112307071685791 -1.1158157587051392 -1.1189019680023193 0.099250443279743195 -0.93193799257278442 -1.0774339437484741 -0.090491510927677155
1498.2002000063658 -0.98195332288742065 -1.0915665626525879 0.28833943605422974 -0.93003678321838379 -1.2707037925720215 0.28047436475753784 -1.2125293016433716 -1.3215279579162598 0.18996065855026245 -0.89486223459243774 -1.3443979024887085 -0.0019344298634678125 -1.2212449312210083 -1.3393305540084839 -0.1533593088388443 -1.1194316148757935 -1.285474419593811 -0.30532801151275635 -0.88676911592483521 -1.2592432498931885 -0.50539731979370117
1500.8551999926567 -0.91002964973449707 -1.0401580333709717 0.53495150804519653 -0.83084464073181152 -1.2219256162643433 0.49403733015060425 -1.0825322866439819 -1.276287317276001 0.39991581439971924 -0.85441857576370239 -1.2764754295349121 0.20397728681564331 -1.1492654085159302 -1.2868881225585938 0.071514330804347992 -1.1151049137115479 -1.2696307897567749 -0.087596505880355835 -0.92816543579101563 -1.2582695484161377 -0.2964419424533844
1583.4086999893188 -0.95040351152420044 -0.99696940183639526 0.61066842079162598 -0.88050085306167603 -1.1056203842163086 0.54993182420730591 -1.1140079498291016 -1.169527530670166 0.4284433126449585 -0.90300923585891724 -1.1310164928436279 0.20004044473171234 -1.1688565015792847 -1.140249490737915 0.024934906512498856 -1.0770246982574463 -1.0811915397644043 -0.10988591611385345 -0.87620162963867188 -1.0679137706756592 -0.29004433751106262
1583.4086999893188 -0.96144062280654907 -1.0275305509567261 0.86056798696517944 -0.90519195795059204 -1.1550142765045166 0.95011556148529053 -1.140383243560791 -1.2170886993408203 0.83776074647903442 -0.93752336502075195 -1.1999870538711548 0.53631752729415894 -1.2023872137069702 -1.1885899305343628 0.36613976955413818 -1.1348832845687866 -1.1218008995056152 0.1363213062286377 -0.94699674844741821 -1.129549503326416 -0.085791617631912231
1645.5605999976397 -0.94276010990142822 -1.0407036542892456 0.76812094449996948 -0.8726116418838501 -1.1189707517623901 0.74939709901809692 -1.1131314039230347 -1.1963527202606201 0.54005509614944458 -0.84636807441711426 -1.1930583715438843 0.34129193425178528 -1.1554758548736572 -1.1938303709030151 0.066846869885921478 -1.0522933006286621 -1.1428952217102051 -0.083972975611686707 -0.82030552625656128 -1.1360327005386353 -0.21691301465034485
1645.5605999976397 -0.93592506647109985 -1.0527341365814209 0.54729169607162476 -0.92929089069366455 -1.095991849899292 0.48970308899879456 -1.1683142185211182 -1.1482388973236084 0.26968395709991455 -0.88987380266189575 -1.18019700050354 0.1407894492149353 -1.1734863519668579 -1.1525275707244873 -0.1305699348449707 -1.0098279714584351 -1.1293983459472656 -0.20015916228294373 -0.77580374479293823 -1.1719075441360474 -0.29406869411468506
1701.2814999967813 -0.90345686674118042 -1.0470359325408936 0.53319734334945679 -0.89699363708496094 -1.0891799926757813 0.47709134221076965 -1.1298632621765137 -1.1400818824768066 0.26273649930953979 -0.85859125852584839 -1.1712172031402588 0.13716031610965729 -1.1349023580551147 -1.144260048866272 -0.12721304595470428 -0.97545731067657471 -1.121726393699646 -0.19501073658466339 -0.74745792150497437 -1.163141131401062 -0.28650262951850891
1701.2814999967813 -0.92843419313430786 -1.0532634258270264 0.79346603155136108 -0.83664923906326294 -1.0948309898376465 0.93892520666122437 -1.0852069854736328 -1.1524268388748169 0.72150284051895142 -0.79712051153182983 -1.1896719932556152 0.44966083765029907 -1.0931159257888794 -1.1567517518997192 0.14557443559169769 -0.92212235927581787 -1.0772978067398071 -0.033781852573156357 -0.68740189075469971 -1.0860790014266968 -0.13739371299743652
1777.2081000059843 -0.78232824802398682 -0.90830355882644653 0.63165521621704102 -0.72601467370986938 -1.0410197973251343 0.66080522537231445 -0.94163417816162109 -1.0702958106994629 0.4698779284954071 -0.74474221467971802 -1.0929629802703857 0.23358955979347229 -0.98425161838531494 -1.053558349609375 -0.0077562201768159866 -0.91466820240020752 -0.97998166084289551 -0.11149391531944275 -0.7279973030090332 -0.95722067356109619 -0.27544081211090088
1777.2081000059843 -1.1108784675598145 -1.1642271280288696 0.3421081006526947 -0.99956059455871582 -1.2934842109680176 0.54846364259719849 -1.2881850004196167 -1.3621559143066406 0.37229728698730469 -0.98629724979400635 -1.3253191709518433 0.18933215737342834 -1.2879699468612671 -1.3116207122802734 -0.0086695179343223572 -1.0682833194732666 -1.1437579393386841 -0.16177144646644592 -0.82796984910964966 -1.1165006160736084 -0.33803761005401611
1835.3743000030518 -1.0079693794250488 -1.2030090093612671 0.9486854076385498 -0.88816976547241211 -1.3490488529205322 1.0274938344955444 -1.1260725259780884 -1.4094505310058594 0.93064850568771362 -0.91242134571075439 -1.3876471519470215 0.61826920509338379 -1.1906275749206543 -1.4007519483566284 0.47690567374229431 -1.1742416620254517 -1.3537197113037109 0.22225522994995117 -0.97356289625167847 -1.3293014764785767 -0.045165300369262695
1835.3743000030518 -0.87564170360565186 -0.96595484018325806 0.8424258828163147 -0.76926052570343018 -1.0956370830535889 0.91240710020065308 -0.98051619529724121 -1.1492732763290405 0.82640928030014038 -0.79079580307006836 -1.1299120187759399 0.5490189790725708 -1.0378406047821045 -1.1415488719940186 0.4234892725944519 -1.0232900381088257 -1.0997847318649292 0.19736172258853912 -0.84508895874023438 -1.0781015157699585 -0.040105555206537247
1912.6980000138283 -0.99581509828567505 -1.1690976619720459 0.50676494836807251 -0.92197370529174805 -1.235474705696106 0.58168244361877441 -1.2004890441894531 -1.3017505407333374 0.38575246930122375 -0.9243205189704895 -1.2668657302856445 0.16014598309993744 -1.2296186685562134 -1.2426391839981079 -0.10016971826553345 -1.0153896808624268 -1.0759034156799316 -0.22191300988197327 -0.78659516572952271 -1.0548937320709229 -0.37657693028450012
1912.6980000138283 -0.92028099298477173 -1.0670721530914307 0.49590122699737549 -0.8532751202583313 -1.2438585758209229 0.40614214539527893 -1.1158313751220703 -1.3145320415496826 0.25513499975204468 -0.87437862157821655 -1.2663183212280273 0.054460965096950531 -1.2059760093688965 -1.2686541080474854 -0.15161298215389252 -1.0860732793807983 -1.1665332317352295 -0.23766453564167023 -0.85612648725509644 -1.1224102973937988 -0.41665312647819519
1982.1738000065088 -1.006138801574707 -1.2589253187179565 0.81360530853271484 -0.8384171724319458 -1.330582857131958 0.89963895082473755 -1.1066559553146362 -1.3900254964828491 0.77815502882003784 -0.89341437816619873 -1.3135650157928467 0.49196562170982361 -1.1693065166473389 -1.3010838031768799 0.33262988924980164 -0.99380826950073242 -1.1317633390426636 0.13641141355037689 -0.80924910306930542 -1.0967985391616821 -0.053710620850324631
1982.1738000065088 -0.85731858015060425 -1.0640808343887329 0.85166728496551514 -0.73706197738647461 -1.1854321956634521 0.84988653659820557 -0.98735529184341431 -1.2591822147369385 0.7041773796081543 -0.81556445360183716 -1.2079765796661377 0.41300708055496216 -1.1077871322631836 -1.2065891027450562 0.1994987428188324 -1.0107616186141968 -1.0922425985336304 0.038308385759592056 -0.8324054479598999 -1.0569229125976563 -0.12287314236164093
