44.903300002217293 -0.6865464448928833 -1.2154593467712402 -0.90654492378234863 -0.69682890176773071 -1.3822163343429565 -1.1491271257400513 -0.91347885131835938 -1.3207395076751709 -1.2419712543487549 -0.63887917995452881 -1.4004089832305908 -0.91490978002548218 -0.86369842290878296 -1.2893856763839722 -1.0314115285873413 -0.78897422552108765 -1.2738364934921265 -0.60351616144180298 -0.6389763355255127 -1.2415462732315063 -0.49278241395950317
44.903300002217293 -0.57661616802215576 -1.1307308673858643 -0.43380194902420044 -0.61063599586486816 -1.2713159322738647 -0.77452564239501953 -0.78519701957702637 -1.2183793783187866 -1.0054944753646851 -0.65519040822982788 -1.3169621229171753 -0.81226223707199097 -0.85829257965087891 -1.2268264293670654 -1.0180851221084595 -0.83566677570343018 -1.2422186136245728 -0.82040214538574219 -0.68746346235275269 -1.2415815591812134 -0.85336923599243164
107.56460000574589 -0.56009203195571899 -1.034029483795166 0.045247796922922134 -0.54032802581787109 -1.1851819753646851 -0.39610764384269714 -0.71169412136077881 -1.1083201169967651 -0.53130984306335449 -0.51182788610458374 -1.2307823896408081 -0.48143863677978516 -0.71531432867050171 -1.1133064031600952 -0.58754366636276245 -0.69312220811843872 -1.1297687292098999 -0.44255554676055908 -0.57356339693069458 -1.1176382303237915 -0.55775910615921021
107.56460000574589 -0.56662189960479736 -1.1787573099136353 -1.4164384603500366 -0.61949640512466431 -1.3221409320831299 -1.5429337024688721 -0.80628043413162231 -1.2328591346740723 -1.5909453630447388 -0.60351496934890747 -1.2719520330429077 -1.0626972913742065 -0.75710529088973999 -1.1215329170227051 -1.1563937664031982 -0.69100970029830933 -1.0518033504486084 -0.52473670244216919 -0.57382696866989136 -1.0196454524993896 -0.11087294667959213
168.81380000710487 -0.54319703578948975 -1.0092929601669312 -0.94551384449005127 -0.67248469591140747 -1.1192294359207153 -1.1647287607192993 -0.8473513126373291 -1.0370309352874756 -1.1958074569702148 -0.65002286434173584 -1.0948134660720825 -0.82498878240585327 -0.80181330442428589 -0.96828436851501465 -0.88293039798736572 -0.75844478607177734 -0.91913092136383057 -0.41578134894371033 -0.64513403177261353 -0.89159387350082397 -0.18360617756843567
168.81380000710487 -0.58085834980010986 -1.1818983554840088 -1.0768147706985474 -0.72810089588165283 -1.3071020841598511 -1.3264731168746948 -0.92725211381912231 -1.2134883403778076 -1.3618679046630859 -0.70251965522766113 -1.2792954444885254 -0.93955183029174805 -0.87539005279541016 -1.1351945400238037 -1.0055400133132935 -0.82599872350692749 -1.0792149305343628 -0.47351557016372681 -0.69695186614990234 -1.0478537082672119 -0.20909707248210907
227.66080000251532 -0.57786911725997925 -1.0503795146942139 -0.98577576875686646 -0.6102137565612793 -1.277436375617981 -1.2324873208999634 -0.78609651327133179 -1.2319239377975464 -1.2977069616317749 -0.64749813079833984 -1.2946509122848511 -0.99698668718338013 -0.84223675727844238 -1.181168794631958 -1.1146093606948853 -0.81381350755691528 -1.1578491926193237 -0.63445496559143066 -0.70529794692993164 -1.1312847137451172 -0.39502355456352234
227.66080000251532 -0.60483849048614502 -1.0546135902404785 -0.36450701951980591 -0.664040207862854 -1.2184520959854126 -0.62100875377655029 -0.82015782594680786 -1.1616864204406738 -0.60929602384567261 -0.66814994812011719 -1.2099950313568115 -0.63347947597503662 -0.84481930732727051 -1.0974037647247314 -0.65273231267929077 -0.80197405815124512 -1.0900304317474365 -0.40535521507263184 -0.66940557956695557 -1.078546404838562 -0.45082598924636841
289.62100000679493 -0.56928467750549316 -1.1009681224822998 -0.3721601665019989 -0.62972903251647949 -1.2682454586029053 -0.63404560089111328 -0.78912341594696045 -1.2102881669998169 -0.62208706140518188 -0.63392508029937744 -1.2596108913421631 -0.64677810668945313 -0.81430250406265259 -1.1446563005447388 -0.66643506288528442 -0.77055799961090088 -1.1371282339096069 -0.41386574506759644 -0.63520699739456177 -1.1254032850265503 -0.46029090881347656
289.62100000679493 -0.55393046140670776 -1.087566614151001 -1.3769094944000244 -0.679038405418396 -1.2159885168075562 -1.4072870016098022 -0.84916657209396362 -1.0877171754837036 -1.4163162708282471 -0.62755763530731201 -1.1749155521392822 -0.89828026294708252 -0.74377149343490601 -0.98679977655410767 -0.96290618181228638 -0.69485247135162354 -0.95872354507446289 -0.44339761137962341 -0.59892368316650391 -0.93982070684432983 -0.039274636656045914
354.67890001088381 -0.59721851348876953 -0.97526794672012329 -0.61307454109191895 -0.61923432350158691 -1.1647626161575317 -0.80869501829147339 -0.78227472305297852 -1.106698751449585 -0.87622648477554321 -0.6093791127204895 -1.1785768270492554 -0.65163809061050415 -0.79356157779693604 -1.0817018747329712 -0.75152009725570679 -0.76662546396255493 -1.0526766777038574 -0.39871722459793091 -0.66243958473205566 -0.99975728988647461 -0.28142869472503662
354.67890001088381 -0.56606793403625488 -1.1657683849334717 -0.2650926411151886 -0.67716008424758911 -1.349511981010437 -0.67871111631393433 -0.84896290302276611 -1.2975066900253296 -0.7474745512008667 -0.68472427129745483 -1.3817180395126343 -0.80330824851989746 -0.91127640008926392 -1.2719143629074097 -0.90501809120178223 -0.9007422924041748 -1.2925877571105957 -0.64287489652633667 -0.75069284439086914 -1.269429087638855 -0.71330630779266357
421.83650000393391 -0.45891374349594116 -0.97877871990203857 -0.50832068920135498 -0.54750186204910278 -1.1494234800338745 -0.75713968276977539 -0.71193921566009521 -1.0615701675415039 -0.81273090839385986 -0.5872044563293457 -1.1127290725708008 -0.64336985349655151 -0.72849249839782715 -0.99583381414413452 -0.70941066741943359 -0.71212935447692871 -0.96330416202545166 -0.35992902517318726 -0.60662949085235596 -0.95050811767578125 -0.33472996950149536
421.83650000393391 -0.49283167719841003 -1.1111449003219604 -0.58122539520263672 -0.59412509202957153 -1.3062634468078613 -0.86572998762130737 -0.78214603662490845 -1.2058103084564209 -0.92929404973983765 -0.63952183723449707 -1.2643063068389893 -0.73564326763153076 -0.80107337236404419 -1.1306459903717041 -0.81115561723709106 -0.7823634147644043 -1.0934509038925171 -0.41155144572257996 -0.66173279285430908 -1.078819751739502 -0.3827383816242218
482.16340000927448 -0.60652768611907959 -1.1306300163269043 0.14807860553264618 -0.61539584398269653 -1.3846795558929443 -0.42114740610122681 -0.79817456007003784 -1.3216403722763062 -0.57864910364151001 -0.63529407978057861 -1.4205913543701172 -0.62009888887405396 -0.87119114398956299 -1.3260674476623535 -0.7703821063041687 -0.88131290674209595 -1.3240296840667725 -0.60276108980178833 -0.73340791463851929 -1.2693123817443848 -0.78500890731811523
482.16340000927448 -0.4732511043548584 -1.0143601894378662 -0.3072681725025177 -0.50569844245910645 -1.166434645652771 -0.55327463150024414 -0.68029463291168213 -1.1276383399963379 -0.72203212976455688 -0.55575782060623169 -1.1906590461730957 -0.56646591424942017 -0.74294215440750122 -1.1272313594818115 -0.7548556923866272 -0.74439704418182373 -1.108894944190979 -0.48104605078697205 -0.64755773544311523 -1.0785685777664185 -0.51296049356460571
547.3382999971509 -0.51008814573287964 -1.0762836933135986 -0.59133267402648926 -0.54664129018783569 -1.2834851741790771 -0.90195775032043457 -0.72280383110046387 -1.2294780015945435 -1.0305517911911011 -0.47520464658737183 -1.3267053365707397 -0.82336604595184326 -0.67441600561141968 -1.2273504734039307 -0.99058127403259277 -0.60481750965118408 -1.2002986669540405 -0.66759955883026123 -0.46057713031768799 -1.1486083269119263 -0.65701216459274292
547.3382999971509 -0.55844688415527344 -1.136881947517395 -0.60518735647201538 -0.59585541486740112 -1.3489320278167725 -0.92308098077774048 -0.77614015340805054 -1.2936611175537109 -1.0546841621398926 -0.5227472186088562 -1.3931633234024048 -0.84265029430389404 -0.72661995887756348 -1.2914836406707764 -1.0137783288955688 -0.65539300441741943 -1.263798713684082 -0.68323886394500732 -0.50777739286422729 -1.2108989953994751 -0.67240375280380249
610.58680000901222 -0.54394000768661499 -1.0831563472747803 -0.47965338826179504 -0.54183852672576904 -1.2715054750442505 -0.63560718297958374 -0.74021059274673462 -1.2062762975692749 -0.72865921258926392 -0.54957973957061768 -1.3038060665130615 -0.53702384233474731 -0.7639087438583374 -1.186860203742981 -0.6870124340057373 -0.74350821971893311 -1.1781569719314575 -0.33471205830574036 -0.63981145620346069 -1.1612298488616943 -0.21911816298961639
610.58680000901222 -0.53516197204589844 -1.0468916893005371 -1.4533653259277344 -0.55443662405014038 -1.3539130687713623 -1.5139343738555908 -0.75078630447387695 -1.2814433574676514 -1.5818322896957397 -0.55564403533935547 -1.3752208948135376 -0.99122589826583862 -0.75793802738189697 -1.231343150138855 -1.0733038187026978 -0.72629797458648682 -1.1743237972259521 -0.50512206554412842 -0.64536929130554199 -1.1016815900802612 -0.11725980788469315
670.53260000050068 -0.5526081919670105 -0.96944123506546021 -0.40869948267936707 -0.6166873574256897 -1.1144814491271973 -0.60841327905654907 -0.75519126653671265 -1.0482529401779175 -0.66707128286361694 -0.56875407695770264 -1.121721625328064 -0.49672940373420715 -0.70512503385543823 -1.0260305404663086 -0.59145569801330566 -0.63515740633010864 -1.0184909105300903 -0.28146594762802124 -0.49602460861206055 -1.0163580179214478 -0.25476324558258057
670.53260000050068 -0.61186790466308594 -1.1107797622680664 -1.0472246408462524 -0.68657797574996948 -1.267719030380249 -1.074249267578125 -0.83157837390899658 -1.1542438268661499 -1.0191155672073364 -0.56306058168411255 -1.2449560165405273 -0.57352560758590698 -0.70419031381607056 -1.0845708847045898 -0.63217401504516602 -0.61586976051330566 -1.0464181900024414 -0.14012356102466583 -0.4717755913734436 -1.0121309757232666 0.28765851259231567
735.32720000296831 -0.64537101984024048 -1.0122886896133423 -0.92799240350723267 -0.71157509088516235 -1.1513597965240479 -0.95194023847579956 -0.84006667137145996 -1.0508042573928833 -0.90308374166488647 -0.60212057828903198 -1.1311885118484497 -0.50822567939758301 -0.72718220949172974 -0.98906373977661133 -0.56019675731658936 -0.64891719818115234 -0.95525479316711426 -0.12416805326938629 -0.52122867107391357 -0.92487138509750366 0.25490951538085938
735.32720000296831 -0.5870896577835083 -0.8980327844619751 -0.88455486297607422 -0.66753095388412476 -1.1755905151367188 -0.93190103769302368 -0.80091196298599243 -1.1218835115432739 -0.92680031061172485 -0.57894110679626465 -1.1788654327392578 -0.56428009271621704 -0.73921066522598267 -1.0780222415924072 -0.59026068449020386 -0.640369713306427 -1.050701379776001 -0.21276754140853882 -0.49009433388710022 -1.0041402578353882 0.051194779574871063
799.32100000232458 -0.63563716411590576 -1.1156696081161499 -0.76725304126739502 -0.65380460023880005 -1.2887413501739502 -0.80592566728591919 -0.81175589561462402 -1.2104142904281616 -0.80951988697052002 -0.5914948582649231 -1.2932670116424561 -0.52819579839706421 -0.76719295978546143 -1.1648645401000977 -0.6089056134223938 -0.69167178869247437 -1.1404900550842285 -0.21657425165176392 -0.56766724586486816 -1.1064809560775757 0.021919857710599899
925.57120001316071 -0.54440450668334961 -1.1034266948699951 -1.2364276647567749 -0.63296675682067871 -1.2377446889877319 -1.502429723739624 -0.84734547138214111 -1.1656368970870972 -1.5034538507461548 -0.54443144798278809 -1.1471297740936279 -0.89876872301101685 -0.68177181482315063 -1.0339527130126953 -0.88281846046447754 -0.5490415096282959 -0.92467129230499268 -0.34246242046356201 -0.3750281035900116 -0.9256243109703064 -0.043543729931116104
925.57120001316071 -0.82705312967300415 -1.0095311403274536 -0.48492452502250671 -0.71080148220062256 -1.1972814798355103 -0.85301387310028076 -0.86681699752807617 -1.1297843456268311 -0.88881105184555054 -0.68776887655258179 -1.2048941850662231 -0.92740118503570557 -0.87769520282745361 -1.0921566486358643 -0.98504370450973511 -0.80610746145248413 -1.0700004100799561 -0.80623137950897217 -0.65565592050552368 -1.0423736572265625 -0.80991214513778687
986.06510000675917 -0.57987391948699951 -0.85058999061584473 -1.3648231029510498 -0.64971208572387695 -1.0220811367034912 -1.490725040435791 -0.80780035257339478 -0.971244215965271 -1.5416089296340942 -0.58244788646697998 -1.0573904514312744 -1.1011800765991211 -0.73960280418395996 -0.96461111307144165 -1.1859694719314575 -0.63646614551544189 -0.92808407545089722 -0.60667711496353149 -0.48791095614433289 -0.91331642866134644 -0.32454666495323181
1217.0175000056624 -0.60157525539398193 -1.1231817007064819 -1.4351856708526611 -0.67242616415023804 -1.2100205421447754 -1.4413168430328369 -0.90003871917724609 -1.0700644254684448 -1.448293924331665 -0.63297516107559204 -1.0803596973419189 -0.87204009294509888 -0.71330368518829346 -0.90160101652145386 -0.9040755033493042 -0.61922562122344971 -0.7734377384185791 -0.44062140583992004 -0.5033944845199585 -0.7877734899520874 -0.036274030804634094
1300.9439000040293 -0.59310245513916016 -0.90273094177246094 -0.93759638071060181 -0.66699737310409546 -1.1073591709136963 -1.1360210180282593 -0.86486810445785522 -1.0879772901535034 -1.1974440813064575 -0.61001873016357422 -1.1569571495056152 -0.81202387809753418 -0.82682043313980103 -1.0956591367721558 -0.92740088701248169 -0.70485657453536987 -1.0292587280273438 -0.41695433855056763 -0.52590984106063843 -0.98344647884368896 -0.12613657116889954
1300.9439000040293 -0.53939348459243774 -1.0533549785614014 -0.98197406530380249 -0.62722903490066528 -1.2746721506118774 -1.1352262496948242 -0.86970800161361694 -1.2792564630508423 -1.317388653755188 -0.63451039791107178 -1.3542695045471191 -1.0412591695785522 -0.92034786939620972 -1.309084415435791 -1.2972894906997681 -0.84258037805557251 -1.2776558399200439 -0.89636659622192383 -0.65178942680358887 -1.218891978263855 -0.70311498641967773
1379.6869000047445 -0.52852189540863037 -1.1042571067810059 -0.98704671859741211 -0.57444179058074951 -1.3154820203781128 -1.0747306346893311 -0.80025291442871094 -1.3178335428237915 -1.1421928405761719 -0.57859945297241211 -1.3233077526092529 -0.84878945350646973 -0.81958508491516113 -1.2661980390548706 -0.93788295984268188 -0.7312660813331604 -1.1987578868865967 -0.4233558177947998 -0.56311672925949097 -1.1737420558929443 -0.20809148252010345
1379.6869000047445 -0.65689420700073242 -1.1521210670471191 0.11658686399459839 -0.7091410756111145 -1.2668414115905762 -0.19374753534793854 -0.89873641729354858 -1.2415831089019775 -0.3745027482509613 -0.63289463520050049 -1.3025263547897339 -0.43625620007514954 -0.88756710290908813 -1.2424255609512329 -0.63896530866622925 -0.76883834600448608 -1.2824077606201172 -0.45872998237609863 -0.4480900764465332 -1.2996814250946045 -0.63970750570297241
1445.949300006032 -0.52672994136810303 -1.0351783037185669 -0.11698177456855774 -0.60961002111434937 -1.2251464128494263 -0.41921871900558472 -0.80882889032363892 -1.2016327381134033 -0.48806768655776978 -0.55140149593353271 -1.2620322704315186 -0.58715724945068359 -0.79136836528778076 -1.193548321723938 -0.70946979522705078 -0.69504010677337646 -1.1916180849075317 -0.55042213201522827 -0.45569586753845215 -1.1885265111923218 -0.6475074291229248
1445.949300006032 -0.55763936042785645 -1.0342967510223389 -0.1143348291516304 -0.63863849639892578 -1.2199536561965942 -0.40971270203590393 -0.83333617448806763 -1.1969736814498901 -0.47699916362762451 -0.58175098896026611 -1.2560025453567505 -0.57383996248245239 -0.81627196073532104 -1.189072847366333 -0.69337666034698486 -0.72212976217269897 -1.1871863603591919 -0.53793847560882568 -0.48821732401847839 -1.1841650009155273 -0.6328204870223999
1560.9860000014305 -0.48204222321510315 -1.1300069093704224 -1.0572240352630615 -0.5715181827545166 -1.2248939275741577 -1.0944252014160156 -0.72396081686019897 -1.111742377281189 -1.1113755702972412 -0.52603530883789063 -1.1312556266784668 -0.69122982025146484 -0.61510908603668213 -1.0136370658874512 -0.77759891748428345 -0.5563971996307373 -0.90946561098098755 -0.38314083218574524 -0.41835862398147583 -0.89811694622039795 -0.071633517742156982
1647.7418000027537 -0.49769309163093567 -0.84505593776702881 -1.4644956588745117 -0.66017735004425049 -0.97981256246566772 -1.6573481559753418 -0.83870559930801392 -0.92519891262054443 -1.6340714693069458 -0.57474714517593384 -0.96209526062011719 -1.0255688428878784 -0.68991929292678833 -0.85431396961212158 -0.96090167760848999 -0.56593406200408936 -0.76844006776809692 -0.42141693830490112 -0.42862769961357117 -0.75375545024871826 -0.14427889883518219
1647.7418000027537 -0.60689324140548706 -0.99514847993850708 -1.2807718515396118 -0.77786761522293091 -1.161628246307373 -1.6877635717391968 -0.97064238786697388 -1.1243822574615479 -1.7670276165008545 -0.74919414520263672 -1.2033090591430664 -1.2997002601623535 -0.94508296251296997 -1.0979632139205933 -1.346955418586731 -0.88274240493774414 -1.0768601894378662 -0.78618073463439941 -0.75015324354171753 -1.0511986017227173 -0.57672452926635742
1710.6164000034332 -0.60984987020492554 -1.0393338203430176 -1.7233531475067139 -0.66807305812835693 -1.1625385284423828 -1.8496519327163696 -0.86303037405014038 -1.1040643453598022 -1.8979175090789795 -0.61308157444000244 -1.1350661516189575 -1.315424919128418 -0.77490800619125366 -1.0264931917190552 -1.3397501707077026 -0.69074118137359619 -0.95900082588195801 -0.712047278881073 -0.55851775407791138 -0.93016374111175537 -0.36052054166793823
1710.6164000034332 -0.52184176445007324 -0.99336689710617065 -1.5416765213012695 -0.70608377456665039 -1.1956560611724854 -1.904430627822876 -0.92529475688934326 -1.1409859657287598 -1.9085693359375 -0.63946670293807983 -1.1771184206008911 -1.2184751033782959 -0.81105619668960571 -1.0565203428268433 -1.1868369579315186 -0.7013322114944458 -0.97175711393356323 -0.58036178350448608 -0.54902297258377075 -0.94685465097427368 -0.25500684976577759
1781.7326000034809 -0.629280686378479 -1.0695459842681885 -1.8692035675048828 -0.77016276121139526 -1.2364100217819214 -2.167330265045166 -0.96693360805511475 -1.1813952922821045 -2.1650938987731934 -0.64689677953720093 -1.2077608108520508 -1.3148707151412964 -0.76616811752319336 -1.1017978191375732 -1.1844432353973389 -0.64531910419464111 -1.031358003616333 -0.57547658681869507 -0.50728523731231689 -0.9765467643737793 -0.29351237416267395
1913.2639000117779 -0.53513211011886597 -0.9570278525352478 -1.3686099052429199 -0.58342438936233521 -1.1580115556716919 -1.4353114366531372 -0.78922915458679199 -1.1402179002761841 -1.5613256692886353 -0.71145665645599365 -1.1338462829589844 -1.0598161220550537 -0.91744202375411987 -1.0477256774902344 -1.2273725271224976 -0.8637421727180481 -0.91100132465362549 -0.70198559761047363 -0.74967652559280396 -0.88491380214691162 -0.37869372963905334
1913.2639000117779 -0.5786052942276001 -1.0254606008529663 -1.3311088085174561 -0.67809689044952393 -1.0814859867095947 -1.3547830581665039 -0.83053088188171387 -0.96986281871795654 -1.4398834705352783 -0.64670068025588989 -1.0597041845321655 -0.96756041049957275 -0.76466792821884155 -0.91780167818069458 -1.0858893394470215 -0.70275783538818359 -0.88971644639968872 -0.58240526914596558 -0.57553505897521973 -0.89236295223236084 -0.29865473508834839
1984.515000000596 -0.65463387966156006 -1.0953284502029419 -0.62787312269210815 -0.69899886846542358 -1.1928619146347046 -0.72162902355194092 -0.83760088682174683 -1.0724780559539795 -0.70662826299667358 -0.60066169500350952 -1.1659733057022095 -0.59252166748046875 -0.71701955795288086 -1.0107895135879517 -0.68809294700622559 -0.60042625665664673 -0.96959102153778076 -0.45622256398200989 -0.41803613305091858 -0.96312540769577026 -0.45111608505249023
1984.515000000596 -0.50803458690643311 -1.094483494758606 -0.80559754371643066 -0.64859265089035034 -1.1792824268341064 -0.98179143667221069 -0.83770692348480225 -1.0891522169113159 -1.0423424243927002 -0.61629790067672729 -1.177201509475708 -0.82332420349121094 -0.79158902168273926 -1.0411499738693237 -0.92971658706665039 -0.71183180809020996 -1.0084460973739624 -0.61223787069320679 -0.5433005690574646 -1.0161985158920288 -0.62058526277542114
