5.8462999910116196 -0.70655989646911621 -1.0469892024993896 -0.4671817421913147 -0.93267655372619629 -1.1555390357971191 -0.59288549423217773 -1.1490098237991333 -1.159446120262146 -0.72364532947540283 -0.78587609529495239 -1.2722862958908081 -0.60842776298522949 -0.97498959302902222 -1.2198094129562378 -0.78553956747055054 -0.7186281681060791 -0.97775155305862427 -0.59662055969238281 -0.55780297517776489 -1.0085175037384033 -0.58117866516113281
5.8462999910116196 -0.69223952293395996 -1.0967262983322144 -0.59826743602752686 -0.97619545459747314 -1.1707556247711182 -0.68924254179000854 -1.1470682621002197 -1.1801186800003052 -0.71853089332580566 -0.81159007549285889 -1.2582625150680542 -0.51916873455047607 -0.9603273868560791 -1.2194454669952393 -0.5096474289894104 -0.48713883757591248 -0.77521717548370361 -0.17897936701774597 -0.38613027334213257 -0.83432316780090332 -0.13577933609485626
60.453499987721443 -0.72321313619613647 -1.0692634582519531 -0.4323563277721405 -0.95673096179962158 -1.1444342136383057 -0.69888579845428467 -1.1426464319229126 -1.0925254821777344 -0.67770689725875854 -0.88912659883499146 -1.1476757526397705 -0.48651659488677979 -1.0409764051437378 -1.0646030902862549 -0.4574449360370636 -0.6962357759475708 -0.74126291275024414 -0.088582798838615417 -0.58646488189697266 -0.80697494745254517 -0.036198578774929047
60.453499987721443 -0.7735755443572998 -1.1113741397857666 -0.4404207170009613 -1.0114502906799316 -1.1879473924636841 -0.71192300319671631 -1.2008343935012817 -1.1350700855255127 -0.69034892320632935 -0.94258451461791992 -1.1912493705749512 -0.49559146165847778 -1.0972675085067749 -1.1066267490386963 -0.46597740054130554 -0.74609476327896118 -0.77725392580032349 -0.090233154594898224 -0.63427585363388062 -0.84419190883636475 -0.036871567368507385
119.45790000259876 -0.76368916034698486 -1.0098667144775391 -0.83197891712188721 -0.99728697538375854 -1.1552053689956665 -1.1456818580627441 -1.2041120529174805 -1.1314144134521484 -1.130043625831604 -0.94786477088928223 -1.2145155668258667 -0.6971818208694458 -1.1257359981536865 -1.1591570377349854 -0.63187128305435181 -0.70095211267471313 -0.77249324321746826 -0.12250521779060364 -0.60602647066116333 -0.81076443195343018 -0.0017859033541753888
119.45790000259876 -0.80000895261764526 -0.99393510818481445 0.47810724377632141 -0.90993994474411011 -1.0831178426742554 0.45286020636558533 -1.091731071472168 -1.0992940664291382 0.38649654388427734 -0.87588644027709961 -1.1173299551010132 0.20634433627128601 -1.0455130338668823 -1.0745364427566528 0.099296674132347107 -0.95182329416275024 -0.90710985660552979 0.097936756908893585 -0.8222203254699707 -0.93474388122558594 -0.052977744489908218
172.88480000197887 -0.88524448871612549 -1.1494871377944946 0.20177465677261353 -0.97775691747665405 -1.3063945770263672 0.12298675626516342 -1.2055498361587524 -1.3207576274871826 -0.027245644479990005 -0.93349218368530273 -1.3346003293991089 -0.20468355715274811 -1.171728253364563 -1.2607934474945068 -0.41121035814285278 -1.0128653049468994 -1.1433892250061035 -0.45719105005264282 -0.82719135284423828 -1.1513944864273071 -0.61146670579910278
172.88480000197887 -0.82015866041183472 -1.1982711553573608 0.20113684237003326 -0.91237777471542358 -1.3546812534332275 0.12259873002767563 -1.1394485235214233 -1.3689987659454346 -0.027157384902238846 -0.86825335025787354 -1.3827975988388062 -0.20403276383876801 -1.1057342290878296 -1.3092247247695923 -0.40990480780601501 -0.94737488031387329 -1.1921926736831665 -0.45573973655700684 -0.76228952407836914 -1.2001726627349854 -0.60952633619308472
227.97829999029636 -0.7812122106552124 -1.1413694620132446 0.19158555567264557 -0.86905217170715332 -1.2903521060943604 0.11677695065736771 -1.085340142250061 -1.3039897680282593 -0.025867776945233345 -0.82702302932739258 -1.3171334266662598 -0.19434396922588348 -1.0532268285751343 -1.2470543384552002 -0.39043989777565002 -0.90238738059997559 -1.1355795860290527 -0.43409827351570129 -0.72609108686447144 -1.1431807279586792 -0.58058208227157593
227.97829999029636 -0.67595279216766357 -1.1343846321105957 -0.047286644577980042 -0.93505614995956421 -1.2370426654815674 -0.30813741683959961 -1.150615930557251 -1.2334436178207397 -0.3691210150718689 -0.8617369532585144 -1.2982184886932373 -0.28935274481773376 -1.0462278127670288 -1.2585312128067017 -0.37287819385528564 -0.86920881271362305 -1.0060374736785889 -0.11747562885284424 -0.72350937128067017 -1.0593274831771851 -0.14458920061588287
287.12389999628067 -0.66989463567733765 -1.0139336585998535 -0.044375766068696976 -0.91304445266723633 -1.1102708578109741 -0.28916546702384949 -1.1153320074081421 -1.1068934202194214 -0.34639418125152588 -0.84423977136611938 -1.1676799058914185 -0.27153739333152771 -1.0173711776733398 -1.1304363012313843 -0.34992006421089172 -0.85125148296356201 -0.89348906278610229 -0.11024308949708939 -0.7145230770111084 -0.94349795579910278 -0.13568723201751709
287.12389999628067 -0.82777184247970581 -1.0488220453262329 0.24515989422798157 -0.95928448438644409 -1.162600040435791 0.20207114517688751 -1.1798514127731323 -1.2007162570953369 0.070592105388641357 -0.86836361885070801 -1.2685279846191406 -0.064852327108383179 -1.0720936059951782 -1.2533078193664551 -0.2604539692401886 -0.92571187019348145 -1.0396151542663574 -0.2361854761838913 -0.77020907402038574 -1.0480982065200806 -0.3478376567363739
341.02539999783039 -0.78646546602249146 -1.0015256404876709 0.56667554378509521 -0.81390541791915894 -1.2340805530548096 0.47048911452293396 -1.0245749950408936 -1.2700654268264771 0.40026786923408508 -0.89311915636062622 -1.2301579713821411 0.13443173468112946 -1.1357996463775635 -1.2031111717224121 0.035710185766220093 -1.0814299583435059 -1.1268424987792969 -0.0021376335062086582 -0.94341546297073364 -1.1457235813140869 -0.21489910781383514
341.02539999783039 -0.79800510406494141 -1.0085291862487793 0.57580965757369995 -0.82588702440261841 -1.2448292970657349 0.47807416319847107 -1.0399494171142578 -1.2813937664031982 0.40672197937965393 -0.9063764214515686 -1.2408435344696045 0.13660459220409393 -1.1529653072357178 -1.2133612632751465 0.036293148994445801 -1.0977200269699097 -1.1358641386032104 -0.0021642027422785759 -0.95748275518417358 -1.1550493240356445 -0.21835219860076904
395.58949999511242 -0.79952740669250488 -1.0524624586105347 0.23037107288837433 -0.95627874135971069 -1.208228588104248 0.17779049277305603 -1.1680947542190552 -1.2492215633392334 0.09632430225610733 -0.89930486679077148 -1.2572894096374512 -0.10966037213802338 -1.0976334810256958 -1.2433865070343018 -0.2506183385848999 -0.88083785772323608 -0.97244638204574585 -0.2489129900932312 -0.73203879594802856 -1.0185551643371582 -0.43308544158935547
395.58949999511242 -0.91390818357467651 -1.0974926948547363 0.643951416015625 -0.92123919725418091 -1.2900235652923584 0.73947781324386597 -1.1585690975189209 -1.3522043228149414 0.64028865098953247 -0.92865586280822754 -1.3597836494445801 0.28387820720672607 -1.1717721223831177 -1.3473110198974609 0.10891012847423553 -1.0409581661224365 -1.1432836055755615 -0.0026467777788639069 -0.91076529026031494 -1.1664615869522095 -0.20283056795597076
450.17800000309944 -0.86552238464355469 -1.0021305084228516 0.60482609272003174 -0.87240803241729736 -1.1829636096954346 0.69454848766326904 -1.0953181982040405 -1.2413665056228638 0.60138589143753052 -0.87937402725219727 -1.2484853267669678 0.26663026213645935 -1.1077189445495605 -1.2367705106735229 0.10229291766881943 -0.98485308885574341 -1.0451393127441406 -0.0024860105477273464 -0.86257052421569824 -1.0669090747833252 -0.19050700962543488
450.17800000309944 -0.86077725887298584 -1.0384694337844849 0.13240118324756622 -1.0067093372344971 -1.2211655378341675 0.10535800457000732 -1.231326699256897 -1.2523527145385742 0.036940440535545349 -0.93395161628723145 -1.2767436504364014 -0.068571969866752625 -1.1250919103622437 -1.2645792961120605 -0.17871201038360596 -0.90434050559997559 -0.97651296854019165 -0.14231826364994049 -0.7635650634765625 -0.99560552835464478 -0.31203162670135498
505.7407999932766 -0.89717185497283936 -1.0250688791275024 0.26900538802146912 -0.99881076812744141 -1.2150249481201172 0.25277230143547058 -1.2369896173477173 -1.2538052797317505 0.12287002801895142 -0.94567191600799561 -1.2787576913833618 -0.10512757301330566 -1.1835076808929443 -1.2363556623458862 -0.30146205425262451 -1.0910822153091431 -1.1440138816833496 -0.38314491510391235 -0.89940482378005981 -1.1637337207794189 -0.57308489084243774
505.7407999932766 -0.9373551607131958 -1.0970923900604248 0.27492022514343262 -1.0412248373031616 -1.2912178039550781 0.25833085179328918 -1.2846314907073975 -1.330849289894104 0.12557734549045563 -0.98691976070404053 -1.3563493490219116 -0.10742449760437012 -1.2299758195877075 -1.3130165338516235 -0.30806824564933777 -1.1355216503143311 -1.2186480760574341 -0.3915439248085022 -0.93963712453842163 -1.2388007640838623 -0.58565288782119751
557.69640000164509 -0.86052322387695313 -1.1198774576187134 0.097552329301834106 -0.97910791635513306 -1.2485326528549194 0.022700905799865723 -1.2100092172622681 -1.2792946100234985 -0.020123172551393509 -0.93089103698730469 -1.2978129386901855 -0.11238992214202881 -1.1378111839294434 -1.2767062187194824 -0.20352903008460999 -0.93466681241989136 -1.0454370975494385 -0.10070612281560898 -0.79670202732086182 -1.0927817821502686 -0.23329193890094757
557.69640000164509 -0.82845181226730347 -0.99619942903518677 -0.13180896639823914 -0.95652353763580322 -1.1759693622589111 -0.054892003536224365 -1.1515440940856934 -1.199884295463562 -0.12583737075328827 -0.91422557830810547 -1.2631372213363647 -0.22688956558704376 -1.1005479097366333 -1.2364673614501953 -0.34519997239112854 -0.68697518110275269 -0.85494667291641235 -0.24460214376449585 -0.59118413925170898 -0.89970672130584717 -0.377205491065979
614.04670000076294 -0.84046679735183716 -0.98155921697616577 -0.13400986790657043 -0.97066795825958252 -1.1643182039260864 -0.055814024060964584 -1.1689310073852539 -1.1886307001113892 -0.12793898582458496 -0.92766666412353516 -1.2529352903366089 -0.23067137598991394 -1.1170870065689087 -1.2258219718933105 -0.35094889998435974 -0.69663780927658081 -0.83795785903930664 -0.24867844581604004 -0.5992540717124939 -0.88346213102340698 -0.38348656892776489
614.04670000076294 -0.86727958917617798 -1.0128731727600098 -0.1382850855588913 -1.0016344785690308 -1.2014625072479248 -0.057594619691371918 -1.2062225341796875 -1.2265506982803345 -0.13202051818370819 -0.95726132392883301 -1.2929067611694336 -0.23803031444549561 -1.1527245044708252 -1.2649284601211548 -0.36214494705200195 -0.71886211633682251 -0.86469060182571411 -0.25661185383796692 -0.61837160587310791 -0.91164660453796387 -0.39572066068649292
665.30009999871254 -0.80358362197875977 -0.85921251773834229 -0.95390838384628296 -1.0862232446670532 -1.1751774549484253 -1.142112135887146 -1.3061896562576294 -1.2031322717666626 -1.0694639682769775 -0.9027717113494873 -1.2939995527267456 -0.68785876035690308 -1.0629063844680786 -1.2896294593811035 -0.57400763034820557 -0.65478837490081787 -0.78291171789169312 -0.046356465667486191 -0.54958069324493408 -0.83885586261749268 0.062222961336374283
665.30009999871254 -0.79231703281402588 -0.79380720853805542 -0.92091357707977295 -1.0651851892471313 -1.0988485813140869 -1.1026108264923096 -1.2775470018386841 -1.1258370876312256 -1.032474160194397 -0.88807600736618042 -1.2135628461837769 -0.66406190395355225 -1.0426745414733887 -1.2093436717987061 -0.55414676666259766 -0.64866596460342407 -0.72014433145523071 -0.044737577438354492 -0.54709547758102417 -0.77415436506271362 0.06008804589509964
740.81630000472069 -1.032339334487915 -0.95243167877197266 -1.1435322761535645 -1.1996427774429321 -1.1393688917160034 -1.1583032608032227 -1.4183187484741211 -1.1594367027282715 -1.0426033735275269 -1.0118988752365112 -1.2149966955184937 -0.73433095216751099 -1.1645804643630981 -1.1705476045608521 -0.6057848334312439 -0.6790536642074585 -0.66898292303085327 -0.05778227373957634 -0.57654112577438354 -0.75086408853530884 0.063543505966663361
740.81630000472069 -0.9098084568977356 -0.88562852144241333 -0.90028542280197144 -1.0670808553695679 -1.0763962268829346 -1.1175580024719238 -1.3219045400619507 -1.0832935571670532 -1.1383398771286011 -1.0123275518417358 -1.1678889989852905 -0.81195229291915894 -1.2540687322616577 -1.1408413648605347 -0.84628516435623169 -0.95582073926925659 -0.86015534400939941 -0.42064106464385986 -0.79393309354782104 -0.8755723237991333 -0.24865145981311798
802.22849999368191 -0.88041764497756958 -1.0869526863098145 -1.2129315137863159 -1.1464056968688965 -1.2616753578186035 -1.4097753763198853 -1.4009504318237305 -1.303016185760498 -1.4029778242111206 -1.0569666624069214 -1.3779655694961548 -0.97497099637985229 -1.2876734733581543 -1.3803812265396118 -0.94767862558364868 -0.87135958671569824 -0.98525285720825195 -0.42578777670860291 -0.70808607339859009 -0.993397057056427 -0.26034936308860779
802.22849999368191 -0.6629604697227478 -0.93081367015838623 -1.0956956148147583 -0.90324074029922485 -1.0886492729187012 -1.2735143899917603 -1.133183479309082 -1.1259944438934326 -1.2673739194869995 -0.82244586944580078 -1.193699836730957 -0.88073420524597168 -1.0308548212051392 -1.1958819627761841 -0.85607963800430298 -0.65477794408798218 -0.83894312381744385 -0.38462993502616882 -0.50728487968444824 -0.84630012512207031 -0.23518124222755432
861.02989998459816 -0.84534275531768799 -0.90091574192047119 -0.45662117004394531 -0.95326554775238037 -1.1669464111328125 -0.48072755336761475 -1.1722142696380615 -1.1792663335800171 -0.50392335653305054 -0.95075172185897827 -1.1832503080368042 -0.47659903764724731 -1.1673582792282104 -1.1392366886138916 -0.52822095155715942 -0.99531203508377075 -0.9729694128036499 -0.39297035336494446 -0.82451033592224121 -1.0131473541259766 -0.47401180863380432
861.02989998459816 -0.87191438674926758 -0.88163530826568604 0.15198074281215668 -0.81232345104217529 -1.1777101755142212 0.11188414692878723 -0.97585016489028931 -1.1848893165588379 0.16613687574863434 -0.86264657974243164 -1.0935804843902588 0.12479350715875626 -1.0087050199508667 -0.99316835403442383 0.17709201574325562 -0.96308332681655884 -0.9952501654624939 0.20014837384223938 -0.83058273792266846 -1.0710119009017944 0.063986398279666901
915.16939999163151 -0.7521892786026001 -0.85517638921737671 -0.3532237708568573 -0.88455963134765625 -1.287003755569458 -0.74249911308288574 -1.0413581132888794 -1.2785546779632568 -0.62307387590408325 -0.7669227123260498 -1.074743390083313 -0.22703114151954651 -0.85844868421554565 -0.91016644239425659 -0.17494164407253265 -0.69710457324981689 -0.88202589750289917 0.021606775000691414 -0.51007217168807983 -0.95410501956939697 0.21884909272193909
915.16939999163151 -0.74776816368103027 -0.90015542507171631 -0.36148944497108459 -0.88324522972106934 -1.3421176671981812 -0.75990098714828491 -1.0437237024307251 -1.3334702253341675 -0.63767290115356445 -0.7628474235534668 -1.1248757839202881 -0.23233512043952942 -0.85652154684066772 -0.95643609762191772 -0.17902310192584991 -0.69139069318771362 -0.92763513326644897 0.022138265892863274 -0.49996870756149292 -1.0014059543609619 0.22400979697704315
968.13580000400543 -0.76901471614837646 -0.89507430791854858 0.4511488676071167 -0.76684129238128662 -1.2280585765838623 0.46874481439590454 -0.87715256214141846 -1.2297219038009644 0.5023532509803772 -0.76871967315673828 -1.2258378267288208 0.30738124251365662 -0.87252300977706909 -1.1601576805114746 0.29991888999938965 -0.84159201383590698 -1.1719799041748047 0.24114984273910522 -0.77496486902236938 -1.2962502241134644 0.019655074924230576
968.13580000400543 -0.67986255884170532 -0.87882620096206665 -0.19624717533588409 -0.75819700956344604 -1.2964454889297485 -0.46766600012779236 -0.89250236749649048 -1.2947844266891479 -0.33620008826255798 -0.63085359334945679 -1.3159494400024414 -0.094432704150676727 -0.76960211992263794 -1.2850037813186646 0.016236636787652969 -0.5951608419418335 -1.2231063842773438 0.24691449105739594 -0.44024580717086792 -1.1763292551040649 0.43657812476158142
1039.0033999979496 -0.79398518800735474 -0.98731189966201782 -0.06653207540512085 -0.79838156700134277 -1.2842457294464111 -0.12707974016666412 -0.9926915168762207 -1.262676477432251 -0.15218156576156616 -0.73137092590332031 -1.36257004737854 -0.24062071740627289 -0.96201092004776001 -1.2970865964889526 -0.32170188426971436 -0.85176801681518555 -1.2710416316986084 -0.43257012963294983 -0.68143308162689209 -1.2703759670257568 -0.55874514579772949
1039.0033999979496 -0.7520713210105896 -1.0729454755783081 0.24977079033851624 -0.78819912672042847 -1.3674883842468262 0.086786895990371704 -0.9698447585105896 -1.348241925239563 0.20539669692516327 -0.73249131441116333 -1.3784583806991577 0.25543674826622009 -0.92094600200653076 -1.3094797134399414 0.32051423192024231 -0.79690170288085938 -1.2286887168884277 0.41396564245223999 -0.60788863897323608 -1.2638444900512695 0.41102421283721924
1108.5365999937057 -0.64199167490005493 -0.93231338262557983 0.14588186144828796 -0.61101031303405762 -1.2036877870559692 0.039847061038017273 -0.73773688077926636 -1.1243019104003906 0.19771470129489899 -0.51602530479431152 -1.1836181879043579 0.3093084990978241 -0.65765380859375 -1.0814083814620972 0.38921651244163513 -0.53093802928924561 -1.0060313940048218 0.57570689916610718 -0.39101988077163696 -1.0010958909988403 0.76065456867218018
1108.5365999937057 -0.68513756990432739 -0.93437594175338745 0.6345335841178894 -0.61573898792266846 -1.1824718713760376 0.62492227554321289 -0.76056921482086182 -1.1572114229202271 0.63588321208953857 -0.6437995433807373 -1.1881855726242065 0.38169956207275391 -0.78345298767089844 -1.113362193107605 0.33431118726730347 -0.75314551591873169 -1.0567624568939209 0.21761053800582886 -0.65445542335510254 -1.0806032419204712 0.023183604702353477
1175.2883999943733 -0.58012443780899048 -0.89581459760665894 0.63390743732452393 -0.55055397748947144 -1.1823271512985229 0.67315250635147095 -0.67223274707794189 -1.1088727712631226 0.7322162389755249 -0.51500916481018066 -1.214677095413208 0.51712286472320557 -0.64056432247161865 -1.09303879737854 0.51685404777526855 -0.54409819841384888 -1.0776900053024292 0.43517652153968811 -0.42249363660812378 -1.1297985315322876 0.32244408130645752
1175.2883999943733 -0.65614032745361328 -0.9630277156829834 0.49283018708229065 -0.66072237491607666 -1.1536045074462891 0.46033662557601929 -0.79625916481018066 -1.1234827041625977 0.45242580771446228 -0.68340480327606201 -1.1526315212249756 0.23996220529079437 -0.81170624494552612 -1.0657798051834106 0.17339320480823517 -0.77226579189300537 -1.0336357355117798 0.099205322563648224 -0.6441769003868103 -1.0897191762924194 -0.084530487656593323
1230.8916999846697 -0.60545253753662109 -0.91544574499130249 -0.16191041469573975 -0.76628762483596802 -1.2010118961334229 -0.42652207612991333 -0.91856449842453003 -1.1901344060897827 -0.38528233766555786 -0.67562586069107056 -1.1054913997650146 -0.20355835556983948 -0.78064155578613281 -1.0035169124603271 -0.18390558660030365 -0.64539271593093872 -0.9422379732131958 -0.031089842319488525 -0.49963673949241638 -0.99947494268417358 -0.041681144386529922
1337.1369999945164 -0.71164435148239136 -1.1014270782470703 0.38664194941520691 -0.72975808382034302 -1.3644173145294189 0.28174871206283569 -0.89733749628067017 -1.4057246446609497 0.20447738468647003 -0.82456982135772705 -1.3026748895645142 0.0077365715987980366 -0.99903702735900879 -1.2606377601623535 -0.11587116122245789 -0.94160455465316772 -1.1184437274932861 -0.15494272112846375 -0.8165820837020874 -1.1691052913665771 -0.37226313352584839
1337.1369999945164 -0.66483545303344727 -1.0039857625961304 0.36776137351989746 -0.77768254280090332 -1.0660303831100464 0.24121753871440887 -0.92334955930709839 -1.0341023206710815 0.19008783996105194 -0.75031298398971558 -1.046898365020752 0.10966639220714569 -0.87247246503829956 -0.98535627126693726 0.020948091521859169 -0.72735106945037842 -0.87538141012191772 0.0020735643338412046 -0.58124619722366333 -0.89756584167480469 -0.15477260947227478
1391.0384999811649 -0.7331463098526001 -1.0952634811401367 0.80041086673736572 -0.73764896392822266 -1.2375973463058472 0.71675902605056763 -0.89211392402648926 -1.2549170255661011 0.67549753189086914 -0.78974634408950806 -1.2096840143203735 0.40614578127861023 -0.95933610200881958 -1.1727683544158936 0.33305120468139648 -0.86877167224884033 -1.0764034986495972 0.23071084916591644 -0.71692025661468506 -1.1204293966293335 -0.031424067914485931
1526.7382999956608 -0.61645537614822388 -1.1680488586425781 0.48935976624488831 -0.47712442278862 -1.3856552839279175 0.503509521484375 -0.64083755016326904 -1.4170955419540405 0.45905685424804688 -0.54222255945205688 -1.3729391098022461 0.19015516340732574 -0.70433062314987183 -1.3429231643676758 0.10102862119674683 -0.73678088188171387 -1.2191948890686035 -0.0059397774748504162 -0.64999198913574219 -1.2621649503707886 -0.25637859106063843
1609.9462999999523 -0.61227291822433472 -0.84102702140808105 0.39868316054344177 -0.63897651433944702 -0.9454687237739563 0.28543761372566223 -0.78418153524398804 -0.93250524997711182 0.23251448571681976 -0.66214627027511597 -0.92585396766662598 0.17567287385463715 -0.80455464124679565 -0.88723278045654297 0.11286302655935287 -0.67893928289413452 -0.77222293615341187 0.082408279180526733 -0.56692606210708618 -0.77000695466995239 -0.089020058512687683
1609.9462999999523 -0.75908058881759644 -1.1174505949020386 0.79214942455291748 -0.75931990146636963 -1.1954934597015381 0.71051055192947388 -0.94462037086486816 -1.2174050807952881 0.66059374809265137 -0.82757371664047241 -1.1500587463378906 0.39093092083930969 -0.99408054351806641 -1.1371628046035767 0.31017619371414185 -0.79854798316955566 -0.95747900009155273 0.17192567884922028 -0.68387091159820557 -1.0132086277008057 -0.13475407660007477
1670.8610999882221 -0.72619706392288208 -1.0884798765182495 1.0438083410263062 -0.69353139400482178 -1.2112411260604858 1.0345890522003174 -0.89019167423248291 -1.2312015295028687 0.96671521663665771 -0.7894635796546936 -1.1350436210632324 0.64299929141998291 -0.97264701128005981 -1.1142210960388184 0.56385195255279541 -0.81836396455764771 -0.95404183864593506 0.37411081790924072 -0.74671894311904907 -1.1023052930831909 -0.016188452020287514
1670.8610999882221 -0.80867385864257813 -1.1125675439834595 0.68763154745101929 -0.79992496967315674 -1.1286786794662476 0.55415135622024536 -1.0083969831466675 -1.1515359878540039 0.39774581789970398 -0.82551795244216919 -1.1124566793441772 0.25511866807937622 -1.0331906080245972 -1.0790387392044067 0.089235208928585052 -0.85607326030731201 -0.96606498956680298 0.013126278296113014 -0.69351935386657715 -1.005273699760437 -0.1735994964838028
1745.8466999977827 -0.86880052089691162 -1.2162051200866699 0.94549614191055298 -0.81366533041000366 -1.3109743595123291 1.0125324726104736 -1.0300757884979248 -1.3532528877258301 0.94586282968521118 -0.88564682006835938 -1.257213830947876 0.64024144411087036 -1.1229559183120728 -1.2458773851394653 0.542449951171875 -0.96442705392837524 -1.1376432180404663 0.38770556449890137 -0.87582731246948242 -1.2551946640014648 0.030458169057965279
1745.8466999977827 -0.81912779808044434 -1.1201074123382568 0.48230230808258057 -0.85806405544281006 -1.1415318250656128 0.38275778293609619 -1.0758875608444214 -1.1672955751419067 0.24521498382091522 -0.85343503952026367 -1.1578080654144287 0.068648912012577057 -1.0642132759094238 -1.1309751272201538 -0.11831473559141159 -0.83667510747909546 -1.0050594806671143 -0.18070031702518463 -0.67016911506652832 -1.0704048871994019 -0.35310852527618408
1805.7343999892473 -0.77051085233688354 -1.0999261140823364 0.60336548089981079 -0.84191340208053589 -1.0979876518249512 0.57493829727172852 -1.0655781030654907 -1.1013000011444092 0.45607441663742065 -0.8299558162689209 -1.0974730253219604 0.32304587960243225 -1.0212702751159668 -1.0623215436935425 0.18215334415435791 -0.74355959892272949 -0.91719883680343628 0.11171222478151321 -0.61741864681243896 -1.0261125564575195 -0.069701872766017914
1805.7343999892473 -0.83453851938247681 -1.0764865875244141 0.60506719350814819 -0.9061429500579834 -1.074542760848999 0.57655960321426392 -1.1304398775100708 -1.077864408493042 0.45735976099967957 -0.89415162801742554 -1.0740267038345337 0.32395517826080322 -1.086006760597229 -1.0387758016586304 0.18266437947750092 -0.8075110912322998 -0.89324283599853516 0.11202414333820343 -0.68101358413696289 -1.0024645328521729 -0.069902770221233368
1869.0679000020027 -0.83732843399047852 -1.0924232006072998 0.85386389493942261 -0.82402312755584717 -1.1385992765426636 0.87734538316726685 -1.04918372631073 -1.1780236959457397 0.74499213695526123 -0.88063544034957886 -1.1424280405044556 0.52316439151763916 -1.1372056007385254 -1.1256539821624756 0.34605178236961365 -1.0023512840270996 -1.0838040113449097 0.24849104881286621 -0.81308180093765259 -1.1512060165405273 0.019866544753313065
1869.0679000020027 -0.85017752647399902 -1.0805199146270752 0.33690705895423889 -0.94353944063186646 -1.0917767286300659 0.21206757426261902 -1.1803156137466431 -1.090856671333313 -0.036639314144849777 -0.90518397092819214 -1.1970103979110718 -0.073769502341747284 -1.1773650646209717 -1.1185131072998047 -0.36363986134529114 -0.98016870021820068 -1.1172099113464355 -0.35847041010856628 -0.73040086030960083 -1.1661202907562256 -0.46178156137466431
1925.4127999991179 -0.90152287483215332 -1.0621563196182251 0.34027177095413208 -0.9958111047744751 -1.0735248327255249 0.21419362723827362 -1.2349365949630737 -1.0725955963134766 -0.036980986595153809 -0.95707511901855469 -1.1798025369644165 -0.074479587376117706 -1.2319568395614624 -1.1005264520645142 -0.36722612380981445 -1.0328037738800049 -1.099210262298584 -0.36200538277626038 -0.78055775165557861 -1.1486059427261353 -0.46634158492088318
1925.4127999991179 -0.85806703567504883 -1.0735230445861816 0.80303120613098145 -0.95308786630630493 -1.1242086887359619 0.80635905265808105 -1.1952534914016724 -1.1313846111297607 0.67889291048049927 -0.95471781492233276 -1.1411697864532471 0.52272301912307739 -1.2205398082733154 -1.1021527051925659 0.34958282113075256 -1.0332775115966797 -1.0412884950637817 0.23127761483192444 -0.85586559772491455 -1.120064377784729 0.013944516889750957
1978.4407999962568 -0.87395501136779785 -1.0153423547744751 0.53511768579483032 -0.91122251749038696 -1.0990264415740967 0.43331363797187805 -1.1636402606964111 -1.1088311672210693 0.29091694951057434 -0.92073440551757813 -1.0582262277603149 0.20208658277988434 -1.1891497373580933 -1.028190016746521 0.033774692565202713 -1.0166671276092529 -0.97065699100494385 -0.074485361576080322 -0.82052987813949585 -1.0383212566375732 -0.31364342570304871
1978.4407999962568 -0.86168074607849121 -0.98702645301818848 0.54168868064880371 -0.89940536022186279 -1.0717369318008423 0.43863594532012939 -1.1549190282821655 -1.0816619396209717 0.2944926917552948 -0.90903395414352417 -1.0304362773895264 0.20457275211811066 -1.1807414293289185 -1.0000317096710205 0.034196417778730392 -1.00614333152771 -0.94179302453994751 -0.075391516089439392 -0.80760037899017334 -1.0102871656417847 -0.31748300790786743
