46.988000005483627 -0.11077427864074707 -1.3541243076324463 0.347932368516922 0.2970365583896637 -1.9645121097564697 0.062845610082149506 0.29883018136024475 -2.1812572479248047 0.051762644201517105 -0.29973474144935608 -2.0855631828308105 -0.083501577377319336 -0.41477283835411072 -2.3255572319030762 -0.094227634370326996 -0.50122004747390747 -1.1815991401672363 0.10573440790176392 -0.65349376201629639 -0.91339623928070068 0.054541382938623428
46.988000005483627 -0.059500753879547119 -1.3728677034378052 0.35894471406936646 0.36999163031578064 -2.010002613067627 0.087965913116931915 0.37534633278846741 -2.230851411819458 0.084455907344818115 -0.24909237027168274 -2.1506936550140381 -0.072847381234169006 -0.37325519323348999 -2.3944756984710693 -0.08018648624420166 -0.44846835732460022 -1.2248737812042236 0.10752607882022858 -0.60767072439193726 -0.96410602331161499 0.03768506646156311
109.45580001175404 -0.038592435419559479 -1.3784935474395752 0.3562379777431488 0.38766080141067505 -2.0108234882354736 0.087302856147289276 0.39297512173652649 -2.2300064563751221 0.08381931483745575 -0.22675417363643646 -2.1504530906677246 -0.072297617793083191 -0.34998059272766113 -2.3923969268798828 -0.079581372439861298 -0.42462649941444397 -1.2316157817840576 0.10671549290418625 -0.58262819051742554 -0.97281473875045776 0.037401217967271805
109.45580001175404 -0.04340793564915657 -1.3502037525177002 0.34856796264648438 0.38014018535614014 -1.9797211885452271 0.062413435429334641 0.38427460193634033 -2.1947581768035889 0.054382387548685074 -0.2279970645904541 -2.1156847476959229 -0.090718604624271393 -0.3498997688293457 -2.3506782054901123 -0.099104017019271851 -0.43945470452308655 -1.2261220216751099 0.094244115054607391 -0.58916300535202026 -0.9677005410194397 0.031917836517095566
165.34529998898506 -0.016007214784622192 -1.2795542478561401 0.41694030165672302 0.37075585126876831 -1.9511393308639526 0.12727047502994537 0.38180062174797058 -2.162813663482666 0.12285632640123367 -0.2379683256149292 -2.0969488620758057 -0.027396026998758316 -0.35316917300224304 -2.3353970050811768 -0.032365992665290833 -0.44979670643806458 -1.2025562524795532 0.15022267401218414 -0.59785306453704834 -0.9411960244178772 0.078575938940048218
165.34529998898506 -0.033607602119445801 -1.3283053636550903 0.39012470841407776 0.38301357626914978 -1.9754642248153687 0.10823595523834229 0.39527618885040283 -2.1973981857299805 0.1006225049495697 -0.24133850634098053 -2.1169126033782959 -0.052125655114650726 -0.35987147688865662 -2.3654704093933105 -0.060974333435297012 -0.45422649383544922 -1.2162346839904785 0.12510716915130615 -0.60995662212371826 -0.94996023178100586 0.053857605904340744
222.10530000925064 -0.03924870491027832 -1.3256348371505737 0.38825562596321106 0.37537646293640137 -1.9696931838989258 0.10771737992763519 0.38758030533790588 -2.1905636787414551 0.10014040768146515 -0.24598436057567596 -2.1104638576507568 -0.051875937730073929 -0.3639494776725769 -2.3578307628631592 -0.060682222247123718 -0.45785239338874817 -1.2141010761260986 0.12450777739286423 -0.61283642053604126 -0.94910234212875366 0.053599562495946884
222.10530000925064 -0.025810493156313896 -1.3402096033096313 0.41335183382034302 0.33654984831809998 -1.9887897968292236 0.13112296164035797 0.34849882125854492 -2.2037179470062256 0.12772065401077271 -0.28374695777893066 -2.1236250400543213 -0.027041809633374214 -0.40134641528129578 -2.3634717464447021 -0.030759803950786591 -0.49072596430778503 -1.23915696144104 0.16161373257637024 -0.63939058780670166 -0.97788769006729126 0.085129536688327789
282.05790001153946 0.010438146069645882 -1.3145034313201904 0.44962495565414429 0.33962902426719666 -1.948788046836853 0.15976148843765259 0.34914958477020264 -2.156796932220459 0.15950867533683777 -0.27178198099136353 -2.0695099830627441 0.00034858501749113202 -0.38971215486526489 -2.3003125190734863 -0.001251368666999042 -0.49905720353126526 -1.224947452545166 0.16335947811603546 -0.64579039812088013 -0.96789675951004028 0.08169199526309967
282.05790001153946 0.0033910765778273344 -1.3111803531646729 0.44942420721054077 0.33243536949157715 -1.9451824426651001 0.15968984365463257 0.34195169806480408 -2.1530988216400146 0.15943713486194611 -0.27870336174964905 -2.0658509731292725 0.00034791199141182005 -0.39658105373382568 -2.2965507507324219 -0.0012513292022049427 -0.50587737560272217 -1.2216644287109375 0.16328622400760651 -0.6525452733039856 -0.96472805738449097 0.081655092537403107
341.96070000529289 -0.049232400953769684 -1.2853796482086182 0.4227445125579834 0.34390580654144287 -1.9318001270294189 0.13196103274822235 0.3570435643196106 -2.1454689502716064 0.12448195368051529 -0.27101323008537292 -2.0599644184112549 -0.027000375092029572 -0.3939879834651947 -2.2981705665588379 -0.032701671123504639 -0.49233323335647583 -1.2270585298538208 0.15419836342334747 -0.6308295726776123 -0.96169000864028931 0.081541255116462708
341.96070000529289 -0.028181895613670349 -1.2973787784576416 0.46196699142456055 0.35006910562515259 -1.96199631690979 0.17011065781116486 0.3653964102268219 -2.1724550724029541 0.16815502941608429 -0.27986323833465576 -2.0905168056488037 0.018746059387922287 -0.39876666665077209 -2.3282506465911865 0.019315142184495926 -0.4997749924659729 -1.2450207471847534 0.18551614880561829 -0.63414245843887329 -0.98125660419464111 0.1007106602191925
405.83800001442432 -0.039608754217624664 -1.2995740175247192 0.42052575945854187 0.32954505085945129 -1.9229393005371094 0.1008429154753685 0.3377118706703186 -2.1309590339660645 0.092966578900814056 -0.29788768291473389 -2.0240848064422607 -0.035678166896104813 -0.41747355461120605 -2.2580697536468506 -0.045076426118612289 -0.46204292774200439 -1.1898170709609985 0.15638667345046997 -0.5967409610748291 -0.92824983596801758 0.087550118565559387
405.83800001442432 -0.045169204473495483 -1.2872734069824219 0.42351806163787842 0.32661202549934387 -1.9150755405426025 0.10155988484621048 0.33483695983886719 -2.1245758533477783 0.093627482652664185 -0.30528640747070313 -2.0169408321380615 -0.035932876169681549 -0.42572343349456787 -2.2525911331176758 -0.045398030430078506 -0.47060999274253845 -1.1767352819442749 0.15749897062778473 -0.60626673698425293 -0.91330647468566895 0.088172473013401031
463.01579999923706 -0.0097993779927492142 -1.2870595455169678 0.47406414151191711 0.30914470553398132 -1.9568198919296265 0.14490164816379547 0.31784340739250183 -2.169217586517334 0.14105980098247528 -0.31618043780326843 -2.0672526359558105 -0.0048768222332000732 -0.43398848176002502 -2.3096163272857666 -0.0097017083317041397 -0.5233386754989624 -1.2012262344360352 0.17905059456825256 -0.66525596380233765 -0.9429517388343811 0.098667055368423462
463.01579999923706 -0.057329587638378143 -1.2841789722442627 0.47238960862159729 0.32958856225013733 -1.964678168296814 0.15494303405284882 0.34516733884811401 -2.1705214977264404 0.15251052379608154 -0.30683633685112 -2.0807397365570068 0.012758745811879635 -0.42430946230888367 -2.3181173801422119 0.011163478717207909 -0.47782421112060547 -1.2297637462615967 0.22293926775455475 -0.60974490642547607 -0.95892989635467529 0.1502668708562851
520.52019999921322 -0.058063779026269913 -1.2199978828430176 0.45465302467346191 0.3143276572227478 -1.8749479055404663 0.149124875664711 0.32932153344154358 -2.0730631351470947 0.14678367972373962 -0.29820287227630615 -1.9866522550582886 0.0122788455337286 -0.41126555204391479 -2.2151174545288086 0.010743472725152969 -0.46277108788490295 -1.1676255464553833 0.21456821262836456 -0.58973884582519531 -0.90696018934249878 0.144624263048172
520.52019999921322 -0.063781403005123138 -1.2381383180618286 0.45481806993484497 0.32795709371566772 -1.8946493864059448 0.14883962273597717 0.34388267993927002 -2.0985031127929688 0.14591987431049347 -0.30516594648361206 -2.0170998573303223 0.004781343974173069 -0.41837403178215027 -2.2481460571289063 0.0020867555867880583 -0.48707258701324463 -1.172877311706543 0.19520404934883118 -0.62229931354522705 -0.91229110956192017 0.11702746152877808
576.2405000180006 -0.076997026801109314 -1.243560791015625 0.49489182233810425 0.34435319900512695 -1.9345471858978271 0.20431120693683624 0.36349540948867798 -2.1446976661682129 0.20147590339183807 -0.29275736212730408 -2.0751731395721436 0.054854936897754669 -0.4104352593421936 -2.3223719596862793 0.050677977502346039 -0.49639216065406799 -1.2176555395126343 0.22551329433917999 -0.6373942494392395 -0.94504690170288086 0.14945544302463531
576.2405000180006 -0.042299889028072357 -1.2208597660064697 0.45362979173660278 0.31173908710479736 -1.8800622224807739 0.15857534110546112 0.32839497923851013 -2.0932602882385254 0.15261147916316986 -0.2978273332118988 -2.0038905143737793 -0.00049649982247501612 -0.41705420613288879 -2.2429130077362061 -0.010784025304019451 -0.52041786909103394 -1.1657211780548096 0.16219158470630646 -0.65228909254074097 -0.91530531644821167 0.087164588272571564
654.6654000133276 -0.069822348654270172 -1.2744841575622559 0.32258152961730957 0.38892948627471924 -1.9657868146896362 -0.037806510925292969 0.42412722110748291 -2.2151799201965332 -0.066580794751644135 -0.22745025157928467 -2.1054589748382568 -0.19543488323688507 -0.34013396501541138 -2.3906762599945068 -0.22711546719074249 -0.55419105291366577 -1.2170706987380981 0.013963204808533192 -0.70089304447174072 -0.99228841066360474 -0.049200825393199921
654.6654000133276 -0.10301044583320618 -1.3495402336120605 0.39840218424797058 0.38221022486686707 -2.095038890838623 0.10502220690250397 0.42709174752235413 -2.3301496505737305 0.095633804798126221 -0.26876968145370483 -2.2707414627075195 -0.062175147235393524 -0.37682682275772095 -2.5586674213409424 -0.080671690404415131 -0.52043443918228149 -1.3083382844924927 0.11498813331127167 -0.67810851335525513 -1.0756999254226685 0.03729875385761261
715.8604000210762 -0.071831688284873962 -1.1650611162185669 0.3539394736289978 0.35924071073532104 -1.8273658752441406 0.093299299478530884 0.39911365509033203 -2.0362391471862793 0.084958590567111969 -0.21909299492835999 -1.9834607839584351 -0.055239640176296234 -0.31509146094322205 -2.2392556667327881 -0.071672059595584869 -0.44267314672470093 -1.1284570693969727 0.10215307772159576 -0.5827515721321106 -0.92178010940551758 0.033133454620838165
715.8604000210762 -0.076844468712806702 -1.2055473327636719 0.34432148933410645 0.34106904268264771 -1.9125909805297852 0.050452817231416702 0.37162101268768311 -2.1275548934936523 0.03936782106757164 -0.2356412261724472 -2.0518045425415039 -0.095758169889450073 -0.33529406785964966 -2.3155429363250732 -0.11344119906425476 -0.46252056956291199 -1.1564924716949463 0.081731371581554413 -0.60355329513549805 -0.95569044351577759 0.011367877945303917
776.21870000660419 -0.10536638647317886 -1.2696547508239746 0.35462039709091187 0.30799564719200134 -1.9250332117080688 0.062422521412372589 0.32444465160369873 -2.1370270252227783 0.053899142891168594 -0.27062493562698364 -2.0537335872650146 -0.07149709016084671 -0.3695034384727478 -2.3088040351867676 -0.087770625948905945 -0.50202292203903198 -1.168081521987915 0.068993449211120605 -0.64339762926101685 -0.97682410478591919 -0.007359921932220459
776.21870000660419 -0.074526667594909668 -1.2450010776519775 0.35036501288414001 0.33387383818626404 -1.8925129175186157 0.061674367636442184 0.35012540221214294 -2.1019623279571533 0.053253296762704849 -0.23780162632465363 -2.0196688175201416 -0.070637807250022888 -0.33549326658248901 -2.2716777324676514 -0.086716011166572571 -0.46642217040061951 -1.1446470022201538 0.068166427314281464 -0.60609996318817139 -0.95568525791168213 -0.0072704753838479519
837.89570000767708 -0.065809652209281921 -1.2479803562164307 0.37128898501396179 0.32183215022087097 -1.9419608116149902 0.072907574474811554 0.34267833828926086 -2.1600098609924316 0.064996734261512756 -0.27242103219032288 -2.0660583972930908 -0.069929294288158417 -0.36961767077445984 -2.3250730037689209 -0.088758885860443115 -0.48707932233810425 -1.1560189723968506 0.073065988719463348 -0.61563336849212646 -0.95271515846252441 -0.0080635296180844307
837.89570000767708 -0.094072543084621429 -1.2860729694366455 0.41555607318878174 0.2898193895816803 -1.9313476085662842 0.14636307954788208 0.31327590346336365 -2.1330442428588867 0.15228049457073212 -0.30678316950798035 -2.0603821277618408 0.012649784795939922 -0.40073958039283752 -2.3047885894775391 0.015451546758413315 -0.50627756118774414 -1.1820418834686279 0.1539459228515625 -0.63622581958770752 -0.95720851421356201 0.073813937604427338
897.7943000048399 -0.12432876974344254 -1.2674366235733032 0.40926310420036316 0.22765661776065826 -1.8501161336898804 0.19168856739997864 0.25037559866905212 -2.0211284160614014 0.20946535468101501 -0.3433631956577301 -1.9503804445266724 0.062645681202411652 -0.4328370988368988 -2.164623498916626 0.07582256942987442 -0.45803689956665039 -1.1216902732849121 0.21661759912967682 -0.56396955251693726 -0.90397816896438599 0.13728442788124084
897.7943000048399 -0.091478615999221802 -1.226820707321167 0.39789161086082458 0.25072628259658813 -1.7933094501495361 0.18636275827884674 0.27281391620635986 -1.9595701694488525 0.20364557206630707 -0.30442681908607483 -1.8907878398895264 0.060905545949935913 -0.39141452312469482 -2.0990777015686035 0.073716290295124054 -0.41591411828994751 -1.085124135017395 0.21059910953044891 -0.51890325546264648 -0.87346166372299194 0.1334703117609024
982.66720001399517 -0.045404475182294846 -1.2792994976043701 0.39910236001014709 0.21964104473590851 -1.8189969062805176 0.17935900390148163 0.24401263892650604 -1.9872647523880005 0.19392973184585571 -0.3400532603263855 -1.9254560470581055 0.036943633109331131 -0.43777608871459961 -2.1350917816162109 0.043969001621007919 -0.46922272443771362 -1.1029467582702637 0.17833435535430908 -0.58346807956695557 -0.90402734279632568 0.099623553454875946
982.66720001399517 -0.14443111419677734 -1.2135802507400513 0.35090011358261108 0.18374757468700409 -1.7986546754837036 0.046852242201566696 0.19949415326118469 -1.9900565147399902 0.036021757870912552 -0.3453066349029541 -1.9059349298477173 -0.04201454296708107 -0.42906707525253296 -2.1391270160675049 -0.057061560451984406 -0.49238309264183044 -1.0881960391998291 0.095496334135532379 -0.60210800170898438 -0.89805006980895996 0.032106313854455948
1047.4827000051737 -0.063725627958774567 -1.201087474822998 0.40054485201835632 0.21634259819984436 -1.8190371990203857 0.11909964680671692 0.23143760859966278 -2.0144674777984619 0.11901520192623138 -0.3382384181022644 -1.9092682600021362 0.027665970847010612 -0.43055534362792969 -2.1446971893310547 0.021820388734340668 -0.44078624248504639 -1.0559345483779907 0.16356624662876129 -0.55616068840026855 -0.834514319896698 0.09380052238702774
1047.4827000051737 -0.068709395825862885 -1.3610063791275024 0.33691594004631042 0.15306507050991058 -1.8854247331619263 -0.0071155247278511524 0.16892695426940918 -2.0941073894500732 -0.018990220502018929 -0.44189393520355225 -1.9555295705795288 -0.09448125958442688 -0.54274743795394897 -2.203423023223877 -0.11091805249452591 -0.42277452349662781 -1.0808939933776855 0.10330876708030701 -0.54194867610931396 -0.8897668719291687 0.031917445361614227
1108.8598000109196 -0.10709039121866226 -1.2359092235565186 0.3445071280002594 0.21258877217769623 -1.8031408786773682 0.047587651759386063 0.24056090414524078 -1.9962196350097656 0.037950273603200912 -0.40622740983963013 -1.889778733253479 -0.03225281834602356 -0.50463110208511353 -2.1257808208465576 -0.043963402509689331 -0.40854990482330322 -1.055350661277771 0.16489575803279877 -0.51938331127166748 -0.84636968374252319 0.092774868011474609
1108.8598000109196 -0.15881198644638062 -1.2008192539215088 0.34000805020332336 0.21024222671985626 -1.8437224626541138 0.01625259593129158 0.24337795376777649 -2.041478157043457 -0.0019328746711835265 -0.38617193698883057 -1.9269734621047974 -0.049816936254501343 -0.47287523746490479 -2.1668674945831299 -0.065628416836261749 -0.43008288741111755 -1.096193790435791 0.16415323317050934 -0.52996671199798584 -0.88005161285400391 0.097474761307239532
1174.452899992466 -0.093279905617237091 -1.1980670690536499 0.34469282627105713 0.28086173534393311 -1.8498326539993286 0.016474375501275063 0.31445425748825073 -2.0503144264221191 -0.0019617828074842691 -0.32377400994300842 -1.9342315196990967 -0.050505932420492172 -0.41167256236076355 -2.1774322986602783 -0.066535376012325287 -0.36829030513763428 -1.0919992923736572 0.16641384363174438 -0.4695509672164917 -0.87287753820419312 0.098816193640232086
1174.452899992466 -0.10276362299919128 -1.2396148443222046 0.36547905206680298 0.26965361833572388 -1.880806565284729 -0.00038237235276028514 0.29757401347160339 -2.0959298610687256 -0.022951245307922363 -0.35782256722450256 -1.9695991277694702 -0.073796018958091736 -0.44856321811676025 -2.2180008888244629 -0.09461570531129837 -0.3881511390209198 -1.1112827062606812 0.18715666234493256 -0.50826483964920044 -0.88128203153610229 0.1267230361700058
1246.2841000109911 -0.33342400193214417 -1.2318748235702515 0.31349417567253113 0.072753101587295532 -1.933167576789856 -0.025332557037472725 0.08343149721622467 -2.1540913581848145 -0.054000463336706161 -0.48988181352615356 -2.0137937068939209 -0.11282573640346527 -0.59438145160675049 -2.266387939453125 -0.13651584088802338 -0.61684960126876831 -1.1066124439239502 0.094961151480674744 -0.72434592247009277 -0.8481631875038147 0.055834844708442688
1246.2841000109911 -0.17296488583087921 -1.2901856899261475 0.34176069498062134 0.19533297419548035 -1.9661911725997925 -0.047716394066810608 0.21204105019569397 -2.2037196159362793 -0.085613936185836792 -0.37526196241378784 -1.9904344081878662 -0.14639884233474731 -0.47348713874816895 -2.2484917640686035 -0.1807134747505188 -0.56515496969223022 -1.2807130813598633 0.043570421636104584 -0.57270854711532593 -0.82126295566558838 0.047494281083345413
1306.4918999969959 -0.20739831030368805 -1.3242361545562744 0.30654558539390564 0.21611832082271576 -2.0907695293426514 -0.10811980813741684 0.23744124174118042 -2.3616783618927002 -0.15049132704734802 -0.40583986043930054 -2.1108596324920654 -0.18693622946739197 -0.506702721118927 -2.4070267677307129 -0.22534087300300598 -0.54020226001739502 -1.2671289443969727 0.031880445778369904 -0.55001246929168701 -0.80652272701263428 0.02489665150642395
1306.4918999969959 -0.19200962781906128 -1.3554900884628296 0.31560203433036804 0.2440142035484314 -2.1446607112884521 -0.11130917072296143 0.26596686244010925 -2.4235696792602539 -0.15493200719356537 -0.39631152153015137 -2.1653439998626709 -0.19245317578315735 -0.5001530647277832 -2.4702575206756592 -0.23199199140071869 -0.53464198112487793 -1.2966964244842529 0.032825551927089691 -0.54474180936813354 -0.82248771190643311 0.025635506957769394
1366.1246000081301 -0.21245600283145905 -1.2216606140136719 0.2580757737159729 0.24336822330951691 -2.1193168163299561 -0.20078141987323761 0.272499680519104 -2.4099228382110596 -0.2528032660484314 -0.42978864908218384 -2.1686370372772217 -0.28448468446731567 -0.53688544034957886 -2.4957818984985352 -0.33422240614891052 -0.58493530750274658 -1.2085808515548706 -0.028030131012201309 -0.63970404863357544 -0.81042075157165527 -0.043614186346530914
1366.1246000081301 -0.18743909895420074 -1.3121920824050903 0.26298278570175171 0.17596499621868134 -2.20473313331604 -0.21804161369800568 0.18767435848712921 -2.507082462310791 -0.26750132441520691 -0.47425743937492371 -2.251225471496582 -0.30376362800598145 -0.57227861881256104 -2.5891382694244385 -0.35211297869682312 -0.54313081502914429 -1.1435546875 -0.0092840539291501045 -0.68052756786346436 -0.86941111087799072 -0.05530945211648941
1426.0093000084162 -0.13934321701526642 -1.2617131471633911 0.27523159980773926 0.20534414052963257 -2.1488730907440186 -0.21274580061435699 0.22242577373981476 -2.4501829147338867 -0.26129591464996338 -0.46078574657440186 -2.1869955062866211 -0.29200226068496704 -0.56144767999649048 -2.5278983116149902 -0.33947911858558655 -0.49457693099975586 -1.0721616744995117 0.013637559488415718 -0.63601845502853394 -0.82597517967224121 -0.032586865127086639
1426.0093000084162 -0.1396174430847168 -1.26646888256073 0.27325925230979919 0.20259974896907806 -2.1472709178924561 -0.21122114360332489 0.2195589691400528 -2.4464213848114014 -0.25942334532737732 -0.45875638723373413 -2.1851205825805664 -0.28990960121154785 -0.5586969256401062 -2.5235798358917236 -0.33704623579978943 -0.49230542778968811 -1.0782757997512817 0.01353988703340292 -0.63273334503173828 -0.83385348320007324 -0.032353278249502182
1487.5606999993324 -0.12545043230056763 -1.2631332874298096 0.25722482800483704 0.19382758438587189 -2.1061344146728516 -0.2250981330871582 0.20751535892486572 -2.4041965007781982 -0.26788169145584106 -0.46962627768516541 -2.1395463943481445 -0.30360087752342224 -0.57540023326873779 -2.4866282939910889 -0.34575086832046509 -0.4950767457485199 -1.0734426975250244 0.030950561165809631 -0.6174541711807251 -0.81138700246810913 -0.0049130567349493504
1487.5606999993324 -0.11044080555438995 -1.2606378793716431 0.2345321923494339 0.19449849426746368 -2.0943949222564697 -0.26303848624229431 0.20306098461151123 -2.4036800861358643 -0.30847072601318359 -0.46260058879852295 -2.1138656139373779 -0.344074547290802 -0.57156825065612793 -2.4725573062896729 -0.39047238230705261 -0.47275528311729431 -1.0409506559371948 0.015642130747437477 -0.58462637662887573 -0.76802307367324829 -0.0082726273685693741
1549.9354000091553 -0.11533449590206146 -1.2882612943649292 0.23896345496177673 0.19536587595939636 -2.1377699375152588 -0.26800760626792908 0.20409013330936432 -2.4528987407684326 -0.31429818272590637 -0.47414746880531311 -2.1576087474822998 -0.35057464241981506 -0.58517378568649292 -2.5230770111083984 -0.39784908294677734 -0.48449403047561646 -1.064423680305481 0.015937991440296173 -0.59847861528396606 -0.78633981943130493 -0.0084285764023661613
1549.9354000091553 -0.1126052588224411 -1.2301079034805298 0.17777200043201447 0.23189128935337067 -2.0882799625396729 -0.30997860431671143 0.22314171493053436 -2.412330150604248 -0.35559576749801636 -0.45676997303962708 -2.1074109077453613 -0.3976750373840332 -0.59985977411270142 -2.4833979606628418 -0.43460208177566528 -0.55144220590591431 -1.2263628244400024 -0.010705598630011082 -0.54946905374526978 -0.76050686836242676 0.025074437260627747
1613.7518000006676 -0.11470374464988708 -1.2309539318084717 0.17016518115997314 0.29894986748695374 -2.2047019004821777 -0.31039944291114807 0.28421282768249512 -2.5364489555358887 -0.35152456164360046 -0.42956140637397766 -2.2175848484039307 -0.39472579956054688 -0.5830237865447998 -2.6024742126464844 -0.42380562424659729 -0.57720464468002319 -1.3506530523300171 -0.021060917526483536 -0.5152047872543335 -0.73345297574996948 0.041278108954429626
1613.7518000006676 -0.029653318226337433 -1.1733273267745972 0.14700871706008911 0.39339345693588257 -2.1067173480987549 -0.32288098335266113 0.39456266164779663 -2.448106050491333 -0.36788511276245117 -0.35581889748573303 -2.1062064170837402 -0.42117080092430115 -0.50265461206436157 -2.4864902496337891 -0.4513879120349884 -0.50066149234771729 -1.2229605913162231 -0.040980514138936996 -0.49621063470840454 -0.74163126945495605 -0.023000029847025871
1681.0559000074863 -0.001174243981949985 -1.2492072582244873 0.16265007853507996 0.39589369297027588 -2.1121363639831543 -0.32191523909568787 0.40657207369804382 -2.4637236595153809 -0.37708371877670288 -0.34544345736503601 -2.0980160236358643 -0.43132039904594421 -0.49261441826820374 -2.4853413105010986 -0.46723106503486633 -0.50362789630889893 -1.2175830602645874 -0.043612882494926453 -0.51393330097198486 -0.77079588174819946 -0.038018960505723953
1683.7401000112295 -0.0251753069460392 -1.2580586671829224 0.16373333334922791 0.37453639507293701 -2.1267335414886475 -0.32405832409858704 0.385285884141922 -2.4806613922119141 -0.37959414720535278 -0.37173673510551453 -2.1125187873840332 -0.43419194221496582 -0.51988756656646729 -2.5024230480194092 -0.47034171223640442 -0.53097444772720337 -1.2262239456176758 -0.04390297457575798 -0.54134845733642578 -0.77646183967590332 -0.03827180340886116
1739.7315000146627 -0.018584838137030602 -1.2380658388137817 0.13249064981937408 0.44810667634010315 -2.103541374206543 -0.3325715959072113 0.46421390771865845 -2.4572279453277588 -0.38321098685264587 -0.3110504150390625 -2.0913858413696289 -0.43628495931625366 -0.4535728394985199 -2.4782941341400146 -0.4636414647102356 -0.58429908752441406 -1.3762748241424561 -0.061539135873317719 -0.47248432040214539 -0.74687963724136353 0.0038453564047813416
1739.7315000146627 -0.00061958550941199064 -1.2547963857650757 0.1067323237657547 0.45447099208831787 -2.1358416080474854 -0.32610470056533813 0.4456196129322052 -2.4784021377563477 -0.36713498830795288 -0.2818392813205719 -2.1207997798919678 -0.41743612289428711 -0.42341259121894836 -2.496260404586792 -0.43125736713409424 -0.54530012607574463 -1.389512300491333 -0.039257168769836426 -0.45987731218338013 -0.80459880828857422 0.0097968485206365585
1795.1317999958992 0.029396878555417061 -1.1743613481521606 0.037285003811120987 0.47958824038505554 -2.0182101726531982 -0.40607932209968567 0.48693367838859558 -2.364079475402832 -0.45716869831085205 -0.26002204418182373 -2.0053641796112061 -0.48240360617637634 -0.40991923213005066 -2.39093017578125 -0.49728736281394958 -0.51418924331665039 -1.3175960779190063 -0.063010796904563904 -0.39404591917991638 -0.73524594306945801 -0.0092977648600935936
1795.1317999958992 -0.022803323343396187 -1.1487538814544678 0.037547040730714798 0.43055140972137451 -1.9985321760177612 -0.40893271565437317 0.43794846534729004 -2.3468317985534668 -0.46038109064102173 -0.31425592303276062 -1.9855960607528687 -0.48579329252243042 -0.46520638465881348 -2.3738713264465332 -0.50078165531158447 -0.5702090859413147 -1.2929950952529907 -0.063453517854213715 -0.44922155141830444 -0.70655298233032227 -0.0093630552291870117
1861.6294000148773 0.069339245557785034 -1.0787146091461182 0.078301124274730682 0.45016965270042419 -1.9788092374801636 -0.44531387090682983 0.44449794292449951 -2.3116848468780518 -0.4861416220664978 -0.24372680485248566 -1.9953359365463257 -0.50131350755691528 -0.34426948428153992 -2.3701343536376953 -0.51431071758270264 -0.44862529635429382 -1.2769918441772461 -0.08173803985118866 -0.47352829575538635 -0.83911222219467163 -0.079337053000926971
1861.6294000148773 0.035557463765144348 -1.1085596084594727 0.10489258915185928 0.48994314670562744 -2.026644229888916 -0.42828330397605896 0.50531595945358276 -2.375072717666626 -0.47182652354240417 -0.25257828831672668 -2.0343389511108398 -0.5001189112663269 -0.3474673330783844 -2.4145328998565674 -0.51871830224990845 -0.56407839059829712 -1.4047806262969971 -0.1140972375869751 -0.5250886082649231 -0.83043664693832397 -0.078372396528720856
1920.2920000106096 0.11687470227479935 -1.2234238386154175 0.08438970148563385 0.50707399845123291 -2.1078963279724121 -0.46513107419013977 0.51141220331192017 -2.4757149219512939 -0.52190786600112915 -0.25885570049285889 -2.1116249561309814 -0.53846633434295654 -0.3649810254573822 -2.5210177898406982 -0.57464820146560669 -0.49770578742027283 -1.34148108959198 -0.13430225849151611 -0.49868062138557434 -0.83181345462799072 -0.12500812113285065
1920.2920000106096 0.052760731428861618 -1.1986585855484009 0.084287770092487335 0.44247835874557495 -2.0820391178131104 -0.46455460786819458 0.44681119918823242 -2.4494035243988037 -0.52126133441925049 -0.32250586152076721 -2.0857632160186768 -0.53779929876327515 -0.42850014567375183 -2.4946508407592773 -0.57393652200698853 -0.56106108427047729 -1.3165700435638428 -0.13413421809673309 -0.5620347261428833 -0.80753153562545776 -0.12485156208276749
1978.9739000052214 0.1427096426486969 -1.1342213153839111 0.16742724180221558 0.54501593112945557 -2.0916934013366699 -0.4218008816242218 0.57526767253875732 -2.4744424819946289 -0.4820249080657959 -0.26813367009162903 -2.0758297443389893 -0.5073082447052002 -0.34814757108688354 -2.4817969799041748 -0.5538102388381958 -0.54690396785736084 -1.4077272415161133 -0.15417736768722534 -0.52816945314407349 -0.83714675903320313 -0.13969287276268005
1978.9739000052214 0.11897418648004532 -1.2026203870773315 0.13003353774547577 0.52762788534164429 -2.1076977252960205 -0.48930740356445313 0.56521213054656982 -2.4894795417785645 -0.55746114253997803 -0.2169492095708847 -2.118706226348877 -0.58140373229980469 -0.27502307295799255 -2.5288643836975098 -0.63344204425811768 -0.59210282564163208 -1.6379646062850952 -0.21471758186817169 -0.50229573249816895 -0.95433926582336426 -0.15404579043388367
