35.419500008225441 0.1488916426897049 -1.0197821855545044 0.041630323976278305 0.44610744714736938 -1.9844214916229248 -0.49303001165390015 0.44877025485038757 -2.3080215454101563 -0.53718340396881104 -0.30020648241043091 -2.0723018646240234 -0.53075695037841797 -0.44535642862319946 -2.4215133190155029 -0.54396885633468628 -0.37324026226997375 -1.1449829339981079 0.0073065082542598248 -0.59813767671585083 -1.141283392906189 -0.031619161367416382
35.419500008225441 0.10799966007471085 -1.0496504306793213 0.028974078595638275 0.45027655363082886 -2.0044069290161133 -0.510417640209198 0.45053976774215698 -2.3309104442596436 -0.55401027202606201 -0.31286045908927917 -2.0719892978668213 -0.56931138038635254 -0.45902496576309204 -2.4206163883209229 -0.57757335901260376 -0.45009547472000122 -1.2164090871810913 0.010324936360120773 -0.55613094568252563 -0.98009717464447021 -0.0064585977233946323
95.697899997234344 0.17687278985977173 -1.0909651517868042 0.021070782095193863 0.43378767371177673 -1.9601137638092041 -0.5225144624710083 0.41445678472518921 -2.2692055702209473 -0.56182742118835449 -0.30669018626213074 -2.0358421802520752 -0.55564528703689575 -0.45090857148170471 -2.3585481643676758 -0.5516122579574585 -0.40507373213768005 -1.1783576011657715 -0.0051332763396203518 -0.54837918281555176 -0.97336828708648682 -0.04223262146115303
95.697899997234344 0.19385239481925964 -1.214016318321228 -0.085926197469234467 0.45453512668609619 -1.8858895301818848 -0.72117519378662109 0.4402167797088623 -2.2059075832366943 -0.79271656274795532 -0.27387431263923645 -1.9595087766647339 -0.74989479780197144 -0.39965474605560303 -2.3231608867645264 -0.79271352291107178 -0.34925505518913269 -1.093541145324707 -0.18437814712524414 -0.56302642822265625 -0.97539699077606201 -0.21671387553215027
159.61620001494884 0.14970119297504425 -1.0449719429016113 -0.084659881889820099 0.40654692053794861 -1.7069559097290039 -0.71055871248245239 0.39243930578231812 -2.022263765335083 -0.78104704618453979 -0.31114110350608826 -1.7794915437698364 -0.73885554075241089 -0.43507015705108643 -2.1377909183502197 -0.78104406595230103 -0.3854123055934906 -0.92627012729644775 -0.18166272342205048 -0.59603720903396606 -0.80986493825912476 -0.21352250874042511
159.61620001494884 0.24179895222187042 -1.1957484483718872 -0.034002173691987991 0.37892484664916992 -1.8407829999923706 -0.71311753988265991 0.34100329875946045 -2.18326735496521 -0.77890229225158691 -0.2623802125453949 -1.9405926465988159 -0.74339944124221802 -0.37936234474182129 -2.309323787689209 -0.78140503168106079 -0.42499879002571106 -1.199531078338623 -0.28788170218467712 -0.66730272769927979 -1.0088670253753662 -0.35583102703094482
232.77850000560284 0.15363545715808868 -0.99033397436141968 -0.0056713828817009926 0.54646778106689453 -1.79527747631073 -0.85175436735153198 0.57691764831542969 -2.1270017623901367 -0.91229897737503052 -0.34729945659637451 -1.9071817398071289 -0.82755595445632935 -0.50339943170547485 -2.2713768482208252 -0.86272501945495605 -0.33947554230690002 -0.99796134233474731 -0.10333122313022614 -0.59785008430480957 -0.99399638175964355 -0.11179964244365692
232.77850000560284 0.14302825927734375 -1.152819037437439 -0.27288630604743958 0.57963472604751587 -1.9904494285583496 -1.1368889808654785 0.60740631818771362 -2.3695893287658691 -1.2218718528747559 -0.25567683577537537 -2.1327114105224609 -1.1270498037338257 -0.38795968890190125 -2.5584883689880371 -1.181519627571106 -0.41174900531768799 -1.4130878448486328 -0.39189407229423523 -0.67213243246078491 -1.2017637491226196 -0.32099747657775879
288.80960001051426 0.22868755459785461 -0.90041458606719971 -0.27936294674873352 0.45220744609832764 -1.6199715137481689 -0.94361418485641479 0.46537882089614868 -1.9673334360122681 -1.0293667316436768 -0.34428077936172485 -1.7525495290756226 -0.96262270212173462 -0.49986264109611511 -2.1403167247772217 -1.0570976734161377 -0.30977842211723328 -0.94861924648284912 -0.33466631174087524 -0.53462731838226318 -0.8606141209602356 -0.29692897200584412
288.80960001051426 0.19785799086093903 -0.98090618848800659 -0.30295324325561523 0.44025737047195435 -1.7612402439117432 -1.0233099460601807 0.45454126596450806 -2.1379415988922119 -1.1163055896759033 -0.42350572347640991 -1.9050160646438599 -1.0439239740371704 -0.59222865104675293 -2.3255360126495361 -1.146378755569458 -0.38608917593955994 -1.0331823825836182 -0.36292773485183716 -0.62992978096008301 -0.93774402141571045 -0.32200294733047485
350.14500001072884 0.1817636638879776 -1.0803253650665283 -0.34177523851394653 0.4434298574924469 -1.7372753620147705 -1.1278972625732422 0.45766687393188477 -2.1082518100738525 -1.23835289478302 -0.38245955109596252 -1.8737931251525879 -1.0905060768127441 -0.5574420690536499 -2.2851636409759521 -1.1738109588623047 -0.42798939347267151 -1.0611070394515991 -0.3501860499382019 -0.6541944146156311 -0.97262299060821533 -0.30989360809326172
350.14500001072884 0.24971713125705719 -1.1180731058120728 -0.49756371974945068 0.40253981947898865 -1.6921796798706055 -1.2804630994796753 0.3953193724155426 -2.0578527450561523 -1.3881181478500366 -0.39788728952407837 -1.8091498613357544 -1.2247911691665649 -0.56346416473388672 -2.1907634735107422 -1.3177521228790283 -0.42818230390548706 -1.0287669897079468 -0.46462556719779968 -0.65802192687988281 -0.936440110206604 -0.39737176895141602
408.40019999444485 0.256816565990448 -1.0164786577224731 -0.46359801292419434 0.37564581632614136 -1.566193699836731 -1.2624049186706543 0.36517485976219177 -1.9146651029586792 -1.3590421676635742 -0.37907114624977112 -1.6316924095153809 -1.1759699583053589 -0.5195915699005127 -1.9971170425415039 -1.2445337772369385 -0.41815975308418274 -1.0062458515167236 -0.44829508662223816 -0.62698519229888916 -0.83242917060852051 -0.35202515125274658
408.40019999444485 0.27145802974700928 -1.0798083543777466 -0.48433351516723633 0.39560282230377197 -1.6541135311126709 -1.3188732862472534 0.38466349244117737 -2.0181729793548584 -1.4198333024978638 -0.39287465810775757 -1.7225422859191895 -1.2285717725753784 -0.53968095779418945 -2.1043133735656738 -1.3002027273178101 -0.43371179699897766 -1.0691177845001221 -0.46834605932235718 -0.65187853574752808 -0.88752579689025879 -0.36776971817016602
466.02220000326633 0.30638334155082703 -0.9689374566078186 -0.42404785752296448 0.35329324007034302 -1.5529950857162476 -1.110880970954895 0.32253339886665344 -1.9021720886230469 -1.2149620056152344 -0.32595625519752502 -1.6188879013061523 -1.0605493783950806 -0.4578685462474823 -1.9948464632034302 -1.1381931304931641 -0.33773216605186462 -0.857188880443573 -0.39280363917350769 -0.61680787801742554 -0.76322555541992188 -0.34890475869178772
581.13379999995232 0.16694653034210205 -0.3628728985786438 0.97139865159988403 0.64022207260131836 -1.4575802087783813 0.20819628238677979 0.65492254495620728 -1.6884386539459229 0.31366497278213501 -0.27986112236976624 -1.2617146968841553 0.44209399819374084 -0.31898596882820129 -1.3161993026733398 0.59701532125473022 -0.49933734536170959 -0.49534925818443298 0.8438408374786377 -0.66798621416091919 -0.19371908903121948 0.6728406548500061
581.13379999995232 0.29385331273078918 -1.9721025228500366 1.1231163740158081 1.1860885620117188 -3.7728948593139648 -0.12311120331287384 1.2068004608154297 -4.2560791969299316 -0.089349500834941864 -0.28699782490730286 -4.0580754280090332 -0.293384850025177 -0.51080727577209473 -4.572932243347168 -0.22803694009780884 -0.58440297842025757 -2.0997846126556396 0.5892871618270874 -0.94263267517089844 -1.6560474634170532 0.37961506843566895
653.81029999256134 0.078435599803924561 -1.342258095741272 0.53699624538421631 0.58918380737304688 -2.2096531391143799 -0.09517255425453186 0.60827046632766724 -2.4719040393829346 -0.10580030083656311 -0.27677857875823975 -2.314549446105957 -0.12732145190238953 -0.42268699407577515 -2.5809030532836914 -0.091474205255508423 -0.34202843904495239 -1.3288861513137817 0.38407713174819946 -0.4909575879573822 -1.0068328380584717 0.30538147687911987
653.81029999256134 0.034090712666511536 -1.347784161567688 0.45532968640327454 0.61324554681777954 -2.2088463306427002 -0.098510242998600006 0.64411413669586182 -2.4764404296875 -0.11353807151317596 -0.18400430679321289 -2.3575587272644043 -0.16325907409191132 -0.31343743205070496 -2.6427662372589111 -0.13768355548381805 -0.35366883873939514 -1.357878565788269 0.28611615300178528 -0.51469874382019043 -1.0887062549591064 0.19871491193771362
716.26080000400543 0.0088717499747872353 -1.1795165538787842 0.34110638499259949 0.54530489444732666 -1.9796434640884399 -0.15892954170703888 0.56394755840301514 -2.2364261150360107 -0.18320445716381073 -0.12107491493225098 -2.11025071144104 -0.23637156188488007 -0.24852427840232849 -2.3785331249237061 -0.21962811052799225 -0.3043193519115448 -1.1897439956665039 0.2616553008556366 -0.44245481491088867 -0.92178267240524292 0.19371446967124939
716.26080000400543 -0.061811357736587524 -1.2227997779846191 0.34702491760253906 0.51658040285110474 -2.0435175895690918 -0.20877647399902344 0.55606061220169067 -2.3016436100006104 -0.23612642288208008 -0.20590363442897797 -2.1865911483764648 -0.28177222609519958 -0.32311552762985229 -2.4782390594482422 -0.27481216192245483 -0.40106755495071411 -1.2564184665679932 0.25852504372596741 -0.55612927675247192 -1.0192641019821167 0.1792621910572052
779.81039999425411 -0.010059895925223827 -1.1273124217987061 0.37858203053474426 0.53400665521621704 -1.9956470727920532 -0.14165244996547699 0.56314539909362793 -2.2443745136260986 -0.1442112922668457 -0.17709353566169739 -2.1432406902313232 -0.19794972240924835 -0.28343740105628967 -2.4193050861358643 -0.17015106976032257 -0.38676020503044128 -1.1923273801803589 0.25320503115653992 -0.54803013801574707 -0.97070622444152832 0.15283943712711334
779.81039999425411 -0.052064444869756699 -1.1763627529144287 0.38311740756034851 0.49852234125137329 -2.0551035404205322 -0.14335164427757263 0.52801024913787842 -2.3068118095397949 -0.14594116806983948 -0.22109982371330261 -2.2044658660888672 -0.20032359659671783 -0.3287181556224823 -2.4838387966156006 -0.1721917986869812 -0.43327918648719788 -1.2421567440032959 0.25623789429664612 -0.5964818000793457 -1.0178797245025635 0.15466947853565216
844.90279999375343 -0.043087445199489594 -1.1090672016143799 0.35497203469276428 0.48549413681030273 -1.976199746131897 -0.13647429645061493 0.51109802722930908 -2.234565258026123 -0.14122138917446136 -0.17071466147899628 -2.1307852268218994 -0.23190541565418243 -0.27643737196922302 -2.4272301197052002 -0.22063516080379486 -0.43266606330871582 -1.138526439666748 0.19093985855579376 -0.59326797723770142 -0.93361926078796387 0.073955558240413666
844.90279999375343 -0.018263757228851318 -1.3014768362045288 0.31625545024871826 0.50109261274337769 -2.0552670955657959 -0.19783863425254822 0.50858944654464722 -2.3081848621368408 -0.19919499754905701 -0.1550527811050415 -2.1687917709350586 -0.23443262279033661 -0.28240537643432617 -2.4365854263305664 -0.18041649460792542 -0.37265005707740784 -1.2827730178833008 0.28023204207420349 -0.5164831280708313 -1.0499612092971802 0.16287840902805328
924.24660001695156 0.0081125469878315926 -1.1789345741271973 0.34346434473991394 0.56245160102844238 -1.9960259199142456 -0.2071043998003006 0.60267740488052368 -2.2416684627532959 -0.21373249590396881 -0.19043366611003876 -2.1707401275634766 -0.22630618512630463 -0.30617770552635193 -2.4507179260253906 -0.19677437841892242 -0.35409066081047058 -1.2180272340774536 0.20378880202770233 -0.52723443508148193 -1.0953217744827271 0.091882631182670593
924.24660001695156 0.081110566854476929 -1.1833333969116211 0.47078907489776611 0.61080408096313477 -2.0013141632080078 -0.052872464060783386 0.63669776916503906 -2.2516496181488037 -0.077769741415977478 -0.1039775162935257 -2.2070155143737793 -0.12598089873790741 -0.20752003788948059 -2.4926919937133789 -0.12264577299356461 -0.33362743258476257 -1.2219439744949341 0.22103451192378998 -0.4948832094669342 -0.9556584358215332 0.13981430232524872
992.0046000033617 0.089816391468048096 -1.346435546875 0.43963012099266052 0.56601214408874512 -2.1680493354797363 -0.082908645272254944 0.57826799154281616 -2.4284522533416748 -0.10551922768354416 -0.10408300906419754 -2.3431408405303955 -0.14172375202178955 -0.21844379603862762 -2.6333534717559814 -0.1193033903837204 -0.30694308876991272 -1.3589255809783936 0.2821137011051178 -0.45967113971710205 -1.0798561573028564 0.20894245803356171
992.0046000033617 0.019083293154835701 -1.2609193325042725 0.34567165374755859 0.51375085115432739 -2.0079162120819092 -0.14127044379711151 0.53220224380493164 -2.2566127777099609 -0.16552227735519409 -0.11384283006191254 -2.1744616031646729 -0.20799441635608673 -0.21563336253166199 -2.4469702243804932 -0.19698494672775269 -0.32566994428634644 -1.2412315607070923 0.17419524490833282 -0.46836939454078674 -0.99836206436157227 0.10421745479106903
1051.114500015974 0.01091111171990633 -1.2658586502075195 0.34773349761962891 0.50852680206298828 -2.0173075199127197 -0.14211069047451019 0.52708816528320313 -2.2674863338470459 -0.1665070503950119 -0.12280722707509995 -2.1848454475402832 -0.20923233032226563 -0.22520439326763153 -2.4589779376983643 -0.19815725088119507 -0.33589676022529602 -1.2460533380508423 0.17523512244224548 -0.47944667935371399 -1.0017364025115967 0.10484027862548828
1051.114500015974 0.017278356477618217 -1.2702924013137817 0.24201877415180206 0.50662451982498169 -2.0113992691040039 -0.2255854606628418 0.52402865886688232 -2.280250072479248 -0.25717005133628845 -0.052585326135158539 -2.1557755470275879 -0.3142828643321991 -0.14929632842540741 -2.4613990783691406 -0.32278257608413696 -0.31873592734336853 -1.1728318929672241 0.09851432591676712 -0.45513683557510376 -0.95519208908081055 0.017957314848899841
1108.1303000003099 0.075903400778770447 -1.2831445932388306 0.3304210901260376 0.58855366706848145 -2.0998907089233398 -0.16586856544017792 0.61449503898620605 -2.3739004135131836 -0.19141866266727448 -0.020118905231356621 -2.2505006790161133 -0.2444005012512207 -0.11242181062698364 -2.5425939559936523 -0.22703123092651367 -0.27225375175476074 -1.2970104217529297 0.20217812061309814 -0.42479386925697327 -1.009033203125 0.13089616596698761
1108.1303000003099 -0.015154067426919937 -1.2699717283248901 0.32602325081825256 0.49066776037216187 -2.0758388042449951 -0.16365589201450348 0.51626366376876831 -2.3461987972259521 -0.18886566162109375 -0.10989737510681152 -2.2244424819946289 -0.24114179611206055 -0.20097081363201141 -2.5126452445983887 -0.22400388121604919 -0.3586738109588623 -1.2836527824401855 0.19948846101760864 -0.5091821551322937 -0.99951130151748657 0.12915597856044769
1173.1928000003099 0.026891538873314857 -1.247866153717041 0.35338190197944641 0.51383846998214722 -2.0723633766174316 -0.16664697229862213 0.54229772090911865 -2.3478093147277832 -0.18415413796901703 -0.11530669033527374 -2.208599328994751 -0.25272807478904724 -0.21128252148628235 -2.4995205402374268 -0.2320711761713028 -0.3715151846408844 -1.265250563621521 0.18000377714633942 -0.52108854055404663 -0.98058384656906128 0.097654819488525391
1173.1928000003099 0.015667665749788284 -1.26674485206604 0.38238891959190369 0.52683466672897339 -2.148331880569458 -0.13193975389003754 0.55768066644668579 -2.4342353343963623 -0.14173562824726105 -0.15251170098781586 -2.2978479862213135 -0.23955674469470978 -0.25957018136978149 -2.6090145111083984 -0.22496438026428223 -0.42994159460067749 -1.2666015625 0.15628078579902649 -0.58897536993026733 -0.99691307544708252 0.053134627640247345
1243.1403000205755 -0.021517882123589516 -1.2803518772125244 0.36236599087715149 0.4914110004901886 -2.1349682807922363 -0.11675138771533966 0.52961522340774536 -2.4237351417541504 -0.12895697355270386 -0.12367233633995056 -2.2919323444366455 -0.24387249350547791 -0.22207510471343994 -2.6154084205627441 -0.24021525681018829 -0.44945397973060608 -1.2726600170135498 0.14766426384449005 -0.59657621383666992 -1.0360466241836548 0.041309792548418045
1243.1403000205755 -0.031335152685642242 -1.251792311668396 0.35566473007202148 0.47210472822189331 -2.0905985832214355 -0.11458913236856461 0.5096021294593811 -2.3740231990814209 -0.12656892836093903 -0.1315997838973999 -2.2446587085723877 -0.23935852944850922 -0.2281821221113205 -2.5621509552001953 -0.23576895892620087 -0.45135453343391418 -1.2442426681518555 0.14493490755558014 -0.59575510025024414 -1.0120065212249756 0.040547959506511688
1306.0133000016212 0.012720321305096149 -1.2923741340637207 0.37614038586616516 0.4911683201789856 -2.0886843204498291 -0.1463623046875 0.52889245748519897 -2.367194652557373 -0.15934252738952637 -0.10655936598777771 -2.2358567714691162 -0.25582483410835266 -0.19480954110622406 -2.5524094104766846 -0.24847540259361267 -0.42712947726249695 -1.2638843059539795 0.14574280381202698 -0.57361334562301636 -1.0672682523727417 0.023649509996175766
1306.0133000016212 0.02300068736076355 -1.2848560810089111 0.36583518981933594 0.48311486840248108 -2.1039583683013916 -0.14861485362052917 0.5116763710975647 -2.3732633590698242 -0.16444143652915955 -0.111001156270504 -2.2344567775726318 -0.22574523091316223 -0.19109968841075897 -2.5323886871337891 -0.21066547930240631 -0.38038420677185059 -1.2254189252853394 0.16365808248519897 -0.53966712951660156 -1.034041166305542 0.050167582929134369
1381.0241000056267 0.051341067999601364 -1.2095067501068115 0.3392903208732605 0.52430552244186401 -2.0193824768066406 -0.13520233333110809 0.57137686014175415 -2.2836968898773193 -0.14440628886222839 -0.1171378418803215 -2.1721467971801758 -0.24777328968048096 -0.2082771509885788 -2.4711682796478271 -0.24355104565620422 -0.38528501987457275 -1.1500756740570068 0.11452509462833405 -0.56481087207794189 -0.97274529933929443 0.0010463125072419643
1381.0241000056267 0.053349357098340988 -1.2254641056060791 0.39174962043762207 0.54355049133300781 -2.0112767219543457 -0.035091962665319443 0.59778046607971191 -2.2727751731872559 -0.039658010005950928 -0.098428815603256226 -2.1547162532806396 -0.15148855745792389 -0.18808002769947052 -2.4549722671508789 -0.14303149282932281 -0.37368515133857727 -1.1217515468597412 0.15537160634994507 -0.54334646463394165 -0.95073962211608887 0.037996679544448853
1474.4280999898911 0.066542938351631165 -1.3224302530288696 0.38249695301055908 0.58699339628219604 -2.0387108325958252 -0.086773499846458435 0.65296220779418945 -2.3132133483886719 -0.10767118632793427 -0.085702404379844666 -2.1886272430419922 -0.20007273554801941 -0.18739429116249084 -2.5000619888305664 -0.20852057635784149 -0.3196108341217041 -1.1982371807098389 0.14722263813018799 -0.48474511504173279 -1.0260082483291626 0.047673124819993973
1474.4280999898911 0.094687715172767639 -1.2075979709625244 0.3400600254535675 0.62813997268676758 -1.9302623271942139 -0.10422979295253754 0.65959662199020386 -2.2085025310516357 -0.13515037298202515 0.053544159978628159 -2.086014986038208 -0.2161877453327179 -0.030593769624829292 -2.3894624710083008 -0.2296648770570755 -0.28753867745399475 -1.1235619783401489 0.068229727447032928 -0.45167121291160583 -0.84026306867599487 0.0013306938344612718
1541.8286000043154 0.091185607016086578 -1.536516547203064 0.32767197489738464 0.61109721660614014 -2.3477392196655273 -0.2430054247379303 0.63583368062973022 -2.663118839263916 -0.27901691198348999 0.020478202030062675 -2.5055570602416992 -0.3354431688785553 -0.048855122178792953 -2.8590149879455566 -0.35213449597358704 -0.30609148740768433 -1.3518038988113403 0.038163334131240845 -0.48916950821876526 -1.0805619955062866 -0.032096944749355316
1541.8286000043154 0.057135548442602158 -1.3021525144577026 0.32635289430618286 0.50290250778198242 -2.0435895919799805 -0.1848592609167099 0.53540462255477905 -2.320075511932373 -0.21579194068908691 -0.018806124106049538 -2.2047438621520996 -0.26624700427055359 -0.067486025393009186 -2.5202136039733887 -0.27692058682441711 -0.32315531373023987 -1.1730854511260986 0.067175790667533875 -0.48876485228538513 -0.92181885242462158 -0.0016950740246102214
1606.2643000036478 0.084053553640842438 -1.3118702173233032 0.31873363256454468 0.51782059669494629 -2.1170279979705811 -0.21764209866523743 0.54456210136413574 -2.3901312351226807 -0.24310468137264252 -0.020792478695511818 -2.264345645904541 -0.26791760325431824 -0.070877403020858765 -2.5668783187866211 -0.25315925478935242 -0.30906906723976135 -1.2826930284500122 0.1375436931848526 -0.46916952729225159 -0.99827396869659424 0.074146568775177002
1606.2643000036478 0.14746351540088654 -1.31903076171875 0.36995890736579895 0.53446608781814575 -2.105891227722168 -0.1689286082983017 0.57417953014373779 -2.3715975284576416 -0.1869194358587265 -0.046880237758159637 -2.2782557010650635 -0.24540764093399048 -0.10680286586284637 -2.586695671081543 -0.23004576563835144 -0.33659893274307251 -1.2837315797805786 0.159004807472229 -0.50764191150665283 -1.0198568105697632 0.084741763770580292
1671.5859000086784 0.11890613287687302 -1.2930850982666016 0.36260056495666504 0.498212069272995 -2.0642967224121094 -0.16556966304779053 0.53713572025299072 -2.3247184753417969 -0.18320268392562866 -0.071572542190551758 -2.2332329750061035 -0.2405276894569397 -0.13030342757701874 -2.5355386734008789 -0.22547133266925812 -0.35552936792373657 -1.2584877014160156 0.15584185719490051 -0.52317065000534058 -0.99986094236373901 0.083055749535560608
1671.5859000086784 0.06473638117313385 -1.3180053234100342 0.34093308448791504 0.53572684526443481 -2.0714843273162842 -0.1963459700345993 0.56960731744766235 -2.3350160121917725 -0.21794115006923676 -0.051347512751817703 -2.2166931629180908 -0.25837671756744385 -0.1199125200510025 -2.503995418548584 -0.2408091127872467 -0.35692399740219116 -1.2770524024963379 0.1318766176700592 -0.50788360834121704 -0.99487465620040894 0.060576982796192169
1738.2745000123978 0.0084361797198653221 -1.2928744554519653 0.35330489277839661 0.55598026514053345 -2.0979647636413574 -0.16635611653327942 0.59988433122634888 -2.3661150932312012 -0.1806083619594574 -0.036809735000133514 -2.2618930339813232 -0.26043155789375305 -0.10224515944719315 -2.5580885410308838 -0.24276793003082275 -0.40147531032562256 -1.2821871042251587 0.10475987195968628 -0.55694526433944702 -1.0104188919067383 0.025007033720612526
1738.2745000123978 0.024845000356435776 -1.3364253044128418 0.39272412657737732 0.57176750898361206 -2.111271858215332 -0.096112757921218872 0.61759072542190552 -2.381803035736084 -0.10910943150520325 -0.026549894362688065 -2.2774443626403809 -0.19140626490116119 -0.10057072341442108 -2.5744218826293945 -0.17387989163398743 -0.40315359830856323 -1.3196239471435547 0.13591022789478302 -0.56054520606994629 -1.0620338916778564 0.042332693934440613
1799.8817000091076 0.02759421244263649 -1.3157877922058105 0.33579713106155396 0.56150937080383301 -2.0538671016693115 -0.19275031983852386 0.62238538265228271 -2.327606201171875 -0.21510842442512512 -0.037794079631567001 -2.2279911041259766 -0.28716826438903809 -0.096079364418983459 -2.5304486751556396 -0.285798579454422 -0.41374143958091736 -1.3017208576202393 0.052238654345273972 -0.56387495994567871 -1.0702947378158569 -0.040404055267572403
1799.8817000091076 0.052495662122964859 -1.3330107927322388 0.34100505709648132 0.59469336271286011 -2.0825397968292236 -0.19574169814586639 0.6565137505531311 -2.360525369644165 -0.21844665706157684 -0.013906986452639103 -2.2593650817871094 -0.29162433743476868 -0.073096446692943573 -2.5665144920349121 -0.29023343324661255 -0.39568638801574707 -1.3187255859375 0.053047738969326019 -0.54814887046813965 -1.0837093591690063 -0.041032124310731888
1862.2880000025034 0.070830047130584717 -1.3304129838943481 0.32629865407943726 0.63921821117401123 -2.0783910751342773 -0.24310344457626343 0.71383869647979736 -2.3514611721038818 -0.26882544159889221 -0.0049168867990374565 -2.2559144496917725 -0.30231204628944397 -0.059389837086200714 -2.547752857208252 -0.292695552110672 -0.35705280303955078 -1.3648207187652588 0.078429408371448517 -0.50644952058792114 -1.1373962163925171 -0.012476577423512936
1862.2880000025034 0.094914734363555908 -1.3890707492828369 0.28428614139556885 0.59017813205718994 -2.0904815196990967 -0.23422083258628845 0.63600718975067139 -2.3552987575531006 -0.25969114899635315 0.014975246042013168 -2.1937241554260254 -0.29103618860244751 -0.055997997522354126 -2.4646046161651611 -0.26775252819061279 -0.31878876686096191 -1.3184785842895508 0.1480981707572937 -0.4505847692489624 -1.099043607711792 0.060828238725662231
1925.2387000024319 0.077058106660842896 -1.3295271396636963 0.33229297399520874 0.60068589448928833 -2.0609729290008545 -0.20488874614238739 0.66299295425415039 -2.3239390850067139 -0.22729572653770447 -0.020714854821562767 -2.2453348636627197 -0.27378460764884949 -0.08880230039358139 -2.5355916023254395 -0.2547152042388916 -0.35726302862167358 -1.3213208913803101 0.12891721725463867 -0.51655811071395874 -1.1162875890731812 0.041980333626270294
1925.2387000024319 0.075398989021778107 -1.3067398071289063 0.3256784975528717 0.58860528469085693 -2.0236282348632813 -0.20081202685832977 0.64967232942581177 -2.2813606262207031 -0.22277304530143738 -0.020428063347935677 -2.2043209075927734 -0.2683367133140564 -0.087160408496856689 -2.4888007640838623 -0.24964682757854462 -0.35027813911437988 -1.2986969947814941 0.12635040283203125 -0.50640285015106201 -1.0977442264556885 0.041143782436847687
1990.5768000036478 0.051073510199785233 -1.3361328840255737 0.33128651976585388 0.58811599016189575 -2.0301361083984375 -0.1593165248632431 0.64205867052078247 -2.2869853973388672 -0.18338650465011597 0.0092222783714532852 -2.1749889850616455 -0.2400071769952774 -0.060028102248907089 -2.4601016044616699 -0.22607536613941193 -0.32176363468170166 -1.2736154794692993 0.16550332307815552 -0.47461152076721191 -1.0583294630050659 0.089232936501502991
1990.5768000036478 0.028830656781792641 -1.3730871677398682 0.31376945972442627 0.5573577880859375 -2.0620613098144531 -0.16162709891796112 0.61256343126296997 -2.3233201503753662 -0.19029012322425842 0.0047112838365137577 -2.213737964630127 -0.27235177159309387 -0.063104890286922455 -2.5164711475372314 -0.27157390117645264 -0.34223455190658569 -1.2683439254760742 0.13874839246273041 -0.4909805953502655 -1.083710789680481 0.052315350621938705
