27.262200012803078 0.015387730672955513 -1.0131274461746216 0.32361361384391785 0.5370214581489563 -1.955388069152832 -0.38141053915023804 0.58504182100296021 -2.2589132785797119 -0.41225868463516235 -0.14779075980186462 -2.0892987251281738 -0.4954293966293335 -0.23027965426445007 -2.4461524486541748 -0.51177072525024414 -0.31338629126548767 -1.0695515871047974 0.17133492231369019 -0.44401106238365173 -0.74299919605255127 0.12035240232944489
27.262200012803078 -0.001140778767876327 -0.97655415534973145 0.21938709914684296 0.51425629854202271 -1.9708254337310791 -0.52126204967498779 0.56350201368331909 -2.2987473011016846 -0.56456160545349121 -0.17670710384845734 -2.0874500274658203 -0.66055935621261597 -0.26204189658164978 -2.4777908325195313 -0.69915944337844849 -0.32759445905685425 -1.0544177293777466 0.10899194329977036 -0.46352249383926392 -0.73291075229644775 0.070237532258033752
86.965300008654594 -0.028382556512951851 -0.9797855019569397 0.22309562563896179 0.49572408199310303 -1.9908585548400879 -0.53006953001022339 0.54580199718475342 -2.3243222236633301 -0.57410073280334473 -0.20691570639610291 -2.1094539165496826 -0.67172074317932129 -0.29369255900382996 -2.5063910484313965 -0.71097314357757568 -0.36035287380218506 -1.0589648485183716 0.11083492636680603 -0.49857789278030396 -0.73202472925186157 0.071425624191761017
207.75759999454021 0.096130616962909698 -0.84849458932876587 0.97226351499557495 0.54691958427429199 -1.6811392307281494 0.22689810395240784 0.55730050802230835 -1.9069740772247314 0.2562524676322937 -0.14491155743598938 -1.7896515130996704 -0.012979799881577492 -0.26770579814910889 -2.0353357791900635 0.018046954646706581 -0.26697984337806702 -0.81326347589492798 0.52257376909255981 -0.45006299018859863 -0.5826762318611145 0.34423914551734924
207.75759999454021 -0.046597510576248169 -1.3135706186294556 0.78921425342559814 0.48617920279502869 -2.2294025421142578 0.0044261841103434563 0.49578529596328735 -2.5087451934814453 0.010698781348764896 -0.35524743795394897 -2.4069669246673584 -0.052619531750679016 -0.49472683668136597 -2.7421207427978516 -0.006020126398652792 -0.43915054202079773 -1.1763999462127686 0.53197866678237915 -0.63833713531494141 -0.89681243896484375 0.41953203082084656
272.32690000534058 0.036978844553232193 -1.3511650562286377 0.65839576721191406 0.5176156759262085 -2.2211036682128906 -0.1459810733795166 0.5286480188369751 -2.4790909290313721 -0.1556190550327301 -0.20545215904712677 -2.3575377464294434 -0.22398769855499268 -0.31209835410118103 -2.6677391529083252 -0.19454093277454376 -0.32847929000854492 -1.2377387285232544 0.38530123233795166 -0.50391596555709839 -0.97085452079772949 0.30046463012695313
275.04530000686646 -0.015096482820808887 -1.1752784252166748 0.58721524477005005 0.41357630491256714 -1.951163649559021 -0.13019636273384094 0.42341586947441101 -2.1812586784362793 -0.13879232108592987 -0.23131705820560455 -2.0728473663330078 -0.1997692883014679 -0.32643318176269531 -2.3495109081268311 -0.17350615561008453 -0.34104311466217041 -1.0741152763366699 0.34364637732505798 -0.49751242995262146 -0.83608531951904297 0.2679818868637085
334.69960001111031 -0.0050697154365479946 -1.1803590059280396 0.59492313861846924 0.42806521058082581 -1.9761682748794556 -0.11845209449529648 0.43362835049629211 -2.2326626777648926 -0.13414445519447327 -0.20184224843978882 -2.1085209846496582 -0.26134589314460754 -0.3086649477481842 -2.4057962894439697 -0.26549962162971497 -0.35990363359451294 -1.0086886882781982 0.19427886605262756 -0.54079878330230713 -0.76307821273803711 0.042874779552221298
334.69960001111031 -0.046133670955896378 -1.1349388360977173 0.58642560243606567 0.36088225245475769 -1.9729015827178955 -0.12893947958946228 0.37491592764854431 -2.2168014049530029 -0.13791561126708984 -0.27652502059936523 -2.1193833351135254 -0.26375019550323486 -0.38305157423019409 -2.4277870655059814 -0.25815057754516602 -0.41752046346664429 -0.9906650185585022 0.15102732181549072 -0.58870029449462891 -0.77959984540939331 -0.02293931320309639
399.14079999923706 -0.058358676731586456 -1.1499134302139282 0.58522003889083862 0.3868643045425415 -2.0014643669128418 -0.063577912747859955 0.40197965502738953 -2.2499668598175049 -0.077149592339992523 -0.24568141996860504 -2.1220390796661377 -0.18339267373085022 -0.35915064811706543 -2.4205386638641357 -0.17882135510444641 -0.34845408797264099 -0.99917435646057129 0.26431700587272644 -0.5080828070640564 -0.75411027669906616 0.13020321726799011
399.14079999923706 -0.073753044009208679 -1.0940808057785034 0.53580838441848755 0.38766616582870483 -1.9815974235534668 -0.12724103033542633 0.40328317880630493 -2.2345421314239502 -0.13537409901618958 -0.25154516100883484 -2.1287264823913574 -0.25467956066131592 -0.36557051539421082 -2.4300096035003662 -0.24448506534099579 -0.38440468907356262 -1.0394895076751709 0.32115912437438965 -0.53689324855804443 -0.77642327547073364 0.2269556075334549
462.40240000188351 -0.11855652928352356 -1.0786927938461304 0.53273797035217285 0.34021985530853271 -1.9611260890960693 -0.1265137791633606 0.35574740171432495 -2.2126219272613525 -0.13460028171539307 -0.29533034563064575 -2.107412576675415 -0.25322237610816956 -0.408702552318573 -2.4069700241088867 -0.24308627843856812 -0.42742887139320374 -1.0244141817092896 0.31931811571121216 -0.57904404401779175 -0.76285481452941895 0.22565412521362305
462.40240000188351 -0.031093712896108627 -1.0938823223114014 0.60902833938598633 0.36735254526138306 -1.943358302116394 -0.15799242258071899 0.38012304902076721 -2.2126095294952393 -0.16203059256076813 -0.23217231035232544 -2.0844645500183105 -0.2805311381816864 -0.32370537519454956 -2.407475471496582 -0.27203691005706787 -0.43142989277839661 -1.0145263671875 0.21827320754528046 -0.59170025587081909 -0.81058555841445923 0.057827387005090714
521.97640000283718 -0.0030642612837255001 -1.080544114112854 0.50190991163253784 0.44893220067024231 -2.0216624736785889 -0.31270578503608704 0.47977849841117859 -2.3135733604431152 -0.33482351899147034 -0.25886708498001099 -2.1680212020874023 -0.42814081907272339 -0.36260217428207397 -2.5039305686950684 -0.43943488597869873 -0.44246122241020203 -1.0533421039581299 0.13403134047985077 -0.61967736482620239 -0.86954885721206665 -0.03596951812505722
521.97640000283718 -0.013132913038134575 -1.1318647861480713 0.55095905065536499 0.40103736519813538 -1.9767805337905884 -0.17151147127151489 0.42204558849334717 -2.2473292350769043 -0.1790803074836731 -0.2545807957649231 -2.094829797744751 -0.26209449768066406 -0.36691856384277344 -2.4062199592590332 -0.23941151797771454 -0.42245298624038696 -1.0492080450057983 0.28166809678077698 -0.58621269464492798 -0.8745226263999939 0.12492506206035614
585.72580000758171 0.0055856681428849697 -1.1571329832077026 0.5573461651802063 0.42455515265464783 -2.0118393898010254 -0.17349596321582794 0.4458068311214447 -2.2855229377746582 -0.18115250766277313 -0.23866002261638641 -2.1312563419342041 -0.26512861251831055 -0.35229951143264771 -2.4462547302246094 -0.24218279123306274 -0.40847742557525635 -1.0735186338424683 0.28493484854698181 -0.5741347074508667 -0.896808922290802 0.12637554109096527
585.72580000758171 0.080413304269313812 -1.0696150064468384 0.42586308717727661 0.46008497476577759 -1.985981822013855 -0.37489974498748779 0.47373458743095398 -2.2645039558410645 -0.37905707955360413 -0.29463744163513184 -2.074089527130127 -0.48616400361061096 -0.43920421600341797 -2.3831005096435547 -0.4706360399723053 -0.35465478897094727 -1.0073287487030029 0.16597530245780945 -0.54590499401092529 -0.83415693044662476 0.0056049353443086147
642.8027999997139 -0.027547026053071022 -1.1389358043670654 0.56606811285018921 0.32681339979171753 -1.9496147632598877 -0.14472989737987518 0.32357281446456909 -2.1989169120788574 -0.12474828213453293 -0.3050830066204071 -2.0162053108215332 -0.28098919987678528 -0.43108561635017395 -2.2866573333740234 -0.23965562880039215 -0.44431355595588684 -1.0783318281173706 0.27343094348907471 -0.57649314403533936 -0.80896973609924316 0.14727069437503815
642.8027999997139 -0.023911876603960991 -1.1287573575973511 0.39152342081069946 0.33809921145439148 -1.9196102619171143 -0.25781896710395813 0.34559181332588196 -2.1826484203338623 -0.26655066013336182 -0.33044245839118958 -1.9171569347381592 -0.37700408697128296 -0.48438605666160583 -2.1893129348754883 -0.3621375560760498 -0.34224966168403625 -1.0263030529022217 0.20470228791236877 -0.47967919707298279 -0.81556487083435059 0.096046775579452515
706.88539999723434 -0.082319550216197968 -1.1413371562957764 0.39104235172271729 0.27923858165740967 -1.9312005043029785 -0.25748750567436218 0.28672179579734802 -2.1939096450805664 -0.26620826125144958 -0.38846659660339355 -1.9287501573562622 -0.37652349472045898 -0.54221755266189575 -2.2005655765533447 -0.36167556047439575 -0.40025898814201355 -1.0390111207962036 0.20445500314235687 -0.53751659393310547 -0.82853662967681885 0.095935449004173279
706.88539999723434 -0.081435121595859528 -1.1290748119354248 0.3868410587310791 0.27623847126960754 -1.9104518890380859 -0.25472110509872437 0.28364130854606628 -2.1703386306762695 -0.26334816217422485 -0.38429298996925354 -1.9080278873443604 -0.372478187084198 -0.53639203310012817 -2.1769230365753174 -0.3577897846698761 -0.39595866203308105 -1.0278481245040894 0.20225836336612701 -0.53174155950546265 -0.81963497400283813 0.09490472823381424
784.09919999539852 -0.023438882082700729 -1.1019877195358276 0.15141376852989197 0.2679838240146637 -1.8864575624465942 -0.53214180469512939 0.29096457362174988 -2.1570186614990234 -0.56430238485336304 -0.40750223398208618 -1.8635101318359375 -0.65078926086425781 -0.56008398532867432 -2.1281850337982178 -0.66342049837112427 -0.32173886895179749 -1.1041716337203979 0.11559213697910309 -0.44395330548286438 -0.88998705148696899 0.067625798285007477
784.09919999539852 0.019687749445438385 -1.0087970495223999 0.83104020357131958 0.44154313206672668 -1.8092838525772095 0.27000537514686584 0.45489409565925598 -2.0334932804107666 0.30932939052581787 -0.20560164749622345 -1.962429404258728 0.12101462483406067 -0.32248544692993164 -2.2268626689910889 0.19457288086414337 -0.32760629057884216 -0.94146376848220825 0.52693277597427368 -0.47962921857833862 -0.67123854160308838 0.35278627276420593
844.90379999577999 0.011715050786733627 -1.2242122888565063 0.84263598918914795 0.44016999006271362 -2.2088353633880615 0.076796174049377441 0.45570829510688782 -2.4949865341186523 0.093617022037506104 -0.28772726655006409 -2.3748524188995361 -0.11073824763298035 -0.41747930645942688 -2.7080109119415283 -0.067647702991962433 -0.44164171814918518 -1.1596367359161377 0.37481757998466492 -0.62626242637634277 -0.87830650806427002 0.15425141155719757
844.90379999577999 -0.033697564154863358 -1.1120160818099976 0.70368516445159912 0.3744080662727356 -1.9947203397750854 0.14129292964935303 0.38657045364379883 -2.2509517669677734 0.16283752024173737 -0.2438095360994339 -2.1528615951538086 -0.0147121986374259 -0.36622491478919983 -2.4393074512481689 0.035594914108514786 -0.4475267231464386 -1.1502618789672852 0.42704367637634277 -0.54588210582733154 -0.84762758016586304 0.27788719534873962
913.46420000493526 -0.032906528562307358 -1.1079308986663818 0.70346873998641968 0.3750724196434021 -1.9903609752655029 0.14125107228755951 0.38723102211952209 -2.2465128898620605 0.16278897225856781 -0.24295327067375183 -2.1484534740447998 -0.014705637469887733 -0.36533063650131226 -2.4348104000091553 0.035585857927799225 -0.44660720229148865 -1.1461646556854248 0.42691308259963989 -0.54493200778961182 -0.84362447261810303 0.27780291438102722
913.46420000493526 -0.011861377395689487 -1.1319363117218018 0.62852954864501953 0.43017789721488953 -1.9964603185653687 -0.010652321390807629 0.45584660768508911 -2.2564680576324463 0.0055754003114998341 -0.23823671042919159 -2.1544868946075439 -0.13148912787437439 -0.35475847125053406 -2.4507980346679688 -0.089440912008285522 -0.40576347708702087 -1.1161681413650513 0.33497375249862671 -0.5356178879737854 -0.85637974739074707 0.1776077002286911
975.73240000009537 0.0079155564308166504 -1.1049184799194336 0.53723615407943726 0.41403830051422119 -1.9599927663803101 -0.12280341982841492 0.42241808772087097 -2.2232885360717773 -0.12732695043087006 -0.1915399432182312 -2.123920202255249 -0.29909241199493408 -0.31330102682113647 -2.4116437435150146 -0.27851212024688721 -0.40312975645065308 -1.0873740911483765 0.1733567863702774 -0.53886967897415161 -0.83893918991088867 0.01535690575838089
975.73240000009537 -0.0074893715791404247 -1.0741977691650391 0.58730649948120117 0.43133208155632019 -1.9615989923477173 -0.066449880599975586 0.44541364908218384 -2.2308104038238525 -0.061882030218839645 -0.21596448123455048 -2.1227259635925293 -0.27386647462844849 -0.33056920766830444 -2.4121079444885254 -0.25169000029563904 -0.45364367961883545 -1.0824037790298462 0.21870164573192596 -0.59965020418167114 -0.81325769424438477 0.071685530245304108
1034.6566000133753 -0.048206362873315811 -1.1020910739898682 0.58413267135620117 0.38824710249900818 -1.9847036600112915 -0.066095910966396332 0.4022526741027832 -2.2524621486663818 -0.061552710831165314 -0.25555649399757385 -2.1449611186981201 -0.27239325642585754 -0.36954277753829956 -2.432781457901001 -0.25033646821975708 -0.49195313453674316 -1.1102527379989624 0.21751686930656433 -0.63717174530029297 -0.84255903959274292 0.071294084191322327
1034.6566000133753 -0.024064168334007263 -1.0854177474975586 0.58912819623947144 0.37367713451385498 -1.9322000741958618 -0.10521205514669418 0.38953977823257446 -2.1915650367736816 -0.09416864812374115 -0.26042252779006958 -2.0724761486053467 -0.28541287779808044 -0.37992757558822632 -2.3498446941375732 -0.25881457328796387 -0.47892868518829346 -1.0913710594177246 0.21420006453990936 -0.62409567832946777 -0.87582588195800781 0.047173041850328445
1099.0719999969006 -0.051597237586975098 -1.183219313621521 0.57406020164489746 0.39648139476776123 -1.9860806465148926 -0.13842189311981201 0.40452906489372253 -2.2561118602752686 -0.12526503205299377 -0.23931187391281128 -2.1348240375518799 -0.36356502771377563 -0.37065428495407104 -2.4262218475341797 -0.32273894548416138 -0.51079177856445313 -1.1335830688476563 0.20130035281181335 -0.66993904113769531 -0.91070747375488281 0.018701463937759399
1099.0719999969006 -0.092071421444416046 -1.0989587306976318 0.5494425892829895 0.30965632200241089 -1.8772604465484619 -0.1331239640712738 0.32064580917358398 -2.1327459812164307 -0.12079755961894989 -0.3059992790222168 -2.0218353271484375 -0.30763989686965942 -0.42550235986709595 -2.2976131439208984 -0.27545318007469177 -0.53314220905303955 -1.043941855430603 0.15496857464313507 -0.68766307830810547 -0.83957463502883911 -0.014265618287026882
1158.0582000166178 -0.069734297692775726 -1.1241952180862427 0.56385928392410278 0.34253668785095215 -1.9229230880737305 -0.13662107288837433 0.35381460189819336 -2.1851139068603516 -0.12397114932537079 -0.28927662968635559 -2.0712924003601074 -0.31571713089942932 -0.41191601753234863 -2.3543081283569336 -0.28268566727638245 -0.52238088846206665 -1.0677343606948853 0.15903238952159882 -0.68095707893371582 -0.85800361633300781 -0.014643310569226742
1158.0582000166178 -0.05133897066116333 -1.1172083616256714 0.45656830072402954 0.3725222647190094 -1.9029031991958618 -0.28888982534408569 0.38764625787734985 -2.1756155490875244 -0.28429901599884033 -0.28780964016914368 -2.0603625774383545 -0.47787460684776306 -0.42203721404075623 -2.3592090606689453 -0.46812891960144043 -0.52825057506561279 -1.0570402145385742 0.016002554446458817 -0.69455927610397339 -0.90900909900665283 -0.16541877388954163
1221.1673000007868 -0.10703636705875397 -1.0294713973999023 0.41436287760734558 0.38398784399032593 -1.880862832069397 -0.24023573100566864 0.40646708011627197 -2.1456365585327148 -0.24090969562530518 -0.27061945199966431 -2.0406010150909424 -0.39267942309379578 -0.38793608546257019 -2.3234481811523438 -0.37236934900283813 -0.49673622846603394 -1.0355771780014038 0.093997664749622345 -0.65293514728546143 -0.82772916555404663 -0.059608284384012222
1221.1673000007868 -0.023635003715753555 -1.0856237411499023 0.53714996576309204 0.41861927509307861 -1.9415104389190674 -0.16596552729606628 0.45039704442024231 -2.2152435779571533 -0.16263411939144135 -0.27822855114936829 -2.0909674167633057 -0.34088996052742004 -0.41727465391159058 -2.3871505260467529 -0.32259255647659302 -0.49245566129684448 -1.0988051891326904 0.10611380636692047 -0.6397663950920105 -0.93588149547576904 -0.10425139963626862
1286.8017000108957 -0.055907707661390305 -1.0620790719985962 0.52932900190353394 0.37990692257881165 -1.9055032730102539 -0.16354848444461823 0.41122198104858398 -2.1752505302429199 -0.16026557981967926 -0.30679410696029663 -2.0527839660644531 -0.33592581748962402 -0.44381558895111084 -2.3446543216705322 -0.31789484620094299 -0.51790189743041992 -1.0750685930252075 0.10456913709640503 -0.66306763887405396 -0.91451716423034668 -0.10273294895887375
1286.8017000108957 -0.0059361858293414116 -1.0714281797409058 0.36720484495162964 0.37496423721313477 -1.9307202100753784 -0.37299016118049622 0.38348987698554993 -2.1930708885192871 -0.36896711587905884 -0.27697953581809998 -2.0292665958404541 -0.49153232574462891 -0.39616090059280396 -2.2998590469360352 -0.4636060893535614 -0.44630396366119385 -0.99508678913116455 0.01499631442129612 -0.58891332149505615 -0.85776889324188232 -0.1730705201625824
1351.7490000128746 -0.0096742240712046623 -1.0681371688842773 0.37204349040985107 0.42102998495101929 -1.9371368885040283 -0.26601260900497437 0.44606870412826538 -2.1991560459136963 -0.25890311598777771 -0.26388087868690491 -2.0431432723999023 -0.36196297407150269 -0.39903479814529419 -2.3107898235321045 -0.31889498233795166 -0.43765264749526978 -1.0682510137557983 0.14491048455238342 -0.58441323041915894 -0.9323737621307373 -0.01368439570069313
1351.7490000128746 0.053762864321470261 -1.0415072441101074 0.32377639412879944 0.44941270351409912 -1.941718578338623 -0.38759502768516541 0.46268925070762634 -2.2183372974395752 -0.39165011048316956 -0.24212168157100677 -2.0468921661376953 -0.5188448429107666 -0.39354664087295532 -2.3360123634338379 -0.50850075483322144 -0.37337473034858704 -1.0794072151184082 0.022196592763066292 -0.49944448471069336 -0.88280218839645386 -0.12125163525342941
1433.263400003314 0.0065412214025855064 -0.99568915367126465 0.53482002019882202 0.37303158640861511 -1.8500205278396606 -0.22161483764648438 0.38587796688079834 -2.1184215545654297 -0.26039236783981323 -0.12730509042739868 -2.0408089160919189 -0.38586297631263733 -0.20897531509399414 -2.3720226287841797 -0.41623911261558533 -0.39224174618721008 -0.99341487884521484 0.07660684734582901 -0.53615599870681763 -0.79491186141967773 -0.076374225318431854
1433.263400003314 -0.086780324578285217 -1.2443474531173706 0.71195173263549805 0.30676630139350891 -2.1386580467224121 -0.065937966108322144 0.31829431653022766 -2.398371696472168 -0.087678395211696625 -0.28606632351875305 -2.334683895111084 -0.2191229909658432 -0.37518894672393799 -2.6526017189025879 -0.2247999906539917 -0.50417333841323853 -1.2143926620483398 0.26731422543525696 -0.66728681325912476 -0.97484344244003296 0.12502892315387726
1492.9422000050545 -0.061035577207803726 -1.1034859418869019 0.58964574337005615 0.32112964987754822 -1.8851721286773682 -0.10375490784645081 0.3239457905292511 -2.1195087432861328 -0.11974360793828964 -0.16820919513702393 -2.0380387306213379 -0.23794199526309967 -0.24741236865520477 -2.3183484077453613 -0.22940380871295929 -0.39780047535896301 -1.0513920783996582 0.23707208037376404 -0.54039168357849121 -0.82586997747421265 0.12297284603118896
1492.9422000050545 -0.10461323708295822 -1.146723747253418 0.61027926206588745 0.29092717170715332 -1.9557676315307617 -0.10738923400640488 0.29384186863899231 -2.198305606842041 -0.12393750250339508 -0.21553775668144226 -2.1139845848083496 -0.24627265334129333 -0.29751291871070862 -2.4041042327880859 -0.23743563890457153 -0.45316436886787415 -1.0928065776824951 0.24536615610122681 -0.6007460355758667 -0.85939151048660278 0.12727363407611847
1552.305600002408 -0.094269841909408569 -1.112521767616272 0.66395187377929688 0.31568053364753723 -1.940601110458374 -0.069334112107753754 0.33587837219238281 -2.1903936862945557 -0.092250429093837738 -0.18257910013198853 -2.086467981338501 -0.26287209987640381 -0.25888636708259583 -2.3805959224700928 -0.26152738928794861 -0.44779995083808899 -1.0891472101211548 0.23982889950275421 -0.58872306346893311 -0.83993303775787354 0.10863998532295227
1552.305600002408 -0.12119901180267334 -1.197529673576355 0.61598694324493408 0.25890600681304932 -1.9843709468841553 -0.11633075028657913 0.25192815065383911 -2.2327470779418945 -0.12108592689037323 -0.20488500595092773 -2.0858030319213867 -0.27964261174201965 -0.29183173179626465 -2.3669960498809814 -0.25393715500831604 -0.49685254693031311 -1.1944394111633301 0.20841334760189056 -0.58832275867462158 -0.84618139266967773 0.12631399929523468
1612.0882000029087 -0.10401344299316406 -1.1788246631622314 0.69567960500717163 0.26308652758598328 -2.0624973773956299 0.012489848770201206 0.27445843815803528 -2.3033232688903809 0.017479578033089638 -0.29621952772140503 -2.2113113403320313 -0.1187814399600029 -0.38044202327728271 -2.5076003074645996 -0.09067700058221817 -0.49095284938812256 -1.1397532224655151 0.31094539165496826 -0.6378636360168457 -0.89345145225524902 0.17100664973258972
1612.0882000029087 -0.055475145578384399 -1.0829174518585205 0.64841991662979126 0.28668481111526489 -1.9065550565719604 0.011644627898931503 0.29728412628173828 -2.1310200691223145 0.016295365989208221 -0.23462317883968353 -2.0452594757080078 -0.11070836335420609 -0.31312376260757446 -2.3214187622070313 -0.084513284265995026 -0.41612669825553894 -1.0465004444122314 0.2898237407207489 -0.55305665731430054 -0.81693190336227417 0.15939213335514069
1669.1780000030994 -0.050671152770519257 -1.1621136665344238 0.64972662925720215 0.30692285299301147 -1.9306647777557373 -0.0098591987043619156 0.32447642087936401 -2.1583216190338135 -0.010480115190148354 -0.23664146661758423 -2.0627679824829102 -0.15474329888820648 -0.32562321424484253 -2.335604190826416 -0.13240636885166168 -0.4360005259513855 -1.110927939414978 0.34299513697624207 -0.55855900049209595 -0.86812722682952881 0.22792956233024597
1669.1780000030994 -0.056217554956674576 -1.0104002952575684 0.67639315128326416 0.34696131944656372 -1.9060395956039429 0.0043428670614957809 0.36424937844276428 -2.1481976509094238 0.0098771890625357628 -0.20344658195972443 -2.0731737613677979 -0.12144798040390015 -0.28697440028190613 -2.3620047569274902 -0.096043236553668976 -0.43546527624130249 -1.0839844942092896 0.32399460673332214 -0.56518131494522095 -0.85355955362319946 0.1990402489900589
1731.3896999955177 -0.085803098976612091 -1.0387977361679077 0.68537008762359619 0.32272833585739136 -1.9463274478912354 0.0043977671302855015 0.34024590253829956 -2.1917002201080322 0.01000556256622076 -0.23498672246932983 -2.115680456161499 -0.12306306511163712 -0.31962347030639648 -2.4083459377288818 -0.097321048378944397 -0.47008568048477173 -1.113358736038208 0.32829320430755615 -0.601523756980896 -0.87987476587295532 0.20167993009090424
1731.3896999955177 -0.046270761638879776 -1.0860652923583984 0.75334727764129639 0.30099934339523315 -1.920727014541626 0.13674876093864441 0.31087407469749451 -2.1562678813934326 0.14406789839267731 -0.20505285263061523 -2.0811803340911865 -0.01798577606678009 -0.30040431022644043 -2.3615405559539795 0.020841483026742935 -0.48114010691642761 -1.1570699214935303 0.40757682919502258 -0.57760584354400635 -0.88219499588012695 0.2798919677734375
1788.1365000009537 -0.080363161861896515 -1.079265832901001 0.68715769052505493 0.28267788887023926 -1.9857362508773804 0.022885048761963844 0.28873395919799805 -2.2183158397674561 0.038281463086605072 -0.24940536916255951 -2.13470458984375 -0.098763592541217804 -0.33181425929069519 -2.4173777103424072 -0.056814726442098618 -0.47662290930747986 -1.138762354850769 0.38242030143737793 -0.61530333757400513 -0.88093298673629761 0.25954127311706543
1788.1365000009537 -0.032911360263824463 -1.043705940246582 0.71816414594650269 0.30908212065696716 -1.948894739151001 0.017786173149943352 0.31456711888313293 -2.1818900108337402 0.047120507806539536 -0.23472627997398376 -2.0846304893493652 -0.08611653745174408 -0.31530982255935669 -2.3599410057067871 -0.032602414488792419 -0.44145292043685913 -1.0923137664794922 0.35255488753318787 -0.59671944379806519 -0.89228034019470215 0.1794581264257431
1851.000799998641 -0.056665234267711639 -1.0861533880233765 0.73731690645217896 0.29444962739944458 -2.0154845714569092 0.018259046599268913 0.30008092522621155 -2.2546939849853516 0.048375766724348068 -0.26386278867721558 -2.1548404693603516 -0.088414870202541351 -0.34659561514854431 -2.4374940395355225 -0.033473461866378784 -0.47610306739807129 -1.1360576152801514 0.36195644736289978 -0.63551080226898193 -0.93068909645080566 0.18424297869205475
1851.000799998641 -0.083117283880710602 -1.1204644441604614 0.67682904005050659 0.27444151043891907 -1.9853606224060059 -0.047913979738950729 0.28256818652153015 -2.2180843353271484 -0.031752202659845352 -0.25185832381248474 -2.0975995063781738 -0.19369253516197205 -0.34110519289970398 -2.3641831874847412 -0.15096493065357208 -0.49098971486091614 -1.2200150489807129 0.32660797238349915 -0.56781750917434692 -0.89537757635116577 0.23016944527626038
1910.5955999940634 -0.052366819232702255 -1.0968313217163086 0.58069694042205811 0.26292523741722107 -1.9858230352401733 -0.22282029688358307 0.26810881495475769 -2.2398917675018311 -0.22491547465324402 -0.26043856143951416 -2.1122808456420898 -0.35931709408760071 -0.3549598753452301 -2.4119002819061279 -0.34375712275505066 -0.45945408940315247 -1.0969305038452148 0.18339787423610687 -0.60035353899002075 -0.90601569414138794 0.03096410259604454
1910.5955999940634 -0.069380514323711395 -1.0652635097503662 0.64670103788375854 0.3063884973526001 -2.009941577911377 -0.040805045515298843 0.31418853998184204 -2.2685282230377197 -0.030450472608208656 -0.25112959742546082 -2.1634790897369385 -0.22686375677585602 -0.37025567889213562 -2.4584176540374756 -0.19319583475589752 -0.54711753129959106 -1.2003731727600098 0.27783548831939697 -0.63001894950866699 -0.85767728090286255 0.18548698723316193
1968.3148000091314 -0.067061923444271088 -1.0876729488372803 0.63879770040512085 0.30411329865455627 -2.0208022594451904 -0.04030357301235199 0.31181794404983521 -2.2762277126312256 -0.030075585469603539 -0.24658912420272827 -2.1724629402160645 -0.22408771514892578 -0.36425885558128357 -2.4637959003448486 -0.19083139300346375 -0.53895854949951172 -1.2211308479309082 0.27444157004356384 -0.62084650993347168 -0.88262444734573364 0.18322202563285828
1968.3148000091314 -0.013833820819854736 -1.07027268409729 0.69529980421066284 0.29480281472206116 -1.9819871187210083 -0.01945190317928791 0.30342561006546021 -2.2163639068603516 -0.0045667709782719612 -0.25012132525444031 -2.1196615695953369 -0.17188946902751923 -0.34769132733345032 -2.3925185203552246 -0.13415703177452087 -0.47168171405792236 -1.1747429370880127 0.34032627940177917 -0.58187073469161987 -0.89949291944503784 0.21602611243724823
