46.050899997353554 -0.71077615022659302 -1.04529869556427 -0.0058913184329867363 -0.74335575103759766 -1.2016491889953613 -0.17334531247615814 -0.91933441162109375 -1.1689349412918091 -0.23908504843711853 -0.76014882326126099 -1.1835684776306152 -0.29440611600875854 -0.93371379375457764 -1.1108298301696777 -0.41085588932037354 -0.87392091751098633 -1.0621414184570313 -0.36359643936157227 -0.72978943586349487 -1.0993173122406006 -0.51807081699371338
46.050899997353554 -0.63027304410934448 -0.87679463624954224 -0.0053267385810613632 -0.65985584259033203 -1.0187633037567139 -0.15737758576869965 -0.81964719295501709 -0.98905819654464722 -0.21707029640674591 -0.67510420083999634 -1.0023458003997803 -0.26730269193649292 -0.83270394802093506 -0.93629801273345947 -0.37304088473320007 -0.77841103076934814 -0.89208811521530151 -0.33012855052947998 -0.64753735065460205 -0.92584437131881714 -0.47039374709129333
111.91250000149012 -0.72756832838058472 -0.92367160320281982 -0.21384590864181519 -0.71426141262054443 -1.0968496799468994 -0.35179153084754944 -0.89993804693222046 -1.0670609474182129 -0.42874786257743835 -0.74083220958709717 -1.110263466835022 -0.43427678942680359 -0.94623929262161255 -1.0264300107955933 -0.57170134782791138 -0.90304213762283325 -1.0107641220092773 -0.41827258467674255 -0.75459843873977661 -1.0358831882476807 -0.47753965854644775
111.91250000149012 -0.71306592226028442 -0.997894287109375 -0.46379676461219788 -0.73170661926269531 -1.2163740396499634 -0.67865639925003052 -0.93249166011810303 -1.1731810569763184 -0.72592055797576904 -0.74322837591171265 -1.1985639333724976 -0.55092823505401611 -0.96431136131286621 -1.1011554002761841 -0.62532317638397217 -0.91179829835891724 -1.0493881702423096 -0.38443747162818909 -0.75913184881210327 -1.0775337219238281 -0.38251632452011108
170.73960000276566 -0.74886804819107056 -1.104952335357666 0.45699974894523621 -0.78906464576721191 -1.237080454826355 0.020474998280405998 -0.97966170310974121 -1.2078442573547363 -0.15268182754516602 -0.81117665767669678 -1.2133870124816895 -0.31729239225387573 -1.0280985832214355 -1.1440130472183228 -0.53033173084259033 -0.98079079389572144 -1.1205949783325195 -0.50798285007476807 -0.78484833240509033 -1.1406159400939941 -0.81786924600601196
170.73960000276566 -0.53047704696655273 -0.92163711786270142 0.53756076097488403 -0.56050992012023926 -1.0552842617034912 0.40425789356231689 -0.71935689449310303 -1.0267245769500732 0.34116306900978088 -0.57211679220199585 -1.0508642196655273 0.11797904968261719 -0.73351240158081055 -0.98576581478118896 0.0054547716863453388 -0.70462697744369507 -0.9563484787940979 -0.10434095561504364 -0.55924218893051147 -0.97700059413909912 -0.37379312515258789
233.86410000175238 -0.68128502368927002 -1.0543301105499268 0.58649981021881104 -0.7140507698059082 -1.2001386880874634 0.44106683135032654 -0.8873523473739624 -1.1689801216125488 0.37223058938980103 -0.72671383619308472 -1.1953164339065552 0.12873755395412445 -0.90279591083526611 -1.1242942810058594 0.0059739272110164165 -0.87128204107284546 -1.0922000408172607 -0.11381284892559052 -0.71266770362854004 -1.1147314310073853 -0.40778431296348572
233.86410000175238 -0.66580808162689209 -1.0156866312026978 0.81420767307281494 -0.67962998151779175 -1.1831786632537842 0.56764930486679077 -0.85965573787689209 -1.1544822454452515 0.45842152833938599 -0.72324246168136597 -1.1705269813537598 0.16200898587703705 -0.92180335521697998 -1.1013318300247192 0.010923884809017181 -0.90646213293075562 -1.0835555791854858 -0.091908209025859833 -0.74117904901504517 -1.1084295511245728 -0.45386996865272522
332.92430000007153 -0.69146883487701416 -0.93240469694137573 -0.018231213092803955 -0.67545610666275024 -1.1164624691009521 -0.36151635646820068 -0.84246110916137695 -1.0895675420761108 -0.45513969659805298 -0.6762651801109314 -1.0908687114715576 -0.51772987842559814 -0.82956457138061523 -1.0010223388671875 -0.66452908515930176 -0.7649039626121521 -0.99364084005355835 -0.57623112201690674 -0.60905236005783081 -1.0318146944046021 -0.79969096183776855
411.97500000149012 -0.6584739089012146 -0.99135780334472656 -1.1866029500961304 -0.73705840110778809 -1.129585862159729 -1.389492392539978 -0.94379490613937378 -1.0941160917282104 -1.4347518682479858 -0.73235458135604858 -1.1025735139846802 -0.83282136917114258 -0.87995100021362305 -1.0100075006484985 -0.85293203592300415 -0.77484303712844849 -0.88742762804031372 -0.43362781405448914 -0.65944665670394897 -0.88123488426208496 -0.14061826467514038
411.97500000149012 -0.74980920553207397 -0.98663443326950073 -1.0300954580307007 -0.81909686326980591 -1.1608833074569702 -1.2199218273162842 -1.0369875431060791 -1.1116077899932861 -1.2320722341537476 -0.71944719552993774 -1.0226811170578003 -0.56407296657562256 -0.78291535377502441 -0.90313798189163208 -0.56847000122070313 -0.61357903480529785 -0.79025489091873169 -0.19213370978832245 -0.47349464893341064 -0.8159288763999939 0.093554571270942688
478.09079999476671 -0.74589389562606812 -0.9118427038192749 -1.1277296543121338 -0.81097829341888428 -1.0695017576217651 -1.2219257354736328 -1.0537747144699097 -1.0169835090637207 -1.2964290380477905 -0.70663189888000488 -0.95827198028564453 -0.59930402040481567 -0.77382463216781616 -0.83574134111404419 -0.58035439252853394 -0.60226726531982422 -0.74073517322540283 -0.16847459971904755 -0.48957443237304688 -0.77045035362243652 0.16049075126647949
478.09079999476671 -0.74548435211181641 -0.94723773002624512 -1.0821924209594727 -0.80622994899749756 -1.1362153291702271 -1.2147660255432129 -1.0224564075469971 -1.0984213352203369 -1.2419450283050537 -0.68908953666687012 -1.0147403478622437 -0.58676445484161377 -0.7578359842300415 -0.90287166833877563 -0.59071624279022217 -0.61134159564971924 -0.81675457954406738 -0.19368529319763184 -0.47408026456832886 -0.84075874090194702 0.11138311773538589
537.2322999984026 -0.69623392820358276 -0.91405904293060303 -1.2171121835708618 -0.79343497753143311 -1.0860164165496826 -1.3978729248046875 -1.001826286315918 -1.0640408992767334 -1.461845874786377 -0.75464075803756714 -1.0235100984573364 -0.79670959711074829 -0.88398891687393188 -0.92059952020645142 -0.81344825029373169 -0.75716680288314819 -0.819541335105896 -0.35577419400215149 -0.6446264386177063 -0.83679866790771484 -0.053886815905570984
537.2322999984026 -0.69053345918655396 -1.0184470415115356 0.51875400543212891 -0.73973709344863892 -1.1378188133239746 0.42719104886054993 -0.92566603422164917 -1.1200634241104126 0.38422298431396484 -0.75827515125274658 -1.1120743751525879 0.18614161014556885 -0.94394594430923462 -1.0441818237304688 0.1011093407869339 -0.87987285852432251 -0.98644357919692993 0.098551452159881592 -0.72347497940063477 -1.0178178548812866 -0.13790801167488098
595.94150000065565 -0.73575425148010254 -1.194084644317627 0.57124203443527222 -0.78993630409240723 -1.3255343437194824 0.4704149067401886 -0.99467724561691284 -1.3059824705123901 0.42309936881065369 -0.81035000085830688 -1.2971851825714111 0.2049764096736908 -1.0148067474365234 -1.2224233150482178 0.11134070158004761 -0.94425076246261597 -1.1588431596755981 0.10852400213479996 -0.77202880382537842 -1.1933917999267578 -0.15186008810997009
595.94150000065565 -0.72100156545639038 -1.1004530191421509 -0.96858084201812744 -0.81899571418762207 -1.1910191774368286 -1.0420486927032471 -1.0141443014144897 -1.143919825553894 -1.0714794397354126 -0.74211704730987549 -1.1865383386611938 -0.61673849821090698 -0.89588123559951782 -1.0850491523742676 -0.63494682312011719 -0.74317353963851929 -1.0141654014587402 -0.22421890497207642 -0.57575565576553345 -1.0376400947570801 -0.03709038719534874
655.8048999980092 -0.62836575508117676 -1.0200763940811157 -1.3013043403625488 -0.69826269149780273 -1.1990183591842651 -1.46156907081604 -0.95644044876098633 -1.1731023788452148 -1.5312573909759521 -0.71072924137115479 -1.0985811948776245 -0.79519355297088623 -0.84932214021682739 -0.9899023175239563 -0.81103497743606567 -0.72051030397415161 -0.84536808729171753 -0.38567855954170227 -0.61706477403640747 -0.8489421010017395 -0.036734238266944885
655.8048999980092 -0.62082737684249878 -0.953560471534729 -1.2477849721908569 -0.68784958124160767 -1.1251429319381714 -1.4014581441879272 -0.93540889024734497 -1.1002928018569946 -1.4682803153991699 -0.69980335235595703 -1.0288366079330444 -0.76248973608016968 -0.83269619941711426 -0.92462748289108276 -0.77767962217330933 -0.70918214321136475 -0.7860376238822937 -0.36981749534606934 -0.60999119281768799 -0.78946477174758911 -0.035224750638008118
717.53810000419617 -0.64737039804458618 -0.92703390121459961 -0.34248396754264832 -0.74574071168899536 -1.0733387470245361 -0.33738335967063904 -0.92460602521896362 -1.0256123542785645 -0.35417371988296509 -0.69979661703109741 -1.052442193031311 -0.187201127409935 -0.86760377883911133 -0.94926261901855469 -0.25170955061912537 -0.77011007070541382 -0.91137874126434326 0.0043142582289874554 -0.62235122919082642 -0.95387840270996094 0.068387851119041443
717.53810000419617 -0.67934709787368774 -1.0251585245132446 -1.3568235635757446 -0.74292153120040894 -1.25665283203125 -1.7221511602401733 -0.9974294900894165 -1.2378560304641724 -1.8074698448181152 -0.81219792366027832 -1.2107486724853516 -1.0424376726150513 -1.0001715421676636 -1.1044831275939941 -1.0829581022262573 -0.86909675598144531 -0.95008736848831177 -0.63697880506515503 -0.76381540298461914 -0.94336599111557007 -0.29083302617073059
775.06700000166893 -0.60920208692550659 -0.8872448205947876 -1.2734415531158447 -0.66886955499649048 -1.1045126914978027 -1.6163179874420166 -0.90773683786392212 -1.0868709087371826 -1.6963934898376465 -0.73388862609863281 -1.061429500579834 -0.97837626934051514 -0.91031026840209961 -0.96169447898864746 -1.0164065361022949 -0.78729069232940674 -0.81678706407546997 -0.59783476591110229 -0.68847942352294922 -0.81047874689102173 -0.27296134829521179
775.06700000166893 -0.65684133768081665 -0.9566267728805542 -1.3730238676071167 -0.72117471694946289 -1.1908848285675049 -1.7427130937576294 -0.9787212610244751 -1.1718635559082031 -1.8290503025054932 -0.79127824306488037 -1.144432544708252 -1.054884672164917 -0.98149591684341431 -1.0368983745574951 -1.0958888530731201 -0.84885632991790771 -0.88065928220748901 -0.64458507299423218 -0.74231809377670288 -0.87385767698287964 -0.29430675506591797
835.14590000361204 -0.71959364414215088 -0.97027724981307983 -1.1343348026275635 -0.80813497304916382 -1.1978259086608887 -1.3853327035903931 -1.0201390981674194 -1.1680886745452881 -1.4027401208877563 -0.75207352638244629 -1.1298670768737793 -0.73024505376815796 -0.89307516813278198 -1.0141516923904419 -0.73202872276306152 -0.75534152984619141 -0.88341832160949707 -0.31189370155334473 -0.61547499895095825 -0.89164966344833374 -0.02752678282558918
835.14590000361204 -0.74407511949539185 -0.95986157655715942 -1.2020605802536011 -0.80081844329833984 -1.1288392543792725 -1.2695567607879639 -0.99547696113586426 -1.089057445526123 -1.2997912168502808 -0.77169078588485718 -1.059833288192749 -0.764396071434021 -0.91184437274932861 -0.93974262475967407 -0.81244713068008423 -0.78875744342803955 -0.85237908363342285 -0.35255676507949829 -0.663796067237854 -0.8773263692855835 -0.058466069400310516
901.0405999943614 -0.68061888217926025 -1.0153864622116089 -1.2417690753936768 -0.73923701047897339 -1.189947247505188 -1.3114954233169556 -0.94032710790634155 -1.1488510370254517 -1.3427287340164185 -0.70914703607559204 -1.1186611652374268 -0.78964418172836304 -0.85393130779266357 -0.9946027398109436 -0.83928287029266357 -0.72677749395370483 -0.90435278415679932 -0.36419776082038879 -0.59768754243850708 -0.93012434244155884 -0.060390304774045944
901.0405999943614 -0.70136308670043945 -1.0278773307800293 -1.3377652168273926 -0.80801713466644287 -1.1641780138015747 -1.5220874547958374 -1.0505692958831787 -1.1142141819000244 -1.534313440322876 -0.65570980310440063 -0.95627427101135254 -0.74552649259567261 -0.65647643804550171 -0.81368571519851685 -0.67451804876327515 -0.43056043982505798 -0.71587687730789185 -0.17615652084350586 -0.29176551103591919 -0.77004021406173706 0.14159241318702698
965.77629999816418 -0.72737884521484375 -0.8975260853767395 -1.1506532430648804 -0.75938922166824341 -1.0845299959182739 -1.3006981611251831 -0.96205371618270874 -1.0541079044342041 -1.3291070461273193 -0.71994936466217041 -1.0231696367263794 -0.76614069938659668 -0.86996227502822876 -0.91280817985534668 -0.83868759870529175 -0.73276340961456299 -0.80690950155258179 -0.409706711769104 -0.58745390176773071 -0.83579683303833008 -0.080222822725772858
965.77629999816418 -0.76802033185958862 -0.94499295949935913 -1.3465697765350342 -0.82572698593139648 -1.2186709642410278 -1.7055176496505737 -1.0992984771728516 -1.1725015640258789 -1.7334781885147095 -0.74043458700180054 -0.96548736095428467 -0.87232506275177002 -0.7448883056640625 -0.81760150194168091 -0.79630440473556519 -0.51428133249282837 -0.70778429508209229 -0.30414870381355286 -0.38871797919273376 -0.76298445463180542 0.025927348062396049
1024.3421000018716 -0.72013199329376221 -0.74577587842941284 -1.2288950681686401 -0.81499826908111572 -0.91649091243743896 -1.3731664419174194 -1.0148028135299683 -0.89545893669128418 -1.4438837766647339 -0.72161620855331421 -0.84115439653396606 -0.72827929258346558 -0.807872474193573 -0.73153102397918701 -0.73674660921096802 -0.65562945604324341 -0.64935809373855591 -0.2727072536945343 -0.53000062704086304 -0.69070905447006226 -0.0041769742965698242
1024.3421000018716 -0.81875389814376831 -0.94197529554367065 -1.4452986717224121 -0.93032771348953247 -1.1427559852600098 -1.614978551864624 -1.1653209924697876 -1.1180199384689331 -1.6981503963470459 -0.82049953937530518 -1.0541515350341797 -0.85651659965515137 -0.9219469428062439 -0.92522168159484863 -0.86647510528564453 -0.74289143085479736 -0.82857680320739746 -0.32071107625961304 -0.59513735771179199 -0.87721031904220581 -0.0048883454874157906
1090.3793999925256 -0.70148009061813354 -0.85985362529754639 -1.4850778579711914 -0.75626665353775024 -1.1227627992630005 -1.6031670570373535 -1.0008490085601807 -1.0964791774749756 -1.6557508707046509 -0.72631388902664185 -1.0226230621337891 -0.99569499492645264 -0.85456627607345581 -0.91932672262191772 -1.0343450307846069 -0.66621804237365723 -0.75386941432952881 -0.50156122446060181 -0.53373450040817261 -0.78667759895324707 -0.14205576479434967
1090.3793999925256 -0.81943464279174805 -0.97548085451126099 -1.2084065675735474 -0.83344048261642456 -1.2040431499481201 -1.3766963481903076 -1.080896258354187 -1.1602792739868164 -1.4127358198165894 -0.75810950994491577 -1.0337684154510498 -0.80896788835525513 -0.85352575778961182 -0.90994048118591309 -0.87958186864852905 -0.68563228845596313 -0.75940209627151489 -0.37027764320373535 -0.54022049903869629 -0.79758614301681519 -0.0045357462950050831
1153.5031000003219 -0.8405957818031311 -0.92491412162780762 -1.0779449939727783 -0.87469387054443359 -1.1094160079956055 -1.1870954036712646 -1.0585427284240723 -1.0431370735168457 -1.1778680086135864 -0.75671207904815674 -1.0127168893814087 -0.63350743055343628 -0.8367544412612915 -0.8825451135635376 -0.64356952905654907 -0.67799466848373413 -0.79300475120544434 -0.18832089006900787 -0.52495819330215454 -0.83066684007644653 0.085326336324214935
1153.5031000003219 -0.86348605155944824 -0.90725749731063843 -1.088590145111084 -0.89792120456695557 -1.0935834646224976 -1.1988197565078735 -1.0835877656936646 -1.0266493558883667 -1.1895010471343994 -0.77877295017242432 -0.99592840671539307 -0.63975846767425537 -0.85960674285888672 -0.86446958780288696 -0.64992004632949829 -0.69927728176116943 -0.7740439772605896 -0.19017043709754944 -0.54472780227661133 -0.81207841634750366 0.086182288825511932
1209.4655999988317 -0.88683474063873291 -0.93178975582122803 -1.1180257797241211 -0.92220103740692139 -1.1231540441513062 -1.2312358617782593 -1.1128880977630615 -1.0544099807739258 -1.2216652631759644 -0.79983103275299072 -1.0228583812713623 -0.65705758333206177 -0.8828505277633667 -0.88784486055374146 -0.66749393939971924 -0.71818578243255615 -0.79497414827346802 -0.19531266391277313 -0.55945724248886108 -0.83403706550598145 0.088512659072875977
1209.4655999988317 -0.80946558713912964 -0.96426063776016235 -1.1427576541900635 -0.84763485193252563 -1.105263352394104 -1.2673962116241455 -1.0642098188400269 -1.0569419860839844 -1.308956503868103 -0.79418957233428955 -1.0639854669570923 -0.7805669903755188 -0.96183019876480103 -0.95499402284622192 -0.85669463872909546 -0.84718096256256104 -0.85459357500076294 -0.37188428640365601 -0.69361567497253418 -0.86196625232696533 -0.037952464073896408
1264.1951000019908 -0.76572549343109131 -1.0768575668334961 -1.4547170400619507 -0.84887576103210449 -1.2422127723693848 -1.5683610439300537 -1.1202576160430908 -1.1917294263839722 -1.6714572906494141 -0.78954321146011353 -1.1255291700363159 -0.9433557391166687 -0.91423064470291138 -1.0192064046859741 -0.99081027507781982 -0.75730282068252563 -0.87792271375656128 -0.42091459035873413 -0.61274290084838867 -0.89657694101333618 -0.06468537449836731
1264.1951000019908 -0.68285393714904785 -0.96377396583557129 -1.3417731523513794 -0.75954818725585938 -1.1162905693054199 -1.4465936422348022 -1.0098593235015869 -1.069726824760437 -1.5416851043701172 -0.70482230186462402 -1.0086665153503418 -0.87011528015136719 -0.81982874870300293 -0.91059893369674683 -0.91388517618179321 -0.67508518695831299 -0.7802848219871521 -0.38823762536048889 -0.54174917936325073 -0.79749071598052979 -0.059666905552148819
1320.7971000000834 -0.75984728336334229 -1.0114790201187134 -1.2840245962142944 -0.75142425298690796 -1.1744688749313354 -1.4580131769180298 -0.98952192068099976 -1.1436247825622559 -1.5336183309555054 -0.76310336589813232 -1.0952132940292358 -0.98440885543823242 -0.92763572931289673 -0.99233341217041016 -1.0741443634033203 -0.80307847261428833 -0.86194562911987305 -0.58032089471817017 -0.67052310705184937 -0.87491816282272339 -0.20605450868606567
1320.7971000000834 -0.75018864870071411 -0.97946184873580933 -1.4398249387741089 -0.70849466323852539 -1.1752575635910034 -1.7569601535797119 -1.0102163553237915 -1.1385458707809448 -1.8635902404785156 -0.74909716844558716 -1.0105862617492676 -1.1337566375732422 -0.85454195737838745 -0.90077298879623413 -1.1576226949691772 -0.65986061096191406 -0.72305059432983398 -0.64605504274368286 -0.54417961835861206 -0.75937891006469727 -0.27140390872955322
1379.0794000029564 -0.7294694185256958 -0.91646981239318848 -1.4263322353363037 -0.68816643953323364 -1.1104295253753662 -1.7404936552047729 -0.98705887794494629 -1.0740621089935303 -1.8461240530014038 -0.72838819026947021 -0.94730252027511597 -1.1231337785720825 -0.83284419775009155 -0.83851885795593262 -1.1467760801315308 -0.63998836278915405 -0.66246294975280762 -0.64000540971755981 -0.52539211511611938 -0.69845062494277954 -0.26886728405952454
1379.0794000029564 -0.76339083909988403 -0.99911129474639893 -1.2066507339477539 -0.79524445533752441 -1.1444422006607056 -1.3031508922576904 -1.017094612121582 -1.1018335819244385 -1.3807626962661743 -0.75249069929122925 -1.0387321710586548 -0.85879421234130859 -0.87949079275131226 -0.92792665958404541 -0.92175072431564331 -0.72666728496551514 -0.80955666303634644 -0.428415447473526 -0.58991974592208862 -0.83352619409561157 -0.1244819387793541
1435.777800001204 -0.78800994157791138 -1.0528842210769653 -1.402324914932251 -0.89324468374252319 -1.1835798025131226 -1.5387119054794312 -1.1898477077484131 -1.1310008764266968 -1.5970239639282227 -0.78992915153503418 -1.0691218376159668 -0.88218492269515991 -0.89172244071960449 -0.98949795961380005 -0.85933589935302734 -0.61710619926452637 -0.76557773351669312 -0.30143237113952637 -0.46594485640525818 -0.79701656103134155 0.0050523881800472736
1435.777800001204 -0.85358947515487671 -0.98834037780761719 -1.2081366777420044 -0.84727925062179565 -1.0998374223709106 -1.3812927007675171 -1.0862007141113281 -1.0446748733520508 -1.4390172958374023 -0.77282953262329102 -1.0270299911499023 -0.86593782901763916 -0.90500998497009277 -0.92264771461486816 -0.89839732646942139 -0.73989737033843994 -0.79524737596511841 -0.41882696747779846 -0.5768507719039917 -0.82676237821578979 -0.12774601578712463
1494.993299998343 -0.90335929393768311 -1.0303353071212769 -1.2485115528106689 -0.89683812856674194 -1.1455591917037964 -1.4274553060531616 -1.1437455415725708 -1.088552713394165 -1.4871094226837158 -0.81989997625350952 -1.0703181028366089 -0.8948746919631958 -0.95649844408035278 -0.96244692802429199 -0.92841911315917969 -0.78586697578430176 -0.830788254737854 -0.4328191876411438 -0.61737048625946045 -0.86335653066635132 -0.13200879096984863
1494.993299998343 -0.87431859970092773 -0.94907093048095703 -1.465751051902771 -0.87911844253540039 -1.0999834537506104 -1.5246297121047974 -1.1342425346374512 -1.0594102144241333 -1.6327183246612549 -0.85598015785217285 -1.0818536281585693 -1.0902491807937622 -1.0331954956054688 -1.0027875900268555 -1.1746094226837158 -0.83448845148086548 -0.83075380325317383 -0.59779268503189087 -0.70299059152603149 -0.87261962890625 -0.27798116207122803
1553.9683000072837 -0.89357531070709229 -1.0566298961639404 -1.3554736375808716 -0.85413259267807007 -1.2205541133880615 -1.7068330049514771 -1.1714727878570557 -1.1779196262359619 -1.7827874422073364 -0.7934257984161377 -0.936484694480896 -0.95733767747879028 -0.78675949573516846 -0.80668908357620239 -0.92724907398223877 -0.52958512306213379 -0.64430218935012817 -0.46156212687492371 -0.39070627093315125 -0.68944722414016724 -0.064973168075084686
1553.9683000072837 -0.83194816112518311 -0.96674144268035889 -1.2766858339309692 -0.79479825496673584 -1.1211367845535278 -1.6076208353042603 -1.0936915874481201 -1.0809805393218994 -1.6791602373123169 -0.73762029409408569 -0.85358017683029175 -0.90169340372085571 -0.73134148120880127 -0.73132950067520142 -0.87335377931594849 -0.48911651968955994 -0.57838207483291626 -0.4347369372844696 -0.35831063985824585 -0.62090283632278442 -0.061201497912406921
1612.015199996531 -0.82547765970230103 -0.88324141502380371 -1.6829063892364502 -0.78628522157669067 -1.1021909713745117 -1.9459083080291748 -1.1082034111022949 -1.0623933076858521 -1.9843231439590454 -0.76203006505966187 -0.94918173551559448 -1.1853957176208496 -0.84278774261474609 -0.85617649555206299 -1.089434027671814 -0.58887404203414917 -0.66299730539321899 -0.55760294198989868 -0.4496435821056366 -0.72265762090682983 -0.20457567274570465
1612.015199996531 -0.86966484785079956 -0.82928210496902466 -1.3840668201446533 -0.86934447288513184 -1.0068720579147339 -1.427552342414856 -1.0969172716140747 -0.96329998970031738 -1.472209095954895 -0.81724882125854492 -0.946807861328125 -0.91989398002624512 -0.94624161720275879 -0.85895538330078125 -0.95764321088790894 -0.78022545576095581 -0.71607321500778198 -0.44906109571456909 -0.63341057300567627 -0.75302815437316895 -0.14600458741188049
1668.9975000023842 -0.82539820671081543 -1.0679312944412231 -1.4477914571762085 -0.91827398538589478 -1.1176069974899292 -1.4880005121231079 -1.1840442419052124 -1.0514911413192749 -1.5357733964920044 -0.8085058331489563 -1.040141224861145 -0.88539677858352661 -0.89949262142181396 -0.95891034603118896 -0.88034337759017944 -0.61716824769973755 -0.72834998369216919 -0.37789583206176758 -0.4882638156414032 -0.77451658248901367 -0.076143704354763031
1668.9975000023842 -0.78798604011535645 -1.0498565435409546 -1.4031776189804077 -0.87799984216690063 -1.0980014801025391 -1.4421476125717163 -1.1355805397033691 -1.0339230298995972 -1.4884483814239502 -0.7716141939163208 -1.0229228734970093 -0.8581128716468811 -0.85979723930358887 -0.94419509172439575 -0.85321515798568726 -0.58617258071899414 -0.72073942422866821 -0.36625039577484131 -0.46124032139778137 -0.76548337936401367 -0.073796659708023071
1730.7822000011802 -0.80404090881347656 -1.0267224311828613 -1.5363285541534424 -0.84163445234298706 -1.1540963649749756 -1.6989010572433472 -1.1195416450500488 -1.0940190553665161 -1.7449275255203247 -0.7176404595375061 -0.92618215084075928 -1.0088436603546143 -0.68200278282165527 -0.79812848567962646 -0.98364275693893433 -0.48039907217025757 -0.66827356815338135 -0.47720974683761597 -0.35327711701393127 -0.71435189247131348 -0.078491166234016418
1730.7822000011802 -0.7320665717124939 -0.88957208395004272 -1.2402127981185913 -0.7301943302154541 -1.0283175706863403 -1.369471549987793 -0.96662294864654541 -1.0085489749908447 -1.4437264204025269 -0.70934414863586426 -0.92457908391952515 -0.83163493871688843 -0.82226991653442383 -0.85389429330825806 -0.84339350461959839 -0.64607143402099609 -0.66514188051223755 -0.39516821503639221 -0.51896852254867554 -0.68230539560317993 -0.085557729005813599
1795.1046999916434 -0.82140707969665527 -1.0783637762069702 -1.4047033786773682 -0.8192865252494812 -1.2355109453201294 -1.5511057376861572 -1.0870726108551025 -1.2131204605102539 -1.6352089643478394 -0.79567098617553711 -1.1180137395858765 -0.94193565845489502 -0.92357409000396729 -1.0379540920257568 -0.95525377988815308 -0.72400635480880737 -0.82416731119155884 -0.44758030772209167 -0.58004581928253174 -0.84360718727111816 -0.096906132996082306
1795.1046999916434 -0.7818794846534729 -0.96854668855667114 -1.264741063117981 -0.83407789468765259 -1.1154707670211792 -1.368675708770752 -1.0861246585845947 -1.0799778699874878 -1.4518702030181885 -0.77100479602813721 -1.0140985250473022 -0.81745660305023193 -0.88464897871017456 -0.93434017896652222 -0.84684509038925171 -0.64595150947570801 -0.75149315595626831 -0.33319821953773499 -0.51313513517379761 -0.78052753210067749 -0.011900858953595161
1855.5965000018477 -0.68783235549926758 -0.94161570072174072 -1.3032165765762329 -0.74313026666641235 -1.1193854808807373 -1.6908301115036011 -1.008002758026123 -1.0905873775482178 -1.7837724685668945 -0.76447075605392456 -1.0253945589065552 -1.0432858467102051 -0.90259444713592529 -0.93741327524185181 -1.0891382694244385 -0.71738517284393311 -0.73009598255157471 -0.60656130313873291 -0.62137126922607422 -0.76961052417755127 -0.27183911204338074
1855.5965000018477 -0.65626651048660278 -0.96744871139526367 -1.4742231369018555 -0.80874621868133545 -1.0668286085128784 -1.6296645402908325 -1.0801753997802734 -1.0039829015731812 -1.7195588350296021 -0.72193002700805664 -0.99098324775695801 -0.9909483790397644 -0.84177058935165405 -0.88660037517547607 -1.0160448551177979 -0.62469524145126343 -0.71941632032394409 -0.47711795568466187 -0.47158801555633545 -0.7571873664855957 -0.096947260200977325
1918.4304000064731 -0.93686062097549438 -1.0256240367889404 -1.8091105222702026 -0.93306773900985718 -1.1704062223434448 -1.9007142782211304 -1.2378376722335815 -1.0951260328292847 -2.0263288021087646 -0.83346372842788696 -1.0441495180130005 -1.1670335531234741 -0.89565622806549072 -0.93752151727676392 -1.1449193954467773 -0.65888381004333496 -0.78059625625610352 -0.5458911657333374 -0.51302015781402588 -0.81680715084075928 -0.16311182081699371
1918.4304000064731 -0.8116418719291687 -0.83434641361236572 -1.6378625631332397 -0.80820798873901367 -0.96542239189147949 -1.7207945585250854 -1.0841262340545654 -0.89726871252059937 -1.834517240524292 -0.71803325414657593 -0.85111802816390991 -1.0565692186355591 -0.77433812618255615 -0.75458425283432007 -1.0365486145019531 -0.55998033285140991 -0.61251461505889893 -0.49422866106033325 -0.42792516946792603 -0.64529752731323242 -0.1476859450340271
2027.2744999974966 -0.82866573333740234 -0.72666358947753906 -0.69762629270553589 -0.9132695198059082 -0.95214271545410156 -0.94849967956542969 -1.0728549957275391 -0.86180305480957031 -0.94023376703262329 -0.76827293634414673 -0.87715595960617065 -0.50666087865829468 -0.87651079893112183 -0.70387214422225952 -0.56636083126068115 -0.70312917232513428 -0.65742850303649902 -0.131926029920578 -0.52495497465133667 -0.70228880643844604 0.10878168791532516
