50.646599993109703 -0.13449642062187195 -1.1469638347625732 0.72666019201278687 0.33854863047599792 -1.7346179485321045 -0.0032348344102501869 0.3720778226852417 -1.930169939994812 -0.018172092735767365 -0.22572918236255646 -1.8566963672637939 -0.17296618223190308 -0.28696680068969727 -2.0711948871612549 -0.15044198930263519 -0.44154182076454163 -1.0911537408828735 0.3630237877368927 -0.56998032331466675 -0.88821333646774292 0.25026077032089233
50.646599993109703 -0.12863193452358246 -1.1785026788711548 0.66497677564620972 0.36255195736885071 -1.7835003137588501 -0.14065136015415192 0.39683106541633606 -1.986963152885437 -0.16616462171077728 -0.21563492715358734 -1.9081407785415649 -0.3094538152217865 -0.27586695551872253 -2.1237618923187256 -0.29188176989555359 -0.42310163378715515 -1.1401368379592896 0.35318729281425476 -0.55166095495223999 -0.94424152374267578 0.26508551836013794
130.29999999701977 -0.21352572739124298 -1.088903546333313 0.65070760250091553 0.36366617679595947 -1.7368996143341064 -0.046954955905675888 0.41608652472496033 -1.9385963678359985 -0.081271365284919739 -0.22749552130699158 -1.8997668027877808 -0.13431940972805023 -0.28780359029769897 -2.1292827129364014 -0.12113842368125916 -0.44254550337791443 -1.1755014657974243 0.40578481554985046 -0.59975242614746094 -0.96812623739242554 0.33555635809898376
130.29999999701977 -0.11156899482011795 -1.1326212882995605 0.69154268503189087 0.41970252990722656 -1.795878529548645 -0.013323001563549042 0.46450048685073853 -1.9981836080551147 -0.029354063794016838 -0.17940527200698853 -1.9281313419342041 -0.12220823019742966 -0.24525031447410583 -2.1536359786987305 -0.095843605697154999 -0.37332338094711304 -1.2101832628250122 0.40795201063156128 -0.51467889547348022 -0.98724228143692017 0.30980262160301208
188.81749999523163 -0.18314208090305328 -1.1749504804611206 0.88643348217010498 0.40732273459434509 -1.871518611907959 0.32085815072059631 0.46279984712600708 -2.0767409801483154 0.32658594846725464 -0.23730768263339996 -2.0537261962890625 0.1922425776720047 -0.31552186608314514 -2.2982492446899414 0.22599418461322784 -0.47258785367012024 -1.2290240526199341 0.53147614002227783 -0.63150870800018311 -1.0411809682846069 0.41209250688552856
188.81749999523163 -0.13726930320262909 -1.0025534629821777 0.7913544774055481 0.38986876606941223 -1.6244155168533325 0.28643649816513062 0.43939599394798279 -1.8076279163360596 0.29154998064041138 -0.18562571704387665 -1.7870813608169556 0.17161479592323303 -0.255451500415802 -2.0053794384002686 0.20174658298492432 -0.39567232131958008 -1.0508278608322144 0.47446590662002563 -0.53754907846450806 -0.88313072919845581 0.36788603663444519
258.6879999935627 -0.13444377481937408 -1.0582526922225952 0.7020447850227356 0.36103123426437378 -1.7087417840957642 0.068395651876926422 0.39719989895820618 -1.9175455570220947 0.04923737421631813 -0.17746785283088684 -1.8704794645309448 -0.067487932741641998 -0.24214741587638855 -2.1043767929077148 -0.049434401094913483 -0.4329448938369751 -1.1137163639068604 0.35161188244819641 -0.56529808044433594 -0.9334912896156311 0.23577046394348145
258.6879999935627 -0.14309731125831604 -1.1905478239059448 0.7226865291595459 0.3489709198474884 -1.8608207702636719 0.071758031845092773 0.40236300230026245 -2.0904610157012939 0.036305621266365051 -0.22913043200969696 -2.0301272869110107 -0.10416203737258911 -0.30175569653511047 -2.2899525165557861 -0.11281809955835342 -0.4738118052482605 -1.2105623483657837 0.28571429848670959 -0.60919594764709473 -1.0147175788879395 0.13413786888122559
318.95100000500679 -0.14941675961017609 -1.154046893119812 0.79403781890869141 0.35943117737770081 -1.8210271596908569 0.2862108051776886 0.41106504201889038 -2.0191848278045654 0.28486600518226624 -0.26433619856834412 -1.9728301763534546 0.2004343718290329 -0.3376680314540863 -2.2108151912689209 0.2303377240896225 -0.4373575747013092 -1.2155667543411255 0.42741140723228455 -0.537528395652771 -0.96640390157699585 0.30864197015762329
318.95100000500679 -0.081478163599967957 -1.0555875301361084 0.74528545141220093 0.39612528681755066 -1.6816134452819824 0.26864016056060791 0.44458872079849243 -1.8676037788391113 0.26737794280052185 -0.18934126198291779 -1.8240953683853149 0.18813061714172363 -0.25817033648490906 -2.0474677085876465 0.21619781851768494 -0.35173872113227844 -1.1133298873901367 0.40117073059082031 -0.44575884938240051 -0.87946617603302002 0.28969398140907288
377.00810000300407 -0.072166197001934052 -1.1073368787765503 0.71118587255477905 0.36764410138130188 -1.7295553684234619 0.12703779339790344 0.4209553599357605 -1.9395071268081665 0.097449637949466705 -0.20357711613178253 -1.8975943326950073 -0.046654842793941498 -0.2779901921749115 -2.1479618549346924 -0.058624345809221268 -0.37182238698005676 -1.0849000215530396 0.22882835566997528 -0.4975152313709259 -0.94025218486785889 0.051595162600278854
377.00810000300407 -0.19278797507286072 -1.232768177986145 0.77262067794799805 0.33704322576522827 -1.8551474809646606 0.23996163904666901 0.38859423995018005 -2.0529329776763916 0.24335923790931702 -0.2622358500957489 -2.0093104839324951 0.093524225056171417 -0.34165695309638977 -2.2450239658355713 0.11842576414346695 -0.44858938455581665 -1.223524808883667 0.3875354528427124 -0.57170945405960083 -1.0557963848114014 0.23053193092346191
441.70839999616146 -0.1982329934835434 -1.1033848524093628 0.71565103530883789 0.31588366627693176 -1.6700201034545898 0.25002375245094299 0.35690274834632874 -1.858820915222168 0.24181936681270599 -0.23053908348083496 -1.8164708614349365 0.06979050487279892 -0.31928709149360657 -2.0331146717071533 0.079237751662731171 -0.45219087600708008 -1.1183359622955322 0.34009987115859985 -0.56581133604049683 -0.93503952026367188 0.20716056227684021
441.70839999616146 -0.20981378853321075 -1.1519796848297119 0.74447566270828247 0.32501018047332764 -1.741437554359436 0.26009416580200195 0.36768138408660889 -1.937842845916748 0.25155931711196899 -0.24342107772827148 -1.8937869071960449 0.072601564228534698 -0.33574363589286804 -2.1191565990447998 0.082429319620132446 -0.47400042414665222 -1.1675328016281128 0.35379832983016968 -0.59219729900360107 -0.97685378789901733 0.21550455689430237
496.83109998703003 -0.20057438313961029 -1.17570960521698 0.78122919797897339 0.30219531059265137 -1.775225043296814 0.29952517151832581 0.32974433898925781 -1.9665861129760742 0.30566403269767761 -0.23682306706905365 -1.9209990501403809 0.096882857382297516 -0.3330540657043457 -2.1315529346466064 0.13198757171630859 -0.50710844993591309 -1.2026128768920898 0.37504041194915771 -0.61799073219299316 -1.0104720592498779 0.22177615761756897
496.83109998703003 -0.27100694179534912 -1.1786950826644897 0.6797063946723938 0.27577811479568481 -1.7675019502639771 0.2751985490322113 0.30399924516677856 -1.9553338289260864 0.29812973737716675 -0.23201452195644379 -1.9073673486709595 0.068224862217903137 -0.31609657406806946 -2.1175525188446045 0.10391633957624435 -0.50084340572357178 -1.1537625789642334 0.3274596631526947 -0.6200529932975769 -0.984386146068573 0.16203917562961578
568.94220000505447 -0.15928943455219269 -1.1534942388534546 0.7128254771232605 0.32293549180030823 -1.7435961961746216 0.1460210382938385 0.38013121485710144 -1.9486016035079956 0.11478386074304581 -0.21669760346412659 -1.9173591136932373 -0.054829712957143784 -0.29086259007453918 -2.1499652862548828 -0.071659013628959656 -0.45735278725624084 -1.1621570587158203 0.16977262496948242 -0.58469247817993164 -0.98432815074920654 -0.0043495618738234043
568.94220000505447 -0.11341549456119537 -1.2202398777008057 0.7822081446647644 0.36663728952407837 -1.8142217397689819 0.20848162472248077 0.41505658626556396 -2.0008265972137451 0.20015113055706024 -0.23357009887695313 -1.9570308923721313 0.070172734558582306 -0.31820082664489746 -2.1645467281341553 0.096382096409797668 -0.42985671758651733 -1.2473974227905273 0.38437670469284058 -0.53800481557846069 -1.0362309217453003 0.23945820331573486
622.10660000145435 -0.11353437602519989 -1.1276302337646484 0.74793910980224609 0.34548982977867126 -1.695592999458313 0.19934448599815369 0.39178812503814697 -1.8740235567092896 0.19137890636920929 -0.22842565178871155 -1.8321464061737061 0.067094184458255768 -0.30934914946556091 -2.0305719375610352 0.09215545654296875 -0.41611397266387939 -1.1535983085632324 0.36753451824188232 -0.51952463388442993 -0.95168173313140869 0.22896414995193481
622.10660000145435 -0.15857239067554474 -1.2375482320785522 0.74674659967422485 0.29849117994308472 -1.8082963228225708 0.24622045457363129 0.33089026808738708 -2.0042290687561035 0.24739067256450653 -0.24638868868350983 -1.9577527046203613 0.038276739418506622 -0.3469790518283844 -2.1746602058410645 0.064168959856033325 -0.46351087093353271 -1.21576988697052 0.26819685101509094 -0.55864995718002319 -1.0372536182403564 0.081447891891002655
675.1680999994278 -0.20547904074192047 -1.2180137634277344 0.71169555187225342 0.24676705896854401 -1.7882273197174072 0.25728225708007813 0.27530825138092041 -1.9735102653503418 0.26784604787826538 -0.2608831524848938 -1.934679388999939 0.064828500151634216 -0.34158158302307129 -2.146329402923584 0.096407771110534668 -0.51413291692733765 -1.1812881231307983 0.28880351781845093 -0.60995572805404663 -1.0219008922576904 0.11534842848777771
675.1680999994278 -0.18182238936424255 -1.1483423709869385 0.68881630897521973 0.25588521361351013 -1.7002252340316772 0.24901117384433746 0.28350883722305298 -1.8795516490936279 0.25923535227775574 -0.23544539511203766 -1.8419691324234009 0.062744297087192535 -0.31354957818984985 -2.0468151569366455 0.093308374285697937 -0.48055383563041687 -1.1127973794937134 0.27951914072036743 -0.5732961893081665 -0.95853406190872192 0.11164014041423798
735.64040000736713 -0.20062510669231415 -1.2331469058990479 0.6651310920715332 0.23195376992225647 -1.7903425693511963 0.082903824746608734 0.25194928050041199 -1.9780228137969971 0.068213865160942078 -0.23265361785888672 -1.8854068517684937 -0.066497690975666046 -0.30483868718147278 -2.0905582904815674 -0.038275983184576035 -0.47812667489051819 -1.1776169538497925 0.22803777456283569 -0.55934840440750122 -1.0015729665756226 0.07619418203830719
735.64040000736713 -0.21718794107437134 -1.2366025447845459 0.84481066465377808 0.22264552116394043 -1.8754280805587769 0.37960782647132874 0.23792026937007904 -2.0390832424163818 0.41081127524375916 -0.2419036477804184 -1.9637184143066406 0.25825393199920654 -0.30366942286491394 -2.1432299613952637 0.3283592164516449 -0.49952623248100281 -1.2486518621444702 0.52775710821151733 -0.60334920883178711 -1.0483169555664063 0.38052788376808167
794.8217000067234 -0.17572073638439178 -1.1011861562728882 0.78087443113327026 0.23082451522350311 -1.6916629076004028 0.35087984800338745 0.24494321644306183 -1.8429323434829712 0.37972173094749451 -0.19856585562229156 -1.7732710838317871 0.23871050775051117 -0.25565695762634277 -1.9391968250274658 0.30350998044013977 -0.43669062852859497 -1.112323522567749 0.48781669139862061 -0.53265589475631714 -0.92715072631835938 0.35173028707504272
794.8217000067234 -0.24129073321819305 -1.1946636438369751 0.81820231676101685 0.21072582900524139 -1.8397231101989746 0.37813383340835571 0.22884033620357513 -1.9995560646057129 0.40691572427749634 -0.28350728750228882 -1.9409159421920776 0.2201046496629715 -0.36457130312919617 -2.1194126605987549 0.26660394668579102 -0.48908928036689758 -1.1925253868103027 0.40600553154945374 -0.59507858753204346 -1.0269522666931152 0.2178826779127121
864.96739999949932 -0.21011823415756226 -1.1497365236282349 0.66803872585296631 0.26080399751663208 -1.6941484212875366 0.31433349847793579 0.30282223224639893 -1.8742684125900269 0.31936198472976685 -0.23276296257972717 -1.8412421941757202 0.17785821855068207 -0.30829283595085144 -2.0502998828887939 0.20930702984333038 -0.41670069098472595 -1.1179603338241577 0.34671324491500854 -0.5255470871925354 -0.95024555921554565 0.19217608869075775
864.96739999949932 -0.19501715898513794 -1.1440591812133789 0.63286781311035156 0.25881177186965942 -1.6472262144088745 0.22749611735343933 0.28664061427116394 -1.8341503143310547 0.21456357836723328 -0.18558523058891296 -1.7807776927947998 0.039273280650377274 -0.27558630704879761 -1.9899845123291016 0.051159713417291641 -0.38194698095321655 -1.1324077844619751 0.24635261297225952 -0.47616416215896606 -0.94909399747848511 0.10742253810167313
926.79940001666546 -0.26306089758872986 -1.2248516082763672 0.73520511388778687 0.20515814423561096 -1.8039443492889404 0.31619444489479065 0.23248733580112457 -2.0078976154327393 0.30062660574913025 -0.20786456763744354 -1.9399651288986206 0.10793855041265488 -0.29022198915481567 -2.1610496044158936 0.10212184488773346 -0.43225172162055969 -1.2951390743255615 0.20377728343009949 -0.50953078269958496 -1.0914901494979858 0.029942627996206284
926.79940001666546 -0.25586330890655518 -1.220139741897583 0.75168782472610474 0.22285304963588715 -1.8122155666351318 0.32328307628631592 0.25079494714736938 -2.0207414627075195 0.30736622214317322 -0.1994294673204422 -1.9512858390808105 0.11035816371440887 -0.28363332152366638 -2.1773269176483154 0.1044110506772995 -0.42884728312492371 -1.2920030355453491 0.20834556221961975 -0.50785893201828003 -1.083788275718689 0.030613606795668602
986.16430000960827 -0.28340977430343628 -1.3085955381393433 0.77120131254196167 0.2568841278553009 -1.8864812850952148 0.35307052731513977 0.29294943809509277 -2.0890007019042969 0.34658342599868774 -0.20349575579166412 -2.0341010093688965 0.14407303929328918 -0.28935933113098145 -2.2628753185272217 0.16727888584136963 -0.455892413854599 -1.3755313158035278 0.31436020135879517 -0.55780798196792603 -1.1454148292541504 0.15665414929389954
986.16430000960827 -0.35340142250061035 -1.2134827375411987 0.67277640104293823 0.20671308040618896 -1.7906250953674316 0.26525363326072693 0.23460648953914642 -1.9799525737762451 0.27073785662651062 -0.24797677993774414 -1.9145629405975342 0.093505382537841797 -0.32708588242530823 -2.1326704025268555 0.12864024937152863 -0.48888126015663147 -1.1949714422225952 0.32701367139816284 -0.59455722570419312 -1.0329219102859497 0.16420041024684906
1058.931400001049 -0.33836030960083008 -1.1956839561462402 0.74991989135742188 0.21121223270893097 -1.805325984954834 0.34946534037590027 0.24954091012477875 -1.9855784177780151 0.3574262261390686 -0.31968832015991211 -1.9230378866195679 0.23793467879295349 -0.39407816529273987 -2.1391441822052002 0.26300191879272461 -0.48600143194198608 -1.1509387493133545 0.45796471834182739 -0.620033860206604 -0.96509814262390137 0.34158715605735779
1058.931400001049 -0.22597639262676239 -1.1271882057189941 0.66320842504501343 0.27600714564323425 -1.6830648183822632 0.2599397599697113 0.32094079256057739 -1.8640831708908081 0.24166260659694672 -0.22088374197483063 -1.7843976020812988 0.14105020463466644 -0.30368882417678833 -1.983253002166748 0.15026558935642242 -0.41324356198310852 -1.2895491123199463 0.29972982406616211 -0.43222126364707947 -0.91303694248199463 0.25313049554824829
1117.4108000099659 -0.16612668335437775 -1.1093021631240845 0.68979376554489136 0.35596922039985657 -1.6874504089355469 0.270367830991745 0.40270316600799561 -1.8757214546203613 0.25135841965675354 -0.16082997620105743 -1.792843222618103 0.14671488106250763 -0.24695269763469696 -1.9996657371520996 0.15629951655864716 -0.36089682579040527 -1.2781682014465332 0.31175214052200317 -0.38063487410545349 -0.88657075166702271 0.26328578591346741
1117.4108000099659 -0.24981261789798737 -1.1616133451461792 0.72287583351135254 0.34307181835174561 -1.7986571788787842 0.3387407660484314 0.39603269100189209 -1.994756817817688 0.33060920238494873 -0.22502723336219788 -1.9310469627380371 0.25424540042877197 -0.32076689600944519 -2.1603853702545166 0.28586533665657043 -0.48011478781700134 -1.3511606454849243 0.45027479529380798 -0.45501202344894409 -0.88891386985778809 0.44272968173027039
1182.5434000045061 -0.24675372242927551 -1.0690158605575562 0.61159610748291016 0.34826865792274475 -1.6866925954818726 0.17996758222579956 0.40693309903144836 -1.8739495277404785 0.15480241179466248 -0.2136261910200119 -1.8294495344161987 0.11917123943567276 -0.29558753967285156 -2.0593636035919189 0.13127601146697998 -0.44122761487960815 -1.2205791473388672 0.39317524433135986 -0.4545251727104187 -0.85135704278945923 0.38554936647415161
1182.5434000045061 -0.30111667513847351 -1.1008656024932861 0.53400301933288574 0.30052214860916138 -1.7211434841156006 0.1106843501329422 0.36351552605628967 -1.9146254062652588 0.075712695717811584 -0.2603452205657959 -1.830298900604248 0.07651510089635849 -0.34335613250732422 -2.0570235252380371 0.084770485758781433 -0.5189584493637085 -1.2414798736572266 0.39084717631340027 -0.51569497585296631 -0.84908348321914673 0.43036964535713196
1240.6500000059605 -0.21696087718009949 -1.1452386379241943 0.54949378967285156 0.4021289050579071 -1.78350830078125 0.11389647424221039 0.466949462890625 -1.9826023578643799 0.077910430729389191 -0.17500686645507813 -1.8958297967910767 0.078736111521720886 -0.26042556762695313 -2.1291306018829346 0.087230943143367767 -0.44112136960029602 -1.2899316549301147 0.40218561887741089 -0.43776318430900574 -0.8861534595489502 0.44285449385643005
1240.6500000059605 -0.16924943029880524 -1.1173149347305298 0.42589876055717468 0.31854748725891113 -1.765018105506897 -0.099895864725112915 0.39324462413787842 -1.972288966178894 -0.14496918022632599 -0.27088645100593567 -1.8372000455856323 -0.087279424071311951 -0.33211782574653625 -2.0633044242858887 -0.092122472822666168 -0.48671361804008484 -1.3444129228591919 0.31593596935272217 -0.42813655734062195 -0.88747614622116089 0.38079491257667542
1297.1994999945164 0.038353968411684036 -1.2025676965713501 0.60583353042602539 0.42460128664970398 -1.9318317174911499 0.083013355731964111 0.49107217788696289 -2.1450052261352539 0.064561463892459869 -0.22138749063014984 -2.0230669975280762 0.11072131246328354 -0.28808069229125977 -2.2674803733825684 0.13957817852497101 -0.36145293712615967 -1.3109018802642822 0.54216492176055908 -0.38812142610549927 -0.96379649639129639 0.51879513263702393
1297.1994999945164 0.065091930329799652 -1.1271010637283325 0.56071925163269043 0.4225761890411377 -1.802058219909668 0.076832465827465057 0.48409712314605713 -1.9993572235107422 0.059754651039838791 -0.17530709505081177 -1.8864995241165161 0.10247707366943359 -0.23703378438949585 -2.1127116680145264 0.1291850209236145 -0.30494210124015808 -1.2273677587509155 0.50179189443588257 -0.32962465286254883 -0.90611082315444946 0.48016241192817688
1354.5053000003099 0.057519927620887756 -1.2083868980407715 0.46563386917114258 0.34418264031410217 -1.7766146659851074 -0.08853660523891449 0.40000143647193909 -1.9715182781219482 -0.12108626961708069 -0.18227852880954742 -1.8371104001998901 -0.097541436553001404 -0.22316816449165344 -2.0510845184326172 -0.093695938587188721 -0.35406893491744995 -1.2592400312423706 0.32893118262290955 -0.36466044187545776 -0.91007024049758911 0.34495911002159119
1354.5053000003099 0.15368214249610901 -1.2947477102279663 0.47959372401237488 0.1862843781709671 -1.9224326610565186 -0.10670707374811172 0.2203764021396637 -2.1252615451812744 -0.13084696233272552 -0.31265851855278015 -1.961956262588501 -0.13078287243843079 -0.3495960533618927 -2.1778967380523682 -0.12721447646617889 -0.37253907322883606 -1.2162858247756958 0.34674325585365295 -0.48324286937713623 -0.98077929019927979 0.27772039175033569
1426.3581999987364 -0.2383866012096405 -1.1625324487686157 0.57073420286178589 0.25569546222686768 -1.8406355381011963 -0.0068564964458346367 0.30897560715675354 -2.0514712333679199 -0.039758492261171341 -0.34163790941238403 -1.9697344303131104 -0.07113269716501236 -0.4111141562461853 -2.2199723720550537 -0.07756507396697998 -0.4225008487701416 -1.1552178859710693 0.38758665323257446 -0.54472416639328003 -0.94230431318283081 0.32172095775604248
1426.3581999987364 -0.17221066355705261 -1.1339203119277954 0.61762911081314087 0.33973982930183411 -1.8202881813049316 -0.014369893819093704 0.38636550307273865 -2.0302815437316895 -0.057763546705245972 -0.23288199305534363 -1.9236960411071777 -0.081128112971782684 -0.3019578754901886 -2.1576228141784668 -0.084854856133460999 -0.37653636932373047 -1.1608099937438965 0.37854528427124023 -0.47133094072341919 -0.89171785116195679 0.32719013094902039
1482.4408999979496 -0.18165403604507446 -1.1938061714172363 0.64749503135681152 0.35504916310310364 -1.9133598804473877 -0.015060955658555031 0.40392917394638062 -2.1335065364837646 -0.060552686452865601 -0.24525880813598633 -2.0217673778533936 -0.085046924650669098 -0.31767451763153076 -2.2670042514801025 -0.088953860104084015 -0.39585888385772705 -1.2219960689544678 0.39685162901878357 -0.49523678421974182 -0.93989330530166626 0.3430134654045105
1482.4408999979496 -0.18085484206676483 -1.1885539293289185 0.64464634656906128 0.35348710417747498 -1.9049420356750488 -0.014994694851338863 0.40215206146240234 -2.1241199970245361 -0.060286283493041992 -0.24417978525161743 -2.0128724575042725 -0.08467276394367218 -0.3162769079208374 -2.2570304870605469 -0.088562503457069397 -0.39411729574203491 -1.2166198492050171 0.39510565996170044 -0.4930579662322998 -0.93575823307037354 0.34150436520576477
1559.0590000003576 -0.26355022192001343 -1.197784423828125 0.61695331335067749 0.31328752636909485 -1.8978180885314941 0.055551707744598389 0.36580651998519897 -2.1146500110626221 0.011519159190356731 -0.30398315191268921 -1.9999167919158936 -0.027093034237623215 -0.38929891586303711 -2.2425215244293213 -0.034148123115301132 -0.43376114964485168 -1.2152707576751709 0.42240259051322937 -0.52295207977294922 -0.8858303427696228 0.38760188221931458
1559.0590000003576 -0.20066417753696442 -1.2011886835098267 0.61820656061172485 0.37734371423721313 -1.9026426076889038 0.055666133761405945 0.42996925115585327 -2.1199142932891846 0.011544257402420044 -0.24117912352085114 -2.0049481391906738 -0.027146264910697937 -0.32666796445846558 -2.2480449676513672 -0.034215666353702545 -0.37122043967247009 -1.2187106609344482 0.42326119542121887 -0.46059224009513855 -0.88860177993774414 0.38838985562324524
1617.7924000024796 -0.15097345411777496 -1.1555203199386597 0.60948187112808228 0.33999451994895935 -1.9066672325134277 -0.03710729256272316 0.3921540379524231 -2.1403186321258545 -0.07260701060295105 -0.29335349798202515 -1.9682329893112183 -0.089825592935085297 -0.36554831266403198 -2.2151460647583008 -0.095800876617431641 -0.5350334644317627 -1.3717714548110962 0.36417415738105774 -0.52430999279022217 -0.87717777490615845 0.42678949236869812
1617.7924000024796 -0.13350796699523926 -1.163835883140564 0.41960048675537109 0.35913431644439697 -1.936285138130188 -0.29851368069648743 0.43231108784675598 -2.1947100162506104 -0.35531982779502869 -0.29110422730445862 -2.0800731182098389 -0.36270830035209656 -0.3418077826499939 -2.3880071640014648 -0.40857246518135071 -0.36347669363021851 -1.1181117296218872 0.23868842422962189 -0.54664742946624756 -0.93189424276351929 0.19239988923072815
1680.2450000047684 -0.016979679465293884 -1.1932929754257202 0.43649587035179138 0.37997281551361084 -1.9692407846450806 -0.28594198822975159 0.44705447554588318 -2.2273187637329102 -0.33846738934516907 -0.2618524432182312 -2.0951547622680664 -0.36872699856758118 -0.31101718544960022 -2.405590295791626 -0.41655927896499634 -0.33466973900794983 -1.0806410312652588 0.23245228826999664 -0.52244096994400024 -0.92388755083084106 0.18116198480129242
1680.2450000047684 0.019169867038726807 -1.202065110206604 0.37156563997268677 0.42497920989990234 -1.9297996759414673 -0.42314010858535767 0.48980256915092468 -2.1973962783813477 -0.47991254925727844 -0.29371887445449829 -1.9777854681015015 -0.51946717500686646 -0.37006101012229919 -2.2840607166290283 -0.5647958517074585 -0.31069713830947876 -1.0547549724578857 0.14486047625541687 -0.4532620906829834 -0.84499913454055786 0.1115763932466507
1734.6259000003338 -0.0028572338633239269 -1.2046560049057007 0.38208252191543579 0.41443327069282532 -1.9529794454574585 -0.43510699272155762 0.48109057545661926 -2.2281467914581299 -0.49348562955856323 -0.32459819316864014 -2.0023229122161865 -0.53415930271148682 -0.40310022234916687 -2.3172633647918701 -0.58077043294906616 -0.34205684065818787 -1.053178071975708 0.14896345138549805 -0.4886552095413208 -0.83748781681060791 0.11473768949508667
1734.6259000003338 -0.014472492039203644 -1.2194036245346069 0.22171503305435181 0.47841924428939819 -1.9677746295928955 -0.69277101755142212 0.54317647218704224 -2.2673189640045166 -0.75698757171630859 -0.32396119832992554 -2.016596794128418 -0.75342154502868652 -0.42579197883605957 -2.3552210330963135 -0.77833276987075806 -0.34862300753593445 -1.1643424034118652 0.028458064422011375 -0.46732577681541443 -0.93121868371963501 -0.0048815212212502956
1793.8774999976158 0.063922017812728882 -1.1371678113937378 0.12419717013835907 0.58337199687957764 -1.969093918800354 -0.71602100133895874 0.64680904150009155 -2.2872509956359863 -0.78491497039794922 -0.28446939587593079 -2.0179157257080078 -0.84930634498596191 -0.40684694051742554 -2.3740348815917969 -0.89165818691253662 -0.37462338805198669 -1.1882858276367188 -0.033188354223966599 -0.39517876505851746 -0.82533478736877441 0.0092295566573739052
1793.8774999976158 0.15878136456012726 -1.1698999404907227 0.15530115365982056 0.66787028312683105 -1.9518319368362427 -0.78595799207687378 0.73131954669952393 -2.2792026996612549 -0.86779528856277466 -0.22480675578117371 -1.9558465480804443 -0.87249916791915894 -0.35292243957519531 -2.2904922962188721 -0.90875715017318726 -0.3121219277381897 -1.2514444589614868 0.018032850697636604 -0.30026048421859741 -0.85431945323944092 0.11044982820749283
1854.3023999929428 0.14708128571510315 -1.235230565071106 0.16031099855899811 0.67260444164276123 -2.0424044132232666 -0.81133353710174561 0.73810189962387085 -2.3803434371948242 -0.89581269025802612 -0.24888968467712402 -2.0465488433837891 -0.90066838264465332 -0.38114115595817566 -2.3919975757598877 -0.93809682130813599 -0.33902356028556824 -1.31940758228302 0.018611444160342216 -0.32677918672561646 -0.90946269035339355 0.11401179432868958
1854.3023999929428 0.24755619466304779 -1.2287049293518066 0.16840317845344543 0.6429937481880188 -1.9778261184692383 -0.76484209299087524 0.71361786127090454 -2.3113021850585938 -0.85444074869155884 -0.18419121205806732 -1.9500325918197632 -0.83947724103927612 -0.30738264322280884 -2.2830245494842529 -0.87802296876907349 -0.34502303600311279 -1.3059430122375488 -0.016999246552586555 -0.31118270754814148 -0.91506069898605347 0.042209845036268234
1910.785300001502 0.20387628674507141 -1.2773725986480713 0.18835654854774475 0.57598680257797241 -1.9994207620620728 -0.74903994798660278 0.61168575286865234 -2.3317348957061768 -0.84421151876449585 -0.16907916963100433 -1.9622859954833984 -0.86819058656692505 -0.26842823624610901 -2.2939233779907227 -0.92019963264465332 -0.41151189804077148 -1.4835289716720581 -0.05436861515045166 -0.29357922077178955 -0.99435579776763916 0.09548100084066391
1910.785300001502 0.15995582938194275 -1.3056670427322388 0.19226959347724915 0.5397990345954895 -2.042719841003418 -0.764606773853302 0.57623988389968872 -2.3819398880004883 -0.8617560863494873 -0.22074995934963226 -2.0048134326934814 -0.88623350858688354 -0.32216358184814453 -2.3433425426483154 -0.9393233060836792 -0.46822068095207214 -1.5161073207855225 -0.055499602109193802 -0.34783723950386047 -1.0167688131332397 0.097464010119438171
1984.1110000014305 0.16107805073261261 -1.1284644603729248 0.10475476086139679 0.5861096978187561 -1.94659423828125 -0.85637152194976807 0.5833314061164856 -2.2561349868774414 -0.93562591075897217 -0.012802756391465664 -1.9144949913024902 -0.97396999597549438 -0.079321153461933136 -2.2526435852050781 -1.0326218605041504 -0.21443650126457214 -1.1899694204330444 -0.17739620804786682 -0.32325753569602966 -0.89692854881286621 -0.16184195876121521
1984.1110000014305 0.14400266110897064 -0.678974449634552 0.14373143017292023 0.58085161447525024 -1.5898343324661255 -0.76064193248748779 0.61539262533187866 -1.8927381038665771 -0.84560483694076538 -0.2718309760093689 -1.66108238697052 -0.8482511043548584 -0.42305347323417664 -1.9958685636520386 -0.93242901563644409 -0.22805649042129517 -0.74869829416275024 -0.020675307139754295 -0.37469947338104248 -0.49221047759056091 -0.08122747391462326
