21.210999995470047 -0.10576113313436508 -1.2905240058898926 0.56234735250473022 0.28154042363166809 -1.9265328645706177 -0.015365550294518471 0.27849948406219482 -2.1351935863494873 -0.023015864193439484 -0.24480938911437988 -2.005183219909668 -0.08216007798910141 -0.34636104106903076 -2.2280027866363525 -0.03797222301363945 -0.3720528781414032 -1.2279514074325562 0.39539933204650879 -0.45468452572822571 -1.0162531137466431 0.28544461727142334
21.210999995470047 -0.091826491057872772 -1.2437676191329956 0.51145708560943604 0.27564162015914917 -1.9188799858093262 -0.026526089757680893 0.26739218831062317 -2.1263318061828613 -0.025428803637623787 -0.22632139921188354 -2.0012481212615967 -0.096995584666728973 -0.31862252950668335 -2.2302160263061523 -0.056400667876005173 -0.34230965375900269 -1.1670190095901489 0.37097921967506409 -0.43382629752159119 -0.95176702737808228 0.2739797830581665
88.872899994254112 -0.092508696019649506 -1.2615840435028076 0.520393967628479 0.28138145804405212 -1.9484951496124268 -0.026991304010152817 0.27298787236213684 -2.1595721244812012 -0.025874841958284378 -0.22935411334037781 -2.0323026180267334 -0.098692364990711212 -0.3232683539390564 -2.2652721405029297 -0.057387981563806534 -0.34736946225166321 -1.1834940910339355 0.37746098637580872 -0.44048547744750977 -0.96448022127151489 0.27876636385917664
88.872899994254112 -0.085640914738178253 -1.3213777542114258 0.51544636487960815 0.26294979453086853 -1.975056529045105 -0.066887974739074707 0.25107833743095398 -2.1854567527770996 -0.079540982842445374 -0.25257807970046997 -2.0244162082672119 -0.09811699390411377 -0.35305967926979065 -2.2376735210418701 -0.053919896483421326 -0.35465756058692932 -1.2589739561080933 0.42037749290466309 -0.42200222611427307 -1.0376321077346802 0.32601538300514221
156.46759999543428 -0.076940283179283142 -1.2325278520584106 0.55065006017684937 0.28222298622131348 -1.9127275943756104 -0.024926843121647835 0.27294027805328369 -2.1180703639984131 -0.027208719402551651 -0.24424609541893005 -1.9829114675521851 -0.078229703009128571 -0.3497864305973053 -2.2018752098083496 -0.031777683645486832 -0.35781833529472351 -1.2070643901824951 0.39854475855827332 -0.430797278881073 -0.99671894311904907 0.30043932795524597
156.46759999543428 -0.084402270615100861 -1.3494689464569092 0.56145340204238892 0.28757888078689575 -2.0103156566619873 -0.012608920224010944 0.27390918135643005 -2.2232081890106201 -0.013141615316271782 -0.26274371147155762 -2.0674493312835693 -0.077058956027030945 -0.38189595937728882 -2.2880566120147705 -0.029435243457555771 -0.36114823818206787 -1.2827409505844116 0.41426602005958557 -0.42950576543807983 -1.0600078105926514 0.310087651014328
232.39919999241829 -0.087385348975658417 -1.3430472612380981 0.45850005745887756 0.25511953234672546 -1.9491633176803589 -0.15350164473056793 0.23215277493000031 -2.1673488616943359 -0.17023667693138123 -0.2552320659160614 -1.9955523014068604 -0.20169492065906525 -0.37024596333503723 -2.2138805389404297 -0.1656138151884079 -0.35505935549736023 -1.2807297706604004 0.30967220664024353 -0.40878191590309143 -1.0572590827941895 0.22206823527812958
232.39919999241829 -0.083008855581283569 -1.3392519950866699 0.55602478981018066 0.29126304388046265 -1.9859318733215332 0.00052910257363691926 0.28067725896835327 -2.198498010635376 0.0034825894981622696 -0.24693891406059265 -2.0530531406402588 -0.10446445643901825 -0.35938385128974915 -2.2769796848297119 -0.061016865074634552 -0.36356702446937561 -1.2478981018066406 0.37171894311904907 -0.43863961100578308 -1.027951717376709 0.26305010914802551
304.50339999049902 -0.092175215482711792 -1.30765700340271 0.59138739109039307 0.26181361079216003 -1.9895994663238525 0.045106124132871628 0.25618541240692139 -2.1909670829772949 0.051912467926740646 -0.25508347153663635 -2.0478470325469971 -0.034814555197954178 -0.3564143180847168 -2.2712581157684326 0.014215023256838322 -0.34908559918403625 -1.2472587823867798 0.40531063079833984 -0.42070382833480835 -1.0562803745269775 0.28708434104919434
304.50339999049902 -0.072817519307136536 -1.2309355735778809 0.56784671545028687 0.26708143949508667 -1.8857346773147583 0.043309181928634644 0.26167726516723633 -2.0790870189666748 0.049844611436128616 -0.2292415052652359 -1.9416638612747192 -0.033430401235818863 -0.32653906941413879 -2.1561825275421143 0.013647645711898804 -0.3195020854473114 -1.1729414463043213 0.38917642831802368 -0.38826969265937805 -0.98956459760665894 0.27565592527389526
387.01939999312162 -0.06474660336971283 -1.2472966909408569 0.5859951376914978 0.2938806414604187 -1.9349026679992676 0.045055989176034927 0.29643186926841736 -2.1318211555480957 0.054110914468765259 -0.25168013572692871 -2.0015747547149658 -0.044146962463855743 -0.35142853856086731 -2.2236053943634033 -0.0047813425771892071 -0.34141829609870911 -1.1877560615539551 0.35406321287155151 -0.43117883801460266 -1.0006746053695679 0.23871783912181854
387.01939999312162 -0.05729229748249054 -1.2606414556503296 0.61944377422332764 0.27128979563713074 -1.9131336212158203 0.14098264276981354 0.26709485054016113 -2.1078839302062988 0.16697210073471069 -0.2191312164068222 -1.9691047668457031 0.0069664269685745239 -0.31493791937828064 -2.1759059429168701 0.060497604310512543 -0.33877730369567871 -1.1539323329925537 0.35045501589775085 -0.42046254873275757 -0.96251177787780762 0.20316553115844727
455.22489999979734 -0.082956381142139435 -1.3410017490386963 0.62014609575271606 0.25859129428863525 -1.9981327056884766 0.10168252140283585 0.25311896204948425 -2.1953728199005127 0.12119739502668381 -0.25410935282707214 -2.0464894771575928 -0.012607056647539139 -0.3465273380279541 -2.2460932731628418 0.041183780878782272 -0.4049413800239563 -1.254025936126709 0.35598975419998169 -0.47922712564468384 -1.0493571758270264 0.22563387453556061
455.22489999979734 -0.068438179790973663 -1.2608404159545898 0.53344625234603882 0.25215920805931091 -1.8422776460647583 0.0041726161725819111 0.24665945768356323 -2.0295648574829102 0.011693153530359268 -0.23620285093784332 -1.8907196521759033 -0.10672300308942795 -0.32738789916038513 -2.0817923545837402 -0.064517475664615631 -0.35966286063194275 -1.1707949638366699 0.31153586506843567 -0.42397722601890564 -0.99121034145355225 0.20433509349822998
522.28419999778271 -0.067770667374134064 -1.3265553712844849 0.57404392957687378 0.20155578851699829 -1.9462968111038208 0.012924516573548317 0.17966316640377045 -2.1445982456207275 0.033935230225324631 -0.20329512655735016 -1.9606271982192993 -0.073783934116363525 -0.27563205361366272 -2.1485137939453125 -0.025235792621970177 -0.36507627367973328 -1.2600482702255249 0.30297186970710754 -0.40599840879440308 -1.0743011236190796 0.18107257783412933
522.28419999778271 -0.092957407236099243 -1.339363694190979 0.5819745659828186 0.18410769104957581 -1.9851640462875366 -0.04496532678604126 0.1464947909116745 -2.2012865543365479 -0.032840318977832794 -0.21129982173442841 -1.9942426681518555 -0.17763034999370575 -0.28806608915328979 -2.1947553157806396 -0.13994252681732178 -0.4219835102558136 -1.2923691272735596 0.17252054810523987 -0.46487417817115784 -1.0724272727966309 0.042291976511478424
594.66349999606609 -0.078391797840595245 -1.3979277610778809 0.57304149866104126 0.19173230230808258 -2.0598647594451904 -0.069124601781368256 0.16031819581985474 -2.2787976264953613 -0.059713765978813171 -0.22270137071609497 -2.0697686672210693 -0.16809853911399841 -0.29418882727622986 -2.278566837310791 -0.12375416606664658 -0.41764810681343079 -1.3678399324417114 0.23424915969371796 -0.4676261842250824 -1.1244248151779175 0.13534159958362579
594.66349999606609 -0.10017560422420502 -1.3218915462493896 0.56974846124649048 0.18641558289527893 -1.9980475902557373 -0.074859246611595154 0.15820910036563873 -2.2165210247039795 -0.065309211611747742 -0.20589429140090942 -2.012054443359375 -0.18548882007598877 -0.27075913548469543 -2.2192971706390381 -0.1514679342508316 -0.42259073257446289 -1.3061103820800781 0.18616154789924622 -0.47226417064666748 -1.0968621969223022 0.066704928874969482
666.02809999138117 -0.093534581363201141 -1.3234961032867432 0.5744088888168335 0.19540128111839294 -2.0051839351654053 -0.075472556054592133 0.16696405410766602 -2.2254447937011719 -0.065844394266605377 -0.20011819899082184 -2.0193054676055908 -0.18700721859931946 -0.26551371812820435 -2.2282435894012451 -0.15270799398422241 -0.41858750581741333 -1.3075857162475586 0.18768374621868134 -0.46866735816001892 -1.0966256856918335 0.067249797284603119
666.02809999138117 -0.11287760734558105 -1.334606409072876 0.61318469047546387 0.19955715537071228 -2.0461790561676025 -0.060070086270570755 0.18225251138210297 -2.2579872608184814 -0.056433852761983871 -0.23781004548072815 -2.0593760013580322 -0.12651951611042023 -0.30790910124778748 -2.2646393775939941 -0.095212921500205994 -0.41443020105361938 -1.2992768287658691 0.2653847336769104 -0.47560966014862061 -1.1045441627502441 0.15496131777763367
749.73109999299049 -0.1354081779718399 -1.3019806146621704 0.68208020925521851 0.19382062554359436 -2.0269618034362793 0.065643079578876495 0.179231196641922 -2.2364208698272705 0.073507398366928101 -0.23233823478221893 -2.0406482219696045 0.010840173810720444 -0.29542669653892517 -2.2422833442687988 0.039205897599458694 -0.43698254227638245 -1.2997586727142334 0.2896476686000824 -0.50362330675125122 -1.1234155893325806 0.1561010330915451
749.73109999299049 -0.12973672151565552 -1.3075605630874634 0.54353171586990356 0.21620787680149078 -1.9518368244171143 -0.038915205746889114 0.22534902393817902 -2.1599850654602051 -0.054632127285003662 -0.29037636518478394 -2.0151987075805664 -0.14538958668708801 -0.38587933778762817 -2.2486631870269775 -0.12864737212657928 -0.38262933492660522 -1.1985139846801758 0.24925507605075836 -0.46365600824356079 -1.0370150804519653 0.11876453459262848
817.53829998522997 -0.14249853789806366 -1.2646232843399048 0.56234186887741089 0.19625592231750488 -1.877915620803833 -0.012089436873793602 0.18709626793861389 -2.082603931427002 -0.022528186440467834 -0.25180158019065857 -1.9583775997161865 -0.13115511834621429 -0.34161204099655151 -2.1856234073638916 -0.095404423773288727 -0.38284322619438171 -1.1705890893936157 0.26648083329200745 -0.45395830273628235 -0.99052637815475464 0.13420562446117401
817.53829998522997 -0.12149621546268463 -1.3318339586257935 0.59490668773651123 0.18966959416866302 -1.9868249893188477 0.052787210792303085 0.18020743131637573 -2.1945533752441406 0.053922764956951141 -0.27170741558074951 -2.0712003707885742 -0.092169024050235748 -0.36675959825515747 -2.2987732887268066 -0.051540512591600418 -0.42983242869377136 -1.23899245262146 0.26786962151527405 -0.51010721921920776 -1.0804619789123535 0.12415829300880432
884.08339999616146 -0.11898042261600494 -1.3006364107131958 0.50290220975875854 0.18984660506248474 -1.9282094240188599 -0.091960959136486053 0.18674908578395844 -2.139134407043457 -0.10923362523317337 -0.25886291265487671 -1.9952101707458496 -0.21739466488361359 -0.34554079174995422 -2.2211997509002686 -0.20223686099052429 -0.40337911248207092 -1.1940451860427856 0.16786190867424011 -0.47108280658721924 -1.0683101415634155 0.032232239842414856
884.08339999616146 -0.13308165967464447 -1.3018852472305298 0.62751787900924683 0.15531343221664429 -1.9557356834411621 0.041534718126058578 0.14361707866191864 -2.1460704803466797 0.052716732025146484 -0.23574629426002502 -1.9815512895584106 -0.072480365633964539 -0.28928869962692261 -2.1721317768096924 -0.033014420419931412 -0.41211158037185669 -1.2723278999328613 0.24762313067913055 -0.47977513074874878 -1.1123682260513306 0.093062169849872589
952.62799999117851 -0.13897943496704102 -1.2969570159912109 0.59116542339324951 0.14027516543865204 -1.9270613193511963 -3.6542445741361007e-05 0.12191376090049744 -2.1130905151367188 0.00053658842807635665 -0.21828068792819977 -1.941104531288147 -0.077943876385688782 -0.26330059766769409 -2.1271190643310547 -0.053648132830858231 -0.40689659118652344 -1.2710528373718262 0.1680251806974411 -0.47971853613853455 -1.1001138687133789 0.028288284316658974
952.62799999117851 -0.091678597033023834 -1.2817660570144653 0.66210794448852539 0.16004028916358948 -1.9695913791656494 0.03725145012140274 0.13378217816352844 -2.1570084095001221 0.029604936018586159 -0.21202041208744049 -1.9677996635437012 -0.037837352603673935 -0.25873050093650818 -2.1477322578430176 -0.017295798286795616 -0.40090343356132507 -1.2541865110397339 0.21013599634170532 -0.4529479444026947 -1.0620701313018799 0.078145213425159454
1034.4705999940634 -0.15468321740627289 -1.3098267316818237 0.47633537650108337 0.19911623001098633 -1.8680187463760376 -0.10909026116132736 0.20944288372993469 -2.0649619102478027 -0.1328447163105011 -0.3056664764881134 -1.9245480298995972 -0.20413228869438171 -0.39318868517875671 -2.135488748550415 -0.19849362969398499 -0.38792720437049866 -1.1371464729309082 0.15920434892177582 -0.47285008430480957 -0.96275603771209717 0.053938690572977066
1034.4705999940634 -0.13548609614372253 -1.254184365272522 0.57198703289031982 0.22106942534446716 -1.8639965057373047 0.007024835329502821 0.22642579674720764 -2.0717897415161133 -0.011014574207365513 -0.21228460967540741 -1.9486982822418213 -0.13280604779720306 -0.30266812443733215 -2.1865389347076416 -0.11918444931507111 -0.35204926133155823 -1.1504299640655518 0.15004608035087585 -0.43653351068496704 -1.0055756568908691 0.00025426459615118802
1099.731299996376 -0.1545054018497467 -1.3501889705657959 0.57676619291305542 0.2279045432806015 -1.9920575618743896 -0.0052957148291170597 0.22745975852012634 -2.2085502147674561 -0.018050342798233032 -0.25759962201118469 -2.0935287475585938 -0.15575793385505676 -0.36460974812507629 -2.3257536888122559 -0.13461317121982574 -0.38668972253799438 -1.2467962503433228 0.19650012254714966 -0.47012120485305786 -1.0912100076675415 0.041508302092552185
1099.731299996376 -0.11711657047271729 -1.3833503723144531 0.61965727806091309 0.2130788266658783 -2.0474061965942383 0.044627360999584198 0.20279389619827271 -2.2490108013153076 0.050064440816640854 -0.22453786432743073 -2.1004071235656738 -0.078802779316902161 -0.29976782202720642 -2.3070731163024902 -0.032080363482236862 -0.39787930250167847 -1.3240803480148315 0.25572952628135681 -0.46839690208435059 -1.1501696109771729 0.10212907195091248
1166.4741999879479 -0.11133931577205658 -1.2078475952148438 0.61091303825378418 0.1565093994140625 -1.8525490760803223 0.056106988340616226 0.14109423756599426 -2.0331153869628906 0.074683107435703278 -0.230828657746315 -1.8968198299407959 -0.06060311570763588 -0.29189485311508179 -2.069282054901123 -0.0099849700927734375 -0.41771751642227173 -1.1937503814697266 0.23283033072948456 -0.49250176548957825 -1.0436601638793945 0.073811300098896027
1166.4741999879479 -0.13195720314979553 -1.2652401924133301 0.69437777996063232 0.1464959979057312 -1.9823199510574341 0.15758784115314484 0.11292421072721481 -2.1659977436065674 0.18728537857532501 -0.2125837653875351 -2.0061614513397217 0.097773738205432892 -0.26307547092437744 -2.1848821640014648 0.16215348243713379 -0.42568150162696838 -1.2741729021072388 0.35823321342468262 -0.51271700859069824 -1.1256283521652222 0.20539627969264984
1248.4005999937654 -0.11991423368453979 -1.1791911125183105 0.68450444936752319 0.18285371363162994 -1.8599604368209839 0.18113371729850769 0.15985377132892609 -2.0541017055511475 0.19960422813892365 -0.15859808027744293 -1.9187772274017334 0.11211958527565002 -0.21559801697731018 -2.118525505065918 0.14587406814098358 -0.40417325496673584 -1.1858115196228027 0.22542858123779297 -0.50321811437606812 -1.1527568101882935 0.058532662689685822
1248.4005999937654 -0.083840921521186829 -1.2519166469573975 0.61457276344299316 0.2432914674282074 -1.9371476173400879 0.096372678875923157 0.25414532423019409 -2.141301155090332 0.095676571130752563 -0.20623935759067535 -2.0287454128265381 0.021874625235795975 -0.27380096912384033 -2.2771852016448975 0.04291335865855217 -0.31652569770812988 -1.1790324449539185 0.29695624113082886 -0.42919415235519409 -1.0287061929702759 0.17127235233783722
1316.4080999940634 -0.13377012312412262 -1.2454055547714233 0.58432298898696899 0.17399042844772339 -1.8732825517654419 0.10379136353731155 0.17620119452476501 -2.0651395320892334 0.11067212373018265 -0.225472092628479 -1.9316402673721313 -0.016270577907562256 -0.29800322651863098 -2.1465668678283691 0.013257413171231747 -0.37043634057044983 -1.1035493612289429 0.19292064011096954 -0.4520362913608551 -1.0663399696350098 0.037725374102592468
1316.4080999940634 -0.13428141176700592 -1.255817174911499 0.59733635187149048 0.18033589422702789 -1.897682785987854 0.10609869658946991 0.18259592354297638 -2.0938143730163574 0.11313275992870331 -0.22802646458148956 -1.9573409557342529 -0.016638178378343582 -0.30217355489730835 -2.177055835723877 0.013547681272029877 -0.37622043490409851 -1.1108002662658691 0.19721373915672302 -0.45963841676712036 -1.0727618932723999 0.038560777902603149
1381.6422999948263 -0.1403251588344574 -1.2930514812469482 0.61992692947387695 0.17108628153800964 -1.9870892763137817 0.18371403217315674 0.16118676960468292 -2.1760342121124268 0.20629300177097321 -0.24588541686534882 -2.0358932018280029 0.079862639307975769 -0.31963559985160828 -2.2387702465057373 0.13115124404430389 -0.41219443082809448 -1.1895259618759155 0.30640432238578796 -0.50058352947235107 -1.0221284627914429 0.16314433515071869
1381.6422999948263 -0.11320725828409195 -1.1810272932052612 0.58153796195983887 0.15726137161254883 -1.8301546573638916 0.20961660146713257 0.14344438910484314 -2.0093691349029541 0.23866124451160431 -0.18304504454135895 -1.8686718940734863 0.1143474355340004 -0.24176904559135437 -2.0524091720581055 0.16721275448799133 -0.37536329030990601 -1.0951417684555054 0.29111957550048828 -0.45392698049545288 -0.94847947359085083 0.15752033889293671
1443.2798999994993 -0.13002525269985199 -1.164003849029541 0.66847401857376099 0.16799664497375488 -1.8425489664077759 0.24292705953121185 0.15913742780685425 -2.0157275199890137 0.26360458135604858 -0.22365404665470123 -1.8987753391265869 0.14995822310447693 -0.28944504261016846 -2.0908710956573486 0.19521436095237732 -0.40851563215255737 -1.1704665422439575 0.31178244948387146 -0.48510199785232544 -1.0283598899841309 0.15203022956848145
1443.2798999994993 -0.15818983316421509 -1.1494201421737671 0.66541284322738647 0.1454397439956665 -1.7970001697540283 0.25760376453399658 0.13503071665763855 -1.9623926877975464 0.28065750002861023 -0.21768756210803986 -1.8502187728881836 0.17778284847736359 -0.27533987164497375 -2.0368442535400391 0.21301786601543427 -0.42510759830474854 -1.1457504034042358 0.2661668062210083 -0.50547492504119873 -1.1325966119766235 0.11133725941181183
1508.7830999866128 -0.15235632658004761 -1.1287403106689453 0.67546635866165161 0.15586169064044952 -1.7861065864562988 0.26149454712867737 0.14529535174369812 -1.9539985656738281 0.28489667177200317 -0.21275316178798676 -1.8401293754577637 0.1804673969745636 -0.27127674221992493 -2.0295753479003906 0.21623487770557404 -0.42330768704414368 -1.1250152587890625 0.27018699049949646 -0.50488954782485962 -1.1116626262664795 0.11301768571138382
1508.7830999866128 -0.12108491361141205 -1.2607392072677612 0.72288453578948975 0.18634781241416931 -1.9599893093109131 0.25698313117027283 0.17163756489753723 -2.1397044658660889 0.26259216666221619 -0.23159413039684296 -2.0007548332214355 0.15150856971740723 -0.30186811089515686 -2.2011928558349609 0.17519243061542511 -0.4144403338432312 -1.20392906665802 0.26872572302818298 -0.50030994415283203 -1.0701771974563599 0.090908274054527283
1589.1118999943137 -0.11557286232709885 -1.2916574478149414 0.56014829874038696 0.15363623201847076 -1.8203098773956299 0.22699066996574402 0.13619288802146912 -1.9968264102935791 0.25356188416481018 -0.2282865047454834 -1.8728113174438477 0.12733021378517151 -0.31541672348976135 -2.067371129989624 0.18251702189445496 -0.34076336026191711 -1.1182446479797363 0.27494409680366516 -0.40749707818031311 -0.94455236196517944 0.12353044748306274
1589.1118999943137 -0.061959173530340195 -1.247711181640625 0.60284543037414551 0.21832863986492157 -1.8313682079315186 0.17859502136707306 0.19601526856422424 -2.017777681350708 0.20071378350257874 -0.1549910306930542 -1.8988997936248779 0.067753836512565613 -0.22990986704826355 -2.1052052974700928 0.1159777045249939 -0.31090569496154785 -1.1341766119003296 0.21565449237823486 -0.39791911840438843 -0.97898870706558228 0.039523869752883911
1652.530399993062 -0.0091830864548683167 -1.3749947547912598 0.6944541335105896 0.25258725881576538 -1.9688862562179565 0.24554228782653809 0.23958122730255127 -2.1654829978942871 0.26583021879196167 -0.19059869647026062 -2.0329315662384033 0.13775086402893066 -0.27604037523269653 -2.2419841289520264 0.18271499872207642 -0.36004206538200378 -1.2596900463104248 0.29114595055580139 -0.44203084707260132 -1.0711839199066162 0.11375946551561356
1652.530399993062 -0.013398840092122555 -1.3758323192596436 0.66216182708740234 0.23068000376224518 -1.9361611604690552 0.16031557321548462 0.21819484233856201 -2.13081955909729 0.16456733644008636 -0.17725937068462372 -1.9919291734695435 0.049005024135112762 -0.26204335689544678 -2.1936349868774414 0.065113119781017303 -0.36547473073005676 -1.2893357276916504 0.14619320631027222 -0.43321108818054199 -1.2201492786407471 -0.033615108579397202
1716.4472999945283 0.0028440374881029129 -1.3815433979034424 0.6798853874206543 0.25345471501350403 -1.9568673372268677 0.16460911929607391 0.24063543975353241 -2.1567349433898926 0.16897466778755188 -0.16540159285068512 -2.0141277313232422 0.050319772213697433 -0.25245451927185059 -2.2212316989898682 0.066858947277069092 -0.35865384340286255 -1.2927322387695313 0.15010881423950195 -0.42820286750793457 -1.2216942310333252 -0.034511376172304153
1716.4472999945283 0.014829152263700962 -1.4168978929519653 0.81551826000213623 0.26942631602287292 -2.0818078517913818 0.3679661750793457 0.251975417137146 -2.2676935195922852 0.4038427472114563 -0.18279123306274414 -2.1314001083374023 0.24469107389450073 -0.25831985473632813 -2.3238992691040039 0.30405855178833008 -0.36650446057319641 -1.3468528985977173 0.37505209445953369 -0.44820195436477661 -1.1480739116668701 0.19829985499382019
1778.7122999951243 -0.10892061144113541 -1.2369639873504639 0.676971435546875 0.21167671680450439 -1.8405640125274658 0.25118610262870789 0.19932651519775391 -2.0182352066040039 0.27591133117675781 -0.19540916383266449 -1.9083511829376221 0.1442599892616272 -0.27603906393051147 -2.1018586158752441 0.19064147770404816 -0.38012862205505371 -1.1696431636810303 0.2367335706949234 -0.45681878924369812 -1.0137784481048584 0.06854548305273056
1778.7122999951243 -0.074883311986923218 -1.3249310255050659 0.75151759386062622 0.28646430373191833 -1.9760141372680664 0.31111034750938416 0.28678721189498901 -2.1595759391784668 0.3414171040058136 -0.18701203167438507 -2.0250566005706787 0.19689749181270599 -0.26405903697013855 -2.2337939739227295 0.24087725579738617 -0.34106302261352539 -1.183475136756897 0.27513784170150757 -0.43335598707199097 -1.1649109125137329 0.076523490250110626
1841.5249999910593 -0.095647923648357391 -1.2208338975906372 0.67993497848510742 0.20683738589286804 -1.8376084566116333 0.21447892487049103 0.20270174741744995 -2.0199055671691895 0.22884805500507355 -0.19208545982837677 -1.8912396430969238 0.085811682045459747 -0.25672569870948792 -2.0678026676177979 0.10004183650016785 -0.38389447331428528 -1.1533704996109009 0.14776800572872162 -0.4680401086807251 -1.1166725158691406 -0.035491019487380981
1841.5249999910593 -0.069896616041660309 -1.2649884223937988 0.70826208591461182 0.24518959224224091 -1.9074565172195435 0.22341607511043549 0.24088169634342194 -2.0973477363586426 0.23838379979133606 -0.1703515350818634 -1.9633218050003052 0.089388810098171234 -0.23768456280231476 -2.147240161895752 0.10421176999807358 -0.37015095353126526 -1.1947145462036133 0.15392611920833588 -0.45780187845230103 -1.1564878225326538 -0.03696710616350174
1904.4113999977708 -0.055323295295238495 -1.276320219039917 0.81399732828140259 0.25342428684234619 -1.9597504138946533 0.44345346093177795 0.23968127369880676 -2.129547119140625 0.48806703090667725 -0.20015224814414978 -1.9891878366470337 0.32765814661979675 -0.2747063934803009 -2.178459644317627 0.38806965947151184 -0.35226354002952576 -1.1602603197097778 0.35754814743995667 -0.44289377331733704 -1.0471770763397217 0.15325275063514709
1904.4113999977708 -0.048645231872797012 -1.2121766805648804 0.72076094150543213 0.20372383296489716 -1.8466833829879761 0.28882721066474915 0.18820290267467499 -2.0069944858551025 0.31934106349945068 -0.15457208454608917 -1.8855221271514893 0.17939108610153198 -0.20903460681438446 -2.0475385189056396 0.22033992409706116 -0.36124056577682495 -1.1685551404953003 0.25085437297821045 -0.44234541058540344 -1.1314461231231689 0.063300788402557373
1972.2209999933839 -0.041646916419267654 -1.2482939958572388 0.75949615240097046 0.22428438067436218 -1.9168990850448608 0.30435037612915039 0.20792935788631439 -2.0858254432678223 0.33650404214859009 -0.15326625108718872 -1.9578250646591187 0.18903318047523499 -0.2106555700302124 -2.1285481452941895 0.23218260705471039 -0.37104102969169617 -1.2023283243179321 0.26433688402175903 -0.45650443434715271 -1.1632251739501953 0.066704221069812775
1972.2209999933839 -0.042835976928472519 -1.2839341163635254 0.78118050098419189 0.23068791627883911 -1.9716284275054932 0.31303989887237549 0.21386595070362091 -2.1453776359558105 0.34611156582832336 -0.15764214098453522 -2.0137228965759277 0.19443027675151825 -0.21666999161243439 -2.1893203258514404 0.23881164193153381 -0.38163462281227112 -1.2366559505462646 0.27188396453857422 -0.46953809261322021 -1.1964364051818848 0.068608693778514862
