24.384499996900558 -0.28979748487472534 -1.1961896419525146 0.36396867036819458 0.40863767266273499 -1.988324761390686 -0.052829507738351822 0.45610097050666809 -2.2453210353851318 -0.098857559263706207 -0.30099391937255859 -2.1014182567596436 -0.26169443130493164 -0.44849371910095215 -2.3912947177886963 -0.30239951610565186 -0.6195949912071228 -1.1526850461959839 0.16813258826732635 -0.76033836603164673 -0.89256894588470459 0.09178643673658371
24.384499996900558 -0.23782488703727722 -1.1306463479995728 0.44415441155433655 0.42854049801826477 -1.9269722700119019 0.0099614392966032028 0.47814017534255981 -2.1650233268737793 -0.026808004826307297 -0.27842047810554504 -2.0581974983215332 -0.15314111113548279 -0.40878838300704956 -2.3320987224578857 -0.18056222796440125 -0.53300690650939941 -1.1680021286010742 0.24017859995365143 -0.67342406511306763 -0.88187813758850098 0.18431907892227173
91.930399999022484 -0.19050882756710052 -1.1298762559890747 0.41074404120445251 0.39441132545471191 -1.8680241107940674 -0.062225431203842163 0.44265186786651611 -2.1007766723632813 -0.10162316262722015 -0.29926389455795288 -1.9710218906402588 -0.2235918790102005 -0.42130687832832336 -2.2324283123016357 -0.25564515590667725 -0.53220218420028687 -1.0917311906814575 0.18242767453193665 -0.66811096668243408 -0.85126191377639771 0.11952961981296539
91.930399999022484 -0.18354068696498871 -1.159080982208252 0.44849571585655212 0.39469507336616516 -1.9299452304840088 -0.046777371317148209 0.44115006923675537 -2.1713104248046875 -0.090560704469680786 -0.31144353747367859 -2.0288105010986328 -0.21312178671360016 -0.4414212703704834 -2.3061952590942383 -0.25266155600547791 -0.52743065357208252 -1.1002557277679443 0.18685621023178101 -0.66161221265792847 -0.85275864601135254 0.11325619369745255
154.86529998481274 -0.22424705326557159 -1.173839807510376 0.45124369859695435 0.35753330588340759 -1.9494293928146362 -0.047065455466508865 0.40427306294441223 -2.1922740936279297 -0.091117188334465027 -0.35293397307395935 -2.048900842666626 -0.214429572224617 -0.48370844125747681 -2.3279857635498047 -0.25421172380447388 -0.57024502754211426 -1.1146539449691772 0.18800030648708344 -0.70524919033050537 -0.86563962697982788 0.11394912004470825
154.86529998481274 -0.24995875358581543 -1.1996278762817383 0.37205064296722412 0.35722318291664124 -1.9327373504638672 0.013753488659858704 0.3832000195980072 -2.183828592300415 -0.029567988589406013 -0.23563764989376068 -2.0303361415863037 -0.20590734481811523 -0.38939297199249268 -2.3080339431762695 -0.23530210554599762 -0.60347205400466919 -1.1596258878707886 0.21233043074607849 -0.72962069511413574 -0.88775300979614258 0.13422630727291107
217.27339999377728 -0.20814807713031769 -1.2128499746322632 0.38838493824005127 0.3724760115146637 -2.013779878616333 -0.021390542387962341 0.38726836442947388 -2.2736761569976807 -0.063471682369709015 -0.2254309356212616 -2.0941159725189209 -0.24268066883087158 -0.39771577715873718 -2.3682148456573486 -0.26888105273246765 -0.61542057991027832 -1.2276452779769897 0.19379416108131409 -0.73167484998703003 -0.9151911735534668 0.12692970037460327
217.27339999377728 -0.22308458387851715 -1.260076642036438 0.37679180502891541 0.3548697829246521 -2.0221138000488281 -0.034557510167360306 0.37186789512634277 -2.2746143341064453 -0.071568436920642853 -0.25577634572982788 -2.1027054786682129 -0.25270426273345947 -0.42134222388267517 -2.3715822696685791 -0.2732481062412262 -0.63890528678894043 -1.2657893896102905 0.17248046398162842 -0.77067947387695313 -0.96918678283691406 0.101393923163414
275.84999999403954 -0.19378834962844849 -1.2152770757675171 0.3684924840927124 0.37143728137016296 -1.9605312347412109 -0.033797364681959152 0.38806101679801941 -2.2074706554412842 -0.069993168115615845 -0.2257600873708725 -2.0393478870391846 -0.24713972210884094 -0.38767960667610168 -2.3023028373718262 -0.26723110675811768 -0.60045117139816284 -1.2208638191223145 0.1686808317899704 -0.72932308912277222 -0.93079352378845215 0.099159903824329376
275.84999999403954 -0.2280694842338562 -1.2189700603485107 0.35974451899528503 0.36441391706466675 -1.980833888053894 0.014697293750941753 0.37903156876564026 -2.2312111854553223 -0.019082620739936829 -0.21278603374958038 -2.0842864513397217 -0.21897219121456146 -0.37986636161804199 -2.348074197769165 -0.23618733882904053 -0.62754219770431519 -1.2494972944259644 0.20313712954521179 -0.74271392822265625 -0.92157208919525146 0.14381967484951019
338.46029998362064 -0.22897796332836151 -1.2573840618133545 0.35810521245002747 0.37863969802856445 -1.9749578237533569 -0.028837148100137711 0.40530303120613098 -2.226503849029541 -0.073338277637958527 -0.23998983204364777 -2.0581059455871582 -0.24699734151363373 -0.40437445044517517 -2.3342659473419189 -0.27837476134300232 -0.60066825151443481 -1.2089898586273193 0.18325282633304596 -0.72769397497177124 -0.93250536918640137 0.10752063989639282
338.46029998362064 -0.22619928419589996 -1.2163602113723755 0.38328969478607178 0.33373183012008667 -1.9785115718841553 0.0078850714489817619 0.35315907001495361 -2.2246136665344238 -0.027200905606150627 -0.26901799440383911 -2.0688152313232422 -0.20004613697528839 -0.42608079314231873 -2.3372321128845215 -0.22445257008075714 -0.59542977809906006 -1.1682167053222656 0.21788793802261353 -0.72206133604049683 -0.92740398645401001 0.12781757116317749
398.18179997801781 -0.21848364174365997 -1.1957881450653076 0.37846493721008301 0.33440011739730835 -1.9483468532562256 0.0077851889654994011 0.35358282923698425 -2.1913514137268066 -0.026859194040298462 -0.26076343655586243 -2.0375139713287354 -0.19752898812294006 -0.41584944725036621 -2.3025524616241455 -0.22162823379039764 -0.58306694030761719 -1.1482504606246948 0.21514493227005005 -0.70810467004776001 -0.91046863794326782 0.12620821595191956
398.18179997801781 -0.20743830502033234 -1.2193474769592285 0.45047017931938171 0.35549479722976685 -1.9489808082580566 0.010234266519546509 0.3886549174785614 -2.1923906803131104 -0.02507387287914753 -0.3143342137336731 -2.0421805381774902 -0.17470256984233856 -0.4463542103767395 -2.3042030334472656 -0.19742769002914429 -0.57312250137329102 -1.1274031400680542 0.20246310532093048 -0.70321279764175415 -0.87369030714035034 0.12034506350755692
455.54079999029636 -0.22963714599609375 -1.183391809463501 0.42381882667541504 0.38278862833976746 -1.9257830381393433 -0.044378582388162613 0.43004286289215088 -2.1626989841461182 -0.084152929484844208 -0.30575022101402283 -2.042466402053833 -0.21001045405864716 -0.42446517944335938 -2.3085997104644775 -0.23736725747585297 -0.56253296136856079 -1.1463841199874878 0.21084140241146088 -0.70062381029129028 -0.89257824420928955 0.14700667560100555
455.54079999029636 -0.31168961524963379 -1.1261909008026123 0.38931682705879211 0.38633415102958679 -1.87134850025177 0.010594012215733528 0.43630915880203247 -2.1122045516967773 -0.03033147007226944 -0.28250306844711304 -1.9808659553527832 -0.17339374125003815 -0.41505920886993408 -2.2568275928497314 -0.20090347528457642 -0.58760941028594971 -1.1526104211807251 0.20384079217910767 -0.69139647483825684 -0.81583404541015625 0.1613987535238266
518.01219999790192 -0.31576621532440186 -1.1901850700378418 0.40560808777809143 0.4114697277545929 -1.9665273427963257 0.011035805568099022 0.46353617310523987 -2.2174630165100098 -0.031602401286363602 -0.28535822033882141 -2.0806281566619873 -0.18065181374549866 -0.42346179485321045 -2.3681387901306152 -0.20931282639503479 -0.6032332181930542 -1.2177101373672485 0.21236991882324219 -0.71136379241943359 -0.86683976650238037 0.16815167665481567
518.01219999790192 -0.22887246310710907 -1.2651363611221313 0.50094938278198242 0.35211363434791565 -1.9901636838912964 0.04349026083946228 0.40308943390846252 -2.2273354530334473 0.014856960624456406 -0.41894364356994629 -2.0769443511962891 -0.16790802776813507 -0.55985939502716064 -2.3399927616119385 -0.19046397507190704 -0.59787511825561523 -1.1569221019744873 0.15580034255981445 -0.7482871413230896 -0.87863451242446899 0.064376361668109894
580.30399999022484 -0.21100997924804688 -1.2202060222625732 0.51266312599182129 0.33470800518989563 -1.9773427248001099 0.020714541897177696 0.3699888288974762 -2.2099671363830566 -0.010761408135294914 -0.37514370679855347 -2.0783305168151855 -0.17211911082267761 -0.5005527138710022 -2.3429164886474609 -0.1992214024066925 -0.55288404226303101 -1.1366735696792603 0.17501236498355865 -0.70101249217987061 -0.8689950704574585 0.10648736357688904
580.30399999022484 -0.26505106687545776 -1.1742398738861084 0.47365117073059082 0.29550153017044067 -1.8806189298629761 0.008221878670156002 0.32201877236366272 -2.108607292175293 -0.030129317194223404 -0.31621527671813965 -1.9850835800170898 -0.16830755770206451 -0.43867257237434387 -2.2337958812713623 -0.18604777753353119 -0.64715749025344849 -1.217251181602478 0.18699876964092255 -0.77582865953445435 -0.926291823387146 0.14455224573612213
638.05100001394749 -0.20615048706531525 -1.1730161905288696 0.48282966017723083 0.36526748538017273 -1.8930872678756714 0.0083787990733981133 0.39229872822761536 -2.1254947185516357 -0.030715769156813622 -0.25830644369125366 -1.9995768070220947 -0.17157237231731415 -0.38313734531402588 -2.2531096935272217 -0.18965646624565125 -0.59566336870193481 -1.2168612480163574 0.19062095880508423 -0.72682863473892212 -0.92026215791702271 0.14735168218612671
638.05100001394749 -0.22911711037158966 -1.1558917760848999 0.56025278568267822 0.27618259191513062 -1.9602289199829102 0.095946758985519409 0.3090667724609375 -2.1864187717437744 0.077826589345932007 -0.42377865314483643 -2.0975492000579834 -0.099638618528842926 -0.54911434650421143 -2.350921630859375 -0.11270437389612198 -0.61311596632003784 -1.1840790510177612 0.21811060607433319 -0.75902104377746582 -0.90738534927368164 0.13549736142158508
697.01280000805855 -0.1927037239074707 -1.0780595541000366 0.62098860740661621 0.28344309329986572 -1.9265848398208618 0.21658243238925934 0.31117713451385498 -2.1399030685424805 0.21510766446590424 -0.40722623467445374 -2.041398286819458 0.032560039311647415 -0.52891677618026733 -2.2806742191314697 0.02917826734483242 -0.58556300401687622 -1.1300865411758423 0.27277296781539917 -0.73058146238327026 -0.85700416564941406 0.17756140232086182
697.01280000805855 -0.17426328361034393 -1.0289560556411743 0.60577213764190674 0.29021605849266052 -1.8566892147064209 0.21127554774284363 0.31727048754692078 -2.0647799968719482 0.20983691513538361 -0.3835291862487793 -1.9686892032623291 0.031762421131134033 -0.50223779678344727 -2.2021019458770752 0.028463518247008324 -0.55749601125717163 -1.0797080993652344 0.26608920097351074 -0.69896095991134644 -0.81331729888916016 0.17321069538593292
770.64729999005795 -0.19078369438648224 -1.0878211259841919 0.58718740940093994 0.2477516233921051 -1.927748441696167 0.19723343849182129 0.27420493960380554 -2.147730827331543 0.19602076709270477 -0.43012616038322449 -2.0117990970611572 0.018264403566718102 -0.54842948913574219 -2.2506475448608398 0.0092722196131944656 -0.58795624971389771 -1.1163986921310425 0.25265339016914368 -0.71956312656402588 -0.83225750923156738 0.1669979989528656
770.64729999005795 -0.23924185335636139 -1.1794427633285522 0.51769280433654785 0.29079979658126831 -1.9100184440612793 0.087620444595813751 0.33803072571754456 -2.1372635364532471 0.064522773027420044 -0.44096630811691284 -2.0445234775543213 -0.047993037849664688 -0.55404818058013916 -2.2964472770690918 -0.061097566038370132 -0.55618762969970703 -1.1731693744659424 0.24088592827320099 -0.70684075355529785 -0.89436203241348267 0.17148718237876892
842.62479999661446 -0.17109417915344238 -1.1908789873123169 0.44662344455718994 0.3538188636302948 -1.935124397277832 0.010384499095380306 0.39110901951789856 -2.1433248519897461 -0.0073797670193016529 -0.38954693078994751 -2.0288476943969727 -0.069095157086849213 -0.50042486190795898 -2.2678320407867432 -0.074368201196193695 -0.42720064520835876 -1.1557376384735107 0.22997656464576721 -0.56215590238571167 -0.88969796895980835 0.17577189207077026
842.62479999661446 -0.20459477603435516 -1.1925697326660156 0.47289308905601501 0.28848302364349365 -1.8962916135787964 0.033010538667440414 0.32402920722961426 -2.1071822643280029 0.0082455854862928391 -0.42290413379669189 -1.9651299715042114 -0.084923669695854187 -0.54184132814407349 -2.1938738822937012 -0.10512356460094452 -0.43682238459587097 -1.1426520347595215 0.23652175068855286 -0.54542344808578491 -0.8664817214012146 0.17390249669551849
908.98549999296665 -0.22028966248035431 -1.179842472076416 0.48170781135559082 0.22492778301239014 -1.8945767879486084 0.034801959991455078 0.25386586785316467 -2.1076874732971191 0.013706370256841183 -0.47301116585731506 -1.9569751024246216 -0.089031293988227844 -0.59166669845581055 -2.1906223297119141 -0.11196517944335938 -0.52506238222122192 -1.1371889114379883 0.22249014675617218 -0.63322776556015015 -0.89452475309371948 0.14992320537567139
908.98549999296665 -0.15682797133922577 -1.1849110126495361 0.48590046167373657 0.29226800799369812 -1.9058719873428345 0.035101365298032761 0.32145816087722778 -2.1208388805389404 0.013821996748447418 -0.41175109148025513 -1.9688138961791992 -0.089810676872730255 -0.53144025802612305 -2.2044966220855713 -0.1129443570971489 -0.464255690574646 -1.1418858766555786 0.22442461550235748 -0.57336336374282837 -0.89710777997970581 0.1512254923582077
982.86079999804497 -0.31426912546157837 -1.3144999742507935 0.52574014663696289 0.1743263453245163 -1.9941333532333374 0.16285429894924164 0.21838115155696869 -2.1906499862670898 0.15290030837059021 -0.56126606464385986 -2.0255029201507568 0.03747689351439476 -0.67907905578613281 -2.2320590019226074 0.033455479890108109 -0.5764850378036499 -1.2625809907913208 0.32612267136573792 -0.67455339431762695 -0.91958552598953247 0.27000924944877625
982.86079999804497 -0.20274586975574493 -1.1448156833648682 0.45228680968284607 0.26335933804512024 -1.7592911720275879 0.10148871690034866 0.30096930265426636 -1.9407292604446411 0.09193885326385498 -0.40781867504119873 -1.8338243961334229 0.026622902601957321 -0.51707559823989868 -2.0519609451293945 0.025694238021969795 -0.38435158133506775 -1.0233125686645508 0.25372463464736938 -0.48768049478530884 -0.78834450244903564 0.19245447218418121
1045.3162999898195 -0.3088117241859436 -1.193445086479187 0.4320991039276123 0.21119840443134308 -1.8768734931945801 0.013922967948019505 0.25417116284370422 -2.0831263065338135 -0.0069909677840769291 -0.51013672351837158 -1.9488346576690674 -0.093726851046085358 -0.63844871520996094 -2.1838474273681641 -0.11119305342435837 -0.52183365821838379 -1.1312146186828613 0.2292734682559967 -0.62085384130477905 -0.8842700719833374 0.16993910074234009
1045.3162999898195 -0.25220426917076111 -1.1823381185531616 0.47449052333831787 0.26249375939369202 -1.8863000869750977 0.043491996824741364 0.28790834546089172 -2.0972506999969482 0.031650245189666748 -0.47153356671333313 -1.9418232440948486 -0.085143573582172394 -0.61368870735168457 -2.1766996383666992 -0.09689108282327652 -0.49831265211105347 -1.0981804132461548 0.22461670637130737 -0.60206913948059082 -0.84223651885986328 0.14852897822856903
1124.8772999942303 -0.27423200011253357 -1.2965456247329712 0.50741016864776611 0.21741898357868195 -2.0026688575744629 0.11713303625583649 0.2294306755065918 -2.2049045562744141 0.11591675132513046 -0.53098684549331665 -2.0276312828063965 -0.022493910044431686 -0.68496626615524292 -2.2365028858184814 -0.02344493567943573 -0.56110429763793945 -1.1942108869552612 0.26039329171180725 -0.67155998945236206 -0.90320503711700439 0.18012896180152893
1124.8772999942303 -0.17845772206783295 -1.2010929584503174 0.43953773379325867 0.27556931972503662 -1.8325414657592773 0.027623968198895454 0.29933014512062073 -2.0423483848571777 0.0011288576060906053 -0.38683485984802246 -1.8966368436813354 -0.076502606272697449 -0.49764162302017212 -2.1368188858032227 -0.1010763868689537 -0.42620652914047241 -1.0527187585830688 0.15331727266311646 -0.5424157977104187 -0.82694363594055176 0.080098487436771393
1188.5162000060081 -0.23081743717193604 -1.2328704595565796 0.51146066188812256 0.30852192640304565 -1.9328476190567017 0.10100562125444412 0.36026290059089661 -2.1480443477630615 0.081163443624973297 -0.43734490871429443 -2.0026412010192871 -0.0049707787111401558 -0.55557632446289063 -2.2452318668365479 -0.023040439933538437 -0.46049466729164124 -1.1646444797515869 0.25380507111549377 -0.55758684873580933 -0.91887068748474121 0.18277953565120697
1188.5162000060081 -0.19894105195999146 -1.1088428497314453 0.48062914609909058 0.30788591504096985 -1.7666239738464355 0.094917096197605133 0.35650789737701416 -1.9688482284545898 0.076271042227745056 -0.3930186927318573 -1.8322104215621948 -0.0046708518639206886 -0.50412285327911377 -2.0601770877838135 -0.021651240065693855 -0.41477292776107788 -1.0447295904159546 0.23850548267364502 -0.5060122013092041 -0.81377142667770386 0.17176152765750885
1249.6162000000477 -0.1935410350561142 -1.19034743309021 0.49869436025619507 0.28365886211395264 -1.9159011840820313 0.1010918915271759 0.32554879784584045 -2.1225283145904541 0.098873540759086609 -0.43878456950187683 -1.9616727828979492 0.012011251412332058 -0.54576694965362549 -2.2033286094665527 0.0096211470663547516 -0.4327392578125 -1.0995020866394043 0.24771338701248169 -0.53837978839874268 -0.86441689729690552 0.16751322150230408
1249.6162000000477 -0.16456839442253113 -1.2150847911834717 0.49117082357406616 0.25332579016685486 -1.8498991727828979 0.12540784478187561 0.2823316752910614 -2.0332992076873779 0.13210161030292511 -0.44872313737869263 -1.8613373041152954 0.036501169204711914 -0.56826555728912354 -2.0670263767242432 0.044002775102853775 -0.43460541963577271 -1.071699857711792 0.26235488057136536 -0.51739031076431274 -0.8210303783416748 0.18260937929153442
1315.027999997139 -0.2275887131690979 -1.1940966844558716 0.46031033992767334 0.25032699108123779 -1.8627382516860962 0.13390500843524933 0.2777971625328064 -2.0568132400512695 0.13391821086406708 -0.43829154968261719 -1.9035269021987915 0.0094191320240497589 -0.57336485385894775 -2.1242573261260986 0.0086225094273686409 -0.47130519151687622 -1.0779271125793457 0.24800464510917664 -0.55213391780853271 -0.81182712316513062 0.18181824684143066
1315.027999997139 -0.22394277155399323 -1.1786532402038574 0.44248592853546143 0.24015049636363983 -1.8335434198379517 0.097366973757743835 0.26934400200843811 -2.0240943431854248 0.096999406814575195 -0.44144061207771301 -1.866868257522583 -0.0088439173996448517 -0.56563985347747803 -2.0809433460235596 -0.0018864128505811095 -0.46319189667701721 -1.0537925958633423 0.25215154886245728 -0.54446977376937866 -0.79801470041275024 0.18952746689319611
1373.8933999985456 -0.23419232666492462 -1.1880598068237305 0.44920793175697327 0.23695565760135651 -1.8529049158096313 0.098842747509479523 0.26659294962882996 -2.0463526248931885 0.098469600081443787 -0.45499637722969055 -1.8867363929748535 -0.0089826621115207672 -0.58108359575271606 -2.1040656566619873 -0.0019193952903151512 -0.47707831859588623 -1.0613011121749878 0.2559802234172821 -0.55959171056747437 -0.80163514614105225 0.19240419566631317
1373.8933999985456 -0.22548884153366089 -1.1803958415985107 0.47274506092071533 0.24380283057689667 -1.8703057765960693 0.11338761448860168 0.26735621690750122 -2.0647103786468506 0.11781347543001175 -0.451485276222229 -1.9045448303222656 -0.0051297862082719803 -0.58409321308135986 -2.1172311305999756 0.008039684034883976 -0.50905710458755493 -1.0914765596389771 0.26691704988479614 -0.59033107757568359 -0.81675887107849121 0.19992023706436157
1439.6168999969959 -0.19700269401073456 -1.2257498502731323 0.46277353167533875 0.20684117078781128 -1.9016507863998413 0.076706260442733765 0.2275470495223999 -2.0950996875762939 0.075984001159667969 -0.48024240136146545 -1.9192487001419067 -0.035690959542989731 -0.60651946067810059 -2.1258847713470459 -0.028724109753966331 -0.51863789558410645 -1.1014689207077026 0.22450320422649384 -0.59830862283706665 -0.84494197368621826 0.14812597632408142
1439.6168999969959 -0.23430351912975311 -1.1682785749435425 0.47005346417427063 0.23232606053352356 -1.8593226671218872 0.14026950299739838 0.25797498226165771 -2.0547451972961426 0.14276163280010223 -0.4306354820728302 -1.9003169536590576 0.022940127179026604 -0.5563393235206604 -2.1203281879425049 0.033679060637950897 -0.48785194754600525 -1.0764777660369873 0.27522715926170349 -0.57804226875305176 -0.81184709072113037 0.21075588464736938
1499.3925999850035 -0.24580462276935577 -1.1732077598571777 0.46971824765205383 0.22049088776111603 -1.8637571334838867 0.14017035067081451 0.24612148106098175 -2.0590395927429199 0.1426607072353363 -0.4419960081577301 -1.9047219753265381 0.02292497456073761 -0.56760990619659424 -2.1245756149291992 0.033656220883131027 -0.49917152523994446 -1.0814727544784546 0.27503141760826111 -0.58929729461669922 -0.8170313835144043 0.21060627698898315
1499.3925999850035 -0.23029530048370361 -1.179111123085022 0.44941067695617676 0.23128077387809753 -1.8614926338195801 0.075490847229957581 0.25545015931129456 -2.0590550899505615 0.067136198282241821 -0.43138080835342407 -1.9015036821365356 -0.043717510998249054 -0.55523377656936646 -2.1133151054382324 -0.043178461492061615 -0.48185205459594727 -1.0800535678863525 0.22975338995456696 -0.55792742967605591 -0.83894562721252441 0.16137853264808655
1562.0771000087261 -0.19010995328426361 -1.179472804069519 0.47446122765541077 0.19788713753223419 -1.8670961856842041 0.14776192605495453 0.22648070752620697 -2.0625855922698975 0.15390749275684357 -0.44750583171844482 -1.9010931253433228 0.019733799621462822 -0.56074953079223633 -2.1169075965881348 0.025129187852144241 -0.47647488117218018 -1.0277681350708008 0.21727024018764496 -0.56500792503356934 -0.79920727014541626 0.12121938914060593
1562.0771000087261 -0.25927367806434631 -1.1037408113479614 0.4454113245010376 0.23529425263404846 -1.7963095903396606 0.05814087763428688 0.2714979350566864 -1.9959547519683838 0.046121340245008469 -0.43367341160774231 -1.8472768068313599 -0.053851015865802765 -0.54396873712539673 -2.065204381942749 -0.060084860771894455 -0.49452111124992371 -1.0175879001617432 0.18659994006156921 -0.58035153150558472 -0.78504478931427002 0.10824611037969589
1625.05269998312 -0.28026241064071655 -1.1614669561386108 0.46394824981689453 0.23489077389240265 -1.8828623294830322 0.060558576136827469 0.27260133624076843 -2.0908172130584717 0.048038754612207413 -0.46192112565040588 -1.9359509944915771 -0.056094720959663391 -0.57680726051330566 -2.1629490852355957 -0.062588036060333252 -0.52530145645141602 -1.0717281103134155 0.19436444342136383 -0.61470437049865723 -0.82950598001480103 0.11274933069944382
1625.05269998312 -0.26460930705070496 -1.1518603563308716 0.44749295711517334 0.22166445851325989 -1.8639461994171143 0.064639538526535034 0.25052028894424438 -2.0702276229858398 0.051324095577001572 -0.42341324687004089 -1.9287543296813965 -0.06353304535150528 -0.53924268484115601 -2.1555860042572021 -0.067928649485111237 -0.50792306661605835 -1.0925353765487671 0.1885659247636795 -0.60776281356811523 -0.85323846340179443 0.11166027188301086
1681.5627000033855 -0.27195924520492554 -1.1455091238021851 0.41543012857437134 0.18931330740451813 -1.8512740135192871 0.031603012233972549 0.21312925219535828 -2.0519862174987793 0.018279025331139565 -0.40400421619415283 -1.9149014949798584 -0.082582645118236542 -0.50950723886489868 -2.1417536735534668 -0.080919675529003143 -0.49267002940177917 -1.0750024318695068 0.19878107309341431 -0.59025245904922485 -0.84615463018417358 0.13542188704013824
1681.5627000033855 -0.21327438950538635 -1.2104231119155884 0.42907014489173889 0.18215650320053101 -1.8608063459396362 0.021391917020082474 0.19782212376594543 -2.0630481243133545 0.006391752976924181 -0.40574893355369568 -1.9010132551193237 -0.095910549163818359 -0.51076102256774902 -2.1286716461181641 -0.094301477074623108 -0.49001556634902954 -1.049582839012146 0.17815461754798889 -0.58317291736602783 -0.83631420135498047 0.10317707806825638
1747.9372999817133 -0.23270902037620544 -1.2582857608795166 0.439078688621521 0.17194604873657227 -1.9238405227661133 0.021890593692660332 0.18797709047794342 -2.1308000087738037 0.0065405210480093956 -0.42967340350151062 -1.9649852514266968 -0.098148174583911896 -0.53713506460189819 -2.1979539394378662 -0.096501566469669342 -0.51590573787689209 -1.093693733215332 0.18231005966663361 -0.61123621463775635 -0.87545013427734375 0.1055835485458374
1747.9372999817133 -0.22850227355957031 -1.2163493633270264 0.43094164133071899 0.16966855525970459 -1.8842462301254272 0.020085049793124199 0.19767077267169952 -2.0865647792816162 0.0025007650256156921 -0.439200758934021 -1.9351352453231812 -0.11902482062578201 -0.54420214891433716 -2.168658971786499 -0.13010315597057343 -0.48436591029167175 -1.0567872524261475 0.1434219628572464 -0.58893704414367676 -0.8501020073890686 0.062089797109365463
1809.0931999832392 -0.25195720791816711 -1.1578569412231445 0.43377909064292908 0.16135051846504211 -1.8365484476089478 0.083264067769050598 0.1890062689781189 -2.0331237316131592 0.07238151878118515 -0.44130045175552368 -1.8905676603317261 -0.048906251788139343 -0.55196082592010498 -2.1201362609863281 -0.054940599948167801 -0.49359282851219177 -1.0075044631958008 0.18572452664375305 -0.59232568740844727 -0.79054993391036987 0.10935020446777344
1809.0931999832392 -0.23146156966686249 -1.183132529258728 0.41537472605705261 0.14502304792404175 -1.8360247611999512 0.065217457711696625 0.17412726581096649 -2.0397071838378906 0.049085956066846848 -0.46197807788848877 -1.8874580860137939 -0.075527235865592957 -0.58490163087844849 -2.1183934211730957 -0.087225161492824554 -0.49628433585166931 -1.0035643577575684 0.1672898530960083 -0.58426618576049805 -0.78686255216598511 0.093492656946182251
1869.0776999890804 -0.24178990721702576 -1.2390298843383789 0.42641881108283997 0.14470300078392029 -1.909278392791748 0.066953130066394806 0.17458091676235199 -2.118375301361084 0.050392791628837585 -0.47843435406684875 -1.9620789289474487 -0.077533051371574402 -0.6046256422996521 -2.1991534233093262 -0.089541956782341003 -0.51365256309509277 -1.0546880960464478 0.17173898220062256 -0.60397332906723022 -0.83222568035125732 0.095979988574981689
1869.0776999890804 -0.2221272885799408 -1.2064132690429688 0.46546202898025513 0.15844947099685669 -1.8624240159988403 0.075957804918289185 0.19707733392715454 -2.0571706295013428 0.06376667320728302 -0.48648297786712646 -1.9069075584411621 -0.028169659897685051 -0.60033982992172241 -2.1269323825836182 -0.033578924834728241 -0.4896920919418335 -1.0589488744735718 0.22480659186840057 -0.58377194404602051 -0.86210906505584717 0.14507092535495758
1932.2419999986887 -0.1796812117099762 -1.1439732313156128 0.48349833488464355 0.17002867162227631 -1.7999284267425537 0.14212578535079956 0.20203980803489685 -1.9901031255722046 0.13471387326717377 -0.44899660348892212 -1.8710592985153198 0.018897498026490211 -0.56249815225601196 -2.1005086898803711 0.01105014979839325 -0.45001071691513062 -0.989798903465271 0.21678674221038818 -0.55561619997024536 -0.804526686668396 0.12317487597465515
1932.2419999986887 -0.19015318155288696 -1.1324155330657959 0.45797047019004822 0.16690900921821594 -1.7806782722473145 0.12082961946725845 0.19959953427314758 -1.9706072807312012 0.10691182315349579 -0.43498039245605469 -1.8668937683105469 -0.0049901562742888927 -0.55143088102340698 -2.1014053821563721 -0.014410309493541718 -0.42915827035903931 -0.98506313562393188 0.20979863405227661 -0.53536528348922729 -0.81220024824142456 0.1216372549533844
1994.5540999919176 -0.20544634759426117 -1.1070359945297241 0.44994330406188965 0.14535719156265259 -1.7439358234405518 0.1187119334936142 0.1774747222661972 -1.9305356740951538 0.10503808408975601 -0.44598212838172913 -1.8286401033401489 -0.0049024452455341816 -0.56039148569107056 -2.0590412616729736 -0.01415748056024313 -0.4402620792388916 -0.96226638555526733 0.20612148940563202 -0.54460752010345459 -0.79243355989456177 0.11950540542602539
1994.5540999919176 -0.21320138871669769 -1.1041187047958374 0.43249678611755371 0.15742579102516174 -1.75422203540802 0.13945578038692474 0.18606157600879669 -1.9405730962753296 0.13168740272521973 -0.43195533752441406 -1.8383791446685791 0.0095667103305459023 -0.5610080361366272 -2.0655434131622314 0.0034914456773549318 -0.43501943349838257 -0.96073520183563232 0.20259003341197968 -0.52655893564224243 -0.7797209620475769 0.11314148455858231
