0.0 -1.1144194602966309 -0.90890544652938843 0.23691774904727936 -1.1466302871704102 -1.1719808578491211 0.071702174842357635 -1.4664818048477173 -1.2249927520751953 -0.047590672969818115 -1.2978695631027222 -1.1347774267196655 -0.20213596522808075 -1.6813013553619385 -1.1049537658691406 -0.33941182494163513 -1.4816230535507202 -1.034424901008606 -0.32239288091659546 -1.2155916690826416 -0.99660056829452515 -0.45383155345916748
0.0 -1.1560889482498169 -0.88279092311859131 0.31388801336288452 -1.1115431785583496 -1.1690999269485474 0.22279873490333557 -1.4226628541946411 -1.2207140922546387 0.12634426355361938 -1.2827466726303101 -1.1231144666671753 -0.051056679338216782 -1.6474872827529907 -1.1041287183761597 -0.15549159049987793 -1.4726846218109131 -1.0217959880828857 -0.16817520558834076 -1.243527889251709 -0.98452538251876831 -0.32707566022872925
56.470799997448921 -1.1920809745788574 -0.95192784070968628 0.32541367411613464 -1.1458990573883057 -1.2487529516220093 0.23097874224185944 -1.4684461355209351 -1.3022629022598267 0.13098150491714478 -1.3233908414840698 -1.2010784149169922 -0.052935346961021423 -1.7015285491943359 -1.1813951730728149 -0.16120612621307373 -1.5203051567077637 -1.0960384607315063 -0.17435561120510101 -1.2827315330505371 -1.0573989152908325 -0.33909246325492859
56.470799997448921 -1.091383695602417 -0.89836037158966064 0.55864638090133667 -1.0662531852722168 -1.1836029291152954 0.48089632391929626 -1.3624619245529175 -1.2481721639633179 0.40456840395927429 -1.252484917640686 -1.1564381122589111 0.18392881751060486 -1.5853176116943359 -1.1428883075714111 0.09725276380777359 -1.5364383459091187 -1.066617488861084 0.016156047582626343 -1.3208974599838257 -1.0279824733734131 -0.1699119359254837
113.38580000400543 -1.0756133794784546 -0.89838135242462158 0.33297869563102722 -1.0843355655670166 -1.1810301542282104 0.26796239614486694 -1.3856476545333862 -1.2336947917938232 0.18511366844177246 -1.2624363899230957 -1.119227409362793 0.019214550033211708 -1.6080138683319092 -1.1008639335632324 -0.064712367951869965 -1.4867125749588013 -1.026713490486145 -0.11668741703033447 -1.2540243864059448 -0.99261033535003662 -0.29585176706314087
113.38580000400543 -1.1188132762908936 -0.94691234827041626 0.33967143297195435 -1.1277108192443848 -1.2352440357208252 0.27334791421890259 -1.4350812435150146 -1.2889678478240967 0.18883335590362549 -1.3093926906585693 -1.1721988916397095 0.019598579034209251 -1.6619185209274292 -1.1534662246704102 -0.066015824675559998 -1.5381783246994019 -1.0778248310089111 -0.11903591454029083 -1.3008115291595459 -1.0430359840393066 -0.30180266499519348
167.33089999854565 -1.1430655717849731 -0.88960850238800049 0.45113068819046021 -1.0490857362747192 -1.2109107971191406 0.44370332360267639 -1.3380628824234009 -1.2747174501419067 0.3733956515789032 -1.260198712348938 -1.1594429016113281 0.13336385786533356 -1.6040453910827637 -1.1417633295059204 0.054796800017356873 -1.5315147638320923 -1.0687804222106934 -0.024556273594498634 -1.3234517574310303 -1.0249330997467041 -0.22128856182098389
167.33089999854565 -1.1135761737823486 -0.99327683448791504 0.47016775608062744 -1.054506778717041 -1.268254280090332 0.44969260692596436 -1.3597667217254639 -1.3152816295623779 0.38359713554382324 -1.2764673233032227 -1.1838467121124268 0.17064259946346283 -1.6239756345748901 -1.1554872989654541 0.094176910817623138 -1.4881166219711304 -1.0842728614807129 0.021332459524273872 -1.2611997127532959 -1.0529977083206177 -0.16257204115390778
225.3188000023365 -1.0811847448348999 -0.90791898965835571 0.44724529981613159 -1.0249947309494019 -1.1694921255111694 0.42776826024055481 -1.3153741359710693 -1.2142268419265747 0.36489474773406982 -1.2361353635787964 -1.0891991853713989 0.16232112050056458 -1.5667036771774292 -1.0622222423553467 0.089582912623882294 -1.4374674558639526 -0.99447923898696899 0.020289408043026924 -1.2216120958328247 -0.96472859382629395 -0.15465028584003448
225.3188000023365 -1.0780985355377197 -0.94655114412307739 0.40568110346794128 -1.0832690000534058 -1.189117431640625 0.37970149517059326 -1.4023430347442627 -1.2432489395141602 0.3064579963684082 -1.2846649885177612 -1.1128727197647095 0.12093180418014526 -1.6443657875061035 -1.0865761041641235 0.030575871467590332 -1.4094752073287964 -0.9824291467666626 -0.029567373916506767 -1.189336895942688 -0.95343071222305298 -0.1883922666311264
278.33540000021458 -1.1243993043899536 -0.92337483167648315 0.42082738876342773 -1.0864797830581665 -1.1972756385803223 0.38630193471908569 -1.3946859836578369 -1.2652450799942017 0.30754753947257996 -1.2957620620727539 -1.1367666721343994 0.10404039919376373 -1.649702787399292 -1.1195135116577148 0.0061197779141366482 -1.5059622526168823 -1.0233813524246216 -0.059289153665304184 -1.2764631509780884 -0.96964234113693237 -0.20885631442070007
278.33540000021458 -1.0756030082702637 -0.97786617279052734 0.43466058373451233 -1.0527032613754272 -1.2675032615661621 0.35955002903938293 -1.3834267854690552 -1.3293291330337524 0.28154197335243225 -1.2655763626098633 -1.2028384208679199 0.081348992884159088 -1.6433186531066895 -1.1835299730300903 -0.019297005608677864 -1.4709852933883667 -1.0944638252258301 -0.064662151038646698 -1.2266741991043091 -1.0532405376434326 -0.21730631589889526
338.84769999980927 -1.0405901670455933 -0.90960413217544556 0.42022597789764404 -1.0184508562088013 -1.1896238327026367 0.34760946035385132 -1.3381925821304321 -1.2493965625762939 0.27219167351722717 -1.2242553234100342 -1.1271060705184937 0.078646197915077209 -1.5894545316696167 -1.1084388494491577 -0.01865781843662262 -1.4228435754776001 -1.0223302841186523 -0.062516599893569946 -1.1866450309753418 -0.98247575759887695 -0.21009215712547302
338.84769999980927 -1.0696293115615845 -0.95093351602554321 0.33069968223571777 -1.0557550191879272 -1.2179628610610962 0.24379931390285492 -1.3809698820114136 -1.2890812158584595 0.1773478090763092 -1.234464168548584 -1.1571074724197388 0.0022951466962695122 -1.6097098588943481 -1.1497396230697632 -0.075979612767696381 -1.5151333808898926 -1.0537831783294678 -0.098071053624153137 -1.2847135066986084 -1.0008170604705811 -0.25808322429656982
393.01589998602867 -1.0098114013671875 -0.92335593700408936 0.2309061586856842 -1.0628854036331177 -1.2120344638824463 0.11270006746053696 -1.408514142036438 -1.2799385786056519 0.034072741866111755 -1.2177116870880127 -1.1739684343338013 -0.12119288742542267 -1.6156361103057861 -1.1619231700897217 -0.22710178792476654 -1.4718600511550903 -1.0385820865631104 -0.22198525071144104 -1.1934616565704346 -0.9821164608001709 -0.33159908652305603
393.01589998602867 -1.0231386423110962 -0.86754059791564941 0.2282070517539978 -1.075592041015625 -1.152843713760376 0.11138302832841873 -1.4171795845031738 -1.2199540138244629 0.033675022423267365 -1.2286081314086914 -1.1152229309082031 -0.11977521330118179 -1.6218799352645874 -1.103318452835083 -0.22444581985473633 -1.4797849655151367 -0.98141944408416748 -0.21938911080360413 -1.2046416997909546 -0.92561405897140503 -0.32772135734558105
452.04000000655651 -1.112798810005188 -0.84265786409378052 0.29429954290390015 -1.0906679630279541 -1.2001868486404419 0.20980466902256012 -1.4159089326858521 -1.2736665010452271 0.13698449730873108 -1.2777999639511108 -1.1597188711166382 -0.073362238705158234 -1.6603788137435913 -1.1570577621459961 -0.15722034871578217 -1.6217620372772217 -1.0476282835006714 -0.17194104194641113 -1.3807742595672607 -0.99262887239456177 -0.3403332531452179
452.04000000655651 -1.0324574708938599 -0.93780440092086792 0.40269166231155396 -1.0953559875488281 -1.3046716451644897 0.34856629371643066 -1.4291197061538696 -1.3810828924179077 0.30428874492645264 -1.314645528793335 -1.2464940547943115 0.073241226375102997 -1.7271603345870972 -1.2332390546798706 0.0142438979819417 -1.7122098207473755 -1.1188163757324219 -0.033011641353368759 -1.4678713083267212 -1.0758914947509766 -0.21279095113277435
506.44370001554489 -0.99228787422180176 -0.91636908054351807 0.38636103272438049 -1.0526349544525146 -1.2683541774749756 0.33443129062652588 -1.3728592395782471 -1.3416657447814941 0.29194986820220947 -1.2630288600921631 -1.2125366926193237 0.070274926722049713 -1.6588097810745239 -1.1998192071914673 0.01367085799574852 -1.6444655656814575 -1.0900382995605469 -0.031667731702327728 -1.410038948059082 -1.0488545894622803 -0.20415419340133667
506.44370001554489 -0.98362445831298828 -0.92490768432617188 0.093373216688632965 -1.1339535713195801 -1.1952837705612183 -0.1620762050151825 -1.4639279842376709 -1.2296972274780273 -0.24063612520694733 -1.2871145009994507 -1.1576483249664307 -0.36687847971916199 -1.6890201568603516 -1.1312829256057739 -0.4616299569606781 -1.5561004877090454 -0.98023015260696411 -0.38685312867164612 -1.3110467195510864 -0.94921839237213135 -0.47759383916854858
560.28700000047684 -1.1374479532241821 -0.75802475214004517 -0.058866873383522034 -1.2489774227142334 -1.0917987823486328 -0.31345582008361816 -1.5846389532089233 -1.1463885307312012 -0.40741118788719177 -1.3704906702041626 -1.0408254861831665 -0.47275403141975403 -1.7842726707458496 -1.0264765024185181 -0.59226882457733154 -1.4930611848831177 -0.81448090076446533 -0.51973128318786621 -1.2162846326828003 -0.74232465028762817 -0.54994165897369385
560.28700000047684 -1.2200366258621216 -0.70461088418960571 -0.062161806970834732 -1.3378117084503174 -1.0570764541625977 -0.33100786805152893 -1.6922706365585327 -1.1147232055664063 -0.43022480607032776 -1.4661298990249634 -1.0032486915588379 -0.49922686815261841 -1.9030839204788208 -0.98809605836868286 -0.62543457746505737 -1.5955642461776733 -0.76422864198684692 -0.54883486032485962 -1.3032881021499634 -0.68803161382675171 -0.58073699474334717
629.27520000934601 -1.2604038715362549 -0.73056066036224365 0.074049592018127441 -1.4206147193908691 -1.110774040222168 -0.19791175425052643 -1.8170242309570313 -1.1754096746444702 -0.29889056086540222 -1.6051197052001953 -1.1013988256454468 -0.39671403169631958 -2.0865764617919922 -1.1019272804260254 -0.52057743072509766 -1.6930450201034546 -0.81373679637908936 -0.46557149291038513 -1.4506208896636963 -0.82336801290512085 -0.53965812921524048
629.27520000934601 -1.585191011428833 -0.91791754961013794 0.46620097756385803 -1.6447352170944214 -1.2334662675857544 0.35682037472724915 -2.067286491394043 -1.2590224742889404 0.28779152035713196 -1.8727775812149048 -1.0780633687973022 0.064696945250034332 -2.3639049530029297 -1.0060524940490723 -0.0020578522235155106 -2.0700516700744629 -0.92975890636444092 -0.048524580895900726 -1.7941467761993408 -0.90149772167205811 -0.27188020944595337
689.18050001561642 -1.3927047252655029 -1.1636055707931519 -0.0092842187732458115 -1.5400227308273315 -1.4288997650146484 -0.12731000781059265 -1.9274694919586182 -1.4410429000854492 -0.21769353747367859 -1.7436633110046387 -1.3022217750549316 -0.38414749503135681 -2.2209393978118896 -1.24770188331604 -0.50411319732666016 -1.6920044422149658 -1.1026891469955444 -0.37809419631958008 -1.4224895238876343 -1.0959383249282837 -0.48446831107139587
689.18050001561642 -1.1327987909317017 -0.83692973852157593 -0.10179181396961212 -1.2191300392150879 -1.0413799285888672 -0.14381168782711029 -1.5087125301361084 -1.0365363359451294 -0.17481809854507446 -1.2858144044876099 -0.90257984399795532 -0.25942230224609375 -1.6291967630386353 -0.84278577566146851 -0.32525277137756348 -1.1331980228424072 -0.68617910146713257 -0.23749758303165436 -0.95216631889343262 -0.72388327121734619 -0.32778114080429077
749.53010000288486 -1.1920334100723267 -0.88160079717636108 -0.11056336760520935 -1.2858072519302368 -1.1036763191223145 -0.15620569884777069 -1.6003540754318237 -1.0984151363372803 -0.18988510966300964 -1.3582401275634766 -0.95291048288345337 -0.28178289532661438 -1.7312250137329102 -0.88796168565750122 -0.35328850150108337 -1.1924670934677124 -0.71785420179367065 -0.25796806812286377 -0.99582898616790771 -0.75880873203277588 -0.35603481531143188
749.53010000288486 -1.2323358058929443 -0.93402868509292603 -0.10206929594278336 -1.3479341268539429 -1.1478680372238159 -0.29990851879119873 -1.6662079095840454 -1.1670125722885132 -0.37733840942382813 -1.3759461641311646 -0.90403068065643311 -0.5287090539932251 -1.7646623849868774 -0.84358227252960205 -0.64289897680282593 -1.0389931201934814 -0.57157671451568604 -0.49278375506401062 -0.96491402387619019 -0.7786216139793396 -0.72203993797302246
806.72499999403954 -1.1112645864486694 -0.81940281391143799 -0.054169520735740662 -1.3704538345336914 -1.023180365562439 -0.2822701632976532 -1.6870135068893433 -1.0410168170928955 -0.36523032188415527 -1.4529733657836914 -0.87254512310028076 -0.53207790851593018 -1.8647693395614624 -0.83538937568664551 -0.65279603004455566 -1.2772129774093628 -0.64392244815826416 -0.524971604347229 -1.1129001379013062 -0.71665722131729126 -0.67095774412155151
806.72499999403954 -1.2039483785629272 -0.83250313997268677 -0.056777074933052063 -1.47559654712677 -1.046075701713562 -0.29584208130836487 -1.8073724508285522 -1.0647696256637573 -0.38278993964195251 -1.5620826482772827 -0.88819986581802368 -0.55765753984451294 -1.9936726093292236 -0.84925806522369385 -0.68417835235595703 -1.3778737783432007 -0.64858776330947876 -0.550209641456604 -1.205662727355957 -0.72481870651245117 -0.70321309566497803
863.27840000391006 -1.2938261032104492 -0.83332705497741699 -0.12684398889541626 -1.5281012058258057 -1.0678131580352783 -0.39986792206764221 -1.8467617034912109 -1.0882952213287354 -0.46839228272438049 -1.5859709978103638 -0.80798923969268799 -0.63377219438552856 -1.9875606298446655 -0.74575144052505493 -0.74671489000320435 -1.3454505205154419 -0.50378787517547607 -0.63204246759414673 -1.258755087852478 -0.73166096210479736 -0.77413278818130493
980.51930001378059 -1.0197751522064209 -0.57744896411895752 0.94627583026885986 -1.1031854152679443 -0.97330552339553833 0.75762742757797241 -1.440768837928772 -0.98615998029708862 0.68838828802108765 -1.4957393407821655 -0.68222671747207642 0.40661430358886719 -1.8320478200912476 -0.52755367755889893 0.30579370260238647 -1.765902042388916 -0.30678814649581909 0.1872611939907074 -1.5464922189712524 -0.7017785906791687 -0.12215930968523026
980.51930001378059 -2.1986305713653564 -2.7548727989196777 1.6246140003204346 -2.2184104919433594 -3.414254903793335 1.3439425230026245 -2.8076469898223877 -3.3667447566986084 1.1574982404708862 -2.5070960521697998 -3.3662011623382568 0.78242319822311401 -3.1347675323486328 -3.1612732410430908 0.57592564821243286 -3.1931898593902588 -2.9238991737365723 0.35943654179573059 -2.7620317935943604 -2.807018518447876 -0.054289571940898895
1040.3886000066996 -0.73382705450057983 -1.0139679908752441 0.5372081995010376 -0.71295076608657837 -1.24199378490448 0.49944031238555908 -0.90570801496505737 -1.2373058795928955 0.45556426048278809 -0.89055567979812622 -1.1941150426864624 0.28960320353507996 -1.1211158037185669 -1.1471158266067505 0.23123423755168915 -0.99070644378662109 -0.9806714653968811 0.14112250506877899 -0.88548582792282104 -1.0345964431762695 -0.039916809648275375
1040.3886000066996 -0.70856374502182007 -0.96600234508514404 0.50224316120147705 -0.69729942083358765 -1.2062193155288696 0.48869767785072327 -0.89191442728042603 -1.2161930799484253 0.44503030180931091 -0.85939359664916992 -1.1724386215209961 0.28193879127502441 -1.0859302282333374 -1.1231710910797119 0.2260410338640213 -1.0291812419891357 -0.97648096084594727 0.13284121453762054 -0.90563517808914185 -0.95358157157897949 -0.017551574856042862
1095.1624000072479 -0.78127533197402954 -0.92714864015579224 0.25306993722915649 -0.74430084228515625 -1.2397077083587646 0.19662442803382874 -0.94527608156204224 -1.2889072895050049 0.14201287925243378 -0.85035258531570435 -1.1957792043685913 -0.0059540970250964165 -1.0961188077926636 -1.1696162223815918 -0.075166210532188416 -1.0138970613479614 -1.0156701803207397 -0.1204989030957222 -0.8569222092628479 -1.0955671072006226 -0.25552552938461304
1095.1624000072479 -0.8181191086769104 -1.0678514242172241 0.28758084774017334 -0.77610349655151367 -1.4230252504348755 0.22343945503234863 -1.0044798851013184 -1.4789327383041382 0.16138207912445068 -0.89661437273025513 -1.3731074333190918 -0.0067589133977890015 -1.1758887767791748 -1.3433772325515747 -0.085407502949237823 -1.0824568271636963 -1.1684420108795166 -0.13692091405391693 -0.90407973527908325 -1.2592322826385498 -0.29035726189613342
1155.2435999959707 -0.74900025129318237 -1.1031515598297119 0.2566923201084137 -0.80503672361373901 -1.3849034309387207 0.20398806035518646 -1.0185970067977905 -1.3944327831268311 0.1561369001865387 -0.90978628396987915 -1.3218667507171631 -0.0060434769839048386 -1.1638094186782837 -1.2822281122207642 -0.051221858710050583 -1.2033462524414063 -1.2136876583099365 -0.13696052134037018 -1.0043461322784424 -1.1972202062606812 -0.33798274397850037
1155.2435999959707 -0.77768450975418091 -1.0455111265182495 0.26926293969154358 -0.89401906728744507 -1.350348949432373 0.21413342654705048 -1.1087203025817871 -1.348731517791748 0.17940264940261841 -1.0019816160202026 -1.2553330659866333 0.032472822815179825 -1.2627061605453491 -1.1930309534072876 -0.0017783392686396837 -1.2901980876922607 -1.1065653562545776 -0.091841399669647217 -1.0888131856918335 -1.1027019023895264 -0.28819751739501953
1231.8667000085115 -1.1064435243606567 -0.99365204572677612 0.44952178001403809 -0.99782902002334595 -1.2483597993850708 0.44647100567817688 -1.278389573097229 -1.2849293947219849 0.35625660419464111 -1.0830771923065186 -1.2688961029052734 0.15607891976833344 -1.4350126981735229 -1.2483046054840088 0.04110291600227356 -1.4002398252487183 -1.1880357265472412 0.0026222937740385532 -1.1878507137298584 -1.1483898162841797 -0.1593421995639801
1231.8667000085115 -0.93193423748016357 -1.1216721534729004 0.41084152460098267 -0.8935091495513916 -1.3604998588562012 0.33898872137069702 -1.1949173212051392 -1.3717361688613892 0.24018563330173492 -0.97325658798217773 -1.366762638092041 0.086300484836101532 -1.3211240768432617 -1.3242758512496948 -0.030321579426527023 -1.2628637552261353 -1.266262412071228 -0.053270108997821808 -1.0404146909713745 -1.2315865755081177 -0.19948694109916687
1289.1863999962807 -0.83173918724060059 -1.0470306873321533 0.39105576276779175 -0.79516410827636719 -1.2743600606918335 0.32266229391098022 -1.0820610523223877 -1.28505539894104 0.22861598432064056 -0.87107217311859131 -1.280321478843689 0.082139559090137482 -1.2021918296813965 -1.2398800849914551 -0.028867807239294052 -1.1467363834381104 -1.1846597194671631 -0.050711490213871002 -0.93499690294265747 -1.1516534090042114 -0.18988882005214691
1289.1863999962807 -0.80971789360046387 -1.0003104209899902 0.35745278000831604 -0.78277170658111572 -1.2560303211212158 0.27894622087478638 -1.0638985633850098 -1.2928283214569092 0.19002923369407654 -0.92510354518890381 -1.2420632839202881 0.051239922642707825 -1.2857121229171753 -1.2224323749542236 -0.056322693824768066 -1.1726595163345337 -1.1401607990264893 -0.071393132209777832 -0.96139419078826904 -1.089128851890564 -0.2036779373884201
1345.5905000120401 -0.92466932535171509 -1.0031180381774902 0.49403995275497437 -0.75439256429672241 -1.2731525897979736 0.45299446582794189 -1.0432862043380737 -1.3012640476226807 0.36899840831756592 -0.93370515108108521 -1.2284737825393677 0.20409917831420898 -1.2720719575881958 -1.187169075012207 0.11806203424930573 -1.1151086091995239 -1.0830312967300415 0.065978266298770905 -0.9417717456817627 -1.0547724962234497 -0.082978904247283936
1345.5905000120401 -0.85933279991149902 -0.95697426795959473 0.50785565376281738 -0.75230884552001953 -1.2073745727539063 0.43286937475204468 -1.0171511173248291 -1.2350174188613892 0.36814236640930176 -0.92849349975585938 -1.1799845695495605 0.18432639539241791 -1.2568254470825195 -1.1544885635375977 0.1072968989610672 -1.1990786790847778 -1.0919864177703857 0.048250153660774231 -1.012714147567749 -1.059383749961853 -0.12909315526485443
1399.0979000031948 -0.90421849489212036 -1.0009934902191162 0.53766328096389771 -0.79091256856918335 -1.2660914659500122 0.45827552676200867 -1.0713001489639282 -1.2953568696975708 0.38974922895431519 -0.97743874788284302 -1.2370938062667847 0.19514378905296326 -1.325042724609375 -1.2101013660430908 0.11359287053346634 -1.2639064788818359 -1.1439304351806641 0.051080252975225449 -1.0666029453277588 -1.1094141006469727 -0.13667260110378265
1399.0979000031948 -0.97203850746154785 -0.9778103232383728 0.60628437995910645 -0.83991360664367676 -1.2950544357299805 0.58669477701187134 -1.1226894855499268 -1.2970337867736816 0.51531690359115601 -1.0407483577728271 -1.266714334487915 0.30890887975692749 -1.3755719661712646 -1.2209411859512329 0.23630279302597046 -1.2983906269073486 -1.1667882204055786 0.14353038370609283 -1.1281585693359375 -1.1319561004638672 -0.094151802361011505
1456.5010999888182 -0.9432491660118103 -0.95028626918792725 0.67733025550842285 -0.75202071666717529 -1.2584952116012573 0.65937197208404541 -1.0203871726989746 -1.2887063026428223 0.59285283088684082 -0.96019226312637329 -1.2411822080612183 0.33731773495674133 -1.2740395069122314 -1.2095218896865845 0.25782817602157593 -1.2701953649520874 -1.1449084281921387 0.15711544454097748 -1.115337610244751 -1.0949045419692993 -0.064604192972183228
1456.5010999888182 -0.901619553565979 -1.0190607309341431 0.69369065761566162 -0.70577383041381836 -1.3347116708755493 0.67529875040054321 -0.98062014579772949 -1.3656522035598755 0.60717344284057617 -0.9189717173576355 -1.3169806003570557 0.34546825289726257 -1.2403970956802368 -1.2845557928085327 0.26405936479568481 -1.2364602088928223 -1.2183822393417358 0.16091485321521759 -1.0778632164001465 -1.1671710014343262 -0.066158369183540344
1511.7923000007868 -0.88508874177932739 -1.0486447811126709 0.57982033491134644 -0.72888028621673584 -1.3159112930297852 0.58115988969802856 -1.0029374361038208 -1.3532423973083496 0.51239365339279175 -0.88512164354324341 -1.305577278137207 0.27687746286392212 -1.1902202367782593 -1.2762032747268677 0.19671092927455902 -1.1799377202987671 -1.1955299377441406 0.094579637050628662 -1.0044894218444824 -1.1468045711517334 -0.10603079199790955
1511.7923000007868 -0.83275353908538818 -1.1347295045852661 0.58798432350158691 -0.73064565658569336 -1.3338016271591187 0.55477398633956909 -0.97516906261444092 -1.3429074287414551 0.5114714503288269 -0.86844229698181152 -1.2958707809448242 0.27340987324714661 -1.1271013021469116 -1.2427128553390503 0.22498439252376556 -1.0928120613098145 -1.1478554010391235 0.11434344202280045 -0.92939209938049316 -1.1003261804580688 -0.08313298225402832
1565.3643999993801 -0.80161058902740479 -1.0948821306228638 0.56342422962188721 -0.70376813411712646 -1.2856383323669434 0.53160125017166138 -0.93807691335678101 -1.2943637371063232 0.49010756611824036 -0.83580857515335083 -1.2492921352386475 0.26199069619178772 -1.0836625099182129 -1.1983547210693359 0.21558810770511627 -1.0508055686950684 -1.1074597835540771 0.10956904292106628 -0.89421224594116211 -1.0619159936904907 -0.079658076167106628
1565.3643999993801 -0.77355480194091797 -1.0138300657272339 0.33956727385520935 -0.73061054944992065 -1.286075234413147 0.28839865326881409 -0.97712844610214233 -1.2996901273727417 0.25286540389060974 -0.82930272817611694 -1.2790354490280151 0.055428341031074524 -1.0914276838302612 -1.2445826530456543 0.019672717899084091 -1.0708516836166382 -1.1734875440597534 -0.058905720710754395 -0.91834473609924316 -1.1173574924468994 -0.22898580133914948
1623.2006000131369 -0.73094725608825684 -1.0381536483764648 0.24929524958133698 -0.75819671154022217 -1.2710344791412354 0.16632889211177826 -0.99143135547637939 -1.2871986627578735 0.092777162790298462 -0.78661197423934937 -1.3033328056335449 -0.037384763360023499 -1.0618947744369507 -1.2667306661605835 -0.13415271043777466 -1.0332616567611694 -1.2062896490097046 -0.18764516711235046 -0.84754252433776855 -1.162788987159729 -0.30729630589485168
1623.2006000131369 -0.68370634317398071 -1.0374237298965454 0.25046953558921814 -0.71108400821685791 -1.2714004516601563 0.16711272299289703 -0.94541627168655396 -1.2876408100128174 0.093214832246303558 -0.73963308334350586 -1.3038508892059326 -0.037559665739536285 -1.0162115097045898 -1.2670764923095703 -0.13478302955627441 -0.98744362592697144 -1.2063510417938232 -0.18852724134922028 -0.80085039138793945 -1.1626455783843994 -0.30874148011207581
1699.5103000104427 -0.7058371901512146 -1.1364294290542603 0.58450919389724731 -0.71600943803787231 -1.4055991172790527 0.515625 -0.91000384092330933 -1.3815699815750122 0.47503417730331421 -0.79576033353805542 -1.368553638458252 0.29423770308494568 -0.99733525514602661 -1.3030471801757813 0.25127476453781128 -0.95126461982727051 -1.1977744102478027 0.099038675427436829 -0.81030231714248657 -1.143283486366272 -0.12041753530502319
1699.5103000104427 -0.69796037673950195 -0.92440903186798096 0.60009151697158813 -0.70419305562973022 -1.0914019346237183 0.5881878137588501 -0.89101976156234741 -1.0897696018218994 0.53197824954986572 -0.7653546929359436 -1.0690144300460815 0.35996523499488831 -0.95346552133560181 -1.0273994207382202 0.28860679268836975 -0.9255141019821167 -0.94730162620544434 0.17684999108314514 -0.7776256799697876 -0.90804523229598999 0.012804267928004265
1762.2331999987364 -0.72488242387771606 -1.0388808250427246 0.75306659936904907 -0.7394554615020752 -1.2106683254241943 0.70606005191802979 -0.91329950094223022 -1.2214757204055786 0.66462117433547974 -0.83696097135543823 -1.1507542133331299 0.43021228909492493 -1.0305390357971191 -1.1273708343505859 0.36963966488838196 -0.99326789379119873 -1.0134563446044922 0.22374254465103149 -0.8641161322593689 -1.041583776473999 -0.013125842437148094
1762.2331999987364 -0.68385642766952515 -0.91872727870941162 0.677764892578125 -0.74280244112014771 -1.1392068862915039 0.54636704921722412 -0.93453150987625122 -1.0985333919525146 0.50293785333633423 -0.80676615238189697 -1.1077128648757935 0.33164432644844055 -0.99772608280181885 -1.0396764278411865 0.28317463397979736 -0.97398442029953003 -0.96669840812683105 0.17072807252407074 -0.82143115997314453 -0.93952262401580811 -0.023536760360002518
1816.1570999920368 -0.74379086494445801 -0.98835569620132446 0.73838907480239868 -0.80800974369049072 -1.2285579442977905 0.59523719549179077 -1.0168898105621338 -1.1842461824417114 0.54792308807373047 -0.87769532203674316 -1.1942468881607056 0.36130666732788086 -1.0857373476028442 -1.1201242208480835 0.30850118398666382 -1.0598719120025635 -1.0406180620193481 0.18599586188793182 -0.89367210865020752 -1.0110112428665161 -0.025646697729825974
1816.1570999920368 -0.79403293132781982 -1.0747072696685791 0.71993911266326904 -0.8483506441116333 -1.2694826126098633 0.59409958124160767 -1.0329430103302002 -1.2003487348556519 0.55605101585388184 -0.88937437534332275 -1.2578971385955811 0.35451200604438782 -1.0679287910461426 -1.1505627632141113 0.29788941144943237 -1.0439751148223877 -1.1102855205535889 0.17174723744392395 -0.87929105758666992 -1.1322712898254395 -0.037921998649835587
1890.5016999989748 -0.77678346633911133 -1.1443984508514404 0.54343587160110474 -0.81817644834518433 -1.2878320217132568 0.49982428550720215 -0.9996228814125061 -1.2600919008255005 0.4542706310749054 -0.85247290134429932 -1.2801079750061035 0.2787117063999176 -1.055200457572937 -1.1873188018798828 0.2143748551607132 -1.0199476480484009 -1.1496891975402832 0.11007621139287949 -0.83982545137405396 -1.1890636682510376 -0.057976361364126205
1890.5016999989748 -0.68509143590927124 -0.94964349269866943 0.4366888701915741 -0.72784942388534546 -1.0691277980804443 0.41874599456787109 -0.91562181711196899 -1.0341455936431885 0.34183737635612488 -0.71781128644943237 -1.1077169179916382 0.22133584320545197 -0.91146558523178101 -1.0072160959243774 0.11713270097970963 -0.84491455554962158 -0.98733031749725342 0.038086555898189545 -0.67426061630249023 -1.0411498546600342 -0.085727952420711517
1969.2246000170708 -0.77845382690429688 -1.1098284721374512 0.41448876261711121 -0.75532203912734985 -1.2028641700744629 0.3957391083240509 -0.96699666976928711 -1.2083152532577515 0.32681259512901306 -0.79156553745269775 -1.1907579898834229 0.15287236869335175 -1.0039603710174561 -1.1175460815429688 0.051086187362670898 -0.93313181400299072 -1.0415441989898682 0.0036535158287733793 -0.75303554534912109 -1.0663588047027588 -0.10367297381162643
1971.2567000091076 -0.76544928550720215 -0.95113074779510498 0.41533401608467102 -0.74417001008987427 -1.105988621711731 0.42152932286262512 -0.94419699907302856 -1.077857494354248 0.34170663356781006 -0.75566017627716064 -1.122144341468811 0.16864714026451111 -0.95963180065155029 -1.0131633281707764 0.05356254056096077 -0.88787388801574707 -0.96665900945663452 -0.014596424996852875 -0.69845819473266602 -0.99974268674850464 -0.117585189640522
