56.837199985980988 -0.84677189588546753 -1.1054773330688477 0.38405719399452209 -0.83671796321868896 -1.3174154758453369 0.32747551798820496 -1.0853700637817383 -1.3807704448699951 0.20334352552890778 -0.87992376089096069 -1.34820556640625 0.019975995644927025 -1.1601287126541138 -1.3471038341522217 -0.14357380568981171 -1.071473240852356 -1.2423026561737061 -0.19771917164325714 -0.87549972534179688 -1.1797052621841431 -0.30923333764076233
56.837199985980988 -0.83484983444213867 -1.2112642526626587 0.17593936622142792 -0.87852984666824341 -1.4044913053512573 0.057451672852039337 -1.1293699741363525 -1.4772281646728516 -0.09741857647895813 -0.88240349292755127 -1.4247722625732422 -0.25566795468330383 -1.1703065633773804 -1.431357741355896 -0.45233458280563354 -1.0883927345275879 -1.3486602306365967 -0.46629157662391663 -0.83588904142379761 -1.2834899425506592 -0.5854179859161377
125.82709999382496 -0.77802324295043945 -1.1081836223602295 0.41837695240974426 -0.73822993040084839 -1.3017605543136597 0.32888731360435486 -0.97238945960998535 -1.3714163303375244 0.21607787907123566 -0.78260612487792969 -1.3140648603439331 0.024630164727568626 -1.0558662414550781 -1.3295795917510986 -0.10981154441833496 -1.0352224111557007 -1.2803775072097778 -0.15760453045368195 -0.84052479267120361 -1.232923150062561 -0.32872191071510315
125.82709999382496 -0.81599527597427368 -1.1648736000061035 0.43336114287376404 -0.7747768759727478 -1.3653825521469116 0.34066691994667053 -1.0173217058181763 -1.4375326633453369 0.22381779551506042 -0.82074224948883057 -1.3781274557113647 0.025514364242553711 -1.1037876605987549 -1.3941975831985474 -0.1137416735291481 -1.0824047327041626 -1.343233585357666 -0.16324611008167267 -0.88073498010635376 -1.2940798997879028 -0.34049117565155029
185.0625 -0.82225680351257324 -1.0908401012420654 0.70422875881195068 -0.7104758620262146 -1.3335649967193604 0.67713737487792969 -0.93190240859985352 -1.395904541015625 0.57625532150268555 -0.80928730964660645 -1.3398360013961792 0.31521314382553101 -1.0669329166412354 -1.3453507423400879 0.18997219204902649 -1.0925189256668091 -1.2975794076919556 0.12616869807243347 -0.93807530403137207 -1.2686015367507935 -0.062211260199546814
185.0625 -0.78098034858703613 -1.0425550937652588 0.44528877735137939 -0.81577557325363159 -1.2923421859741211 0.30181556940078735 -1.0601315498352051 -1.3486732244491577 0.16178047657012939 -0.82880061864852905 -1.3420165777206421 -0.0056356769055128098 -1.1149340867996216 -1.3462836742401123 -0.18094666302204132 -1.0672416687011719 -1.2889266014099121 -0.23366466164588928 -0.84857696294784546 -1.23110032081604 -0.36661621928215027
249.80279998481274 -0.91906243562698364 -1.1701251268386841 0.74384671449661255 -0.74544864892959595 -1.4270352125167847 0.72554385662078857 -0.98527467250823975 -1.4926855564117432 0.63151460886001587 -0.87533998489379883 -1.4032862186431885 0.33638891577720642 -1.1349186897277832 -1.3971658945083618 0.22160527110099792 -1.1302495002746582 -1.3001227378845215 0.12619180977344513 -0.9758034348487854 -1.2555890083312988 -0.071457222104072571
249.80279998481274 -0.79946088790893555 -1.0900022983551025 0.56466954946517944 -0.78539860248565674 -1.2886080741882324 0.48958572745323181 -1.0200939178466797 -1.3434916734695435 0.35375797748565674 -0.82502704858779907 -1.3003460168838501 0.16321301460266113 -1.0846008062362671 -1.2889058589935303 -0.0096035860478878021 -1.0391948223114014 -1.1990792751312256 -0.078269831836223602 -0.84037518501281738 -1.1558462381362915 -0.19330774247646332
309.54539999365807 -0.84254080057144165 -1.1122266054153442 0.58558833599090576 -0.82795768976211548 -1.3181885480880737 0.50772351026535034 -1.0713458061218262 -1.3751049041748047 0.36686494946479797 -0.86905390024185181 -1.3303611278533936 0.16926254332065582 -1.1382418870925903 -1.3184971809387207 -0.0099549228325486183 -1.0911540985107422 -1.2253435850143433 -0.081164456903934479 -0.88497054576873779 -1.1805094480514526 -0.20046317577362061
309.54539999365807 -0.88581687211990356 -1.044714093208313 0.5192340612411499 -0.77147513628005981 -1.3746856451034546 0.49686107039451599 -1.0148513317108154 -1.4501209259033203 0.39946281909942627 -0.88831746578216553 -1.3683220148086548 0.16170652210712433 -1.1639999151229858 -1.3817706108093262 0.045194145292043686 -1.0959882736206055 -1.2455371618270874 -0.080366097390651703 -0.9386938214302063 -1.1584762334823608 -0.26349407434463501
371.09499998390675 -0.8551982045173645 -1.1547137498855591 0.43356946110725403 -0.93815499544143677 -1.3465629816055298 0.37279117107391357 -1.198011040687561 -1.4114720821380615 0.19206902384757996 -0.93829482793807983 -1.4144951105117798 0.0029952595941722393 -1.2348209619522095 -1.4025031328201294 -0.24242483079433441 -1.1242663860321045 -1.3347669839859009 -0.29168125987052917 -0.88278090953826904 -1.3106187582015991 -0.38424569368362427
371.09499998390675 -0.74616903066635132 -1.1229649782180786 0.40387928485870361 -0.82697117328643799 -1.3317925930023193 0.21143566071987152 -1.0654242038726807 -1.3850077390670776 0.076373174786567688 -0.84989440441131592 -1.3616305589675903 -0.10436228662729263 -1.1251702308654785 -1.3559681177139282 -0.27267193794250488 -1.0719832181930542 -1.2944154739379883 -0.3130003809928894 -0.83902919292449951 -1.2456949949264526 -0.46087875962257385
428.19470000267029 -0.80076092481613159 -1.1460745334625244 0.40925136208534241 -0.8826369047164917 -1.3576775789260864 0.21425026655197144 -1.1242588758468628 -1.41159987449646 0.077392876148223877 -0.90586471557617188 -1.3879120349884033 -0.10574445873498917 -1.1847989559173584 -1.3821742534637451 -0.27629083395004272 -1.1309050321578979 -1.3198037147521973 -0.31715524196624756 -0.89485514163970947 -1.2704358100891113 -0.46699884533882141
428.19470000267029 -0.90540087223052979 -1.0679032802581787 0.62607741355895996 -0.81225544214248657 -1.3434174060821533 0.57951778173446655 -1.0373927354812622 -1.4100979566574097 0.46955999732017517 -0.89910811185836792 -1.3608678579330444 0.22727930545806885 -1.1659730672836304 -1.3745865821838379 0.094197571277618408 -1.1679099798202515 -1.3193932771682739 0.03140714019536972 -1.0038090944290161 -1.2769663333892822 -0.14641785621643066
495.43019999563694 -0.85093194246292114 -1.0983817577362061 0.59754866361618042 -0.76491475105285645 -1.3634558916091919 0.56759506464004517 -0.99161213636398315 -1.4309697151184082 0.45865657925605774 -0.8778080940246582 -1.3529573678970337 0.21180541813373566 -1.1320840120315552 -1.3578050136566162 0.085934147238731384 -1.1365996599197388 -1.2844387292861938 0.012111849151551723 -0.97272396087646484 -1.2373861074447632 -0.17727042734622955
499.0147999972105 -0.95070040225982666 -1.1366730928421021 0.63851791620254517 -0.84037840366363525 -1.3378033638000488 0.58001935482025146 -1.0776971578598022 -1.3933036327362061 0.45833751559257507 -0.88994479179382324 -1.3471510410308838 0.20857852697372437 -1.1543290615081787 -1.3329557180404663 0.05408589169383049 -1.1431876420974731 -1.2835689783096313 0.0094579393044114113 -0.95438587665557861 -1.2675786018371582 -0.15432339906692505
562.83019998669624 -0.94221103191375732 -1.1876726150512695 0.65015894174575806 -0.82987797260284424 -1.3924692869186401 0.59059399366378784 -1.0715228319168091 -1.4489812850952148 0.46669405698776245 -0.88034790754318237 -1.4019874334335327 0.21238222718238831 -1.1495516300201416 -1.3875333070755005 0.05507335439324379 -1.1382070779800415 -1.337246298789978 0.0096318824216723442 -0.94596368074417114 -1.3209645748138428 -0.157135009765625
562.83019998669624 -0.75856548547744751 -1.0989781618118286 0.82626652717590332 -0.76577264070510864 -1.3108979463577271 0.75230139493942261 -0.98713046312332153 -1.3875877857208252 0.63596266508102417 -0.83715271949768066 -1.3556894063949585 0.40924158692359924 -1.1016687154769897 -1.3803752660751343 0.25660315155982971 -1.1214066743850708 -1.3304797410964966 0.13022205233573914 -0.94014614820480347 -1.2975677251815796 -0.025630943477153778
624.07849998772144 -0.86678111553192139 -1.0508278608322144 0.66711997985839844 -0.75270050764083862 -1.2650104761123657 0.63195377588272095 -0.98157310485839844 -1.3325308561325073 0.52601230144500732 -0.83292567729949951 -1.2723556756973267 0.28400930762290955 -1.0914798974990845 -1.277934193611145 0.15312427282333374 -1.1067730188369751 -1.222977876663208 0.088779374957084656 -0.93696010112762451 -1.1908998489379883 -0.072970256209373474
624.07849998772144 -0.85925924777984619 -1.1079875230789185 0.5582808256149292 -0.79049026966094971 -1.344234824180603 0.52259624004364014 -1.0396952629089355 -1.4295146465301514 0.40017184615135193 -0.85944133996963501 -1.3462998867034912 0.22540861368179321 -1.133337140083313 -1.3637158870697021 0.078193217515945435 -1.0722948312759399 -1.2088731527328491 -0.048726305365562439 -0.88395321369171143 -1.1190621852874756 -0.1767900288105011
685.86189998686314 -0.88698959350585938 -1.1359853744506836 0.77001863718032837 -0.80497187376022339 -1.2979240417480469 0.78896552324295044 -1.039591908454895 -1.3607021570205688 0.69653153419494629 -0.87679457664489746 -1.3150246143341064 0.41671821475028992 -1.1387535333633423 -1.3153922557830811 0.28503033518791199 -1.1529636383056641 -1.2733938694000244 0.1907803863286972 -0.97814196348190308 -1.2494217157363892 0.019866405054926872
685.86189998686314 -0.86073726415634155 -1.1677876710891724 0.76198172569274902 -0.77957576513290405 -1.3280359506607056 0.78073078393936157 -1.0117466449737549 -1.3901588916778564 0.68926173448562622 -0.85064870119094849 -1.3449579477310181 0.41236931085586548 -1.1098730564117432 -1.3453217744827271 0.28205606341362 -1.1239348649978638 -1.3037618398666382 0.18878993391990662 -0.95093816518783569 -1.28003990650177 0.019660074263811111
747.93449999392033 -0.9531746506690979 -1.0384300947189331 0.43967485427856445 -0.77235603332519531 -1.2270224094390869 0.46220090985298157 -0.97715944051742554 -1.2925909757614136 0.41905072331428528 -0.884418785572052 -1.1351809501647949 0.18412551283836365 -1.1134986877441406 -1.1491329669952393 0.12098374962806702 -0.99756109714508057 -0.94563281536102295 0.034699399024248123 -0.90402472019195557 -1.1088947057723999 -0.20758044719696045
747.93449999392033 -1.0188544988632202 -1.1727705001831055 0.50273585319519043 -0.81210249662399292 -1.3884110450744629 0.52849262952804565 -1.0462793111801147 -1.463383674621582 0.47915375232696533 -0.94023752212524414 -1.2833975553512573 0.21053513884544373 -1.2021725177764893 -1.2993507385253906 0.13833746314048767 -1.0696069002151489 -1.0666640996932983 0.039678037166595459 -0.96265536546707153 -1.2533413171768188 -0.23735006153583527
806.87389999628067 -0.93658179044723511 -1.0756067037582397 0.54900521039962769 -0.86406964063644409 -1.3297576904296875 0.55728113651275635 -1.1121722459793091 -1.4181157350540161 0.5210302472114563 -0.9830174446105957 -1.2352472543716431 0.26283180713653564 -1.2433086633682251 -1.2539211511611938 0.18727132678031921 -1.0770126581192017 -0.9378211498260498 0.024321237578988075 -1.0087437629699707 -1.2939136028289795 -0.24151512980461121
806.87389999628067 -0.96759122610092163 -1.0914326906204224 0.56610912084579468 -0.89281851053237915 -1.3535069227218628 0.57464301586151123 -1.1486557722091675 -1.4446195363998413 0.537261962890625 -1.0154745578765869 -1.2560499906539917 0.27101409435272217 -1.2838804721832275 -1.275306224822998 0.19309797883033752 -1.1124000549316406 -0.94935154914855957 0.025067839771509171 -1.0420029163360596 -1.3165453672409058 -0.24905608594417572
893.79580000042915 -1.0264608860015869 -1.0985922813415527 0.29300448298454285 -1.0125936269760132 -1.3149640560150146 0.34611931443214417 -1.2735772132873535 -1.3840402364730835 0.32823652029037476 -1.1172066926956177 -1.2022693157196045 0.058775849640369415 -1.4069310426712036 -1.2212055921554565 -0.023587804287672043 -1.1183432340621948 -0.84908801317214966 -0.17854048311710358 -1.0326899290084839 -1.2560374736785889 -0.44251337647438049
893.79580000042915 -1.1287256479263306 -1.0380804538726807 0.11859770864248276 -1.1927106380462646 -1.1155760288238525 0.25388690829277039 -1.4554440975189209 -1.199266791343689 0.069045789539813995 -1.0835682153701782 -1.2390834093093872 -0.033513467758893967 -1.3744502067565918 -1.2386718988418579 -0.3005811870098114 -1.1932833194732666 -1.1211338043212891 -0.40528297424316406 -0.93901741504669189 -1.1018414497375488 -0.48544713854789734
959.06699998676777 -1.0063508749008179 -0.99391090869903564 0.21486987173557281 -0.96674275398254395 -1.097556471824646 0.29590868949890137 -1.20516037940979 -1.1852259635925293 0.19800558686256409 -0.91378432512283325 -1.1385537385940552 -0.018110895529389381 -1.1638727188110352 -1.164527416229248 -0.16164809465408325 -0.99092888832092285 -0.93435126543045044 -0.28446996212005615 -0.82642412185668945 -0.89433968067169189 -0.42647174000740051
959.06699998676777 -0.88432621955871582 -1.0141894817352295 0.49451747536659241 -0.86620986461639404 -1.2172316312789917 0.46049302816390991 -1.1157313585281372 -1.2837983369827271 0.36985078454017639 -0.89688390493392944 -1.212365984916687 0.14749783277511597 -1.1657187938690186 -1.214760422706604 0.015820210799574852 -1.1052323579788208 -1.077527642250061 -0.1454722136259079 -0.9070550799369812 -1.0046622753143311 -0.30848106741905212
1060.4132999926805 -0.71639889478683472 -0.96846359968185425 1.5133497714996338 -0.9998089075088501 -0.95721739530563354 1.0914722681045532 -1.0421804189682007 -0.7416846752166748 0.98621022701263428 -1.1514652967453003 -0.74886506795883179 0.57804578542709351 -1.1687536239624023 -0.42501652240753174 0.4132830798625946 -1.2459543943405151 -0.39213463664054871 0.17798303067684174 -1.6040245294570923 -1.8560309410095215 -0.10375867038965225
1140.7620000094175 -1.2508997917175293 -2.1543295383453369 1.1856386661529541 -1.2924904823303223 -2.5162365436553955 0.98327475786209106 -1.5401296615600586 -2.4512608051300049 0.91796398162841797 -1.6642258167266846 -2.2463762760162354 0.5246281623840332 -1.872511625289917 -2.0971057415008545 0.42679557204246521 -1.8781261444091797 -1.852253794670105 0.1398347020149231 -1.6910579204559326 -2.5928244590759277 -0.22467386722564697
1140.7620000094175 -0.70649081468582153 -1.1874320507049561 0.43991634249687195 -0.66438603401184082 -1.3808128833770752 0.31248441338539124 -0.822745680809021 -1.4031441211700439 0.25885218381881714 -0.80819642543792725 -1.2879440784454346 0.091631174087524414 -0.97510999441146851 -1.274182915687561 0.035872295498847961 -0.98444885015487671 -1.1272681951522827 -0.082459226250648499 -0.80632352828979492 -1.1320276260375977 -0.3041079044342041
1197.9563999921083 -0.70390439033508301 -1.2700388431549072 0.46800804138183594 -0.65911173820495605 -1.4757645130157471 0.33244127035140991 -0.82758057117462158 -1.4995212554931641 0.27538532018661499 -0.81210261583328247 -1.376967191696167 0.097489476203918457 -0.98967128992080688 -1.3623275756835938 0.038171123713254929 -0.99960631132125854 -1.2060343027114868 -0.087714299559593201 -0.81011009216308594 -1.2110975980758667 -0.32351231575012207
1197.9563999921083 -0.6517331600189209 -1.2102862596511841 0.625538170337677 -0.64207357168197632 -1.4562095403671265 0.46047648787498474 -0.80270475149154663 -1.4604237079620361 0.41233018040657043 -0.7988094687461853 -1.389305591583252 0.21644991636276245 -0.98022180795669556 -1.3516668081283569 0.16069445013999939 -1.0250699520111084 -1.2461780309677124 0.021948244422674179 -0.87045586109161377 -1.2320855855941772 -0.21776452660560608
1271.651800006628 -0.64560335874557495 -1.112107515335083 0.61937433481216431 -0.71401768922805786 -1.2856196165084839 0.4621833860874176 -0.89652621746063232 -1.2369406223297119 0.41568571329116821 -0.81066352128982544 -1.2013121843338013 0.24190685153007507 -0.96122139692306519 -1.1077879667282104 0.19886104762554169 -0.95577096939086914 -1.0560247898101807 0.092901915311813354 -0.84877187013626099 -1.2782676219940186 -0.13957294821739197
1271.651800006628 -0.57693535089492798 -1.0482136011123657 0.82210689783096313 -0.6917717456817627 -1.2065786123275757 0.61814618110656738 -0.86242908239364624 -1.1360076665878296 0.53573185205459595 -0.7985273003578186 -1.1464978456497192 0.35423955321311951 -0.95883506536483765 -1.0285160541534424 0.27501177787780762 -0.97264480590820313 -1.0112745761871338 0.20070856809616089 -0.87877750396728516 -1.2188912630081177 -0.024647103622555733
1344.5592000037432 -0.58062833547592163 -0.99530994892120361 0.81097447872161865 -0.69391036033630371 -1.1515315771102905 0.60977441072463989 -0.86225777864456177 -1.0819157361984253 0.52847564220428467 -0.79922086000442505 -1.09226393699646 0.34943985939025879 -0.9573589563369751 -0.9758790135383606 0.27128446102142334 -0.97098171710968018 -0.95887082815170288 0.19798696041107178 -0.87838494777679443 -1.163677453994751 -0.024318469688296318
1344.5592000037432 -0.75667721033096313 -1.0272839069366455 0.68073034286499023 -0.77657341957092285 -1.2936913967132568 0.54096567630767822 -0.91683179140090942 -1.2558213472366333 0.47874140739440918 -0.83347904682159424 -1.250690221786499 0.25172263383865356 -0.97090041637420654 -1.170680046081543 0.16497406363487244 -0.94311928749084473 -1.1450587511062622 0.095746450126171112 -0.77812731266021729 -1.1681339740753174 -0.15266576409339905
1406.0431999862194 -0.66047435998916626 -1.0564996004104614 0.5735594630241394 -0.74250572919845581 -1.2954825162887573 0.31297138333320618 -0.93677067756652832 -1.2547926902770996 0.22524337470531464 -0.77331823110580444 -1.2907252311706543 0.067290864884853363 -0.9747624397277832 -1.2184524536132813 -0.036462914198637009 -0.92521196603775024 -1.1690043210983276 -0.12308135628700256 -0.71097588539123535 -1.1615451574325562 -0.34278783202171326
1406.0431999862194 -0.6703370213508606 -1.1980187892913818 0.64772146940231323 -0.79469084739685059 -1.4855602979660034 0.40035736560821533 -0.97606015205383301 -1.4331560134887695 0.34673649072647095 -0.90603810548782349 -1.4384942054748535 0.14653106033802032 -1.0833837985992432 -1.3522477149963379 0.093246705830097198 -1.0585458278656006 -1.300381064414978 -0.016252731904387474 -0.86651891469955444 -1.3072509765625 -0.31796920299530029
1467.4689999967813 -0.64634215831756592 -1.0442322492599487 0.79924690723419189 -0.70920562744140625 -1.2203164100646973 0.67702245712280273 -0.84273850917816162 -1.161009669303894 0.60514575242996216 -0.80855238437652588 -1.167206883430481 0.4075435996055603 -0.93248718976974487 -1.0790548324584961 0.33165809512138367 -0.92750412225723267 -1.0338542461395264 0.22342042624950409 -0.79521018266677856 -1.0652178525924683 -0.024130787700414658
1467.4689999967813 -0.61637008190155029 -0.99320417642593384 0.78153043985366821 -0.6778407096862793 -1.1653869152069092 0.66201406717300415 -0.80841505527496338 -1.1073940992355347 0.59172987937927246 -0.7749863862991333 -1.1134541034698486 0.39850592613220215 -0.89617520570755005 -1.0272551774978638 0.32430177927017212 -0.89130252599716187 -0.98305606842041016 0.218462273478508 -0.76193970441818237 -1.0137248039245605 -0.023604100570082664
1526.2215000092983 -0.62272906303405762 -1.0442835092544556 0.60270380973815918 -0.72269481420516968 -1.2620540857315063 0.3014758825302124 -0.90169000625610352 -1.1812484264373779 0.23220866918563843 -0.77191329002380371 -1.2452667951583862 0.08707224577665329 -0.94900888204574585 -1.1404111385345459 0.021450044587254524 -0.90000826120376587 -1.0703040361404419 -0.079718388617038727 -0.71704912185668945 -1.0657517910003662 -0.32455876469612122
1526.2215000092983 -0.66740298271179199 -1.2327688932418823 0.6865997314453125 -0.81569474935531616 -1.5229649543762207 0.40491575002670288 -1.0157618522644043 -1.4387469291687012 0.33164393901824951 -0.89078366756439209 -1.5193907022476196 0.17518132925033569 -1.1004260778427124 -1.4121965169906616 0.10276477038860321 -1.0452076196670532 -1.3763668537139893 -0.015834644436836243 -0.8604235053062439 -1.396132230758667 -0.28115910291671753
1609.7685000002384 -0.58727139234542847 -1.1136355400085449 0.7106214165687561 -0.69253653287887573 -1.3162201642990112 0.57216107845306396 -0.84654372930526733 -1.308045506477356 0.54442280530929565 -0.81210601329803467 -1.2577704191207886 0.32630547881126404 -0.97259521484375 -1.2047164440155029 0.29727441072463989 -0.96358209848403931 -1.1299285888671875 0.18424247205257416 -0.8512570858001709 -1.2877210378646851 -0.046572968363761902
1729.0594000071287 -0.52272939682006836 -1.0316476821899414 0.61027604341506958 -0.62582588195800781 -1.2242443561553955 0.42730987071990967 -0.76063847541809082 -1.2204301357269287 0.3673362135887146 -0.75501972436904907 -1.0262205600738525 0.19398000836372375 -0.85715478658676147 -0.9227527379989624 0.11292434483766556 -0.84160196781158447 -0.83262753486633301 0.039232395589351654 -0.84847980737686157 -1.2489948272705078 -0.10933037847280502
1729.0594000071287 -0.53314328193664551 -1.0404618978500366 0.74047350883483887 -0.67290800809860229 -1.119758129119873 0.5504879355430603 -0.80092227458953857 -1.0876262187957764 0.51391506195068359 -0.75792390108108521 -0.9953845739364624 0.2968517541885376 -0.85169917345046997 -0.91353625059127808 0.23954002559185028 -0.8463902473449707 -0.84168910980224609 0.10913527756929398 -0.87208676338195801 -1.2113277912139893 -0.16026578843593597
1795.8879999816418 -0.59178990125656128 -1.0342563390731812 0.68698596954345703 -0.64341825246810913 -1.1248631477355957 0.56597846746444702 -0.79536324739456177 -1.1205075979232788 0.50948381423950195 -0.74988913536071777 -1.0607235431671143 0.32633110880851746 -0.90026074647903442 -1.013803243637085 0.25831702351570129 -0.88232553005218506 -0.94398260116577148 0.15745371580123901 -0.76009255647659302 -1.0471566915512085 -0.094547472894191742
1795.8879999816418 -0.60640925168991089 -1.0604944229125977 0.70659804344177246 -0.65951067209243774 -1.1536862850189209 0.58213812112808228 -0.81579065322875977 -1.1492063999176025 0.52403157949447632 -0.76901906728744507 -1.0877166986465454 0.33565345406532288 -0.92368090152740479 -1.0394576787948608 0.26569890975952148 -0.90523397922515869 -0.96764510869979858 0.16195793449878693 -0.7795136570930481 -1.0737627744674683 -0.097232922911643982
1856.7793999910355 -0.59352564811706543 -1.0930070877075195 0.79027986526489258 -0.63860845565795898 -1.2074918746948242 0.6385924220085144 -0.81762194633483887 -1.2007613182067871 0.59376126527786255 -0.7734905481338501 -1.1233025789260864 0.35896950960159302 -0.95874416828155518 -1.06981360912323 0.30573734641075134 -0.91877174377441406 -0.96430039405822754 0.18522736430168152 -0.81951010227203369 -1.1723843812942505 -0.075539253652095795
1860.4271999895573 -0.64437085390090942 -1.0757572650909424 0.79091334342956543 -0.68498992919921875 -1.19163978099823 0.62068319320678711 -0.82684701681137085 -1.1978117227554321 0.58316910266876221 -0.79147332906723022 -1.1102851629257202 0.34545150399208069 -0.94537431001663208 -1.0677834749221802 0.29956528544425964 -0.94650858640670776 -1.0140200853347778 0.18784545361995697 -0.84084254503250122 -1.2019820213317871 -0.11198703199625015
1922.9257999807596 -0.64379012584686279 -1.0869847536087036 0.70256465673446655 -0.71695995330810547 -1.2280486822128296 0.5403435230255127 -0.88657009601593018 -1.2272312641143799 0.47439906001091003 -0.79848408699035645 -1.1873914003372192 0.25027301907539368 -0.97681987285614014 -1.1434562206268311 0.17306174337863922 -0.9083055853843689 -1.0393753051757813 0.072774186730384827 -0.74883359670639038 -1.0750495195388794 -0.18339204788208008
1922.9257999807596 -0.66206192970275879 -1.0605736970901489 0.70910722017288208 -0.73591279983520508 -1.2029504776000977 0.54537618160247803 -0.90710175037384033 -1.2021256685256958 0.47881788015365601 -0.8181958794593811 -1.1619148254394531 0.25260576605796814 -0.99819153547286987 -1.1175707578659058 0.17467579245567322 -0.92903941869735718 -1.0125211477279663 0.073454797267913818 -0.76808315515518188 -1.0485273599624634 -0.18509577214717865
