39.426900014281273 -1.252811074256897 -1.8285253047943115 0.62620216608047485 -1.2014932632446289 -2.0884313583374023 0.63768434524536133 -1.538110613822937 -2.1931040287017822 0.57030057907104492 -1.4437702894210815 -1.9647270441055298 0.25203168392181396 -1.8170671463012695 -1.9714634418487549 0.16207082569599152 -1.6529338359832764 -1.6013208627700806 0.051000013947486877 -1.5628066062927246 -1.8353476524353027 -0.19734805822372437
43.629300013184547 -0.73960673809051514 -1.281293511390686 0.36339038610458374 -0.71639937162399292 -1.3984602689743042 0.34185248613357544 -0.95743083953857422 -1.4644011259078979 0.27510562539100647 -0.80535757541656494 -1.344576358795166 0.094078987836837769 -1.0588767528533936 -1.3392999172210693 0.012458722107112408 -0.98132032155990601 -1.1453605890274048 -0.048361100256443024 -0.83537846803665161 -1.1212769746780396 -0.19482570886611938
104.07240001857281 -0.74880099296569824 -1.2960588932037354 0.36235383152961731 -0.72566014528274536 -1.4128892421722412 0.34087777137756348 -0.9659995436668396 -1.4786409139633179 0.27432259917259216 -0.81436294317245483 -1.3591601848602295 0.093815796077251434 -1.0671540498733521 -1.3538987636566162 0.0124299181625247 -0.98982042074203491 -1.1605162620544434 -0.048215251415967941 -0.84429758787155151 -1.1365019083023071 -0.19425925612449646
104.07240001857281 -0.67847675085067749 -1.2638611793518066 0.65282225608825684 -0.61708009243011475 -1.4527101516723633 0.64931404590606689 -0.82501816749572754 -1.4780319929122925 0.63762390613555908 -0.80366683006286621 -1.3278305530548096 0.37383162975311279 -1.014304518699646 -1.2876533269882202 0.3506309986114502 -0.95714265108108521 -1.0862114429473877 0.22478808462619781 -0.91410213708877563 -1.3750629425048828 0.012012256309390068
170.60280001163483 -0.77789843082427979 -1.1750031709671021 0.50372916460037231 -0.70119583606719971 -1.3318315744400024 0.47463527321815491 -0.91622340679168701 -1.3523654937744141 0.41898608207702637 -0.81527900695800781 -1.2617605924606323 0.24565786123275757 -1.0218460559844971 -1.2227411270141602 0.18739712238311768 -0.99928963184356689 -1.0675302743911743 0.096452973783016205 -0.86666327714920044 -1.0338699817657471 -0.082159996032714844
170.60280001163483 -0.84598439931869507 -1.1617828607559204 0.33068066835403442 -0.70590192079544067 -1.3372771739959717 0.29594504833221436 -0.91319507360458374 -1.3655052185058594 0.23844023048877716 -0.77448731660842896 -1.2750507593154907 0.08755125105381012 -0.99055087566375732 -1.2479618787765503 0.036509066820144653 -0.98556166887283325 -1.1286368370056152 -0.067426830530166626 -0.84336072206497192 -1.0714086294174194 -0.23868261277675629
228.18940001726151 -0.90407747030258179 -1.2182885408401489 0.35368183255195618 -0.75425362586975098 -1.4059866666793823 0.31653070449829102 -0.97596192359924316 -1.4361777305603027 0.25502699613571167 -0.82760846614837646 -1.3394330739974976 0.093645192682743073 -1.0586971044540405 -1.3104604482650757 0.039053533226251602 -1.0533610582351685 -1.1828373670578003 -0.072110086679458618 -0.9012712836265564 -1.1216295957565308 -0.25527501106262207
228.18940001726151 -0.95551490783691406 -1.1857722997665405 0.32115718722343445 -0.76881659030914307 -1.4513466358184814 0.26930713653564453 -1.0069812536239624 -1.4718767404556274 0.20139943063259125 -0.82767075300216675 -1.4006556272506714 0.042466569691896439 -1.0703248977661133 -1.3733444213867188 -0.019036956131458282 -1.041566014289856 -1.2674494981765747 -0.14131604135036469 -0.86677509546279907 -1.1759895086288452 -0.32496008276939392
258.80430001020432 -1.0242468118667603 -1.3215566873550415 0.47968512773513794 -0.82735234498977661 -1.5725443363189697 0.51757895946502686 -1.0525041818618774 -1.6049703359603882 0.48096248507499695 -0.92696398496627808 -1.4995604753494263 0.27416738867759705 -1.1561615467071533 -1.4811491966247559 0.23516306281089783 -1.1565984487533569 -1.3994554281234741 0.088435664772987366 -0.9930492639541626 -1.3394705057144165 -0.1333894282579422
316.97890001535416 -0.78609085083007813 -1.132015585899353 0.56655049324035645 -0.78541404008865356 -1.3455004692077637 0.49356067180633545 -1.0085501670837402 -1.3605496883392334 0.43606275320053101 -0.87074744701385498 -1.312348484992981 0.27447259426116943 -1.095309853553772 -1.2747676372528076 0.20371367037296295 -1.083665132522583 -1.1915766000747681 0.1114695817232132 -0.91103386878967285 -1.1787950992584229 -0.056266613304615021
316.97890001535416 -0.80168521404266357 -1.052716851234436 0.54971373081207275 -0.80102837085723877 -1.2598589658737183 0.47889250516891479 -1.0175349712371826 -1.274461030960083 0.42310288548469543 -0.88382655382156372 -1.2276920080184937 0.26631376147270203 -1.1017168760299683 -1.1912275552749634 0.19765716791152954 -1.0904181003570557 -1.1105083227157593 0.10815377533435822 -0.9229159951210022 -1.0981066226959229 -0.054598778486251831
378.64509999752045 -0.86191654205322266 -1.1012332439422607 0.53092575073242188 -0.79444760084152222 -1.3348748683929443 0.43800348043441772 -1.0177167654037476 -1.3464239835739136 0.38658559322357178 -0.8565024733543396 -1.3270862102508545 0.21872279047966003 -1.0832786560058594 -1.2918026447296143 0.15243345499038696 -1.059607982635498 -1.2146424055099487 0.043835833668708801 -0.88768601417541504 -1.1870012283325195 -0.12361404299736023
378.64509999752045 -0.7998700737953186 -1.1569298505783081 0.67028874158859253 -0.74448460340499878 -1.3796018362045288 0.59056156873703003 -0.95649504661560059 -1.4071872234344482 0.56247055530548096 -0.87530946731567383 -1.3100676536560059 0.35089308023452759 -1.0849035978317261 -1.2800096273422241 0.31283080577850342 -1.0756067037582397 -1.1571972370147705 0.19560915231704712 -0.9151606559753418 -1.168213963508606 0.0024143033660948277
441.12360000610352 -0.82286608219146729 -1.1056818962097168 0.64817482233047485 -0.76930773258209229 -1.3210080862045288 0.57107776403427124 -0.97432404756546021 -1.3476834297180176 0.54391348361968994 -0.89581680297851563 -1.253767728805542 0.33931586146354675 -1.0984965562820435 -1.2247012853622437 0.30250924825668335 -1.0895063877105713 -1.1059404611587524 0.18915465474128723 -0.93435335159301758 -1.1165937185287476 0.0023331989068537951
441.12360000610352 -0.8789563775062561 -1.1941231489181519 0.56642472743988037 -0.84205853939056396 -1.3651542663574219 0.45190361142158508 -1.0471420288085938 -1.3428735733032227 0.39213535189628601 -0.90827518701553345 -1.3270810842514038 0.24260486662387848 -1.1211193799972534 -1.2568477392196655 0.16870319843292236 -1.0975909233093262 -1.1936932802200317 0.078567616641521454 -0.89845001697540283 -1.1939390897750854 -0.082132719457149506
546.44449999928474 -0.63330042362213135 -1.37774658203125 0.53729730844497681 -0.66353130340576172 -1.5673389434814453 0.35524117946624756 -0.84353691339492798 -1.5486727952957153 0.29258990287780762 -0.79767638444900513 -1.5107274055480957 0.17942911386489868 -1.0053293704986572 -1.4397107362747192 0.10892163962125778 -1.043244481086731 -1.3595877885818481 0.064039446413516998 -0.88020873069763184 -1.3720313310623169 -0.094078540802001953
677.97560001909733 -0.5874519944190979 -0.97085994482040405 0.32032883167266846 -0.53390544652938843 -1.0667959451675415 0.24428139626979828 -0.64371711015701294 -1.0669969320297241 0.19242893159389496 -0.60286706686019897 -1.027475118637085 0.12335845082998276 -0.72700983285903931 -0.98120975494384766 0.062608703970909119 -0.74479842185974121 -0.91452217102050781 0.043342966586351395 -0.62752467393875122 -0.93271738290786743 -0.0022959059569984674
796.68469999730587 -0.79918515682220459 -1.1056134700775146 0.29024615883827209 -0.74938869476318359 -1.1724830865859985 0.25011837482452393 -0.89997047185897827 -1.1654495000839233 0.20248119533061981 -0.78658574819564819 -1.0683293342590332 0.081883691251277924 -0.93253475427627563 -0.9958922266960144 0.016988888382911682 -0.88685578107833862 -0.92707818746566772 -0.013744920492172241 -0.76121234893798828 -0.96710389852523804 -0.11084760725498199
1069.9222000092268 -0.67431849241256714 -1.196459174156189 0.27120059728622437 -0.63403922319412231 -1.2788485288619995 0.24401198327541351 -0.75556838512420654 -1.269288182258606 0.19248092174530029 -0.64314031600952148 -1.2342698574066162 0.061863932758569717 -0.74748861789703369 -1.1707415580749512 -0.016957901418209076 -0.68290054798126221 -1.0774556398391724 -0.067623510956764221 -0.58106839656829834 -1.0789279937744141 -0.15309302508831024
1143.4598000049591 -0.59387141466140747 -0.72020947933197021 0.26593571901321411 -0.60229021310806274 -0.74903011322021484 0.2952515184879303 -0.74959331750869751 -0.77186763286590576 0.21286742389202118 -0.5771639347076416 -0.79703736305236816 0.11936724931001663 -0.74823474884033203 -0.75913804769515991 -0.0012513869442045689 -0.65789926052093506 -0.71897810697555542 -0.054788365960121155 -0.51639264822006226 -0.72830986976623535 -0.11191558837890625
1143.4598000049591 -0.81348568201065063 -1.0611379146575928 0.38675445318222046 -0.86024594306945801 -1.0470602512359619 0.42119264602661133 -1.0392242670059204 -1.0679655075073242 0.28381401300430298 -0.79892194271087646 -1.107951283454895 0.18711744248867035 -0.99360877275466919 -1.0282142162322998 0.0046796803362667561 -0.82703226804733276 -0.97473204135894775 -0.074941970407962799 -0.61266082525253296 -1.0030058622360229 -0.1310492604970932
1207.2520000040531 -0.80486923456192017 -1.0095992088317871 0.28463247418403625 -0.86002439260482788 -1.0562280416488647 0.36252179741859436 -1.0596129894256592 -1.0781691074371338 0.25703379511833191 -0.80306422710418701 -1.0956645011901855 0.12811224162578583 -1.0160861015319824 -1.0293576717376709 -0.015549465082585812 -0.86663961410522461 -0.95401644706726074 -0.13181649148464203 -0.65025067329406738 -0.94586735963821411 -0.21906973421573639
1207.2520000040531 -0.9224058985710144 -1.1466699838638306 0.35255023837089539 -0.96962237358093262 -1.2073674201965332 0.40282785892486572 -1.1762232780456543 -1.2238267660140991 0.28585004806518555 -0.90129655599594116 -1.2407848834991455 0.13789790868759155 -1.1278573274612427 -1.1751954555511475 -0.022225677967071533 -0.97983449697494507 -1.1169897317886353 -0.15130642056465149 -0.73859131336212158 -1.1151349544525146 -0.25549903512001038
1271.3311000019312 -0.8889344334602356 -1.0491713285446167 0.38480722904205322 -0.94001162052154541 -1.142951488494873 0.34827712178230286 -1.1610311269760132 -1.1595066785812378 0.22220805287361145 -0.9006277322769165 -1.20705246925354 0.10962491482496262 -1.1554137468338013 -1.1493073701858521 -0.051865518093109131 -1.0185409784317017 -1.0999158620834351 -0.15453821420669556 -0.77451729774475098 -1.094507098197937 -0.27478513121604919
1271.3311000019312 -0.9467087984085083 -1.0786515474319458 0.17536576092243195 -1.0429924726486206 -1.1654889583587646 0.17537310719490051 -1.2459565401077271 -1.1741632223129272 0.015250447206199169 -0.95654594898223877 -1.2662721872329712 -0.035084053874015808 -1.1936626434326172 -1.1885554790496826 -0.23721233010292053 -0.99235141277313232 -1.1493505239486694 -0.31070533394813538 -0.72295057773590088 -1.1552116870880127 -0.40424656867980957
1346.4874999970198 -0.97435647249221802 -1.0454357862472534 0.23681287467479706 -0.93637984991073608 -1.0786452293395996 0.22834880650043488 -1.1508634090423584 -1.0914666652679443 0.13676171004772186 -0.91508060693740845 -1.1202297210693359 -0.037619281560182571 -1.1358327865600586 -1.0540779829025269 -0.18136836588382721 -0.99543571472167969 -1.0501663684844971 -0.19712190330028534 -0.79880517721176147 -1.0817979574203491 -0.24980795383453369
1346.4874999970198 -0.96501976251602173 -1.0335400104522705 0.091455660760402679 -0.90703868865966797 -1.0470868349075317 0.18260347843170166 -1.117897629737854 -1.0785598754882813 0.12009577453136444 -0.86388903856277466 -1.0741386413574219 -0.052924644201993942 -1.0588803291320801 -1.0230627059936523 -0.16304582357406616 -0.86604797840118408 -0.97917819023132324 -0.21590510010719299 -0.6856391429901123 -1.0000709295272827 -0.27009680867195129
1410.2814999967813 -0.99323362112045288 -1.071782112121582 0.022525891661643982 -0.97612249851226807 -1.1076586246490479 0.014372034929692745 -1.2158799171447754 -1.1234167814254761 -0.09030422568321228 -0.9017905592918396 -1.1545147895812988 -0.20786492526531219 -1.1346609592437744 -1.0967059135437012 -0.3559243381023407 -0.9367210865020752 -1.0654851198196411 -0.39152449369430542 -0.70346438884735107 -1.0541435480117798 -0.43941646814346313
1410.2814999967813 -1.0703355073928833 -1.0604569911956787 -0.029638979583978653 -1.0231117010116577 -1.1164518594741821 -0.013998197391629219 -1.2708427906036377 -1.1161720752716064 -0.11737965792417526 -0.95938467979431152 -1.1689684391021729 -0.23691725730895996 -1.190412163734436 -1.0877902507781982 -0.39255598187446594 -1.006260871887207 -1.0734834671020508 -0.42331156134605408 -0.77256470918655396 -1.0836882591247559 -0.46115556359291077
1471.9654000103474 -1.075087308883667 -1.0490412712097168 0.010211369022727013 -1.0287859439849854 -1.1785848140716553 -0.071488536894321442 -1.2769217491149902 -1.1755460500717163 -0.1468183845281601 -0.97445642948150635 -1.2017298936843872 -0.2615206241607666 -1.2308109998703003 -1.1444715261459351 -0.37277823686599731 -1.0930448770523071 -1.1387413740158081 -0.40823203325271606 -0.84822815656661987 -1.1357935667037964 -0.47606086730957031
1471.9654000103474 -1.0529565811157227 -1.0411050319671631 0.0102490009739995 -1.0065135955810547 -1.171045184135437 -0.071700997650623322 -1.255408763885498 -1.1679970026016235 -0.14726144075393677 -0.95201772451400757 -1.1942610740661621 -0.26231476664543152 -1.2091569900512695 -1.1368274688720703 -0.37391296029090881 -1.0709691047668457 -1.1310797929763794 -0.40947526693344116 -0.82540303468704224 -1.1281228065490723 -0.47751173377037048
1550.91400000453 -1.0381577014923096 -1.0837423801422119 0.18243572115898132 -0.99437224864959717 -1.1555253267288208 0.17858627438545227 -1.2526829242706299 -1.1506249904632568 0.073918804526329041 -0.95587605237960815 -1.2232383489608765 -0.064343281090259552 -1.2164847850799561 -1.152841329574585 -0.21524572372436523 -1.0731043815612793 -1.1380544900894165 -0.26275700330734253 -0.84301680326461792 -1.1424297094345093 -0.33831396698951721
1550.91400000453 -1.0341455936431885 -1.0649774074554443 0.52785319089889526 -0.96541374921798706 -1.128713846206665 0.57435703277587891 -1.2030020952224731 -1.1424652338027954 0.46809709072113037 -0.94225454330444336 -1.2022122144699097 0.24955905973911285 -1.2130049467086792 -1.1286031007766724 0.08145015686750412 -1.1045756340026855 -1.1199154853820801 -0.0068534621968865395 -0.87996822595596313 -1.14143967628479 -0.096967399120330811
1611.6726000159979 -0.97966921329498291 -0.94936162233352661 0.37960439920425415 -0.9553876519203186 -0.99191474914550781 0.45237052440643311 -1.1780407428741455 -1.0169111490249634 0.33122158050537109 -0.91853296756744385 -1.0708131790161133 0.14976952970027924 -1.1727533340454102 -1.0054081678390503 -0.027414530515670776 -1.0382150411605835 -0.99325364828109741 -0.12156567722558975 -0.80919665098190308 -1.0112926959991455 -0.20241895318031311
1611.6726000159979 -1.0122289657592773 -0.98561209440231323 0.40992507338523865 -0.98785030841827393 -1.0787826776504517 0.48425647616386414 -1.236107349395752 -1.1086668968200684 0.39647015929222107 -0.96736860275268555 -1.1465779542922974 0.16953426599502563 -1.2422233819961548 -1.1002612113952637 0.022709885612130165 -1.1312156915664673 -1.0786324739456177 -0.09606587141752243 -0.90151852369308472 -1.0763331651687622 -0.20846094191074371
1678.3229000121355 -1.0697180032730103 -1.0300978422164917 0.42752349376678467 -1.0442928075790405 -1.1272674798965454 0.50504541397094727 -1.3032058477401733 -1.1584343910217285 0.41349104046821594 -1.0229320526123047 -1.1979727745056152 0.1768144816160202 -1.3095841407775879 -1.1496678590774536 0.023688014596700668 -1.1938118934631348 -1.1271108388900757 -0.10018590837717056 -0.95425546169281006 -1.1247128248214722 -0.21740524470806122
1678.3229000121355 -1.0894081592559814 -1.0750075578689575 0.29727527499198914 -1.0555521249771118 -1.1588239669799805 0.42224636673927307 -1.3240185976028442 -1.2084698677062988 0.30673310160636902 -1.0119739770889282 -1.2111266851425171 0.10666287690401077 -1.2950809001922607 -1.1609095335006714 -0.066256947815418243 -1.1210744380950928 -1.0802961587905884 -0.18970175087451935 -0.87668925523757935 -1.0440316200256348 -0.26615989208221436
1735.0825000107288 -1.0581334829330444 -1.0588818788528442 0.29814913868904114 -1.0241775512695313 -1.1429457664489746 0.42348897457122803 -1.2934361696243286 -1.1927381753921509 0.3076348602771759 -0.98047077655792236 -1.1954027414321899 0.10697424411773682 -1.2644132375717163 -1.1450375318527222 -0.066455870866775513 -1.0898932218551636 -1.0641860961914063 -0.19026497006416321 -0.84478676319122314 -1.0278146266937256 -0.26694872975349426
1735.0825000107288 -1.0715694427490234 -1.0948042869567871 0.43521493673324585 -1.0659788846969604 -1.1719813346862793 0.50035518407821655 -1.32830810546875 -1.1997185945510864 0.39596468210220337 -1.0690939426422119 -1.2385627031326294 0.17765556275844574 -1.3640061616897583 -1.1873973608016968 0.017003143206238747 -1.281591534614563 -1.1800218820571899 -0.11548291891813278 -1.0477452278137207 -1.1946576833724976 -0.24582326412200928
1813.4888000041246 -1.0382202863693237 -0.96514636278152466 0.38340276479721069 -1.0150483846664429 -1.0901055335998535 0.33470460772514343 -1.2854757308959961 -1.1101298332214355 0.23836375772953033 -1.0066041946411133 -1.1497201919555664 0.027455806732177734 -1.3132549524307251 -1.089178204536438 -0.12544405460357666 -1.1751905679702759 -1.0782027244567871 -0.19470664858818054 -0.93560755252838135 -1.0983983278274536 -0.30858540534973145
1813.4888000041246 -1.0373440980911255 -0.91383445262908936 0.57919001579284668 -1.0030549764633179 -1.127753734588623 0.61441671848297119 -1.270661473274231 -1.1633164882659912 0.53425616025924683 -1.0537747144699097 -1.1700547933578491 0.27597862482070923 -1.3540666103363037 -1.1399177312850952 0.15744598209857941 -1.3279252052307129 -1.1168406009674072 0.018384231254458427 -1.1220725774765015 -1.0991060733795166 -0.15775452554225922
1878.3562000095844 -1.0011521577835083 -0.93556791543960571 0.60548341274261475 -0.96530604362487793 -1.1592012643814087 0.64230978488922119 -1.245064377784729 -1.1963787078857422 0.55850905179977417 -1.0183287858963013 -1.203423023223877 0.2885032594203949 -1.3322567939758301 -1.1719175577163696 0.16458810865879059 -1.3049284219741821 -1.1477924585342407 0.019211634993553162 -1.0897281169891357 -1.1292526721954346 -0.16492551565170288
1878.3562000095844 -1.0209462642669678 -0.95406526327133179 0.61745458841323853 -0.98439139127731323 -1.1821200847625732 0.65500903129577637 -1.2696808576583862 -1.2200326919555664 0.56955152750015259 -1.0384625196456909 -1.2272162437438965 0.29420733451843262 -1.3585971593856812 -1.1950877904891968 0.16784222424030304 -1.3307285308837891 -1.1704857349395752 0.019591473042964935 -1.1112734079360962 -1.1515793800354004 -0.16818630695343018
1948.3754000067711 -1.0905830860137939 -1.0372620820999146 0.24062199890613556 -1.1051821708679199 -1.219377875328064 0.19458252191543579 -1.3750190734863281 -1.2578731775283813 0.10341246426105499 -1.1203404664993286 -1.2479696273803711 -0.062858134508132935 -1.4095613956451416 -1.2309764623641968 -0.17847439646720886 -1.3003357648849487 -1.1839655637741089 -0.2915935218334198 -1.0608052015304565 -1.1573194265365601 -0.44619280099868774
1948.3754000067711 -1.05568528175354 -0.95168846845626831 0.7557331919670105 -0.94790035486221313 -1.1764435768127441 0.83749526739120483 -1.2091653347015381 -1.2245937585830688 0.77647143602371216 -1.0214283466339111 -1.2042814493179321 0.49218490719795227 -1.3188718557357788 -1.1918104887008667 0.41007590293884277 -1.3280700445175171 -1.1509501934051514 0.22009396553039551 -1.1412529945373535 -1.1420433521270752 -0.0088456887751817703
