53.105099990963936 -0.04578997939825058 -1.3541589975357056 0.19417782127857208 0.38995945453643799 -2.0906260013580322 -0.24285975098609924 0.44675722718238831 -2.3826282024383545 -0.28122875094413757 -0.4484192430973053 -2.1962976455688477 -0.25220379233360291 -0.58894592523574829 -2.5399291515350342 -0.27919352054595947 -0.30363938212394714 -1.0439916849136353 0.092715844511985779 -0.45399373769760132 -0.87159883975982666 0.051682975143194199
53.105099990963936 -0.050269670784473419 -1.3592475652694702 0.19292019307613373 0.38265508413314819 -2.0909404754638672 -0.24128435552120209 0.43908464908599854 -2.3810498714447021 -0.27940461039543152 -0.45028892159461975 -2.1959271430969238 -0.25056782364845276 -0.58990466594696045 -2.5373311042785645 -0.27738261222839355 -0.30644756555557251 -1.0510908365249634 0.092115923762321472 -0.45582729578018188 -0.87981545925140381 0.051349051296710968
122.32760000228882 0.011505113914608955 -1.3551070690155029 0.21798481047153473 0.37619277834892273 -2.0528590679168701 -0.21570278704166412 0.43049037456512451 -2.345158576965332 -0.25340905785560608 -0.44131827354431152 -2.1627922058105469 -0.24260784685611725 -0.5940977931022644 -2.5104756355285645 -0.27051737904548645 -0.29581809043884277 -1.0562796592712402 0.1074751690030098 -0.44630059599876404 -0.87680262327194214 0.061082068830728531
122.32760000228882 -0.031838435679674149 -1.3856086730957031 0.22678041458129883 0.32448962330818176 -2.0634474754333496 -0.20079271495342255 0.37139245867729187 -2.3639430999755859 -0.23463615775108337 -0.44703534245491028 -2.179750919342041 -0.2317405641078949 -0.58892583847045898 -2.5417859554290771 -0.25599732995033264 -0.32850322127342224 -1.0533987283706665 0.11209680140018463 -0.49977701902389526 -0.91023147106170654 0.054195128381252289
181.38449999690056 -0.0054642912000417709 -1.4317549467086792 0.21670109033584595 0.37689158320426941 -2.1753439903259277 -0.22607924044132233 0.42200228571891785 -2.4939966201782227 -0.26491805911064148 -0.45324116945266724 -2.2419350147247314 -0.25809955596923828 -0.62372267246246338 -2.6127042770385742 -0.2859947681427002 -0.28698226809501648 -1.1644846200942993 0.11784329265356064 -0.3792823851108551 -0.91625052690505981 0.088608920574188232
181.38449999690056 -0.027846476063132286 -1.3995940685272217 0.20406930148601532 0.4057735800743103 -2.2133681774139404 -0.21292836964130402 0.43759733438491821 -2.5450034141540527 -0.25074613094329834 -0.43088513612747192 -2.259472131729126 -0.2653382420539856 -0.60407793521881104 -2.6286928653717041 -0.29060462117195129 -0.37642934918403625 -1.2934619188308716 0.10563788563013077 -0.39134132862091064 -0.92477875947952271 0.10924506932497025
238.37779998779297 -0.045885685831308365 -1.4228545427322388 0.20282106101512909 0.38507968187332153 -2.2316465377807617 -0.21162368357181549 0.41670861840248108 -2.5612514019012451 -0.2492099404335022 -0.44645687937736511 -2.277468204498291 -0.26371270418167114 -0.61858940124511719 -2.6444284915924072 -0.2888244092464447 -0.39233449101448059 -1.3173720836639404 0.10499224066734314 -0.40715518593788147 -0.95094609260559082 0.10857734084129333
238.37779998779297 -0.044715944677591324 -1.3865823745727539 0.19765064120292664 0.3752630352973938 -2.1747562885284424 -0.20622886717319489 0.40608566999435425 -2.4959588050842285 -0.2428569495677948 -0.4350755512714386 -2.2194099426269531 -0.25699001550674438 -0.60281997919082642 -2.5770153999328613 -0.28146156668663025 -0.38233289122581482 -1.2837889194488525 0.10231572389602661 -0.39677578210830688 -0.92670410871505737 0.10580943524837494
298.16509997844696 -0.056968145072460175 -1.3732125759124756 0.18959079682826996 0.41738021373748779 -2.1515741348266602 -0.22815757989883423 0.44468492269515991 -2.4789087772369385 -0.26799494028091431 -0.38873100280761719 -2.2030091285705566 -0.27822214365005493 -0.55360090732574463 -2.5703177452087402 -0.30679574608802795 -0.33570927381515503 -1.2231899499893188 0.085009709000587463 -0.39266625046730042 -0.92006582021713257 0.073447741568088531
298.16509997844696 -0.02776779793202877 -1.4696669578552246 0.17197759449481964 0.41617104411125183 -2.1846857070922852 -0.27212652564048767 0.43197342753410339 -2.5201220512390137 -0.31640779972076416 -0.41540050506591797 -2.2374930381774902 -0.31647345423698425 -0.60666310787200928 -2.622938871383667 -0.34873145818710327 -0.31185045838356018 -1.2472491264343262 0.03232848271727562 -0.39773842692375183 -1.0194789171218872 0.012135966680943966
353.44359999895096 -0.039397172629833221 -1.4828996658325195 0.17509184777736664 0.41256895661354065 -2.2108473777770996 -0.27704256772994995 0.42865705490112305 -2.5523490905761719 -0.32212454080581665 -0.43403902649879456 -2.2646093368530273 -0.32219138741493225 -0.62875998020172119 -2.6570248603820801 -0.35503268241882324 -0.32861658930778503 -1.2564600706100464 0.032917600125074387 -0.41605761647224426 -1.0245712995529175 0.012359961867332458
353.44359999895096 0.0064434870146214962 -1.4541434049606323 0.16821871697902679 0.40921375155448914 -2.2305688858032227 -0.28496119379997253 0.40465840697288513 -2.5622339248657227 -0.32576471567153931 -0.39784374833106995 -2.2880945205688477 -0.33630356192588806 -0.58931046724319458 -2.6745288372039795 -0.36555629968643188 -0.33827775716781616 -1.3323099613189697 0.031777128577232361 -0.37978130578994751 -1.0836426019668579 0.034857645630836487
413.91009998321533 0.019618047401309013 -1.3643286228179932 0.073933161795139313 0.35784494876861572 -2.1835529804229736 -0.32421809434890747 0.33196845650672913 -2.5346100330352783 -0.36420220136642456 -0.34586071968078613 -2.2177236080169678 -0.38366037607192993 -0.54958814382553101 -2.6118226051330566 -0.41334220767021179 -0.2680414617061615 -1.2311302423477173 0.029233060777187347 -0.33360734581947327 -1.0927227735519409 0.032260403037071228
413.91009998321533 -0.089592806994915009 -1.4163541793823242 0.075575903058052063 0.25616276264190674 -2.2538137435913086 -0.33143791556358337 0.22971026599407196 -2.6126852035522461 -0.3723120391368866 -0.46320688724517822 -2.2887451648712158 -0.39220333099365234 -0.67146909236907959 -2.6916165351867676 -0.42254585027694702 -0.38365539908409119 -1.2801909446716309 0.02988080121576786 -0.45068073272705078 -1.1387026309967041 0.032975532114505768
473.20939999818802 0.012109255418181419 -1.3860408067703247 0.1382790207862854 0.27456584572792053 -2.1486039161682129 -0.31855174899101257 0.2742156982421875 -2.4934368133544922 -0.3602689802646637 -0.40833118557929993 -2.1848030090332031 -0.37073668837547302 -0.55120551586151123 -2.5515785217285156 -0.39939409494400024 -0.38253667950630188 -1.2738707065582275 -0.0018546358915045857 -0.53726869821548462 -1.2434812784194946 -0.041301742196083069
473.20939999818802 0.060752455145120621 -1.4100836515426636 0.12081602960824966 0.2909349799156189 -2.1633327007293701 -0.33054974675178528 0.29345515370368958 -2.5076923370361328 -0.36281499266624451 -0.33676651120185852 -2.2015049457550049 -0.40724414587020874 -0.43216541409492493 -2.5582976341247559 -0.42122292518615723 -0.59246581792831421 -1.7252684831619263 -0.11204827576875687 -0.55300569534301758 -1.2583255767822266 -0.10588739067316055
570.9311999976635 0.059328310191631317 -0.8295283317565918 0.56583273410797119 0.31726124882698059 -1.8847478628158569 0.095834247767925262 0.29246637225151062 -2.0967135429382324 0.13740502297878265 -0.40340596437454224 -1.8251384496688843 0.11993730068206787 -0.51329243183135986 -2.0352795124053955 0.16711357235908508 -0.42671856284141541 -0.82576841115951538 0.41116639971733093 -0.56409496068954468 -0.60711801052093506 0.33378157019615173
650.74849998950958 -0.078744716942310333 -1.2203973531723022 0.28817281126976013 0.3804967999458313 -2.1357686519622803 -0.29755261540412903 0.40315091609954834 -2.49123215675354 -0.32968658208847046 -0.57550692558288574 -2.2256810665130615 -0.37310469150543213 -0.80681329965591431 -2.6199305057525635 -0.40163394808769226 -0.52531766891479492 -1.1426382064819336 0.12601685523986816 -0.64525771141052246 -0.90387177467346191 0.063458062708377838
654.37759999930859 -0.056829232722520828 -1.6087286472320557 0.32037714123725891 0.45371383428573608 -2.6263554096221924 -0.33077928423881531 0.47889864444732666 -3.0215275287628174 -0.36650294065475464 -0.60908442735671997 -2.7263119220733643 -0.41477125883102417 -0.8662298321723938 -3.1646029949188232 -0.44648748636245728 -0.55328857898712158 -1.5222829580307007 0.14010685682296753 -0.68662703037261963 -1.256844162940979 0.070559665560722351
715.4375 0.069757662713527679 -1.1969937086105347 0.058003615587949753 0.3914165198802948 -2.1320858001708984 -0.46491649746894836 0.42906728386878967 -2.4779882431030273 -0.52453339099884033 -0.51055252552032471 -2.1510758399963379 -0.54413563013076782 -0.74026501178741455 -2.5227727890014648 -0.62027806043624878 -0.39733287692070007 -1.2676657438278198 -0.050487875938415527 -0.54145824909210205 -1.1402862071990967 -0.044324446469545364
715.4375 -0.045584645122289658 -1.0813488960266113 0.055913407355546951 0.26445528864860535 -1.9826637506484985 -0.44811782240867615 0.30074605345726013 -2.3160715103149414 -0.50558120012283325 -0.60493296384811401 -2.0009679794311523 -0.52447545528411865 -0.8263477087020874 -2.3592383861541748 -0.59786742925643921 -0.49580296874046326 -1.1494680643081665 -0.048659168183803558 -0.63472229242324829 -1.026689887046814 -0.042718369513750076
814.52849999070168 -0.0056949974969029427 -0.70581239461898804 0.79591470956802368 0.065933682024478912 -1.4462093114852905 0.47141993045806885 0.024438027292490005 -1.5618138313293457 0.58563166856765747 -0.52451914548873901 -1.1815848350524902 0.59427160024642944 -0.56375467777252197 -1.1735281944274902 0.71741330623626709 -0.51121705770492554 -0.67454123497009277 0.70285028219223022 -0.57489198446273804 -0.40551385283470154 0.59588092565536499
911.10799999535084 0.047626208513975143 -1.470922589302063 0.42057859897613525 0.62475943565368652 -2.5957579612731934 -0.28773453831672668 0.58635193109512329 -2.9316182136535645 -0.28261083364486694 -0.28312185406684875 -2.5553054809570313 -0.30112731456756592 -0.46641236543655396 -2.8507595062255859 -0.25356549024581909 -0.29534474015235901 -1.3727798461914063 0.32892441749572754 -0.44405892491340637 -0.98735851049423218 0.24855124950408936
911.10799999535084 -0.049598254263401031 -1.0759148597717285 0.33576905727386475 0.51889389753341675 -2.1999435424804688 -0.14206103980541229 0.52704894542694092 -2.5280320644378662 -0.1488552987575531 -0.2833142876625061 -2.2455911636352539 -0.19795539975166321 -0.47030532360076904 -2.5777478218078613 -0.19848722219467163 -0.29867899417877197 -1.0326951742172241 0.21645767986774445 -0.4642309844493866 -0.73764526844024658 0.15407463908195496
969.60179999470711 -0.14565722644329071 -1.5007095336914063 0.28337058424949646 0.42531830072402954 -2.5161368846893311 -0.28614112734794617 0.40390008687973022 -2.8581409454345703 -0.30280619859695435 -0.40101227164268494 -2.5670244693756104 -0.30435279011726379 -0.60311537981033325 -2.9072737693786621 -0.28021439909934998 -0.46622389554977417 -1.3806552886962891 0.23669087886810303 -0.60837644338607788 -1.0430632829666138 0.16747170686721802
969.60179999470711 -0.12969121336936951 -1.2399739027023315 0.27180019021034241 0.43068987131118774 -2.1821613311767578 -0.21681910753250122 0.41441881656646729 -2.4764316082000732 -0.21763511002063751 -0.37435266375541687 -2.2000677585601807 -0.2513660192489624 -0.56152641773223877 -2.4954359531402588 -0.22894442081451416 -0.39443650841712952 -1.1214258670806885 0.20346851646900177 -0.53688555955886841 -0.8502657413482666 0.11163564771413803
1052.1725999861956 -0.10179445147514343 -1.4390645027160645 0.28281429409980774 0.49570789933204651 -2.2294926643371582 -0.24918356537818909 0.50379937887191772 -2.5305535793304443 -0.26370769739151001 -0.32913181185722351 -2.2948992252349854 -0.25966012477874756 -0.50516718626022339 -2.5983633995056152 -0.24022148549556732 -0.34670630097389221 -1.2388348579406738 0.23398596048355103 -0.508109450340271 -0.94606137275695801 0.16682255268096924
1055.8600999861956 -0.064965032041072845 -1.2264391183853149 0.30311229825019836 0.47607910633087158 -2.0014970302581787 -0.10389603674411774 0.48226094245910645 -2.2812614440917969 -0.12828259170055389 -0.24379290640354156 -2.0656943321228027 -0.16255004703998566 -0.3997376561164856 -2.3500587940216064 -0.16969780623912811 -0.28480738401412964 -1.069161057472229 0.1968124657869339 -0.40887740254402161 -0.76303046941757202 0.15839454531669617
1120.7000999897718 -0.054515235126018524 -1.4049676656723022 0.41011229157447815 0.53663522005081177 -2.3698291778564453 -0.044477485120296478 0.55477637052536011 -2.6638302803039551 -0.058478053659200668 -0.28341582417488098 -2.4632678031921387 -0.10017102211713791 -0.4470592737197876 -2.7725212574005127 -0.082008391618728638 -0.33935162425041199 -1.3631166219711304 0.30723550915718079 -0.49664366245269775 -1.0233765840530396 0.24104753136634827
1120.7000999897718 -0.068496719002723694 -1.2056214809417725 0.33833009004592896 0.45998415350914001 -2.0582382678985596 -0.10546234250068665 0.46454045176506042 -2.3185973167419434 -0.1267470121383667 -0.26329824328422546 -2.1217136383056641 -0.13629031181335449 -0.40896585583686829 -2.3982388973236084 -0.1284666508436203 -0.31836086511611938 -1.1883692741394043 0.25401461124420166 -0.45103356242179871 -0.88942414522171021 0.21271896362304688
1179.1469999998808 -0.14434444904327393 -1.2447326183319092 0.34502208232879639 0.39459314942359924 -2.1142194271087646 -0.10755138844251633 0.39923959970474243 -2.379730224609375 -0.1292572021484375 -0.3430003821849823 -2.1789507865905762 -0.13898934423923492 -0.4915502667427063 -2.4609475135803223 -0.13101087510585785 -0.39915251731872559 -1.227138876914978 0.2590382993221283 -0.53445035219192505 -0.92227882146835327 0.21692557632923126
1179.1469999998808 -0.10246513783931732 -1.3291712999343872 0.37010177969932556 0.43367758393287659 -2.1028392314910889 -0.0013800157466903329 0.44260391592979431 -2.3623254299163818 -0.019920084625482559 -0.28858250379562378 -2.1666533946990967 -0.053912393748760223 -0.44823408126831055 -2.4494986534118652 -0.052242539823055267 -0.38917142152786255 -1.2231665849685669 0.25520506501197815 -0.52632218599319458 -0.95183110237121582 0.20071093738079071
1238.4786999970675 -0.010988879948854446 -1.3703223466873169 0.33010166883468628 0.47843199968338013 -2.0096046924591064 -0.080062203109264374 0.45765531063079834 -2.2441227436065674 -0.092470824718475342 -0.18618923425674438 -2.0182273387908936 -0.10131718963384628 -0.34114488959312439 -2.2479922771453857 -0.077125772833824158 -0.25656962394714355 -1.1700422763824463 0.25697925686836243 -0.36290615797042847 -0.8934255838394165 0.2126074880361557
1238.4786999970675 -0.11868048459291458 -1.3740929365158081 0.32034391164779663 0.37915581464767456 -2.0110480785369873 -0.14352162182331085 0.38259986042976379 -2.2389054298400879 -0.16720706224441528 -0.30708834528923035 -2.0390529632568359 -0.17541676759719849 -0.43557938933372498 -2.2549607753753662 -0.17003709077835083 -0.36633676290512085 -1.1522021293640137 0.18577916920185089 -0.47613400220870972 -0.91602575778961182 0.13522709906101227
1299.6906000077724 -0.17690081894397736 -1.2865437269210815 0.30878403782844543 0.30296316742897034 -1.9005042314529419 -0.13833558559417725 0.30628290772438049 -2.1201357841491699 -0.16116596758365631 -0.35850700736045837 -1.9274981021881104 -0.16907928884029388 -0.48235940933227539 -2.1356115341186523 -0.16389381885528564 -0.4156164824962616 -1.072663426399231 0.17907719314098358 -0.5214499831199646 -0.84501314163208008 0.13035008311271667
1299.6906000077724 -0.11800888925790787 -1.3152928352355957 0.33297502994537354 0.38296690583229065 -1.9792724847793579 -0.2003980278968811 0.41538700461387634 -2.2137105464935303 -0.24051983654499054 -0.32914954423904419 -2.0063536167144775 -0.23446999490261078 -0.44118937849998474 -2.2350888252258301 -0.2472684234380722 -0.41764068603515625 -1.1267433166503906 0.14775095880031586 -0.5257611870765686 -0.89329767227172852 0.10735958814620972
1375.8620999902487 -0.10498162358999252 -1.2462085485458374 0.3855341374874115 0.38311970233917236 -1.9672210216522217 -0.11195794492959976 0.42971205711364746 -2.1995124816894531 -0.1519940048456192 -0.2841346263885498 -2.0003612041473389 -0.22669188678264618 -0.40258908271789551 -2.2351794242858887 -0.25207915902137756 -0.45320034027099609 -1.1904997825622559 0.10459364950656891 -0.55287480354309082 -0.9338112473487854 0.078875906765460968
1375.8620999902487 -0.00010935172031167895 -1.2685471773147583 0.34978249669075012 0.51284873485565186 -2.0234224796295166 -0.079345822334289551 0.53509920835494995 -2.2730989456176758 -0.099006623029708862 -0.19158382713794708 -2.084209680557251 -0.14258626103401184 -0.31997421383857727 -2.3585700988769531 -0.15154823660850525 -0.26116359233856201 -1.146568775177002 0.17237094044685364 -0.38370957970619202 -0.84223383665084839 0.13834956288337708
1434.89849999547 -0.14732593297958374 -1.3872060775756836 0.40432006120681763 0.3912493884563446 -2.1585733890533447 -0.0030238637700676918 0.40175303816795349 -2.4094662666320801 -0.019001932814717293 -0.34194174408912659 -2.2176549434661865 -0.085738852620124817 -0.48798778653144836 -2.4860923290252686 -0.082164883613586426 -0.4319799542427063 -1.2497031688690186 0.2345377504825592 -0.5636565089225769 -0.94059133529663086 0.18939855694770813
1434.89849999547 -0.1616094559431076 -1.2865123748779297 0.37573528289794922 0.33889251947402954 -2.0033495426177979 -0.0028123620431870222 0.34865361452102661 -2.2365062236785889 -0.017660899087786674 -0.34246733784675598 -2.0582544803619385 -0.079680003225803375 -0.47818902134895325 -2.3077151775360107 -0.076358683407306671 -0.42614048719406128 -1.1587299108505249 0.21795536577701569 -0.54850846529006958 -0.87146997451782227 0.17600718140602112
1499.6988999992609 -0.17634320259094238 -1.2597593069076538 0.34862354397773743 0.33785328269004822 -2.0197150707244873 -0.02450028620660305 0.35431727766990662 -2.2648990154266357 -0.048396658152341843 -0.29287904500961304 -2.0906991958618164 -0.13380642235279083 -0.42911139130592346 -2.3607358932495117 -0.14836683869361877 -0.4326215386390686 -1.1715335845947266 0.19252960383892059 -0.55265897512435913 -0.9192078709602356 0.15002459287643433
1499.6988999992609 -0.18301521241664886 -1.2247323989868164 0.35908356308937073 0.3142896294593811 -1.9671622514724731 -0.00044317814172245562 0.33875101804733276 -2.202533483505249 -0.022941693663597107 -0.31949275732040405 -2.0504355430603027 -0.12004908174276352 -0.4521515965461731 -2.3101043701171875 -0.13167504966259003 -0.45368999242782593 -1.1750351190567017 0.20230105519294739 -0.56234997510910034 -0.91261529922485352 0.1614048182964325
1562.7177999913692 -0.1672309935092926 -1.2293342351913452 0.35551369190216064 0.30220341682434082 -1.923443078994751 0.0048799184150993824 0.31353753805160522 -2.1554698944091797 -0.013825373724102974 -0.3164161741733551 -1.987984299659729 -0.12447118759155273 -0.45308658480644226 -2.2334442138671875 -0.13545989990234375 -0.49045997858047485 -1.1565481424331665 0.15062360465526581 -0.59586596488952637 -0.91132384538650513 0.10096103698015213
1562.7177999913692 -0.17192044854164124 -1.2382974624633789 0.3599390983581543 0.3033582866191864 -1.9410479068756104 0.0049400264397263527 0.31483349204063416 -2.1759631633758545 -0.013998141512274742 -0.32296293973922729 -2.0063924789428711 -0.12602147459983826 -0.46133488416671753 -2.2549083232879639 -0.13714699447154999 -0.49917358160018921 -1.1646051406860352 0.15249818563461304 -0.60589182376861572 -0.91632789373397827 0.10221732407808304
1631.7447999864817 -0.1257256418466568 -1.3173580169677734 0.35518583655357361 0.33234652876853943 -2.0220992565155029 -0.032910708338022232 0.33404019474983215 -2.2526140213012695 -0.052720256149768829 -0.28881993889808655 -2.0465447902679443 -0.18929232656955719 -0.42066982388496399 -2.3058435916900635 -0.20727002620697021 -0.46157723665237427 -1.1700088977813721 0.13145698606967926 -0.56647884845733643 -0.92885208129882813 0.075036980211734772
1631.7447999864817 -0.1919948011636734 -1.367695689201355 0.34539520740509033 0.28682836890220642 -2.0083656311035156 -0.067497968673706055 0.29004937410354614 -2.2201929092407227 -0.076839044690132141 -0.37710541486740112 -2.0199313163757324 -0.18734952807426453 -0.48961555957794189 -2.2481241226196289 -0.19222716987133026 -0.47480675578117371 -1.1427311897277832 0.12967637181282043 -0.58432334661483765 -0.90490150451660156 0.08510136604309082
1710.3678999990225 -0.10480529069900513 -1.2875641584396362 0.4155009388923645 0.26387163996696472 -1.927431583404541 0.069193340837955475 0.27303925156593323 -2.1300351619720459 0.063170745968818665 -0.3835313618183136 -1.9708796739578247 -0.00090325111523270607 -0.51260006427764893 -2.195173978805542 0.0021448058541864157 -0.40965774655342102 -1.1341536045074463 0.26535713672637939 -0.5053061842918396 -0.88665527105331421 0.21347680687904358
1710.3678999990225 -0.10597299039363861 -1.2678118944168091 0.36020991206169128 0.29744634032249451 -1.9261369705200195 -0.010373514145612717 0.30416333675384521 -2.1407389640808105 -0.025759980082511902 -0.33856210112571716 -1.9658278226852417 -0.09789479523897171 -0.46429988741874695 -2.2075505256652832 -0.10388711839914322 -0.38369590044021606 -1.1218733787536621 0.19153501093387604 -0.4797702431678772 -0.87290692329406738 0.14739769697189331
1765.2849999964237 -0.10810586810112 -1.2908236980438232 0.38787522912025452 0.31174200773239136 -1.9772063493728638 -0.040256507694721222 0.32467493414878845 -2.1936309337615967 -0.057946246117353439 -0.33384245634078979 -2.0203261375427246 -0.13920794427394867 -0.44123777747154236 -2.2666676044464111 -0.14582496881484985 -0.40926748514175415 -1.1249576807022095 0.1862836629152298 -0.51313322782516479 -0.88694393634796143 0.13820922374725342
1765.2849999964237 -0.12488082051277161 -1.3124997615814209 0.408098965883255 0.24609369039535522 -2.0240373611450195 -0.0052345283329486847 0.24359095096588135 -2.2267525196075439 -0.0033561233431100845 -0.34713160991668701 -2.0393643379211426 -0.086489565670490265 -0.43326443433761597 -2.2599596977233887 -0.071393966674804688 -0.41756495833396912 -1.1599521636962891 0.22063806653022766 -0.51917833089828491 -0.91540700197219849 0.15487436950206757
1832.7182999849319 -0.15069049596786499 -1.214873194694519 0.39346140623092651 0.20697528123855591 -1.9008843898773193 -0.0050437361933290958 0.20456233620643616 -2.0963268280029297 -0.0032327191438525915 -0.36496806144714355 -1.9156615734100342 -0.083383746445178986 -0.44801086187362671 -2.1283431053161621 -0.06882970780134201 -0.43287459015846252 -1.0677981376647949 0.21272566914558411 -0.53084260225296021 -0.83202606439590454 0.14932125806808472
1832.7182999849319 -0.17354947328567505 -1.3302474021911621 0.35965412855148315 0.22681605815887451 -2.0173933506011963 -0.06529998779296875 0.21899077296257019 -2.2273194789886475 -0.070086143910884857 -0.36433148384094238 -2.0356063842773438 -0.14069749414920807 -0.4635111391544342 -2.256554126739502 -0.1217397153377533 -0.44904214143753052 -1.1863266229629517 0.22246384620666504 -0.54154783487319946 -0.94813007116317749 0.17270000278949738
1908.9269999861717 -0.16994185745716095 -1.234755277633667 0.42589873075485229 0.23898528516292572 -1.9897432327270508 0.055697206407785416 0.24111750721931458 -2.1941838264465332 0.060040988028049469 -0.35439702868461609 -2.0211312770843506 -0.050785593688488007 -0.45212858915328979 -2.2439432144165039 -0.033116329461336136 -0.44567444920539856 -1.1462953090667725 0.25286340713500977 -0.54167801141738892 -0.89505994319915771 0.19806347787380219
1908.9269999861717 -0.18390914797782898 -1.2456187009811401 0.33390200138092041 0.21875441074371338 -1.8850349187850952 -0.0070452950894832611 0.23281300067901611 -2.1102068424224854 -0.029433460906147957 -0.40961918234825134 -1.9331395626068115 -0.088291019201278687 -0.53405648469924927 -2.1842238903045654 -0.10497938841581345 -0.44952380657196045 -1.0887188911437988 0.14703638851642609 -0.55309265851974487 -0.86046117544174194 0.096992425620555878
1968.2149999886751 -0.14426735043525696 -1.2662556171417236 0.35512697696685791 0.26748484373092651 -1.9435514211654663 -0.009323720820248127 0.28109076619148254 -2.175894021987915 -0.035337861627340317 -0.37103718519210815 -1.9997062683105469 -0.10186655819416046 -0.4980415403842926 -2.2688493728637695 -0.11918012797832489 -0.4194369912147522 -1.1368871927261353 0.17221471667289734 -0.51954269409179688 -0.89894562959671021 0.12292280048131943
1968.2149999886751 -0.12872086465358734 -1.2774546146392822 0.37801173329353333 0.26739117503166199 -1.9895453453063965 -0.01724124513566494 0.28066021203994751 -2.2167229652404785 -0.037773367017507553 -0.38565117120742798 -2.0307207107543945 -0.10880384594202042 -0.50288987159729004 -2.2928705215454102 -0.11824149638414383 -0.43990427255630493 -1.1409977674484253 0.164004847407341 -0.53691530227661133 -0.90764349699020386 0.11258386075496674
