42.100399985909462 -0.63640838861465454 -1.147068977355957 -0.67653441429138184 -0.82675158977508545 -1.2393144369125366 -0.84127962589263916 -1.0729695558547974 -1.2258231639862061 -0.90136373043060303 -0.84472161531448364 -1.2530205249786377 -0.59872055053710938 -1.0528087615966797 -1.2044377326965332 -0.6275489330291748 -0.75341671705245972 -0.98177063465118408 -0.30597171187400818 -0.60274320840835571 -1.03160560131073 -0.27083030343055725
42.100399985909462 -0.58012449741363525 -1.1287994384765625 -0.68394500017166138 -0.7658613920211792 -1.1775908470153809 -0.78893148899078369 -0.99992573261260986 -1.1605954170227051 -0.87721657752990723 -0.80977547168731689 -1.1649259328842163 -0.59278494119644165 -1.0180290937423706 -1.1125308275222778 -0.64215505123138428 -0.74339169263839722 -0.908905029296875 -0.30209702253341675 -0.61974066495895386 -0.96933919191360474 -0.27274313569068909
97.158500000834465 -0.54469341039657593 -1.2132673263549805 -0.72227925062179565 -0.74084079265594482 -1.2647932767868042 -0.83315026760101318 -0.98802429437637329 -1.2468454837799072 -0.92638367414474487 -0.7872161865234375 -1.2514185905456543 -0.62600970268249512 -1.0071424245834351 -1.1960868835449219 -0.67814701795578003 -0.71711164712905884 -0.98104780912399292 -0.3190288245677948 -0.58653002977371216 -1.0448694229125977 -0.28802967071533203
97.158500000834465 -0.52305960655212402 -1.1495839357376099 -0.4519059956073761 -0.7718769907951355 -1.1905285120010376 -0.65833759307861328 -0.97751200199127197 -1.133452296257019 -0.68070930242538452 -0.7156292200088501 -1.2323013544082642 -0.44862782955169678 -0.89448225498199463 -1.1424686908721924 -0.45284357666969299 -0.5627131462097168 -0.89762383699417114 -0.14364765584468842 -0.40582051873207092 -0.93034881353378296 -0.15444652736186981
155.25180000066757 -0.71491074562072754 -1.1170026063919067 -0.13811226189136505 -0.8380311131477356 -1.2316972017288208 -0.36671134829521179 -1.0563899278640747 -1.2149819135665894 -0.36829695105552673 -0.80531769990921021 -1.23789381980896 -0.31428390741348267 -1.0202887058258057 -1.1687177419662476 -0.33099108934402466 -0.82262104749679565 -1.0275154113769531 -0.16646750271320343 -0.64032101631164551 -1.0410161018371582 -0.2153172492980957
155.25180000066757 -0.7651665210723877 -1.1479262113571167 -0.14117103815078735 -0.8910176157951355 -1.2651644945144653 -0.37484025955200195 -1.1142195463180542 -1.2480785846710205 -0.37646105885505676 -0.8575785756111145 -1.2714987993240356 -0.32125002145767212 -1.0773175954818726 -1.2007883787155151 -0.33832776546478271 -0.87526577711105347 -1.0564541816711426 -0.17015518248081207 -0.6889224648475647 -1.0702544450759888 -0.22008837759494781
211.28859999775887 -0.78491836786270142 -1.1688872575759888 -0.36180946230888367 -0.90521496534347534 -1.2825685739517212 -0.58412021398544312 -1.1427472829818726 -1.2723393440246582 -0.66740351915359497 -0.84260010719299316 -1.2883669137954712 -0.54564386606216431 -1.078316330909729 -1.2126486301422119 -0.65773141384124756 -0.89728236198425293 -1.1170907020568848 -0.45161420106887817 -0.7045433521270752 -1.1541159152984619 -0.45567610859870911
211.28859999775887 -0.57451134920120239 -1.0612871646881104 -0.46428570151329041 -0.76600861549377441 -1.2118321657180786 -0.78791618347167969 -0.99587130546569824 -1.1922115087509155 -0.84606462717056274 -0.67714279890060425 -1.2518638372421265 -0.61922222375869751 -0.89678764343261719 -1.1810718774795532 -0.68881368637084961 -0.71251249313354492 -1.0517177581787109 -0.43820852041244507 -0.53469634056091309 -1.0404874086380005 -0.38677170872688293
271.12779998779297 -0.68367695808410645 -1.0941123962402344 -0.48021557927131653 -0.88174641132354736 -1.2498239278793335 -0.8149530291557312 -1.1194980144500732 -1.229529857635498 -0.87509703636169434 -0.78983068466186523 -1.2912296056747437 -0.64046943187713623 -1.0170136690139771 -1.2180081605911255 -0.71244931221008301 -0.82641428709030151 -1.084214448928833 -0.4532434344291687 -0.64249551296234131 -1.0725986957550049 -0.40004128217697144
271.12779998779297 -0.70964699983596802 -1.1199007034301758 0.15705743432044983 -0.87742924690246582 -1.2462631464004517 -0.15813988447189331 -1.1025369167327881 -1.2340139150619507 -0.26075839996337891 -0.85991555452346802 -1.2676517963409424 -0.33695656061172485 -1.1131799221038818 -1.2050539255142212 -0.46072784066200256 -0.93495756387710571 -1.1490238904953003 -0.40543669462203979 -0.75248163938522339 -1.140864372253418 -0.5862007737159729
324.31019999086857 -0.80614817142486572 -1.2193604707717896 0.1442418098449707 -0.89771538972854614 -1.3117717504501343 -0.084889717400074005 -1.1227222681045532 -1.2911739349365234 -0.16033783555030823 -0.85381191968917847 -1.3151630163192749 -0.24042145907878876 -1.0944859981536865 -1.2403421401977539 -0.36444023251533508 -0.94135439395904541 -1.1909651756286621 -0.28980821371078491 -0.71859657764434814 -1.2256139516830444 -0.45584079623222351
324.31019999086857 -0.73024123907089233 -1.1589349508285522 0.53205192089080811 -0.78494322299957275 -1.3013378381729126 0.43193909525871277 -1.011523962020874 -1.3026431798934937 0.39043593406677246 -0.82563978433609009 -1.287428617477417 0.17409799993038177 -1.0691568851470947 -1.2410542964935303 0.094121873378753662 -0.95653730630874634 -1.1743956804275513 0.029540823772549629 -0.79868686199188232 -1.1893377304077148 -0.19291612505912781
382.09270000457764 -0.76241713762283325 -1.1291955709457397 0.5346444845199585 -0.81738656759262085 -1.2722946405410767 0.43404218554496765 -1.0450749397277832 -1.2736064195632935 0.3923361599445343 -0.85828214883804321 -1.2583174705505371 0.17494049668312073 -1.1029897928237915 -1.2117164134979248 0.094573363661766052 -0.98981952667236328 -1.1447317600250244 0.029676571488380432 -0.83119744062423706 -1.1597470045089722 -0.1938679963350296
382.09270000457764 -0.72049623727798462 -1.1614130735397339 -0.25935909152030945 -0.91051727533340454 -1.2960556745529175 -0.46584415435791016 -1.171900749206543 -1.2745227813720703 -0.50558710098266602 -0.88110125064849854 -1.3134137392044067 -0.44435995817184448 -1.1588528156280518 -1.2394323348999023 -0.51164752244949341 -0.96497172117233276 -1.1599314212799072 -0.31843116879463196 -0.76459985971450806 -1.1488631963729858 -0.31174769997596741
439.5629999935627 -0.84247064590454102 -1.1910045146942139 -0.39663955569267273 -0.9551813006401062 -1.298188328742981 -0.62865352630615234 -1.2166261672973633 -1.2753732204437256 -0.71159160137176514 -0.93981820344924927 -1.3321342468261719 -0.63299572467803955 -1.2110265493392944 -1.2706248760223389 -0.73124104738235474 -0.9458698034286499 -1.1474071741104126 -0.5220610499382019 -0.76295638084411621 -1.1766431331634521 -0.54190832376480103
439.5629999935627 -0.73799002170562744 -1.0965138673782349 -0.37176954746246338 -0.84363502264022827 -1.1969785690307617 -0.58923870325088501 -1.0886901617050171 -1.1755937337875366 -0.66697746515274048 -0.8292350172996521 -1.2287963628768921 -0.59330874681472778 -1.0834414958953857 -1.1711429357528687 -0.68539512157440186 -0.83490723371505737 -1.0556497573852539 -0.48932847380638123 -0.66346049308776855 -1.0830528736114502 -0.50793153047561646
494.5789999961853 -0.74672567844390869 -1.1710190773010254 0.25657206773757935 -0.79439735412597656 -1.2644656896591187 0.13251003623008728 -1.0248870849609375 -1.246350884437561 0.05463789775967598 -0.82992541790008545 -1.2320239543914795 -0.061993997544050217 -1.0717995166778564 -1.171072244644165 -0.15714745223522186 -0.93077290058135986 -1.0904295444488525 -0.12604016065597534 -0.77897739410400391 -1.1359057426452637 -0.3169819712638855
494.5789999961853 -0.55692589282989502 -1.0972578525543213 -0.8084263801574707 -0.82494783401489258 -1.1836173534393311 -1.020517110824585 -1.1025806665420532 -1.1887767314910889 -1.0841234922409058 -0.86879050731658936 -1.2464205026626587 -0.73474735021591187 -1.1623698472976685 -1.215374231338501 -0.79498523473739624 -0.78432661294937134 -0.98948049545288086 -0.40905475616455078 -0.65453732013702393 -1.0263979434967041 -0.27662315964698792
553.69820000231266 -0.60655373334884644 -1.0535259246826172 -0.79544872045516968 -0.87027716636657715 -1.1385003328323364 -1.0041379928588867 -1.1434574127197266 -1.143576979637146 -1.0667243003845215 -0.91341680288314819 -1.2002962827682495 -0.72295141220092773 -1.2022876739501953 -1.1697479486465454 -0.7822231650352478 -0.83030742406845093 -0.94747704267501831 -0.40248218178749084 -0.70259970426559448 -0.9838024377822876 -0.27217447757720947
553.69820000231266 -0.77768564224243164 -1.1210184097290039 0.36292394995689392 -0.88366377353668213 -1.2469638586044312 0.071796834468841553 -1.1254662275314331 -1.2397516965866089 -0.029492294415831566 -0.90982979536056519 -1.237718939781189 -0.17904116213321686 -1.1685736179351807 -1.1820468902587891 -0.3135380744934082 -1.0533514022827148 -1.0986560583114624 -0.26163700222969055 -0.87537622451782227 -1.1070257425308228 -0.46948334574699402
611.41730000078678 -0.72775155305862427 -1.1481666564941406 0.13950031995773315 -0.86414939165115356 -1.2593134641647339 -0.093709595501422882 -1.1205047369003296 -1.2668401002883911 -0.19005720317363739 -0.87002336978912354 -1.2687206268310547 -0.19700314104557037 -1.1526594161987305 -1.2282634973526001 -0.32280582189559937 -0.99382919073104858 -1.1268093585968018 -0.22081167995929718 -0.82603400945663452 -1.1439820528030396 -0.31297749280929565
611.41730000078678 -0.7695852518081665 -1.1406912803649902 -0.19086883962154388 -0.8649979829788208 -1.2878009080886841 -0.5354343056678772 -1.1347464323043823 -1.2971401214599609 -0.61042344570159912 -0.89875251054763794 -1.2959284782409668 -0.66948461532592773 -1.1896766424179077 -1.2438755035400391 -0.76625168323516846 -1.1217254400253296 -1.1636624336242676 -0.55680108070373535 -0.94096636772155762 -1.1392545700073242 -0.54964900016784668
671.66709999740124 -0.75310403108596802 -1.2173242568969727 -0.1970386803150177 -0.85160034894943237 -1.3691881895065308 -0.55273985862731934 -1.1300666332244873 -1.3788292407989502 -0.63015252351760864 -0.88644582033157349 -1.3775783777236938 -0.69112247228622437 -1.1867721080780029 -1.3238431215286255 -0.79101687669754028 -1.1166247129440308 -1.2410377264022827 -0.57479721307754517 -0.9300239086151123 -1.2158411741256714 -0.56741398572921753
671.66709999740124 -0.62045753002166748 -1.1626218557357788 -0.43552538752555847 -0.90496736764907837 -1.2469006776809692 -0.65113741159439087 -1.1646522283554077 -1.2505078315734863 -0.69472944736480713 -0.92212170362472534 -1.2671226263046265 -0.48614901304244995 -1.1984896659851074 -1.2232162952423096 -0.55242127180099487 -0.92744582891464233 -1.0566110610961914 -0.25391322374343872 -0.78026109933853149 -1.0800427198410034 -0.16674065589904785
766.91909998655319 -0.67188483476638794 -0.88491910696029663 1.0013786554336548 -0.56697899103164673 -1.1536072492599487 0.94037741422653198 -0.79734724760055542 -1.2171167135238647 0.93012571334838867 -0.71149355173110962 -1.1660839319229126 0.52440011501312256 -0.97729277610778809 -1.1466050148010254 0.49018913507461548 -1.0384103059768677 -1.0655043125152588 0.29854539036750793 -0.89198249578475952 -1.0612667798995972 0.018552139401435852
838.15029998123646 -0.99690455198287964 -1.2430539131164551 1.0132026672363281 -0.96195542812347412 -1.5787136554718018 0.92245578765869141 -1.1935774087905884 -1.6042875051498413 0.84271019697189331 -1.0269095897674561 -1.5967005491256714 0.49768775701522827 -1.2649304866790771 -1.5534367561340332 0.37700545787811279 -1.2408802509307861 -1.4620959758758545 0.18997542560100555 -1.0720775127410889 -1.4570757150650024 -0.17055824398994446
838.15029998123646 -0.66141009330749512 -0.97030872106552124 0.94832974672317505 -0.54123795032501221 -1.2088688611984253 0.89743328094482422 -0.71994203329086304 -1.233195424079895 0.85659283399581909 -0.67975860834121704 -1.2015169858932495 0.48597103357315063 -0.87706112861633301 -1.1634763479232788 0.43770232796669006 -0.89698857069015503 -1.0540565252304077 0.24951688945293427 -0.80061966180801392 -1.0196746587753296 -0.064376264810562134
896.66349999606609 -0.78293883800506592 -0.93853402137756348 0.62322187423706055 -0.7227790355682373 -1.2533516883850098 0.63033300638198853 -0.89813059568405151 -1.2529615163803101 0.62056761980056763 -0.77442985773086548 -1.2649393081665039 0.35473078489303589 -0.96233856678009033 -1.2114881277084351 0.32187113165855408 -0.95431089401245117 -1.1746854782104492 0.2085934579372406 -0.83766055107116699 -1.1809046268463135 -0.051423832774162292
896.66349999606609 -0.73497134447097778 -0.96711206436157227 0.67965036630630493 -0.68651992082595825 -1.2043511867523193 0.64579123258590698 -0.83462309837341309 -1.1741580963134766 0.64462804794311523 -0.74060672521591187 -1.1857602596282959 0.37606966495513916 -0.89631944894790649 -1.1013238430023193 0.33753496408462524 -0.88342970609664917 -1.0682269334793091 0.23830212652683258 -0.7670021653175354 -1.101518988609314 0.024807563051581383
958.55879998207092 -0.70341640710830688 -0.98620045185089111 0.68196356296539307 -0.65479981899261475 -1.2242482900619507 0.64798903465270996 -0.80340790748596191 -1.1939523220062256 0.64682185649871826 -0.70907104015350342 -1.2055939435958862 0.37734800577163696 -0.86531460285186768 -1.1208697557449341 0.3386819064617157 -0.85238081216812134 -1.0876598358154297 0.2391107976436615 -0.73555642366409302 -1.1210654973983765 0.02488846518099308
958.55879998207092 -0.63562309741973877 -0.97178870439529419 0.67963039875030518 -0.53802591562271118 -1.1980414390563965 0.60668951272964478 -0.71276003122329712 -1.2112275362014771 0.56978917121887207 -0.58264362812042236 -1.2342634201049805 0.30550843477249146 -0.767303466796875 -1.1938507556915283 0.21672502160072327 -0.77570497989654541 -1.1521495580673218 0.088684841990470886 -0.65979743003845215 -1.157219409942627 -0.12236892431974411
1023.3106999844313 -0.69260251522064209 -1.0557687282562256 0.21564221382141113 -0.64596289396286011 -1.3299592733383179 0.15267972648143768 -0.82338839769363403 -1.2923551797866821 0.20455457270145416 -0.56812745332717896 -1.3436264991760254 0.19569310545921326 -0.75034844875335693 -1.2624861001968384 0.18313340842723846 -0.650665283203125 -1.2090095281600952 0.20891939103603363 -0.48990252614021301 -1.2221298217773438 0.22508342564105988
1023.3106999844313 -0.71777230501174927 -0.96572095155715942 0.20270474255084991 -0.6739274263381958 -1.2234815359115601 0.14351508021354675 -0.8407212495803833 -1.1881307363510132 0.19228148460388184 -0.60075598955154419 -1.2363297939300537 0.1839510053396225 -0.77205795049667358 -1.1600514650344849 0.17214392125606537 -0.67834800481796265 -1.1097792387008667 0.19638475775718689 -0.52721840143203735 -1.1221133470535278 0.21158020198345184
1087.3954999893904 -0.76694047451019287 -0.9753873348236084 1.0520792007446289 -0.67831879854202271 -1.2206190824508667 1.2871365547180176 -0.80882829427719116 -1.2036231756210327 1.3207826614379883 -0.65568536520004272 -1.2667728662490845 1.0112406015396118 -0.78466302156448364 -1.2010650634765625 0.97655957937240601 -0.77224069833755493 -1.1687395572662354 0.69434851408004761 -0.67003417015075684 -1.2055541276931763 0.47780391573905945
1087.3954999893904 -0.64658850431442261 -0.82116633653640747 -0.13814833760261536 -0.69107383489608765 -1.1338880062103271 -0.27771806716918945 -0.82984942197799683 -1.1044564247131348 -0.17696934938430786 -0.62269425392150879 -1.1613471508026123 -0.10395351052284241 -0.75590598583221436 -1.0940145254135132 -0.022269431501626968 -0.63271492719650269 -1.0513759851455688 0.095261476933956146 -0.49638444185256958 -1.0214823484420776 0.2027248740196228
1200.073799982667 -0.99873501062393188 -1.2078171968460083 -0.0051079271361231804 -0.98269963264465332 -1.4479923248291016 -0.19453591108322144 -1.1851280927658081 -1.4468762874603271 -0.24321392178535461 -0.96313613653182983 -1.4333400726318359 -0.33792302012443542 -1.1382839679718018 -1.3697134256362915 -0.41661819815635681 -1.0760650634765625 -1.2660067081451416 -0.39198809862136841 -0.91494309902191162 -1.259296178817749 -0.57161790132522583
1282.4912999868393 -0.68320930004119873 -1.0165882110595703 0.82089155912399292 -0.73168098926544189 -1.2207669019699097 0.70139366388320923 -0.86879366636276245 -1.1899212598800659 0.66933357715606689 -0.76368629932403564 -1.2277525663375854 0.46333616971969604 -0.91018974781036377 -1.1671983003616333 0.41228002309799194 -0.89478564262390137 -1.1397006511688232 0.25802624225616455 -0.77407437562942505 -1.161518931388855 0.0054104207083582878
1396.7596999853849 -0.67802423238754272 -1.0198463201522827 0.18046014010906219 -0.7287822961807251 -1.2448126077651978 -0.022587398067116737 -0.8794371485710144 -1.2580089569091797 -0.064654625952243805 -0.74427467584609985 -1.2223523855209351 -0.099314667284488678 -0.870716392993927 -1.1736562252044678 -0.15327504277229309 -0.82021880149841309 -1.0535421371459961 -0.15823526680469513 -0.69816744327545166 -1.0542044639587402 -0.28702032566070557
1400.639599993825 -0.6928059458732605 -0.94940370321273804 0.42371246218681335 -0.75798308849334717 -1.1856257915496826 0.27539896965026855 -0.93026036024093628 -1.1776102781295776 0.2863612174987793 -0.8041301965713501 -1.1823610067367554 0.1520441472530365 -0.99156326055526733 -1.1301929950714111 0.1600831001996994 -0.9677765965461731 -1.092964768409729 0.10724185407161713 -0.83556360006332397 -1.1075417995452881 -0.030503798276185989
1473.9868000000715 -0.70801299810409546 -0.94171005487442017 0.77404594421386719 -0.74293142557144165 -1.197989821434021 0.62970393896102905 -0.92193037271499634 -1.205092191696167 0.57980358600616455 -0.81788140535354614 -1.2183152437210083 0.30662184953689575 -1.0384759902954102 -1.1885683536529541 0.23588995635509491 -1.0527409315109253 -1.1636236906051636 0.083442158997058868 -0.90117365121841431 -1.1598312854766846 -0.1739920973777771
1473.9868000000715 -0.72088313102722168 -1.0238338708877563 -0.21950177848339081 -0.87264174222946167 -1.1935741901397705 -0.41237086057662964 -1.0627325773239136 -1.1947618722915649 -0.42911320924758911 -0.86088979244232178 -1.2179816961288452 -0.30464300513267517 -1.0579218864440918 -1.1791255474090576 -0.32604572176933289 -0.90275269746780396 -1.0725786685943604 -0.18725615739822388 -0.73148101568222046 -1.1045843362808228 -0.19808018207550049
1700.6518999934196 -0.66867387294769287 -1.2785276174545288 0.60894441604614258 -0.67715805768966675 -1.5760201215744019 0.44238361716270447 -0.85314130783081055 -1.5865589380264282 0.35184082388877869 -0.85569363832473755 -1.4249597787857056 0.15899775922298431 -1.0327516794204712 -1.338934063911438 0.05317334458231926 -0.99964839220046997 -1.2578436136245728 -0.042822275310754776 -0.84498786926269531 -1.3073098659515381 -0.2629234790802002
1744.0350999981165 -0.60939079523086548 -0.89720207452774048 0.64025276899337769 -0.68523752689361572 -1.0129971504211426 0.49686789512634277 -0.82057815790176392 -1.0130629539489746 0.44112780690193176 -0.74881476163864136 -0.93966162204742432 0.26375508308410645 -0.8820299506187439 -0.88396739959716797 0.19373810291290283 -0.83927083015441895 -0.82679331302642822 0.097826495766639709 -0.74462109804153442 -0.98831409215927124 -0.14538654685020447
1800.2419999986887 -0.65115058422088623 -0.96112346649169922 0.85343325138092041 -0.71929275989532471 -1.1171042919158936 0.75632172822952271 -0.90500062704086304 -1.1263997554779053 0.68649941682815552 -0.82266730070114136 -1.0665199756622314 0.44844093918800354 -1.0158237218856812 -1.0199675559997559 0.37303486466407776 -1.0160088539123535 -0.96843189001083374 0.27784755825996399 -0.89261883497238159 -1.0719423294067383 0.0018544449703767896
1800.2419999986887 -0.71146553754806519 -1.0709240436553955 0.65598434209823608 -0.79571610689163208 -1.1612083911895752 0.5580822229385376 -0.98164719343185425 -1.1763551235198975 0.47336027026176453 -0.85876530408859253 -1.1296508312225342 0.28789529204368591 -1.0540074110031128 -1.0999516248703003 0.1753368079662323 -0.97876894474029541 -1.0229204893112183 0.10993637889623642 -0.82965773344039917 -1.1031124591827393 -0.15283378958702087
1860.3616999834776 -0.70699310302734375 -1.0429078340530396 0.64171522855758667 -0.78941160440444946 -1.1312289237976074 0.54594200849533081 -0.97129952907562256 -1.1460462808609009 0.46306237578392029 -0.85108977556228638 -1.1003575325012207 0.28163054585456848 -1.0420862436294556 -1.0713042020797729 0.17151972651481628 -0.96848386526107788 -0.99594807624816895 0.10754147171974182 -0.82261520624160767 -1.0743963718414307 -0.14951455593109131
1860.3616999834776 -0.76122462749481201 -1.1105458736419678 0.86976593732833862 -0.73658734560012817 -1.2205140590667725 0.74596685171127319 -0.92341834306716919 -1.2238702774047852 0.6840018630027771 -0.83786070346832275 -1.1485081911087036 0.40635088086128235 -1.0308688879013062 -1.1044313907623291 0.32195833325386047 -0.93628889322280884 -0.99449658393859863 0.25107800960540771 -0.80146640539169312 -1.0549471378326416 0.0022181074600666761
1921.0309000015259 -0.7396082878112793 -1.0074924230575562 0.92657971382141113 -0.73449671268463135 -1.1834771633148193 0.80480587482452393 -0.93559449911117554 -1.1960994005203247 0.74491643905639648 -0.83693045377731323 -1.1665960550308228 0.4708685576915741 -1.0487797260284424 -1.141169548034668 0.38615626096725464 -1.0247620344161987 -1.0759497880935669 0.25976264476776123 -0.86054307222366333 -1.0932103395462036 0.030461885035037994
1921.0309000015259 -0.9524192214012146 -1.0747784376144409 0.98226374387741089 -0.78085702657699585 -1.1835973262786865 1.0296727418899536 -0.96676689386367798 -1.2236669063568115 0.9577367901802063 -0.87507641315460205 -1.1418939828872681 0.63793063163757324 -1.061583399772644 -1.138619065284729 0.51104778051376343 -1.0359598398208618 -0.99662315845489502 0.26626187562942505 -0.88716232776641846 -1.0281798839569092 0.091874070465564728
1997.2610999792814 -0.70660102367401123 -0.94871604442596436 0.90576368570327759 -0.64558213949203491 -1.1023582220077515 0.97836130857467651 -0.83459508419036865 -1.1597795486450195 0.9210084080696106 -0.75397133827209473 -1.1409316062927246 0.59453028440475464 -0.97012996673583984 -1.1409627199172974 0.48409798741340637 -0.91817170381546021 -1.0092372894287109 0.25018087029457092 -0.80305337905883789 -1.0058302879333496 0.068957477807998657
1997.2610999792814 -0.72941607236862183 -0.87544649839401245 0.7725757360458374 -0.69409435987472534 -1.0010807514190674 0.87185567617416382 -0.89454495906829834 -1.0675802230834961 0.79849272966384888 -0.7615969181060791 -1.0452890396118164 0.54907447099685669 -0.99864876270294189 -1.0520926713943481 0.43136554956436157 -0.95612365007400513 -1.0027389526367188 0.22568789124488831 -0.80345326662063599 -1.0200967788696289 0.047977752983570099
