33.044699996709824 -1.1984385251998901 -0.54739564657211304 -0.19032192230224609 -1.285670280456543 -0.75373715162277222 -0.51858985424041748 -1.5460124015808105 -0.76008844375610352 -0.69315671920776367 -1.2092485427856445 -0.73788696527481079 -0.79934197664260864 -1.4940928220748901 -0.69908452033996582 -1.0248845815658569 -1.2791416645050049 -0.58531087636947632 -1.1189883947372437 -0.88583183288574219 -0.45946875214576721 -1.1788710355758667
33.044699996709824 -1.3035919666290283 -0.57853490114212036 -0.21016277372837067 -1.3767778873443604 -0.82273828983306885 -0.49504736065864563 -1.6636285781860352 -0.83282172679901123 -0.68317604064941406 -1.2899978160858154 -0.83675289154052734 -0.76004523038864136 -1.5972251892089844 -0.79935091733932495 -0.99464225769042969 -1.3566566705703735 -0.63870245218276978 -1.1286873817443848 -0.96345007419586182 -0.47416415810585022 -1.1715691089630127
89.876500010490417 -1.4302448034286499 -0.74306505918502808 -0.220603346824646 -1.4285340309143066 -0.92130750417709351 -0.43171852827072144 -1.7308506965637207 -0.93999451398849487 -0.64054775238037109 -1.32407546043396 -0.91369783878326416 -0.73915606737136841 -1.6355942487716675 -0.8643767237663269 -1.0049006938934326 -1.3626787662506104 -0.71415996551513672 -1.0996025800704956 -0.98355776071548462 -0.58953374624252319 -1.1621848344802856
212.42660000920296 -1.1785261631011963 -0.90844458341598511 0.79252028465270996 -1.1562004089355469 -1.1284435987472534 0.72502666711807251 -1.5181218385696411 -1.2017214298248291 0.64324921369552612 -1.2426530122756958 -1.0520857572555542 0.41536098718643188 -1.6094621419906616 -1.0124087333679199 0.2989024817943573 -1.4528930187225342 -0.75401121377944946 0.16140595078468323 -1.2397446632385254 -0.79052567481994629 -0.058466970920562744
212.42660000920296 -1.6715610027313232 -2.141315221786499 0.86851948499679565 -1.6356035470962524 -2.3653171062469482 0.81479686498641968 -2.1214148998260498 -2.4187796115875244 0.65240925550460815 -1.610886812210083 -2.4437756538391113 0.33882075548171997 -2.1453723907470703 -2.3483209609985352 0.09318910539150238 -1.9765827655792236 -2.2531354427337646 -0.020835820585489273 -1.5471663475036621 -2.2503862380981445 -0.23527958989143372
268.69629999995232 -0.77659791707992554 -1.1047264337539673 0.41566067934036255 -0.77403938770294189 -1.2088502645492554 0.42033439874649048 -1.0231719017028809 -1.2510374784469604 0.31856819987297058 -0.76251667737960815 -1.2666194438934326 0.15510216355323792 -1.0411614179611206 -1.224621057510376 0.0055910260416567326 -0.94444698095321655 -1.1703672409057617 -0.050695177167654037 -0.72384762763977051 -1.180866003036499 -0.15023526549339294
268.69629999995232 -0.78502237796783447 -1.1257363557815552 0.42364683747291565 -0.78241467475891113 -1.2318607568740845 0.42841035127639771 -1.0363336801528931 -1.2748585939407349 0.32468897104263306 -0.77067059278488159 -1.2907396554946899 0.15808235108852386 -1.0546687841415405 -1.2479345798492432 0.00569872185587883 -0.95609617233276367 -1.1926383972167969 -0.051668882369995117 -0.7312585711479187 -1.2033387422561646 -0.15312139689922333
323.90780000388622 -0.7865031361579895 -1.1183875799179077 0.44864732027053833 -0.85243606567382813 -1.2012327909469604 0.49681374430656433 -1.1060225963592529 -1.2506269216537476 0.36984103918075562 -0.79498755931854248 -1.2859532833099365 0.25514441728591919 -1.0808130502700806 -1.2224832773208618 0.078474581241607666 -0.89256405830383301 -1.1216393709182739 -0.027398239821195602 -0.65004110336303711 -1.1242027282714844 -0.12538577616214752
323.90780000388622 -0.76358109712600708 -1.0214933156967163 0.41921183466911316 -0.82518833875656128 -1.0989032983779907 0.4642181396484375 -1.0621374845504761 -1.1450567245483398 0.34557589888572693 -0.77150893211364746 -1.1780654191970825 0.23840433359146118 -1.0385819673538208 -1.1187595129013062 0.073325537145137787 -0.86268359422683716 -1.0245318412780762 -0.025601152330636978 -0.63607221841812134 -1.0269269943237305 -0.1171598806977272
384.25039999186993 -0.79872423410415649 -1.0653860569000244 0.40760138630867004 -0.81535536050796509 -1.169944167137146 0.42018625140190125 -1.0700429677963257 -1.2117483615875244 0.29917034506797791 -0.796794593334198 -1.2285171747207642 0.15620055794715881 -1.088215708732605 -1.163385272026062 -0.019140895456075668 -0.93000996112823486 -1.0585976839065552 -0.080695964395999908 -0.6945112943649292 -1.0488299131393433 -0.16274473071098328
384.25039999186993 -0.75776576995849609 -1.0819364786148071 0.5083472728729248 -0.78562229871749878 -1.2011381387710571 0.52340030670166016 -1.0384548902511597 -1.2523550987243652 0.41510170698165894 -0.77248787879943848 -1.2571507692337036 0.25082942843437195 -1.0542153120040894 -1.201906681060791 0.088110834360122681 -0.9027894139289856 -1.0848735570907593 -0.011282223276793957 -0.67200428247451782 -1.0592515468597412 -0.11030416190624237
442.50539998710155 -0.77761226892471313 -1.0756555795669556 0.50471323728561401 -0.80526965856552124 -1.1940047740936279 0.51965862512588501 -1.0562940835952759 -1.244855523109436 0.4121345579624176 -0.79222911596298218 -1.2496167421340942 0.24903717637062073 -1.071941614151001 -1.1947677135467529 0.087482325732707977 -0.92159879207611084 -1.0785716772079468 -0.011199875734746456 -0.69246423244476318 -1.0531328916549683 -0.10951361805200577
445.61079999804497 -0.799915611743927 -1.0868146419525146 0.56184405088424683 -0.78773337602615356 -1.2015347480773926 0.61870956420898438 -1.0337918996810913 -1.2663791179656982 0.52205169200897217 -0.79358565807342529 -1.2533509731292725 0.32978934049606323 -1.0633156299591064 -1.2102499008178711 0.18072028458118439 -0.94604885578155518 -1.0661141872406006 0.057875953614711761 -0.74719780683517456 -1.0349469184875488 -0.04246215894818306
503.46839998662472 -0.72507137060165405 -1.0314487218856812 0.62495511770248413 -0.70160990953445435 -1.1384129524230957 0.67956525087356567 -0.9428105354309082 -1.2003177404403687 0.60122048854827881 -0.7528650164604187 -1.1911053657531738 0.38893982768058777 -1.0082666873931885 -1.1666171550750732 0.26528814435005188 -0.91443407535552979 -1.0087769031524658 0.12176796793937683 -0.7717740535736084 -0.96221959590911865 0.01113385334610939
503.46839998662472 -0.79653292894363403 -1.0765324831008911 0.50314801931381226 -0.75468271970748901 -1.1496959924697876 0.45059984922409058 -0.99639934301376343 -1.1880192756652832 0.35375085473060608 -0.76485991477966309 -1.1835952997207642 0.19710010290145874 -1.0283184051513672 -1.1402719020843506 0.05724509060382843 -0.93861597776412964 -1.0676482915878296 0.0098537346348166466 -0.73236083984375 -1.0564700365066528 -0.082297131419181824
559.67469999194145 -0.84002941846847534 -1.1971404552459717 0.54327422380447388 -0.7948419451713562 -1.2761381864547729 0.48653572797775269 -1.0558336973190308 -1.3175175189971924 0.38196372985839844 -0.80583065748214722 -1.312740683555603 0.21282121539115906 -1.0902979373931885 -1.2659626007080078 0.061813794076442719 -0.99344253540039063 -1.1875478029251099 0.010643322952091694 -0.77073997259140015 -1.1754782199859619 -0.08885589987039566
559.67469999194145 -0.84428250789642334 -1.2052419185638428 0.40952759981155396 -0.8446233868598938 -1.2730125188827515 0.46985462307929993 -1.0592869520187378 -1.341102123260498 0.35324007272720337 -0.82048851251602173 -1.3317095041275024 0.20648001134395599 -1.062859058380127 -1.304991602897644 0.046270348131656647 -0.9358866810798645 -1.2178651094436646 -0.064350567758083344 -0.70652931928634644 -1.2139849662780762 -0.15449130535125732
613.29909999668598 -0.82034450769424438 -1.0583655834197998 0.39055222272872925 -0.80916291475296021 -1.1166292428970337 0.42245858907699585 -1.0166002511978149 -1.1473579406738281 0.32257038354873657 -0.79256325960159302 -1.1634073257446289 0.20029950141906738 -1.0282160043716431 -1.1217179298400879 0.06261078268289566 -0.95018917322158813 -1.087533712387085 -0.0010510163847357035 -0.74007266759872437 -1.1255567073822021 -0.11261983960866928
613.29909999668598 -0.84212195873260498 -1.1119767427444458 0.41019344329833984 -0.83037781715393066 -1.1731716394424438 0.44370487332344055 -1.0482505559921265 -1.2054461240768433 0.33879169821739197 -0.81294310092926025 -1.2223027944564819 0.21036981046199799 -1.060450553894043 -1.178516149520874 0.065754503011703491 -0.97849845886230469 -1.1426124572753906 -0.0011098776012659073 -0.75781190395355225 -1.1825481653213501 -0.11829130351543427
685.25699999928474 -0.83496373891830444 -1.137941837310791 0.52359360456466675 -0.82723051309585571 -1.2101709842681885 0.54220700263977051 -1.0371878147125244 -1.2313458919525146 0.44758304953575134 -0.8400806188583374 -1.2528561353683472 0.27625066041946411 -1.0711665153503418 -1.1997560262680054 0.13934771716594696 -1.0062470436096191 -1.1823204755783081 0.073949418962001801 -0.81551879644393921 -1.2548180818557739 -0.057822830975055695
685.25699999928474 -0.79778552055358887 -0.98267138004302979 0.48920407891273499 -0.76415979862213135 -1.0463693141937256 0.5254560112953186 -0.96862643957138062 -1.0983216762542725 0.43397572636604309 -0.78646856546401978 -1.110814094543457 0.27235764265060425 -1.0142948627471924 -1.0851289033889771 0.14141656458377838 -0.94726896286010742 -1.030847430229187 0.056383483111858368 -0.78315740823745728 -1.0617170333862305 -0.040868461132049561
737.47919999063015 -0.81632226705551147 -0.95398598909378052 0.42886397242546082 -0.77694934606552124 -1.0374037027359009 0.47070589661598206 -0.9737248420715332 -1.0968412160873413 0.40182700753211975 -0.76825124025344849 -1.0805834531784058 0.25389203429222107 -0.98258781433105469 -1.066169261932373 0.14965476095676422 -0.90926909446716309 -1.0002917051315308 0.052194122225046158 -0.73734575510025024 -1.0077002048492432 -0.064189374446868896
737.47919999063015 -0.86622822284698486 -1.0209354162216187 0.47209829092025757 -0.82288634777069092 -1.1127619743347168 0.51815801858901978 -1.0394974946975708 -1.1781909465789795 0.44233596324920654 -0.81331145763397217 -1.1602942943572998 0.27948868274688721 -1.0492537021636963 -1.1444272994995117 0.16474398970603943 -0.96854430437088013 -1.0719089508056641 0.057459034025669098 -0.77929055690765381 -1.0800641775131226 -0.070656269788742065
809.9384999871254 -0.9646257758140564 -1.1589838266372681 0.81641077995300293 -0.84899109601974487 -1.3444416522979736 0.86152398586273193 -1.0461324453353882 -1.3663976192474365 0.82766717672348022 -0.92294245958328247 -1.3277972936630249 0.59739410877227783 -1.1354552507400513 -1.2870556116104126 0.54540246725082397 -1.1516857147216797 -1.2677385807037354 0.40658071637153625 -1.0323977470397949 -1.3258711099624634 0.207579106092453
809.9384999871254 -0.73894029855728149 -0.88361692428588867 0.49574708938598633 -0.72745746374130249 -0.97726422548294067 0.5909925103187561 -0.9073493480682373 -1.0219231843948364 0.52381455898284912 -0.74362903833389282 -1.0325319766998291 0.33573964238166809 -0.93618303537368774 -1.0106194019317627 0.22777007520198822 -0.86115819215774536 -0.93921351432800293 0.089141257107257843 -0.71833580732345581 -0.92397177219390869 -0.039591308683156967
884.52989999949932 -0.77423125505447388 -0.87949854135513306 0.55894535779953003 -0.7634347677230835 -0.99196541309356689 0.63730126619338989 -0.94283002614974976 -1.0395816564559937 0.58028185367584229 -0.77216565608978271 -1.0403264760971069 0.40296337008476257 -0.97696232795715332 -1.0309648513793945 0.31466594338417053 -0.93557065725326538 -1.0096844434738159 0.17799496650695801 -0.77776670455932617 -1.0315506458282471 0.033545747399330139
884.52989999949932 -0.93273848295211792 -1.0421410799026489 0.29867249727249146 -0.98280811309814453 -1.1008147001266479 0.41197004914283752 -1.2001729011535645 -1.1495112180709839 0.31367784738540649 -0.92193067073822021 -1.1801432371139526 0.20321901142597198 -1.1511279344558716 -1.1673188209533691 0.065750986337661743 -1.0087536573410034 -1.1132124662399292 -0.10578275471925735 -0.78654253482818604 -1.0946464538574219 -0.22980295121669769
953.41619999706745 -0.89109921455383301 -0.87301087379455566 0.26439327001571655 -0.87277823686599731 -0.95022892951965332 0.30507099628448486 -1.0626847743988037 -0.97232598066329956 0.23466482758522034 -0.80055928230285645 -1.0177205801010132 0.15513551235198975 -0.99381637573242188 -0.97986686229705811 0.047261808067560196 -0.85375142097473145 -0.94748687744140625 -0.067638002336025238 -0.66037827730178833 -0.94726181030273438 -0.16099682450294495
1067.6844999939203 -0.80833745002746582 -1.0463883876800537 0.73672068119049072 -0.83029961585998535 -1.2372395992279053 0.65994954109191895 -1.0931016206741333 -1.261726975440979 0.57495850324630737 -0.88636857271194458 -1.277463436126709 0.4029572606086731 -1.1579602956771851 -1.2328972816467285 0.27676054835319519 -1.0849032402038574 -1.1196569204330444 0.16603666543960571 -0.88963931798934937 -1.0865556001663208 0.027238069102168083
1067.6844999939203 -0.93735367059707642 -1.0400630235671997 0.23460645973682404 -0.89551961421966553 -1.0977904796600342 0.36867958307266235 -1.079787015914917 -1.1677647829055786 0.27201476693153381 -0.82461690902709961 -1.1913400888442993 0.14305157959461212 -0.99827593564987183 -1.1833444833755493 0.0041588796302676201 -0.78686565160751343 -1.0786598920822144 -0.10442879796028137 -0.59008067846298218 -1.0656155347824097 -0.13991063833236694
1140.2092999815941 -0.83032858371734619 -0.76268547773361206 0.32121714949607849 -0.82589626312255859 -0.8499796986579895 0.49720191955566406 -1.0110582113265991 -0.89312827587127686 0.4245334267616272 -0.7702980637550354 -0.94216763973236084 0.26210257411003113 -0.95749598741531372 -0.92473214864730835 0.15179367363452911 -0.82824540138244629 -0.89377790689468384 -0.023647598922252655 -0.6187518835067749 -0.8886987566947937 -0.10225139558315277
1140.2092999815941 -0.9165959358215332 -0.74464482069015503 0.29866287112236023 -0.95383656024932861 -0.86497235298156738 0.51311796903610229 -1.1851520538330078 -0.92817080020904541 0.42582964897155762 -0.91035139560699463 -0.96350681781768799 0.24347062408924103 -1.1367636919021606 -0.93755888938903809 0.12360049784183502 -0.92075270414352417 -0.83488637208938599 -0.065481051802635193 -0.69027149677276611 -0.7799980640411377 -0.12594443559646606
1231.8484999984503 -0.93376070261001587 -0.79928493499755859 0.41137599945068359 -0.98742586374282837 -0.96913063526153564 0.47573620080947876 -1.2125927209854126 -0.99826651811599731 0.39990350604057312 -0.97230702638626099 -1.0582699775695801 0.23864094913005829 -1.2076097726821899 -1.0391165018081665 0.1135229766368866 -1.0500360727310181 -1.0032219886779785 -0.055516604334115982 -0.8086475133895874 -0.9673963189125061 -0.14792753756046295
1231.8484999984503 -1.0193790197372437 -0.80828690528869629 0.33421552181243896 -1.1231565475463867 -0.92311835289001465 0.39136624336242676 -1.3487948179244995 -0.98186814785003662 0.28136679530143738 -1.0850361585617065 -1.0470101833343506 0.15485751628875732 -1.3219077587127686 -1.0620437860488892 0.0031254827044904232 -1.1806181669235229 -1.0809739828109741 -0.15297351777553558 -0.89826762676239014 -1.052753210067749 -0.22926488518714905
1306.4156999886036 -1.016243577003479 -0.6410028338432312 0.574851393699646 -1.0692667961120605 -0.84753555059432983 0.70525151491165161 -1.28951096534729 -0.8880276083946228 0.66131424903869629 -1.0947068929672241 -0.97932803630828857 0.51673072576522827 -1.347273588180542 -0.99749433994293213 0.43740689754486084 -1.2707828283309937 -1.035321831703186 0.21853640675544739 -1.0490260124206543 -1.0136417150497437 0.056763213127851486
1306.4156999886036 -0.85096567869186401 -0.78218084573745728 0.5596650242805481 -0.93569475412368774 -1.0323418378829956 0.78794091939926147 -1.1737210750579834 -1.0714812278747559 0.78698486089706421 -1.0777685642242432 -1.10924232006073 0.53660887479782104 -1.3484240770339966 -1.1259623765945435 0.50017046928405762 -1.3829739093780518 -1.1226065158843994 0.20595146715641022 -1.2081955671310425 -1.0505526065826416 0.020447313785552979
1381.181400001049 -0.72925770282745361 -0.51932185888290405 0.25409090518951416 -1.0109384059906006 -0.9459223747253418 0.30821830034255981 -1.2717866897583008 -0.98141235113143921 0.24949565529823303 -1.2103022336959839 -1.0662714242935181 0.078128695487976074 -1.5135138034820557 -1.0740548372268677 -0.023378733545541763 -1.5391908884048462 -1.1071914434432983 -0.20962531864643097 -1.3390064239501953 -1.0380934476852417 -0.29664391279220581
1799.8365000039339 -0.41508284211158752 -0.181656613945961 -0.066168896853923798 -0.41262146830558777 -0.38703569769859314 0.026229334995150566 -0.63294535875320435 -0.37039270997047424 -0.076745100319385529 -0.27039793133735657 -0.33554211258888245 -0.1195182278752327 -0.52733755111694336 -0.18516317009925842 -0.2523283064365387 -0.20050783455371857 0.10225092619657516 -0.37774717807769775 0.14498567581176758 0.20258902013301849 -0.44003784656524658
1917.1000999957323 -15.273658752441406 -15.479414939880371 3.7320787906646729 -13.819445610046387 -15.593598365783691 5.6807231903076172 -16.391643524169922 -16.190649032592773 4.7975077629089355 -12.09968090057373 -15.74944019317627 2.509110689163208 -14.655379295349121 -14.556890487670898 0.95121437311172485 -11.72408390045166 -12.482833862304688 -0.48404300212860107 -8.4103012084960938 -12.324837684631348 -1.3831874132156372
1995.1353999823332 -1.0915980339050293 -1.2599762678146362 0.022573342546820641 -1.2627773284912109 -1.2834904193878174 0.12428139895200729 -1.5350078344345093 -1.3462673425674438 -0.059979092329740524 -1.1208537817001343 -1.3935800790786743 -0.10226792097091675 -1.4036134481430054 -1.3398087024688721 -0.33497494459152222 -1.1334520578384399 -1.2494094371795654 -0.40098243951797485 -0.79036730527877808 -1.2025338411331177 -0.46984735131263733
1999.2963999956846 -0.97736060619354248 -1.2152431011199951 -0.058999214321374893 -1.0813428163528442 -1.2201293706893921 0.038995474576950073 -1.3149113655090332 -1.260908842086792 -0.095092229545116425 -0.9281008243560791 -1.2956777811050415 -0.12227895110845566 -1.155794620513916 -1.248924732208252 -0.2879391610622406 -0.92188018560409546 -1.1682107448577881 -0.36077016592025757 -0.63034403324127197 -1.1332014799118042 -0.41894033551216125
