34.441699996590614 -0.96177691221237183 -0.92192411422729492 0.59473860263824463 -0.96045243740081787 -1.0816837549209595 0.54806339740753174 -1.2450172901153564 -1.1150158643722534 0.41025814414024353 -0.99566471576690674 -1.183226466178894 0.17667639255523682 -1.3283393383026123 -1.1356344223022461 -0.025127409026026726 -1.2410348653793335 -1.0884053707122803 -0.098833270370960236 -1.0156965255737305 -1.0812548398971558 -0.16136939823627472
34.441699996590614 -1.0005098581314087 -0.97718656063079834 0.69778817892074585 -0.94038444757461548 -1.1614958047866821 0.71698039770126343 -1.2502243518829346 -1.2192229032516479 0.58120781183242798 -0.98199939727783203 -1.2585307359695435 0.30619174242019653 -1.3358759880065918 -1.2131006717681885 0.098669223487377167 -1.2521117925643921 -1.098333477973938 -0.027415012940764427 -0.96651244163513184 -1.0172802209854126 -0.088746607303619385
93.55349999666214 -0.93817806243896484 -0.93816459178924561 0.66625595092773438 -0.88076937198638916 -1.1141459941864014 0.68458104133605957 -1.1766096353530884 -1.1692646741867065 0.55494314432144165 -0.92050403356552124 -1.2067965269088745 0.29235324263572693 -1.2583911418914795 -1.163419246673584 0.094207368791103363 -1.178411602973938 -1.0538375377655029 -0.026179928332567215 -0.90571683645248413 -0.97644656896591187 -0.084740340709686279
93.55349999666214 -0.97486233711242676 -0.93103325366973877 0.60631006956100464 -0.87452208995819092 -1.1392669677734375 0.66079729795455933 -1.1845827102661133 -1.1796444654464722 0.54010128974914551 -0.9227263331413269 -1.209747314453125 0.26785874366760254 -1.2654678821563721 -1.1456151008605957 0.073352932929992676 -1.1621167659759521 -1.001102089881897 -0.028663478791713715 -0.8905760645866394 -0.90244954824447632 -0.093389332294464111
154.27769999206066 -0.92767292261123657 -0.91213297843933105 0.75981378555297852 -0.86871159076690674 -1.1103190183639526 0.75562036037445068 -1.1658304929733276 -1.1511795520782471 0.62195843458175659 -0.92281931638717651 -1.2091909646987915 0.3509807288646698 -1.2597997188568115 -1.1513575315475464 0.14709298312664032 -1.16314697265625 -1.0637377500534058 0.044383127242326736 -0.94274359941482544 -1.031749963760376 -0.029764937236905098
154.27769999206066 -0.9176446795463562 -0.93425029516220093 0.5074390172958374 -0.84664440155029297 -1.1439583301544189 0.51715880632400513 -1.1520463228225708 -1.1724942922592163 0.38371291756629944 -0.87665176391601563 -1.2030551433563232 0.14057153463363647 -1.2009191513061523 -1.1282026767730713 -0.06475357711315155 -1.0522176027297974 -0.96221631765365601 -0.12124509364366531 -0.8062557578086853 -0.86760777235031128 -0.17533527314662933
213.89720000326633 -0.94497096538543701 -0.97060954570770264 0.53368544578552246 -0.87029784917831421 -1.1911659240722656 0.54390805959701538 -1.1914985179901123 -1.2211781740188599 0.4035588800907135 -0.90185749530792236 -1.2533198595046997 0.14783959090709686 -1.2428995370864868 -1.1745952367782593 -0.068107157945632935 -1.0865055322647095 -1.0000224113464355 -0.12752102315425873 -0.82781976461410522 -0.90051966905593872 -0.18440933525562286
213.89720000326633 -1.0024170875549316 -0.9526360034942627 0.55619627237319946 -0.8681831955909729 -1.2035390138626099 0.61694943904876709 -1.204679012298584 -1.2397017478942871 0.47298473119735718 -0.89890700578689575 -1.261813759803772 0.20608513057231903 -1.240381121635437 -1.185788631439209 -0.011407542042434216 -1.0983041524887085 -0.99861854314804077 -0.089305698871612549 -0.8409123420715332 -0.88089007139205933 -0.15004630386829376
271.91789999604225 -0.93021345138549805 -0.8931238055229187 0.75665581226348877 -0.8389778733253479 -1.1380771398544312 0.8576318621635437 -1.1566140651702881 -1.1849638223648071 0.73909580707550049 -0.88886457681655884 -1.2380369901657104 0.42961198091506958 -1.2303688526153564 -1.1801148653030396 0.24028487503528595 -1.1340377330780029 -1.0340492725372314 0.073231965303421021 -0.86700177192687988 -0.92783886194229126 -0.010417941026389599
271.91789999604225 -0.8708917498588562 -0.89910489320755005 0.62940114736557007 -0.78775483369827271 -1.0862449407577515 0.65119624137878418 -1.074185848236084 -1.1304695606231689 0.53088271617889404 -0.84235036373138428 -1.1614565849304199 0.27309685945510864 -1.1588360071182251 -1.1155062913894653 0.083021864295005798 -1.0726889371871948 -0.99356645345687866 -0.019043317064642906 -0.84341496229171753 -0.91798281669616699 -0.095935657620429993
325.53810000419617 -0.89989244937896729 -0.95488792657852173 0.65145480632781982 -0.8138425350189209 -1.1485850811004639 0.67401361465454102 -1.1103098392486572 -1.194359302520752 0.54948443174362183 -0.87035101652145386 -1.2264319658279419 0.28266602754592896 -1.1979259252548218 -1.1788718700408936 0.08593103289604187 -1.1087603569030762 -1.052659273147583 -0.019710376858711243 -0.87145298719406128 -0.97442734241485596 -0.099296934902667999
325.53810000419617 -0.95936864614486694 -0.98487895727157593 0.39347359538078308 -0.85529601573944092 -1.1437758207321167 0.37545835971832275 -1.1677719354629517 -1.1725658178329468 0.25153046846389771 -0.90462523698806763 -1.1738432645797729 0.050907425582408905 -1.2406594753265381 -1.1125670671463013 -0.13223427534103394 -1.0913281440734863 -0.95299214124679565 -0.15976759791374207 -0.84339189529418945 -0.87829256057739258 -0.22445480525493622
380.4413999915123 -1.0163873434066772 -1.008554220199585 0.40984275937080383 -0.90798485279083252 -1.17406165599823 0.39107802510261536 -1.2334607839584351 -1.2040494680404663 0.26199433207511902 -0.95936638116836548 -1.2053800821304321 0.053024731576442719 -1.3093806505203247 -1.1415544748306274 -0.13773623108863831 -1.1538366079330444 -0.97534084320068359 -0.16641503572463989 -0.89558547735214233 -0.89753347635269165 -0.23379342257976532
380.4413999915123 -0.99610733985900879 -0.9978371262550354 0.47756358981132507 -0.95891165733337402 -1.1240167617797852 0.36509838700294495 -1.284142017364502 -1.1510593891143799 0.21755866706371307 -0.99874615669250488 -1.1775404214859009 0.046770710498094559 -1.3466808795928955 -1.1166183948516846 -0.14699886739253998 -1.148423433303833 -0.98906892538070679 -0.2124011367559433 -0.90981119871139526 -0.93041461706161499 -0.30196663737297058
434.61620000004768 -1.0381509065628052 -0.99389636516571045 0.3968290388584137 -0.98509913682937622 -1.1611788272857666 0.27862367033958435 -1.2885607481002808 -1.2057194709777832 0.14324505627155304 -1.056470513343811 -1.1920614242553711 -0.034057121723890305 -1.3850523233413696 -1.1561902761459351 -0.21315893530845642 -1.2407068014144897 -1.0363823175430298 -0.26244011521339417 -1.0092728137969971 -0.96794795989990234 -0.34568983316421509
434.61620000004768 -1.0550363063812256 -1.0465861558914185 0.64531970024108887 -0.94526159763336182 -1.1924812793731689 0.63108253479003906 -1.2423057556152344 -1.2702003717422485 0.54919564723968506 -1.0423643589019775 -1.185663104057312 0.28698071837425232 -1.3627016544342041 -1.1771476268768311 0.15660679340362549 -1.2698217630386353 -1.0242671966552734 0.0018851192435249686 -1.0480779409408569 -0.96795409917831421 -0.11027487367391586
492.11419999599457 -0.99295675754547119 -1.0120748281478882 0.6372910737991333 -0.88454782962799072 -1.156154990196228 0.62323099374771118 -1.1778966188430786 -1.2329071760177612 0.54236280918121338 -0.9804425835609436 -1.1494215726852417 0.28341004252433777 -1.2967944145202637 -1.1410120725631714 0.15465803444385529 -1.2050701379776001 -0.99003350734710693 0.0018611991545185447 -0.98608499765396118 -0.93442106246948242 -0.10890344530344009
492.11419999599457 -0.93995773792266846 -0.99820709228515625 0.58127188682556152 -0.8780931830406189 -1.1442487239837646 0.62260091304779053 -1.192664623260498 -1.2155553102493286 0.55720376968383789 -1.0125126838684082 -1.1186724901199341 0.33071070909500122 -1.3654131889343262 -1.1019361019134521 0.22095625102519989 -1.2094763517379761 -0.95226114988327026 0.039059702306985855 -0.97524392604827881 -0.89275383949279785 -0.088755108416080475
549.14239999651909 -0.90925306081771851 -0.89152002334594727 0.20735630393028259 -1.0399523973464966 -1.1101528406143188 0.16368056833744049 -1.3412915468215942 -1.1637487411499023 0.092871010303497314 -1.1344964504241943 -1.0681263208389282 -0.00024299741198774427 -1.4671956300735474 -1.0538549423217773 -0.097776211798191071 -1.2742739915847778 -0.95930784940719604 -0.12485849112272263 -1.0092521905899048 -0.92535215616226196 -0.25040888786315918
549.14239999651909 -0.98423302173614502 -0.84037250280380249 0.21936218440532684 -1.1224988698959351 -1.071662425994873 0.1731579452753067 -1.4412833452224731 -1.1283612251281738 0.098249010741710663 -1.2225162982940674 -1.0272029638290405 -0.00025561623624525964 -1.5744764804840088 -1.0121053457260132 -0.10343530029058456 -1.370386004447937 -0.91208469867706299 -0.13208544254302979 -1.0900213718414307 -0.87616318464279175 -0.26490429043769836
645.35040000081062 -1.0080806016921997 -0.62940818071365356 0.93996357917785645 -1.0333528518676758 -1.0028786659240723 0.82243597507476807 -1.3512891530990601 -1.0506588220596313 0.72832447290420532 -1.1853660345077515 -0.96993309259414673 0.47470420598983765 -1.5218623876571655 -0.87624543905258179 0.32823660969734192 -1.513555645942688 -0.72835308313369751 0.22439366579055786 -1.2696483135223389 -0.7922208309173584 0.057156097143888474
715.04860000312328 -2.0975234508514404 -3.6028885841369629 1.8518878221511841 -2.2922959327697754 -3.8210792541503906 1.5474855899810791 -2.972672700881958 -3.7651703357696533 1.3215897083282471 -2.4641084671020508 -3.7648465633392334 0.83582675457000732 -3.1535069942474365 -3.4876830577850342 0.50609326362609863 -3.076852560043335 -3.2544944286346436 0.35486650466918945 -2.5527286529541016 -3.2682256698608398 -0.02360694482922554
715.04860000312328 -0.57046264410018921 -0.99939531087875366 0.48747673630714417 -0.61700469255447388 -1.1198320388793945 0.41391339898109436 -0.8258512020111084 -1.1344976425170898 0.33634114265441895 -0.6655193567276001 -1.1223831176757813 0.19509841501712799 -0.9040682315826416 -1.0595011711120605 0.078589797019958496 -0.85143369436264038 -0.96289008855819702 0.047857627272605896 -0.68262743949890137 -0.94850701093673706 -0.033870968967676163
771.32030001282692 -0.70466560125350952 -1.0220930576324463 0.63326734304428101 -0.5616079568862915 -1.2085475921630859 0.59620159864425659 -0.79102182388305664 -1.2315688133239746 0.55550634860992432 -0.73849523067474365 -1.1690627336502075 0.31882736086845398 -0.99542701244354248 -1.1110849380493164 0.2568000853061676 -1.0561614036560059 -1.0557748079299927 0.18157273530960083 -0.9294092059135437 -1.0705114603042603 0.010366071946918964
771.32030001282692 -0.65349572896957397 -1.0867627859115601 0.70542263984680176 -0.64555174112319946 -1.2944042682647705 0.62823468446731567 -0.87983804941177368 -1.3255530595779419 0.60073775053024292 -0.83096468448638916 -1.2770953178405762 0.37988162040710449 -1.1049865484237671 -1.2394639253616333 0.3331000804901123 -1.1583763360977173 -1.1756559610366821 0.22240042686462402 -0.99770611524581909 -1.1743185520172119 0.067648746073246002
844.95340000092983 -0.79124891757965088 -0.98816466331481934 0.56690436601638794 -0.69880735874176025 -1.0881204605102539 0.51348525285720825 -0.95928633213043213 -1.1192488670349121 0.43488332629203796 -0.76191383600234985 -1.121035099029541 0.26396167278289795 -1.0493617057800293 -1.0905791521072388 0.15865454077720642 -0.94977432489395142 -0.98736023902893066 0.073374755680561066 -0.78331834077835083 -0.95079094171524048 -0.063011087477207184
844.95340000092983 -0.84063398838043213 -1.1429191827774048 0.64292985200881958 -0.66624832153320313 -1.3486373424530029 0.65381217002868652 -0.94652873277664185 -1.3541843891143799 0.6069643497467041 -0.8377646803855896 -1.3023678064346313 0.38989230990409851 -1.137234091758728 -1.2538261413574219 0.33865067362785339 -0.95738810300827026 -1.1711864471435547 0.22024784982204437 -0.81965434551239014 -1.1381703615188599 0.033617522567510605
907.24359998106956 -0.83658128976821899 -1.0223231315612793 0.61036521196365356 -0.67102479934692383 -1.2176258563995361 0.62069648504257202 -0.93711459636688232 -1.2228919267654419 0.57622063159942627 -0.83385729789733887 -1.173698902130127 0.37013900279998779 -1.1181643009185791 -1.1276148557662964 0.32149171829223633 -0.94742417335510254 -1.0491592884063721 0.2090836763381958 -0.81666386127471924 -1.0178147554397583 0.0319024957716465
907.24359998106956 -0.88592636585235596 -1.034785270690918 0.34624248743057251 -0.80633437633514404 -1.2505916357040405 0.33035039901733398 -1.093957781791687 -1.2749227285385132 0.27500155568122864 -0.89888429641723633 -1.2207540273666382 0.17575758695602417 -1.1882379055023193 -1.1974930763244629 0.12023146450519562 -0.9230952262878418 -1.0646606683731079 0.062526829540729523 -0.77259844541549683 -1.0363794565200806 -0.080940976738929749
963.89869999885559 -0.99279975891113281 -1.009907603263855 0.38273188471794128 -0.81677919626235962 -1.229495644569397 0.26516368985176086 -1.0688549280166626 -1.2930012941360474 0.16870179772377014 -0.97073495388031006 -1.2130645513534546 0.0085977111011743546 -1.3173167705535889 -1.1926735639572144 -0.12735417485237122 -1.0181937217712402 -1.0109066963195801 -0.06966082751750946 -0.81662845611572266 -1.0187186002731323 -0.15695770084857941
963.89869999885559 -1.0143013000488281 -1.0160300731658936 0.40929427742958069 -0.82606875896453857 -1.2508528232574463 0.28356936573982239 -1.0956330299377441 -1.3187644481658936 0.18041509389877319 -0.99070566892623901 -1.2332818508148193 0.0092032523825764656 -1.3613327741622925 -1.2114758491516113 -0.13618075847625732 -1.0414570569992065 -1.0170984268188477 -0.074484735727310181 -0.82590758800506592 -1.0254523754119873 -0.16783814132213593
1038.7346999943256 -1.1533430814743042 -1.0984839200973511 0.093442276120185852 -0.88020092248916626 -1.256709098815918 0.090151458978652954 -1.130363941192627 -1.3069847822189331 0.026737388223409653 -0.95545816421508789 -1.2393757104873657 -0.14630447328090668 -1.2410870790481567 -1.2345840930938721 -0.27444162964820862 -0.90453124046325684 -0.96398741006851196 -0.16756828129291534 -0.7266155481338501 -0.94664335250854492 -0.25725781917572021
1038.7346999943256 -0.90594464540481567 -0.67207080125808716 -0.64060264825820923 -0.94452577829360962 -0.96072542667388916 -0.75780892372131348 -1.1830238103866577 -0.9746476411819458 -0.88640481233596802 -0.85437560081481934 -0.94743996858596802 -0.61664396524429321 -1.0657063722610474 -0.94026529788970947 -0.70485526323318481 -0.63961529731750488 -0.71765017509460449 -0.45940995216369629 -0.45597788691520691 -0.69405299425125122 -0.38805505633354187
1091.6605000048876 -1.2479381561279297 -0.48487994074821472 -1.0538653135299683 -1.1039282083511353 -0.80597227811813354 -1.1204771995544434 -1.3123114109039307 -0.77176070213317871 -1.1754964590072632 -0.84874111413955688 -0.83166277408599854 -0.84859490394592285 -0.95185202360153198 -0.7983555793762207 -0.87968277931213379 -0.54020118713378906 -0.62218201160430908 -0.58598959445953369 -0.32685831189155579 -0.552345871925354 -0.44589981436729431
1203.1218000054359 -0.97000408172607422 -0.36504745483398438 0.98223727941513062 -0.72309643030166626 -0.9880632758140564 0.93455773591995239 -1.1040259599685669 -1.0156829357147217 0.85171592235565186 -0.96327352523803711 -1.0249531269073486 0.43219390511512756 -1.3814680576324463 -0.90719145536422729 0.31119462847709656 -1.4615859985351563 -0.58047574758529663 0.11200439929962158 -1.3120200634002686 -0.43213137984275818 -0.14913788437843323
1203.1218000054359 -4.2247920036315918 -5.582911491394043 2.2705593109130859 -3.7779018878936768 -6.9366679191589355 2.0381073951721191 -5.1655044555664063 -7.274360179901123 1.6853804588317871 -4.5353045463562012 -6.9604334831237793 0.67255008220672607 -6.2343292236328125 -6.9315528869628906 0.22216528654098511 -6.0099349021911621 -6.6382403373718262 0.068820297718048096 -4.9652547836303711 -6.409235954284668 -0.78320223093032837
1257.8544999957085 -0.68842023611068726 -1.1745890378952026 0.48906588554382324 -0.5752183198928833 -1.4021269083023071 0.47451367974281311 -0.81106215715408325 -1.4458355903625488 0.41834017634391785 -0.76391243934631348 -1.3660217523574829 0.19620686769485474 -1.0569263696670532 -1.3403180837631226 0.12376179546117783 -1.0347051620483398 -1.2949870824813843 0.076185107231140137 -0.85213500261306763 -1.2897589206695557 -0.11311788111925125
1257.8544999957085 -0.62598007917404175 -1.0262728929519653 0.42706197500228882 -0.50998991727828979 -1.2736786603927612 0.38163495063781738 -0.73328471183776855 -1.2978819608688354 0.3433912992477417 -0.68874400854110718 -1.2449408769607544 0.14851538836956024 -0.95372194051742554 -1.2085889577865601 0.099702470004558563 -0.89644414186477661 -1.153536319732666 0.039587303996086121 -0.73580783605575562 -1.1121534109115601 -0.12608765065670013
1316.6706999987364 -0.67965775728225708 -1.0868998765945435 0.45504546165466309 -0.55606693029403687 -1.3505176305770874 0.40664169192314148 -0.79399389028549194 -1.3763070106506348 0.36589199304580688 -0.74653446674346924 -1.3198966979980469 0.15824615955352783 -1.0288759469985962 -1.2811626195907593 0.10623461753129959 -0.96784484386444092 -1.2225024700164795 0.042180206626653671 -0.79668229818344116 -1.1784079074859619 -0.13435116410255432
1316.6706999987364 -0.62495863437652588 -1.0119922161102295 0.45258933305740356 -0.54489189386367798 -1.3049744367599487 0.38472560048103333 -0.75707000494003296 -1.342397928237915 0.35200551152229309 -0.75092816352844238 -1.2746425867080688 0.14836545288562775 -1.0243692398071289 -1.2511827945709229 0.11648186296224594 -1.0384961366653442 -1.2214653491973877 0.052355252206325531 -0.86395144462585449 -1.1882758140563965 -0.13789114356040955
1370.6578999906778 -0.66088908910751343 -0.98479235172271729 0.48294571042060852 -0.6162717342376709 -1.3389890193939209 0.4347134530544281 -0.840099036693573 -1.3446316719055176 0.42956405878067017 -0.84273815155029297 -1.2730003595352173 0.21606910228729248 -1.1252747774124146 -1.2138439416885376 0.21418656408786774 -1.0922657251358032 -1.1285563707351685 0.12314853072166443 -0.93010753393173218 -1.2442519664764404 -0.088643692433834076
1370.6578999906778 -0.75927883386611938 -1.0203710794448853 0.51138865947723389 -0.71203362941741943 -1.3954294919967651 0.46031555533409119 -0.94904404878616333 -1.4014045000076294 0.45486289262771606 -0.95183855295181274 -1.325554370880127 0.22879335284233093 -1.2510162591934204 -1.2629134654998779 0.22679993510246277 -1.2160629034042358 -1.172602653503418 0.13039988279342651 -1.0443539619445801 -1.2951126098632813 -0.093866609036922455
1424.9625999927521 -0.79197651147842407 -1.1024289131164551 0.49232882261276245 -0.77163386344909668 -1.3862515687942505 0.43035492300987244 -0.99477797746658325 -1.3820804357528687 0.41610792279243469 -0.95021909475326538 -1.2851334810256958 0.19491235911846161 -1.2276432514190674 -1.2146468162536621 0.17858342826366425 -1.2479842901229858 -1.084597110748291 0.071793936192989349 -1.0643800497055054 -1.2784216403961182 -0.14522795379161835
1424.9625999927521 -0.94463801383972168 -1.2264211177825928 0.29730290174484253 -0.89012205600738525 -1.5293083190917969 0.26434162259101868 -1.17706298828125 -1.5511825084686279 0.2485395222902298 -1.1019798517227173 -1.4275140762329102 0.057526431977748871 -1.4610506296157837 -1.3780313730239868 0.038588214665651321 -1.4381452798843384 -1.1271847486495972 -0.033560898154973984 -1.1983219385147095 -1.2557294368743896 -0.21027207374572754
1479.3339999914169 -0.94118839502334595 -1.2135742902755737 0.2985706627368927 -0.88644027709960938 -1.5177515745162964 0.26546904444694519 -1.1746032238006592 -1.5397187471389771 0.2495996505022049 -1.0992003679275513 -1.4155237674713135 0.05777302011847496 -1.4598003625869751 -1.3658303022384644 0.038754142820835114 -1.4367974996566772 -1.1139153242111206 -0.033702250570058823 -1.1959527730941772 -1.2430074214935303 -0.21116602420806885
1479.3339999914169 -0.8774561882019043 -1.2696921825408936 0.16674451529979706 -0.94242650270462036 -1.5250099897384644 0.063008904457092285 -1.2229882478713989 -1.5219364166259766 0.059205885976552963 -1.1332976818084717 -1.3728324174880981 -0.11892228573560715 -1.5007848739624023 -1.3135268688201904 -0.13165572285652161 -1.4538455009460449 -1.0308082103729248 -0.16686849296092987 -1.2060247659683228 -1.2418246269226074 -0.30173349380493164
1537.2487999945879 -1.0260785818099976 -1.1188186407089233 0.11252261698246002 -0.92971444129943848 -1.4954413175582886 -0.068934068083763123 -1.2281452417373657 -1.5198099613189697 -0.095530852675437927 -1.1557080745697021 -1.3381527662277222 -0.20271189510822296 -1.5581250190734863 -1.2982043027877808 -0.23538075387477875 -1.5320136547088623 -0.98105597496032715 -0.24185962975025177 -1.2562416791915894 -1.1613588333129883 -0.32341235876083374
1537.2487999945879 -1.0804966688156128 -1.1299343109130859 -0.046396393328905106 -0.93474435806274414 -1.4470173120498657 -0.44899311661720276 -1.2148975133895874 -1.4491297006607056 -0.52935856580734253 -1.2199777364730835 -1.2504643201828003 -0.5319715142250061 -1.6303627490997314 -1.1870971918106079 -0.59248161315917969 -1.6893746852874756 -0.91420078277587891 -0.52033573389053345 -1.4014270305633545 -1.1202157735824585 -0.52019047737121582
1597.1677000075579 -1.2221808433532715 -1.0722416639328003 -0.050285667181015015 -1.0642008781433105 -1.4159258604049683 -0.48665755987167358 -1.3678569793701172 -1.4182155132293701 -0.5737650990486145 -1.3733633756637573 -1.2028833627700806 -0.57659727334976196 -1.8181771039962769 -1.1342000961303711 -0.64218378067016602 -1.8821395635604858 -0.83840948343276978 -0.56398534774780273 -1.5700350999832153 -1.0617077350616455 -0.56382793188095093
1597.1677000075579 -1.4287248849868774 -1.2592010498046875 -0.17139075696468353 -1.2389748096466064 -1.5343931913375854 -0.71316391229629517 -1.5593074560165405 -1.511909008026123 -0.82330125570297241 -1.5318100452423096 -1.2679497003555298 -0.80467206239700317 -1.9992581605911255 -1.1705596446990967 -0.8724626898765564 -2.0218353271484375 -0.8298308253288269 -0.75825268030166626 -1.7466840744018555 -1.1988424062728882 -0.87428760528564453
1655.8271999955177 -1.3275148868560791 -1.2128328084945679 -0.24983172118663788 -1.1985486745834351 -1.4329441785812378 -0.74247848987579346 -1.4934024810791016 -1.3880254030227661 -0.82351458072662354 -1.4813421964645386 -1.1558624505996704 -0.79387253522872925 -1.9042900800704956 -1.0427170991897583 -0.83306491374969482 -1.9293872117996216 -0.68738991022109985 -0.72899782657623291 -1.7100241184234619 -1.0761606693267822 -0.83846324682235718
1655.8271999955177 -1.3618868589401245 -1.2628884315490723 -0.2553274929523468 -1.2300843000411987 -1.4878405332565308 -0.75880897045135498 -1.5314227342605591 -1.4419338703155518 -0.84162735939025879 -1.5190973281860352 -1.2046650648117065 -0.81133335828781128 -1.9513471126556396 -1.0890312194824219 -0.85138773918151855 -1.9769959449768066 -0.72588950395584106 -0.74503189325332642 -1.7528084516525269 -1.1232104301452637 -0.85690474510192871
1733.0165999978781 -1.3830686807632446 -1.2515084743499756 -0.27284732460975647 -1.2668750286102295 -1.3890398740768433 -0.7568705677986145 -1.5146600008010864 -1.2969770431518555 -0.84979468584060669 -1.4723650217056274 -1.0480602979660034 -0.73536431789398193 -1.7822531461715698 -0.89164024591445923 -0.74059802293777466 -1.7943134307861328 -0.68802517652511597 -0.67138177156448364 -1.7742249965667725 -1.1465510129928589 -0.91168558597564697
1733.0165999978781 -1.4284600019454956 -0.8789217472076416 -0.85138297080993652 -1.4047058820724487 -1.056025505065918 -1.3231573104858398 -1.6900820732116699 -1.063080906867981 -1.3940315246582031 -1.4485338926315308 -0.99141448736190796 -1.2781264781951904 -1.8043413162231445 -0.931388258934021 -1.3101089000701904 -1.5491533279418945 -0.77869397401809692 -0.96921759843826294 -1.3045071363449097 -0.75798839330673218 -0.98915201425552368
1789.176499992609 -1.1851335763931274 -0.54694318771362305 -0.9563639760017395 -1.1329114437103271 -0.66563057899475098 -1.371558666229248 -1.3772777318954468 -0.6817624568939209 -1.4585858583450317 -1.0507998466491699 -0.62016928195953369 -1.2161089181900024 -1.3140195608139038 -0.57071179151535034 -1.2562189102172852 -1.026287317276001 -0.44831988215446472 -0.93576514720916748 -0.78292125463485718 -0.40925201773643494 -0.92447930574417114
1907.3645000010729 -0.80260962247848511 -0.29728448390960693 0.28275585174560547 -0.78376352787017822 -0.94286501407623291 -0.063744448125362396 -1.0961481332778931 -1.0811876058578491 -0.13181442022323608 -1.0476157665252686 -0.76338702440261841 -0.37390059232711792 -1.4477992057800293 -0.78603279590606689 -0.41754627227783203 -1.4448599815368652 -0.52575445175170898 -0.57151001691818237 -1.0758780241012573 -0.26856192946434021 -0.82724469900131226
1910.2841000109911 -1.4944870471954346 -2.4856345653533936 0.53060001134872437 -1.4351372718811035 -3.1350438594818115 0.27423673868179321 -1.857392430305481 -3.2347240447998047 0.19118736684322357 -1.7728894948959351 -2.8763244152069092 -0.095030263066291809 -2.2369327545166016 -2.8422868251800537 -0.16477034986019135 -2.1863069534301758 -2.5040519237518311 -0.35926073789596558 -1.812151312828064 -2.4594185352325439 -0.66798859834671021
1972.1943000108004 -0.73777782917022705 -1.3085747957229614 0.16774889826774597 -0.65429359674453735 -1.6902873516082764 -0.0016570014413446188 -0.87189507484436035 -1.7805038690567017 -0.065612226724624634 -0.85419595241546631 -1.520039439201355 -0.19108195602893829 -1.123016357421875 -1.5188064575195313 -0.24564561247825623 -1.0821325778961182 -1.3046737909317017 -0.31655371189117432 -0.82782810926437378 -1.2841331958770752 -0.46044957637786865
1972.1943000108004 -0.70414316654205322 -1.3136416673660278 0.28902232646942139 -0.65524309873580933 -1.6980742216110229 0.15987066924571991 -0.85670995712280273 -1.7729278802871704 0.12390293926000595 -0.89624500274658203 -1.5250773429870605 0.0081439139321446419 -1.1173845529556274 -1.5201022624969482 -0.018487269058823586 -1.0882322788238525 -1.2506973743438721 -0.12407278269529343 -0.9086194634437561 -1.337261438369751 -0.2771645188331604
