44.977999985218048 -0.10912842303514481 -1.1217217445373535 0.49221912026405334 0.25747421383857727 -1.8637058734893799 0.13425591588020325 0.26791214942932129 -2.0644888877868652 0.14079441130161285 -0.3848036527633667 -1.971210241317749 0.014808010309934616 -0.48389741778373718 -2.2264668941497803 0.011181550100445747 -0.44939222931861877 -1.0134855508804321 0.21202884614467621 -0.60084861516952515 -0.77301162481307983 0.14012163877487183
44.977999985218048 -0.086726270616054535 -1.235661506652832 0.48121064901351929 0.20469200611114502 -1.8861402273178101 0.11132363975048065 0.2111249715089798 -2.0826008319854736 0.11877710372209549 -0.40704548358917236 -1.9646022319793701 0.017138352617621422 -0.49196484684944153 -2.2117447853088379 0.011900722049176693 -0.44345000386238098 -1.0262076854705811 0.20139892399311066 -0.58709073066711426 -0.79353481531143188 0.12889452278614044
102.45309996604919 -0.14277152717113495 -1.1912873983383179 0.45186808705329895 0.21179087460041046 -1.8599107265472412 0.092991039156913757 0.21508927643299103 -2.060983419418335 0.098404042422771454 -0.39304360747337341 -1.9433618783950806 -0.0065909638069570065 -0.48686680197715759 -2.1910409927368164 -0.011484704911708832 -0.45294493436813354 -1.0171283483505249 0.19542430341243744 -0.59770214557647705 -0.77895140647888184 0.12684732675552368
102.45309996604919 -0.12059357017278671 -1.2345104217529297 0.46451500058174133 0.24389372766017914 -1.9218498468399048 0.095592282712459564 0.24728444218635559 -2.1285510063171387 0.1011568084359169 -0.37787124514579773 -2.0076367855072021 -0.0067772110924124718 -0.47432070970535278 -2.2622489929199219 -0.011807938106358051 -0.43944931030273438 -1.0554763078689575 0.20089283585548401 -0.58825862407684326 -0.81063234806060791 0.1303962767124176
160.17679999768734 -0.097517572343349457 -1.1531754732131958 0.48839852213859558 0.28283292055130005 -1.8848463296890259 0.11972097307443619 0.29252329468727112 -2.0905382633209229 0.12840594351291656 -0.35253575444221497 -1.9949157238006592 0.015110758133232594 -0.44091594219207764 -2.2537651062011719 0.013550556264817715 -0.41830587387084961 -1.0408604145050049 0.21384753286838531 -0.57590401172637939 -0.79878252744674683 0.14014910161495209
160.17679999768734 -0.15436582267284393 -1.1277095079421997 0.50319677591323853 0.27363991737365723 -1.8818813562393188 0.13523495197296143 0.2815646231174469 -2.0934157371520996 0.13599669933319092 -0.36187419295310974 -2.0039634704589844 0.0097137065604329109 -0.45859795808792114 -2.2619659900665283 -0.00074311159551143646 -0.466825932264328 -1.039130687713623 0.21174837648868561 -0.63236778974533081 -0.78497815132141113 0.14342550933361053
221.23549997806549 -0.13937358558177948 -1.145746111869812 0.50365197658538818 0.28902029991149902 -1.9006019830703735 0.13535638153553009 0.29695224761962891 -2.1123282909393311 0.13611882925033569 -0.34707015752792358 -2.0227947235107422 0.0097212912514805794 -0.44388163089752197 -2.2810313701629639 -0.00074501038761809468 -0.45211705565452576 -1.0570869445800781 0.21193920075893402 -0.61780905723571777 -0.80270397663116455 0.14355435967445374
221.23549997806549 -0.10079516470432281 -1.1819605827331543 0.46371087431907654 0.25352993607521057 -1.8866627216339111 0.080803751945495605 0.25428467988967896 -2.0963687896728516 0.081475280225276947 -0.36309275031089783 -1.9655774831771851 -0.014238518662750721 -0.45740365982055664 -2.2081139087677002 -0.022634716704487801 -0.42579075694084167 -1.0264211893081665 0.17298218607902527 -0.57882004976272583 -0.77206879854202271 0.094846181571483612
285.58249998092651 -0.15725697576999664 -1.1920835971832275 0.55849885940551758 0.2476111501455307 -1.9441702365875244 0.24482488632202148 0.24671171605587006 -2.1531555652618408 0.2583906352519989 -0.39006701111793518 -2.0430076122283936 0.12587863206863403 -0.49851006269454956 -2.2882800102233887 0.13117219507694244 -0.48422554135322571 -1.0751104354858398 0.25238946080207825 -0.643665611743927 -0.79466205835342407 0.15693932771682739
285.58249998092651 -0.1370379775762558 -1.1886472702026367 0.44684487581253052 0.22870096564292908 -1.9087103605270386 0.062377791851758957 0.23228561878204346 -2.1139898300170898 0.061429217457771301 -0.41148701310157776 -1.9852923154830933 -0.026876896619796753 -0.51531356573104858 -2.226492166519165 -0.034394349902868271 -0.47257459163665771 -1.0477980375289917 0.16680604219436646 -0.62981945276260376 -0.8120957612991333 0.088110648095607758
345.77309998869896 -0.14245845377445221 -1.1582989692687988 0.41921201348304749 0.23280720412731171 -1.8877390623092651 0.015187082812190056 0.24818873405456543 -2.0926923751831055 0.0088265286758542061 -0.40604355931282043 -1.9972898960113525 -0.075322329998016357 -0.49409285187721252 -2.249351978302002 -0.088229425251483917 -0.47771334648132324 -1.018929123878479 0.146258145570755 -0.64723950624465942 -0.79613363742828369 0.07910783588886261
345.77309998869896 -0.093592993915081024 -1.185671329498291 0.43296077847480774 0.29397839307785034 -1.9390313625335693 0.015687072649598122 0.30986431241035461 -2.1507055759429932 0.0091179413720965385 -0.36582162976264954 -2.0521745681762695 -0.077790327370166779 -0.45675823092460632 -2.312502384185791 -0.091120682656764984 -0.439841628074646 -1.0417312383651733 0.15105621516704559 -0.61492687463760376 -0.81162995100021362 0.081703916192054749
406.08329999446869 -0.063717320561408997 -1.2506741285324097 0.35344547033309937 0.30003613233566284 -1.9526059627532959 -0.10806715488433838 0.3129875659942627 -2.1838662624359131 -0.12378526479005814 -0.37321421504020691 -2.0386612415313721 -0.18885304033756256 -0.47211247682571411 -2.3019871711730957 -0.2098236083984375 -0.44150280952453613 -1.034650444984436 0.078554421663284302 -0.6101798415184021 -0.79913622140884399 0.020867297425866127
406.08329999446869 -0.10957878082990646 -1.2556095123291016 0.46855145692825317 0.29124119877815247 -2.0749063491821289 0.045331988483667374 0.30425149202346802 -2.3027694225311279 0.048662923276424408 -0.40928596258163452 -2.1811177730560303 -0.027050904929637909 -0.50578594207763672 -2.4582173824310303 -0.026194164529442787 -0.50653409957885742 -1.0747638940811157 0.1838800460100174 -0.6845632791519165 -0.81595009565353394 0.10508634150028229
466.77579998970032 -0.095607630908489227 -1.2404115200042725 0.3316899836063385 0.30092376470565796 -2.0105233192443848 -0.15361270308494568 0.31994602084159851 -2.2493512630462646 -0.16744360327720642 -0.40941381454467773 -2.0986921787261963 -0.2264745831489563 -0.51654809713363647 -2.3758423328399658 -0.24754337966442108 -0.48711472749710083 -1.0354955196380615 0.047716759145259857 -0.64667505025863647 -0.79909759759902954 -0.015378326177597046
466.77579998970032 -0.060319826006889343 -1.3276058435440063 0.35522624850273132 0.36435192823410034 -2.152369499206543 -0.16451658308506012 0.38472414016723633 -2.4081463813781738 -0.17932900786399841 -0.39639565348625183 -2.2467954158782959 -0.24254921078681946 -0.51113289594650269 -2.5436139106750488 -0.26511317491531372 -0.47961074113845825 -1.1081476211547852 0.0511004738509655 -0.65049451589584351 -0.85497355461120605 -0.016472235321998596
525.95789997279644 -0.079960621893405914 -1.2784277200698853 0.35862100124359131 0.31708329916000366 -2.1156890392303467 -0.17404216527938843 0.3335396945476532 -2.3835234642028809 -0.18022088706493378 -0.4335014820098877 -2.2223379611968994 -0.27941319346427917 -0.55471396446228027 -2.5405614376068115 -0.30107244849205017 -0.51339042186737061 -1.0477612018585205 0.025347713381052017 -0.70609015226364136 -0.80717313289642334 -0.076562471687793732
525.95789997279644 -0.10494944453239441 -1.249138355255127 0.38096573948860168 0.3702254593372345 -2.0901165008544922 -0.18666733801364899 0.4147336483001709 -2.3699657917022705 -0.20067061483860016 -0.42265594005584717 -2.2048780918121338 -0.28062129020690918 -0.53976094722747803 -2.5442123413085938 -0.30815783143043518 -0.54025572538375854 -1.0627375841140747 0.058247383683919907 -0.7370152473449707 -0.84095048904418945 -0.037265591323375702
583.66179998219013 -0.089623197913169861 -1.3249964714050293 0.38921475410461426 0.39585146307945251 -2.1842033863067627 -0.19072219729423523 0.44132441282272339 -2.4701187610626221 -0.20502899587154388 -0.41421622037887573 -2.3014523983001709 -0.28671267628669739 -0.53385961055755615 -2.6481420993804932 -0.31484606862068176 -0.53436511754989624 -1.1345552206039429 0.059501230716705322 -0.73538947105407715 -0.90796083211898804 -0.038082055747509003
583.66179998219013 -0.12961095571517944 -1.3053774833679199 0.35895329713821411 0.38059580326080322 -2.0868446826934814 -0.24275611340999603 0.43115517497062683 -2.373497486114502 -0.26474854350090027 -0.43134835362434387 -2.1724390983581543 -0.35797002911567688 -0.55449825525283813 -2.5148928165435791 -0.39448374509811401 -0.52301394939422607 -1.1077278852462769 0.062545619904994965 -0.71597886085510254 -0.87665450572967529 -0.014850896783173084
645.31529998779297 -0.12055358290672302 -1.3477674722671509 0.34360313415527344 0.37145432829856873 -2.2041523456573486 -0.21809034049510956 0.40152114629745483 -2.5015826225280762 -0.24152590334415436 -0.45106521248817444 -2.2708590030670166 -0.33213302493095398 -0.59078854322433472 -2.6183264255523682 -0.36687308549880981 -0.50830912590026855 -1.1877857446670532 0.064466528594493866 -0.65783530473709106 -0.85773277282714844 -0.0026053281035274267
645.31529998779297 -0.047500390559434891 -1.2364808320999146 0.22673459351062775 0.3954712450504303 -2.1061379909515381 -0.31703281402587891 0.41271057724952698 -2.4107365608215332 -0.34441655874252319 -0.41969761252403259 -2.1481213569641113 -0.40536558628082275 -0.5738796591758728 -2.5008060932159424 -0.43559512495994568 -0.42861619591712952 -1.1622258424758911 0.035300526767969131 -0.51114308834075928 -0.77733296155929565 0.008380780927836895
709.26109997928143 -0.025266591459512711 -1.3177964687347412 0.24101042747497559 0.44559326767921448 -2.2422046661376953 -0.33699098229408264 0.46391791105270386 -2.5659797191619873 -0.36609873175621033 -0.42089623212814331 -2.2868311405181885 -0.4308849573135376 -0.58478516340255737 -2.661719799041748 -0.46301764249801636 -0.43037635087966919 -1.2388665676116943 0.037524223327636719 -0.51809889078140259 -0.8297419548034668 0.0089096929877996445
709.26109997928143 -0.037121757864952087 -1.1881377696990967 0.080696925520896912 0.48853385448455811 -2.1715691089630127 -0.4646780788898468 0.49583515524864197 -2.5079491138458252 -0.52174240350723267 -0.36563876271247864 -2.131309986114502 -0.56002670526504517 -0.52445894479751587 -2.5118422508239746 -0.59310317039489746 -0.48884600400924683 -1.2377716302871704 -0.072886735200881958 -0.47789952158927917 -0.71041214466094971 -0.044653262943029404
769.3851999938488 0.011069656349718571 -1.0387213230133057 0.0096675073727965355 0.48490646481513977 -1.9381791353225708 -0.54613751173019409 0.50807619094848633 -2.2577567100524902 -0.60744428634643555 -0.31815510988235474 -1.9167367219924927 -0.64204174280166626 -0.44993188977241516 -2.2843606472015381 -0.67840361595153809 -0.48010945320129395 -1.1254967451095581 -0.13454011082649231 -0.4836566150188446 -0.6479528546333313 -0.1024954617023468
769.3851999938488 0.14936389029026031 -1.0090489387512207 -0.027317836880683899 0.49985429644584656 -1.9181462526321411 -0.62760835886001587 0.49886131286621094 -2.2200632095336914 -0.70076644420623779 -0.27212688326835632 -1.9002435207366943 -0.70761477947235107 -0.39941903948783875 -2.2685351371765137 -0.74357360601425171 -0.39555689692497253 -1.0732822418212891 -0.15944281220436096 -0.45173448324203491 -0.6323091983795166 -0.14150477945804596
826.07939998805523 0.088084064424037933 -0.94733864068984985 -0.027086067944765091 0.43564072251319885 -1.8488262891769409 -0.62235188484191895 0.4346560537815094 -2.1482162475585938 -0.69489765167236328 -0.32987865805625916 -1.831073522567749 -0.70168858766555786 -0.45610535144805908 -2.1962823867797852 -0.73734647035598755 -0.45227548480033875 -1.011034369468689 -0.15810509026050568 -0.50798290967941284 -0.57375234365463257 -0.14031721651554108
826.07939998805523 0.14281581342220306 -1.0248594284057617 -0.14956049621105194 0.4272710382938385 -1.8560847043991089 -0.76896214485168457 0.40486198663711548 -2.1935787200927734 -0.85581082105636597 -0.30942094326019287 -1.8334523439407349 -0.85466700792312622 -0.43249523639678955 -2.2245421409606934 -0.91221809387207031 -0.40167799592018127 -0.91482579708099365 -0.25657805800437927 -0.62418133020401001 -0.67843455076217651 -0.28072956204414368
900.27289998531342 0.20657616853713989 -1.0761204957962036 -0.10456439852714539 0.34135478734970093 -1.7327593564987183 -0.74459701776504517 0.26804360747337341 -2.0487689971923828 -0.81301236152648926 -0.30482929944992065 -1.7217115163803101 -0.80448180437088013 -0.43206194043159485 -2.0790982246398926 -0.84155040979385376 -0.35194236040115356 -0.80735158920288086 -0.2885768711566925 -0.66271752119064331 -0.69276022911071777 -0.33041739463806152
1015.777499973774 -0.025341205298900604 -0.41288876533508301 0.76325207948684692 0.5218692421913147 -1.467296838760376 0.14840997755527496 0.50915998220443726 -1.6836968660354614 0.22628693282604218 -0.4583720862865448 -1.0968993902206421 0.26522642374038696 -0.51897323131561279 -1.1112720966339111 0.37275546789169312 -0.57502132654190063 -0.23937281966209412 0.52333468198776245 -0.74766886234283447 0.057220581918954849 0.36748597025871277
1015.777499973774 -0.10927176475524902 -2.0695452690124512 0.74379885196685791 0.70586532354354858 -3.5931658744812012 -0.10804020613431931 0.67086917161941528 -4.0159645080566406 -0.090135581791400909 -0.52265667915344238 -3.7252295017242432 -0.27524715662002563 -0.76438444852828979 -4.1611542701721191 -0.21776196360588074 -0.79298800230026245 -1.9364793300628662 0.36685767769813538 -1.0890656709671021 -1.505908727645874 0.22423873841762543
1098.3327999860048 -0.10809379070997238 -1.2522280216217041 0.36625877022743225 0.36121201515197754 -2.1098947525024414 -0.041061460971832275 0.34650129079818726 -2.3667061328887939 -0.041264016181230545 -0.2812449038028717 -2.2258379459381104 -0.15501360595226288 -0.42055150866508484 -2.4968068599700928 -0.12805864214897156 -0.52816152572631836 -1.1889424324035645 0.16672176122665405 -0.68867379426956177 -0.92339438199996948 0.083941422402858734
1098.3327999860048 -0.019611211493611336 -1.260209321975708 0.39126777648925781 0.49980297684669495 -2.1578960418701172 -0.0094483569264411926 0.52119743824005127 -2.4515700340270996 -0.019202211871743202 -0.10872736573219299 -2.2974703311920166 -0.15801286697387695 -0.20976564288139343 -2.6264193058013916 -0.16408804059028625 -0.40176963806152344 -1.1525255441665649 0.11918721348047256 -0.56544756889343262 -0.88888365030288696 0.011431808583438396
1169.0043999999762 -0.17478905618190765 -1.2306680679321289 0.37636679410934448 0.32483625411987305 -2.0941543579101563 -0.0090826740488409996 0.3454156219959259 -2.3766398429870605 -0.018464921042323112 -0.26051002740859985 -2.2284109592437744 -0.15198709070682526 -0.35769888758659363 -2.5448276996612549 -0.15783081948757172 -0.54238784313201904 -1.127086877822876 0.11465208232402802 -0.69982987642288208 -0.87348932027816772 0.011001990176737309
1169.0043999999762 -0.17106358706951141 -1.3045711517333984 0.27552548050880432 0.33975788950920105 -2.0874397754669189 -0.14508184790611267 0.34267625212669373 -2.3624165058135986 -0.16338147222995758 -0.22361503541469574 -2.1577408313751221 -0.25483298301696777 -0.32728362083435059 -2.4482340812683105 -0.2580961287021637 -0.49319726228713989 -1.1389280557632446 0.075253769755363464 -0.63287431001663208 -0.89003169536590576 -0.0078650433570146561
1228.1835999935865 -0.167318195104599 -1.3258740901947021 0.2941012978553772 0.34159010648727417 -2.1296119689941406 -0.13318093121051788 0.3410794734954834 -2.4151756763458252 -0.15033622086048126 -0.22408860921859741 -2.1966075897216797 -0.27478930354118347 -0.34686419367790222 -2.4976043701171875 -0.27995583415031433 -0.54038500785827637 -1.1315600872039795 0.069317840039730072 -0.67637777328491211 -0.87726140022277832 -0.029774416238069534
1228.1835999935865 -0.19854080677032471 -1.4070670604705811 0.26030656695365906 0.29370161890983582 -2.2138092517852783 -0.1105630174279213 0.27914100885391235 -2.4929640293121338 -0.1241266280412674 -0.26042506098747253 -2.2549619674682617 -0.26417595148086548 -0.41798949241638184 -2.5442862510681152 -0.26634204387664795 -0.54731607437133789 -1.1844277381896973 0.11747808009386063 -0.66385895013809204 -0.9466174840927124 0.014937032014131546
1290.460199996829 -0.18581047654151917 -1.380926251411438 0.32711634039878845 0.28690284490585327 -2.2063333988189697 -0.048987925052642822 0.28721264004707336 -2.4636671543121338 -0.058010242879390717 -0.24534812569618225 -2.2699344158172607 -0.19562526047229767 -0.36912786960601807 -2.5236148834228516 -0.18190681934356689 -0.56384122371673584 -1.2272316217422485 0.12433541566133499 -0.68163913488388062 -1.0002503395080566 0.021026438102126122
1290.460199996829 -0.2047673761844635 -1.3111810684204102 0.31176045536994934 0.2457573264837265 -2.0978443622589111 -0.046689949929714203 0.24605259299278259 -2.3430991172790527 -0.055288773030042648 -0.26151040196418762 -2.1584601402282715 -0.18644431233406067 -0.37948006391525269 -2.400233268737793 -0.17336979508399963 -0.56505376100540161 -1.1647005081176758 0.11849780380725861 -0.67732244729995728 -0.94837343692779541 0.020038023591041565
1322.9598999917507 -0.087955303490161896 -1.3906933069229126 0.34703630208969116 0.39753469824790955 -2.0933282375335693 -0.07352883368730545 0.42603686451911926 -2.3118288516998291 -0.097731523215770721 -0.22728767991065979 -2.12418532371521 -0.2375650554895401 -0.35336685180664063 -2.3100557327270508 -0.24696026742458344 -0.54124820232391357 -1.2468506097793579 -0.015450594946742058 -0.64636129140853882 -1.0281811952590942 -0.080149620771408081
1408.4746999889612 0.0056121307425200939 -1.2611267566680908 0.44773611426353455 0.45456692576408386 -2.0211458206176758 0.12915860116481781 0.478078693151474 -2.2372338771820068 0.13414978981018066 -0.10402179509401321 -2.1230564117431641 -0.064228013157844543 -0.19643333554267883 -2.3551335334777832 -0.056644603610038757 -0.37478280067443848 -1.1554805040359497 0.18990635871887207 -0.5370781421661377 -0.91949200630187988 0.089884325861930847
1408.4746999889612 -0.13076095283031464 -1.1706056594848633 0.41983342170715332 0.29023146629333496 -1.8832881450653076 0.12109801918268204 0.31227883696556091 -2.0859177112579346 0.12577834725379944 -0.23356650769710541 -1.9788515567779541 -0.060243841260671616 -0.32022234797477722 -2.1964740753173828 -0.05313275009393692 -0.48746362328529358 -1.0715394020080566 0.17806221544742584 -0.63965070247650146 -0.85024911165237427 0.084269873797893524
1491.4423999935389 -0.07338239997625351 -1.3603346347808838 0.34196394681930542 0.3075236976146698 -1.9856874942779541 0.074974268674850464 0.31639617681503296 -2.193232536315918 0.08008873462677002 -0.20072683691978455 -2.0317764282226563 -0.11775753647089005 -0.29153668880462646 -2.2519736289978027 -0.11664038151502609 -0.43787655234336853 -1.1420466899871826 0.16942298412322998 -0.57486104965209961 -0.90500897169113159 0.095438592135906219
1491.4423999935389 -0.068954341113567352 -1.1373331546783447 0.41080835461616516 0.37299945950508118 -1.8594708442687988 0.17484620213508606 0.40401142835617065 -2.0743007659912109 0.17892338335514069 -0.14043749868869781 -2.0003035068511963 0.036731146275997162 -0.21797740459442139 -2.2473678588867188 0.042481303215026855 -0.38875725865364075 -1.0344783067703247 0.15810640156269073 -0.54951000213623047 -0.83023452758789063 0.066707789897918701
1559.5793999731541 -0.041616383939981461 -1.3845146894454956 0.41828489303588867 0.32160606980323792 -2.0778958797454834 0.17489945888519287 0.35037064552307129 -2.2902953624725342 0.18350465595722198 -0.21516169607639313 -2.1904349327087402 -0.0014259933959692717 -0.30006229877471924 -2.4244406223297119 0.00087408715626224875 -0.43931961059570313 -1.2077025175094604 0.16412505507469177 -0.58566367626190186 -0.98044973611831665 0.072703637182712555
1559.5793999731541 -0.066251732409000397 -1.2003390789031982 0.38479286432266235 0.28765109181404114 -1.8416216373443604 0.13077458739280701 0.29368174076080322 -2.0336027145385742 0.13813196122646332 -0.18869021534919739 -1.9284263849258423 -0.014121316373348236 -0.27445051074028015 -2.1348941326141357 -0.0059554232284426689 -0.40546095371246338 -1.1064882278442383 0.1716080904006958 -0.52749675512313843 -0.9035155177116394 0.10165711492300034
1641.8228999823332 -0.099879570305347443 -1.2233221530914307 0.36961093544960022 0.24233874678611755 -1.8413355350494385 0.14749604463577271 0.24088115990161896 -2.0337660312652588 0.15900467336177826 -0.18188416957855225 -1.925939679145813 -0.0079138902947306633 -0.25891044735908508 -2.1226277351379395 0.0052757365629076958 -0.43488898873329163 -1.1182321310043335 0.17083822190761566 -0.55771720409393311 -0.91066646575927734 0.10493367910385132
1641.8228999823332 -0.11349932849407196 -1.2121375799179077 0.3592357337474823 0.2551649808883667 -1.9016913175582886 0.18864837288856506 0.27129742503166199 -2.1060912609100342 0.19693578779697418 -0.17535747587680817 -2.0428025722503662 0.040507420897483826 -0.26227742433547974 -2.2840850353240967 0.047365427017211914 -0.43988627195358276 -1.1272544860839844 0.14707577228546143 -0.57173466682434082 -0.94528079032897949 0.068329997360706329
1724.2897999882698 -0.12354542315006256 -1.2552220821380615 0.40433225035667419 0.22763806581497192 -1.8931393623352051 0.23317956924438477 0.23394210636615753 -2.0796515941619873 0.25485852360725403 -0.21609830856323242 -1.9923280477523804 0.10244389623403549 -0.28673294186592102 -2.2003092765808105 0.11291033774614334 -0.47548288106918335 -1.1794103384017944 0.16478396952152252 -0.60888457298278809 -0.99990826845169067 0.081789247691631317
1724.2897999882698 -0.1301908940076828 -1.0480111837387085 0.33674433827400208 0.25156930088996887 -1.7084555625915527 0.17364995181560516 0.26115065813064575 -1.8998051881790161 0.17523187398910522 -0.16257067024707794 -1.857586145401001 0.054344207048416138 -0.2477860152721405 -2.099452018737793 0.058141425251960754 -0.41712641716003418 -1.0321528911590576 0.16388611495494843 -0.54925769567489624 -0.84582984447479248 0.10543625801801682
1785.197999984026 -0.11538065969944 -1.1854109764099121 0.35779866576194763 0.22681435942649841 -1.8535674810409546 0.17402370274066925 0.21905523538589478 -2.045271635055542 0.18201492726802826 -0.19084247946739197 -1.9800771474838257 0.054954048246145248 -0.28102865815162659 -2.222264289855957 0.065633364021778107 -0.44356775283813477 -1.1395788192749023 0.17688237130641937 -0.56325447559356689 -0.92876672744750977 0.12819983065128326
1785.197999984026 -0.10595991462469101 -1.1184110641479492 0.35059979557991028 0.22934980690479279 -1.7731237411499023 0.17052257061004639 0.2217467874288559 -1.9609705209732056 0.17835299670696259 -0.17990337312221527 -1.8970876932144165 0.05384870246052742 -0.26827490329742432 -2.1344020366668701 0.064313143491744995 -0.42754355072975159 -1.0735011100769043 0.17332372069358826 -0.54482203722000122 -0.86693090200424194 0.12562070786952972
1849.1563999801874 -0.11037646979093552 -1.1650279760360718 0.36521327495574951 0.23890942335128784 -1.8470300436019897 0.17763017117977142 0.23098950088024139 -2.0427064895629883 0.18578699231147766 -0.18740199506282806 -1.9761608839035034 0.056093193590641022 -0.2794569730758667 -2.2233667373657227 0.066993802785873413 -0.44536414742469788 -1.1182460784912109 0.18054808676242828 -0.56753093004226685 -0.90306580066680908 0.13085675239562988
1849.1563999801874 -0.11262354999780655 -1.2821923494338989 0.42719292640686035 0.18733660876750946 -1.9292277097702026 0.22385093569755554 0.19030670821666718 -2.1056845188140869 0.2407350093126297 -0.30160889029502869 -2.0025205612182617 0.099272385239601135 -0.38252794742584229 -2.2139837741851807 0.11732517927885056 -0.4980485737323761 -1.1727601289749146 0.19699947535991669 -0.62257140874862671 -0.95700722932815552 0.11477375775575638
1931.0748999863863 -0.31348133087158203 -1.2826613187789917 0.43786472082138062 0.11001287400722504 -1.860481858253479 0.30705013871192932 0.13714931905269623 -2.0035011768341064 0.33452928066253662 -0.3935714066028595 -1.9462754726409912 0.18926006555557251 -0.45930355787277222 -2.1349549293518066 0.20501282811164856 -0.55244803428649902 -1.1253018379211426 0.202292799949646 -0.70058184862136841 -0.91901969909667969 0.10445908457040787
1931.0748999863863 -0.16050668060779572 -1.233979344367981 0.36936897039413452 0.053919084370136261 -1.7617219686508179 0.15716546773910522 0.073492050170898438 -1.9066110849380493 0.17395451664924622 -0.40837365388870239 -1.8126319646835327 0.070368543267250061 -0.46942341327667236 -1.9845653772354126 0.085861407220363617 -0.46811157464981079 -1.0694348812103271 0.19804397225379944 -0.57401800155639648 -0.88767331838607788 0.12073078006505966
