41.147599995136261 -0.11593740433454514 -1.1916629076004028 0.49814736843109131 0.38407346606254578 -1.9001054763793945 0.077400550246238708 0.42352738976478577 -2.1165921688079834 0.058625690639019012 -0.28099778294563293 -2.0050697326660156 -0.079431056976318359 -0.40407535433769226 -2.2400119304656982 -0.070595726370811462 -0.3781718909740448 -1.1398887634277344 0.28170579671859741 -0.50937408208847046 -0.89157563447952271 0.20577508211135864
41.147599995136261 -0.13166089355945587 -1.1317238807678223 0.49478167295455933 0.35144171118736267 -1.8193199634552002 0.055817246437072754 0.37648054957389832 -2.0301263332366943 0.039743833243846893 -0.28410622477531433 -1.9261786937713623 -0.063384197652339935 -0.40403902530670166 -2.1546697616577148 -0.045880969613790512 -0.41777780652046204 -1.1555178165435791 0.3297017514705658 -0.54244107007980347 -0.90793448686599731 0.26388528943061829
100.86630001664162 -0.18338941037654877 -1.1631027460098267 0.5056883692741394 0.31036376953125 -1.8658578395843506 0.057046454399824142 0.33595460653305054 -2.0813114643096924 0.040618680417537689 -0.33919554948806763 -1.9750722646713257 -0.064782924950122833 -0.46177244186401367 -2.2086007595062256 -0.04689382016658783 -0.47581413388252258 -1.1874212026596069 0.33696907758712769 -0.60322576761245728 -0.93437957763671875 0.26970160007476807
100.86630001664162 -0.18239299952983856 -1.1567832231521606 0.502940833568573 0.30867746472358704 -1.855720043182373 0.056736502796411514 0.33412927389144897 -2.0700030326843262 0.040397986769676208 -0.33735260367393494 -1.9643410444259644 -0.064430937170982361 -0.45926347374916077 -2.1966006755828857 -0.046639032661914825 -0.47322887182235718 -1.1809695959091187 0.33513820171356201 -0.5999482274055481 -0.92930281162261963 0.26823624968528748
160.49340000748634 -0.098676972091197968 -1.2026505470275879 0.48085230588912964 0.34459716081619263 -1.8863881826400757 -0.00095396186225116253 0.35144034028053284 -2.1026222705841064 -0.011932638473808765 -0.2446034848690033 -1.9732937812805176 -0.11989610642194748 -0.36068940162658691 -2.2092158794403076 -0.093586862087249756 -0.46495312452316284 -1.1782659292221069 0.3182561993598938 -0.59319376945495605 -0.98626995086669922 0.2218882143497467
160.49340000748634 -0.059341959655284882 -1.3080995082855225 0.51561462879180908 0.30696207284927368 -1.9295058250427246 0.0044756289571523666 0.31677019596099854 -2.1412227153778076 -0.0073575233109295368 -0.32205897569656372 -1.9912443161010742 -0.10088909417390823 -0.43810662627220154 -2.2160863876342773 -0.081611320376396179 -0.50225704908370972 -1.2129846811294556 0.26347416639328003 -0.61175811290740967 -1.0100159645080566 0.17109459638595581
217.16499999165535 -0.094892032444477081 -1.2600570917129517 0.50821381807327271 0.26615458726882935 -1.8725444078445435 0.0044109509326517582 0.2758219838142395 -2.0812227725982666 -0.0072523658163845539 -0.35383838415145874 -1.9333968162536621 -0.0994415283203125 -0.46822047233581543 -2.1550118923187256 -0.080440439283847809 -0.53145021200180054 -1.1663073301315308 0.25969219207763672 -0.63937962055206299 -0.9662516713142395 0.16863851249217987
217.16499999165535 -0.14395546913146973 -1.2322608232498169 0.43138495087623596 0.30254194140434265 -1.9199802875518799 -0.093938492238521576 0.3065800666809082 -2.1444129943847656 -0.12127039581537247 -0.32678377628326416 -1.9756877422332764 -0.22999222576618195 -0.45980635285377502 -2.2100820541381836 -0.22855012118816376 -0.53815704584121704 -1.1780931949615479 0.19791369140148163 -0.65006601810455322 -0.97557312250137329 0.11501095443964005
287.36670000851154 -0.14954975247383118 -1.3165969848632813 0.40481850504875183 0.2822602391242981 -1.9835901260375977 -0.17227223515510559 0.29085955023765564 -2.2204639911651611 -0.19989316165447235 -0.36342853307723999 -2.0333161354064941 -0.28660321235656738 -0.4922502338886261 -2.2819709777832031 -0.28453955054283142 -0.55207329988479614 -1.2093530893325806 0.19228681921958923 -0.66731339693069458 -1.0458396673202515 0.086182139813899994
287.36670000851154 -0.074271112680435181 -1.2326372861862183 0.50428682565689087 0.3907000720500946 -1.9340155124664307 0.0084512121975421906 0.42202314734458923 -2.1507241725921631 -0.00583231495693326 -0.2875264585018158 -2.0478930473327637 -0.094992972910404205 -0.40069025754928589 -2.2759969234466553 -0.076318010687828064 -0.46105340123176575 -1.1984055042266846 0.27874338626861572 -0.59883379936218262 -0.953865647315979 0.19746832549571991
346.74159999191761 -0.03971157968044281 -1.3080793619155884 0.43471017479896545 0.36186742782592773 -1.9950078725814819 -0.1205313578248024 0.3776087760925293 -2.2347753047943115 -0.1358085423707962 -0.28052759170532227 -2.1059646606445313 -0.22262278199195862 -0.39345255494117737 -2.3440582752227783 -0.19370946288108826 -0.50843131542205811 -1.2373605966567993 0.19685113430023193 -0.63791847229003906 -0.99160975217819214 0.11086510866880417
346.74159999191761 -0.045471504330635071 -1.3865652084350586 0.44376084208488464 0.36446917057037354 -2.0877971649169922 -0.12304185330867767 0.3805382251739502 -2.3325569629669189 -0.13863714039325714 -0.29130175709724426 -2.2010643482208252 -0.22725902497768402 -0.40657803416252136 -2.4441154003143311 -0.19774366915225983 -0.52395087480545044 -1.3143740892410278 0.20094914734363556 -0.65613424777984619 -1.0635062456130981 0.11317272484302521
402.03879998624325 -0.10719696432352066 -1.2640630006790161 0.43799728155136108 0.39122337102890015 -1.975896954536438 -0.063129410147666931 0.41605573892593384 -2.2115838527679443 -0.081462688744068146 -0.26682141423225403 -2.1049118041992188 -0.17607736587524414 -0.38270136713981628 -2.3430557250976563 -0.15007984638214111 -0.49300467967987061 -1.2728902101516724 0.2499057799577713 -0.63500970602035522 -1.0180908441543579 0.17697501182556152
402.03879998624325 -0.10095369815826416 -1.3258514404296875 0.33809691667556763 0.36850866675376892 -1.957080602645874 -0.21456465125083923 0.38350725173950195 -2.1938130855560303 -0.236376091837883 -0.285541832447052 -2.0442299842834473 -0.26564875245094299 -0.3907071053981781 -2.2681541442871094 -0.23657752573490143 -0.47102293372154236 -1.2371225357055664 0.16566616296768188 -0.59288454055786133 -0.99008512496948242 0.091500371694564819
457.97980000078678 -0.053801923990249634 -1.394159197807312 0.35461476445198059 0.43859592080116272 -2.0562267303466797 -0.22504693269729614 0.45432725548744202 -2.3045248985290527 -0.24792395532131195 -0.24740809202194214 -2.1476337909698486 -0.27862673997879028 -0.35771119594573975 -2.3824977874755859 -0.24813523888587952 -0.44195079803466797 -1.3010956048965454 0.17375996708869934 -0.56976592540740967 -1.0419890880584717 0.095970809459686279
457.97980000078678 -0.03649495542049408 -1.3566876649856567 0.41545793414115906 0.39648723602294922 -2.062962532043457 -0.15301051735877991 0.3972378671169281 -2.3010194301605225 -0.16005800664424896 -0.26373764872550964 -2.1364941596984863 -0.21003483235836029 -0.36741405725479126 -2.3605601787567139 -0.16311976313591003 -0.45595833659172058 -1.3247400522232056 0.23207771778106689 -0.59085166454315186 -1.0277891159057617 0.15712213516235352
523.47349999845028 -0.047413885593414307 -1.3970309495925903 0.41694223880767822 0.38711515069007874 -2.1058287620544434 -0.15355709195137024 0.38786846399307251 -2.3447363376617432 -0.16062977910041809 -0.2754683792591095 -2.1796233654022217 -0.2107851505279541 -0.37951520085334778 -2.4044897556304932 -0.16370247304439545 -0.4683758020401001 -1.3649692535400391 0.23290684819221497 -0.60375106334686279 -1.0669573545455933 0.15768349170684814
523.47349999845028 -0.14922246336936951 -1.2962149381637573 0.3618636429309845 0.34490805864334106 -2.0038774013519287 -0.19659934937953949 0.3555482029914856 -2.2402784824371338 -0.21373289823532104 -0.358335942029953 -2.1070120334625244 -0.26686972379684448 -0.48245993256568909 -2.3564560413360596 -0.24554164707660675 -0.49110296368598938 -1.2325505018234253 0.17190118134021759 -0.63078665733337402 -0.97937870025634766 0.084476135671138763
580.05009999871254 -0.079151228070259094 -1.3231296539306641 0.36953535676002502 0.42545616626739502 -2.0457963943481445 -0.20076851546764374 0.43632188439369202 -2.2872097492218018 -0.21826532483100891 -0.29269847273826599 -2.1511178016662598 -0.27252879738807678 -0.4194541871547699 -2.4058506488800049 -0.25074851512908936 -0.42828047275543213 -1.2581155300140381 0.17554520070552826 -0.57092583179473877 -0.99957573413848877 0.086266502737998962
580.05009999871254 -0.086560644209384918 -1.3316255807876587 0.40204262733459473 0.40566867589950562 -2.0330274105072021 -0.17049169540405273 0.41927164793014526 -2.2735190391540527 -0.18601530790328979 -0.33471828699111938 -2.1407582759857178 -0.27004942297935486 -0.46863424777984619 -2.4007201194763184 -0.25934827327728271 -0.45380467176437378 -1.2678090333938599 0.17290295660495758 -0.58868676424026489 -0.98474025726318359 0.096244752407073975
638.05719998478889 -0.037746060639619827 -1.3704161643981934 0.37794741988182068 0.39618438482284546 -2.04718017578125 -0.20914614200592041 0.40526139736175537 -2.2933571338653564 -0.22064748406410217 -0.3187825083732605 -2.1376500129699707 -0.26560592651367188 -0.43369129300117493 -2.39839768409729 -0.24246926605701447 -0.41478085517883301 -1.2321621179580688 0.18939082324504852 -0.56912791728973389 -0.96136587858200073 0.10855270177125931
638.05719998478889 -0.13944140076637268 -1.326684832572937 0.37426072359085083 0.37906727194786072 -2.0397193431854248 -0.2403986006975174 0.39556005597114563 -2.2767829895019531 -0.25359475612640381 -0.39311143755912781 -2.1301679611206055 -0.28075307607650757 -0.51089030504226685 -2.3730950355529785 -0.25435781478881836 -0.44227984547615051 -1.2649354934692383 0.21440458297729492 -0.58822870254516602 -0.99697542190551758 0.13895097374916077
694.20580001175404 -0.10562590509653091 -1.2805986404418945 0.36136865615844727 0.39502143859863281 -1.9690709114074707 -0.2321171760559082 0.4109460711479187 -2.1979682445526123 -0.2448587566614151 -0.35055762529373169 -2.0564038753509521 -0.27108156681060791 -0.46427932381629944 -2.2909629344940186 -0.2455955445766449 -0.39803230762481689 -1.2209764719009399 0.2070191502571106 -0.53895360231399536 -0.96224701404571533 0.1341647207736969
698.53549998998642 -0.13912579417228699 -1.294405460357666 0.39355841279029846 0.34938225150108337 -2.0008003711700439 -0.19441884756088257 0.36619019508361816 -2.2197742462158203 -0.20629735291004181 -0.3687720000743866 -2.0763249397277832 -0.24935197830200195 -0.46947616338729858 -2.2932820320129395 -0.22161154448986053 -0.43091827630996704 -1.2289586067199707 0.23253826797008514 -0.56246703863143921 -0.94223630428314209 0.17123201489448547
757.79399999976158 -0.16726492345333099 -1.284429669380188 0.41156083345413208 0.33670562505722046 -2.0032179355621338 -0.13028110563755035 0.35341864824295044 -2.232614278793335 -0.1491570770740509 -0.36694240570068359 -2.0889315605163574 -0.22270849347114563 -0.48925822973251343 -2.3165981769561768 -0.21211354434490204 -0.48160561919212341 -1.2728172540664673 0.2160775363445282 -0.60571938753128052 -1.017768383026123 0.1492479145526886
757.79399999976158 -0.13401636481285095 -1.2238366603851318 0.40346911549568176 0.36005204916000366 -1.9285019636154175 -0.12772656977176666 0.37643665075302124 -2.1533908843994141 -0.14623166620731354 -0.32977056503295898 -2.0125315189361572 -0.21833792328834534 -0.44968309998512268 -2.2357246875762939 -0.2079511433839798 -0.44218078255653381 -1.2124524116516113 0.21182674169540405 -0.56385594606399536 -0.96241474151611328 0.14631019532680511
811.79320000112057 -0.17927369475364685 -1.3227114677429199 0.39519491791725159 0.35248836874961853 -2.0631489753723145 -0.15233930945396423 0.36001715064048767 -2.2975814342498779 -0.1676524430513382 -0.37251034379005432 -2.1239426136016846 -0.26461604237556458 -0.50806164741516113 -2.3547677993774414 -0.24694649875164032 -0.4858454167842865 -1.3011602163314819 0.25054609775543213 -0.61390542984008789 -1.0167980194091797 0.20066331326961517
811.79320000112057 -0.1763731986284256 -1.2759259939193726 0.44273126125335693 0.33356779813766479 -2.0019032955169678 -0.040009822696447372 0.34881174564361572 -2.2185540199279785 -0.045261126011610031 -0.37448447942733765 -2.0732147693634033 -0.16577357053756714 -0.50712209939956665 -2.2927243709564209 -0.14951440691947937 -0.47343966364860535 -1.2475547790527344 0.29435634613037109 -0.6073760986328125 -0.97811341285705566 0.23735889792442322
880.41669999063015 -0.10501564294099808 -1.1605503559112549 0.42418855428695679 0.37036147713661194 -1.8733097314834595 -0.041278891265392303 0.40291360020637512 -2.0986382961273193 -0.060530051589012146 -0.34809356927871704 -1.9812456369400024 -0.13335278630256653 -0.47942015528678894 -2.2154994010925293 -0.11922698467969894 -0.46179869771003723 -1.1619621515274048 0.27624714374542236 -0.5869404673576355 -0.90485924482345581 0.22389686107635498
880.41669999063015 -0.11010351032018661 -1.3091055154800415 0.52993911504745483 0.43695828318595886 -2.1004009246826172 0.045190814882516861 0.4766431450843811 -2.3302786350250244 0.029487885534763336 -0.3254045844078064 -2.2363157272338867 -0.073714494705200195 -0.45194318890571594 -2.4853951930999756 -0.059714633971452713 -0.46114024519920349 -1.350299596786499 0.31255075335502625 -0.59588408470153809 -1.0621212720870972 0.24446342885494232
941.87860000133514 -0.14533759653568268 -1.1998214721679688 0.49918287992477417 0.34155264496803284 -1.8985127210617065 0.081632748246192932 0.37109324336051941 -2.0920140743255615 0.079884320497512817 -0.33769893646240234 -1.9912275075912476 -0.027234470471739769 -0.44970411062240601 -2.1993417739868164 -0.0077127120457589626 -0.42448869347572327 -1.183262825012207 0.31254604458808899 -0.53799688816070557 -0.93042546510696411 0.24879643321037292
941.87860000133514 -0.12390414625406265 -1.2481484413146973 0.48753628134727478 0.35377433896064758 -1.9115909337997437 0.077054493129253387 0.37219083309173584 -2.114771842956543 0.078686259686946869 -0.31054723262786865 -1.9790775775909424 -0.034693021327257156 -0.42510932683944702 -2.191105842590332 -0.011209486983716488 -0.42405813932418823 -1.2045193910598755 0.27777662873268127 -0.53058689832687378 -0.96417731046676636 0.20363716781139374
1015.2665000110865 -0.14845117926597595 -1.2532346248626709 0.41035169363021851 0.30042389035224915 -1.8752574920654297 -0.027347808703780174 0.31040716171264648 -2.0818564891815186 -0.040335323661565781 -0.32628938555717468 -1.917786717414856 -0.13384458422660828 -0.43595296144485474 -2.1310946941375732 -0.12814095616340637 -0.42134150862693787 -1.1507730484008789 0.21585641801357269 -0.52625632286071777 -0.92767238616943359 0.16292667388916016
1015.2665000110865 -0.15076999366283417 -1.1545493602752686 0.43885040283203125 0.34615877270698547 -1.82142174243927 0.035440243780612946 0.38154596090316772 -2.0291082859039307 0.011550090275704861 -0.3348979651927948 -1.9268995523452759 -0.058083076030015945 -0.45537534356117249 -2.162287712097168 -0.064910270273685455 -0.45237100124359131 -1.1832857131958008 0.2379174530506134 -0.52687722444534302 -0.88241106271743774 0.20060750842094421
1076.0 -0.097256958484649658 -1.2166383266448975 0.47649857401847839 0.40122842788696289 -1.8865270614624023 0.067510642111301422 0.44181489944458008 -2.0975086688995361 0.043156448751688004 -0.29480737447738647 -1.9963692426681519 -0.055138289928436279 -0.41928353905677795 -2.2398526668548584 -0.071845389902591705 -0.38460293412208557 -1.1793808937072754 0.21473786234855652 -0.49738726019859314 -0.94489020109176636 0.14664891362190247
1076.0 -0.18468794226646423 -1.2512977123260498 0.41927167773246765 0.30927771329879761 -1.8732141256332397 0.064791411161422729 0.330487459897995 -2.0824403762817383 0.045831445604562759 -0.29453492164611816 -1.9464180469512939 -0.063667237758636475 -0.41555491089820862 -2.1838502883911133 -0.074391759932041168 -0.41830113530158997 -1.1839785575866699 0.19358204305171967 -0.52101254463195801 -0.92825430631637573 0.14737579226493835
1135.887600004673 -0.1432746946811676 -1.2348377704620361 0.44006019830703735 0.30829745531082153 -1.8734780550003052 0.10375175625085831 0.3282579779624939 -2.0668389797210693 0.099657297134399414 -0.31273561716079712 -1.9367208480834961 -0.021244153380393982 -0.42717030644416809 -2.156804084777832 -0.01549279410392046 -0.40080386400222778 -1.1582494974136353 0.23234754800796509 -0.50308811664581299 -0.91515046358108521 0.17757168412208557
1135.887600004673 -0.10478135943412781 -1.1754144430160522 0.45007780194282532 0.34611150622367859 -1.8450604677200317 0.1426817923784256 0.35581472516059875 -2.0317473411560059 0.14458657801151276 -0.20140846073627472 -1.9029809236526489 0.042835496366024017 -0.308097243309021 -2.1031467914581299 0.061103221029043198 -0.35046574473381042 -1.1437926292419434 0.3004322350025177 -0.44683378934860229 -0.91383308172225952 0.24586595594882965
1210.0355999916792 -0.19311894476413727 -1.0852335691452026 0.40419882535934448 0.26128232479095459 -1.7098606824874878 0.11247546970844269 0.28673660755157471 -1.912286639213562 0.091108120977878571 -0.30954134464263916 -1.8190993070602417 0.020606789737939835 -0.42049616575241089 -2.0609800815582275 0.013409355655312538 -0.43524309992790222 -1.0870546102523804 0.24588221311569214 -0.52005141973495483 -0.83046627044677734 0.2112293541431427
1210.0355999916792 -0.18810470402240753 -1.0464996099472046 0.33620584011077881 0.34656414389610291 -1.7471334934234619 -0.0022399828303605318 0.38145577907562256 -1.9493840932846069 -0.032326798886060715 -0.27261865139007568 -1.8644050359725952 -0.0809812992811203 -0.39417198300361633 -2.1140279769897461 -0.092168226838111877 -0.40394690632820129 -1.163358211517334 0.14417000114917755 -0.46094813942909241 -0.84633481502532959 0.1450057178735733
1272.3840999901295 -0.20156027376651764 -1.0957794189453125 0.37447941303253174 0.37079226970672607 -1.828717827796936 0.099724307656288147 0.41707581281661987 -2.0483040809631348 0.077571652829647064 -0.2543376088142395 -1.9481462240219116 0.01193996611982584 -0.37306991219520569 -2.2112479209899902 0.004941997118294239 -0.42534080147743225 -1.1573961973190308 0.2291543185710907 -0.51494342088699341 -0.87471526861190796 0.2026083767414093
1272.3840999901295 -0.21109271049499512 -1.1669234037399292 0.37150323390960693 0.3340458869934082 -1.7750458717346191 0.01792014017701149 0.36339998245239258 -1.9794960021972656 -0.0087285395711660385 -0.25399497151374817 -1.869462251663208 -0.052829395979642868 -0.36499273777008057 -2.0941855907440186 -0.05025191605091095 -0.47241389751434326 -1.176998496055603 0.18952362239360809 -0.5625990629196167 -0.96713376045227051 0.143050417304039
1340.373400002718 -0.11527980864048004 -1.1848698854446411 0.43446952104568481 0.39462167024612427 -1.8129786252975464 0.10949677973985672 0.42263773083686829 -2.021449089050293 0.087957724928855896 -0.15247748792171478 -1.8993645906448364 -0.011650290340185165 -0.26428553462028503 -2.1295742988586426 -0.021728504449129105 -0.45170000195503235 -1.2418462038040161 0.15431629121303558 -0.53660321235656738 -0.94182997941970825 0.12916117906570435
1340.373400002718 -0.17512820661067963 -1.2024577856063843 0.37000566720962524 0.31336727738380432 -1.7805625200271606 0.0084512345492839813 0.3585185706615448 -1.9949729442596436 -0.023734103888273239 -0.23536299169063568 -1.9213253259658813 -0.10635004937648773 -0.32129797339439392 -2.1722934246063232 -0.11991477757692337 -0.43712261319160461 -1.1554644107818604 0.14818026125431061 -0.56912040710449219 -0.95120102167129517 0.093719102442264557
1394.0525999963284 -0.08886583149433136 -1.1633007526397705 0.38602790236473083 0.40866810083389282 -1.8193687200546265 0.013742212206125259 0.46182483434677124 -2.0416676998138428 -0.016678979620337486 -0.17117127776145935 -1.9626274108886719 -0.10533198714256287 -0.25043380260467529 -2.2297775745391846 -0.12043558806180954 -0.33659356832504272 -1.0971518754959106 0.18267230689525604 -0.47981345653533936 -0.89582550525665283 0.12655746936798096
1394.0525999963284 -0.1826704740524292 -1.1938507556915283 0.37141492962837219 0.33270591497421265 -1.868533730506897 0.01378572266548872 0.36615335941314697 -2.0851218700408936 -0.0040991492569446564 -0.245387002825737 -1.957257866859436 -0.088762186467647552 -0.34039553999900818 -2.1963024139404297 -0.08001776784658432 -0.44091349840164185 -1.1210732460021973 0.25386226177215576 -0.55762070417404175 -0.90462017059326172 0.1880047470331192
1452.6092000007629 -0.13673292100429535 -1.2522584199905396 0.38092547655105591 0.29563632607460022 -1.9225023984909058 0.016075724735856056 0.31914094090461731 -2.1329560279846191 0.0074355588294565678 -0.23570346832275391 -2.0464885234832764 -0.086922444403171539 -0.31885072588920593 -2.2791681289672852 -0.074133053421974182 -0.49163952469825745 -1.1570998430252075 0.19526125490665436 -0.62488573789596558 -0.96738725900650024 0.13153764605522156
1452.6092000007629 -0.15457490086555481 -1.2085951566696167 0.3702978789806366 0.26573750376701355 -1.8601491451263428 0.015622145496308804 0.28858667612075806 -2.0647339820861816 0.0072229141369462013 -0.25078558921813965 -1.9806779623031616 -0.084503866732120514 -0.33161425590515137 -2.2068688869476318 -0.072071105241775513 -0.49958476424217224 -1.1160900592803955 0.18981099128723145 -0.62911534309387207 -0.93166786432266235 0.12786434590816498
1507.7388999909163 -0.10641143471002579 -1.1938461065292358 0.36894047260284424 0.30111557245254517 -1.8391615152359009 0.019327972084283829 0.33413383364677429 -2.0702216625213623 -0.0057053337804973125 -0.19060750305652618 -1.9743838310241699 -0.12503200769424438 -0.26454424858093262 -2.2376208305358887 -0.13760598003864288 -0.47935456037521362 -1.0834113359451294 0.11500778049230576 -0.62516283988952637 -0.89301794767379761 0.043664503842592239
1507.7388999909163 -0.099427305161952972 -1.208864688873291 0.32519322633743286 0.30266034603118896 -1.9060904979705811 -0.062766857445240021 0.32788702845573425 -2.1610293388366699 -0.092340916395187378 -0.17926499247550964 -2.0158934593200684 -0.21323883533477783 -0.25824117660522461 -2.2843661308288574 -0.22060461342334747 -0.47969883680343628 -1.0553174018859863 0.095369905233383179 -0.62056457996368408 -0.8399619460105896 0.0305656548589468
1565.0146000087261 -0.18407109379768372 -1.3427027463912964 0.34645065665245056 0.24429909884929657 -2.0855028629302979 -0.066868528723716736 0.27117475867271423 -2.3571059703826904 -0.098375692963600159 -0.26912739872932434 -2.2024831771850586 -0.22717614471912384 -0.35326588153839111 -2.4885046482086182 -0.23502339422702789 -0.58919912576675415 -1.1791189908981323 0.1016048938035965 -0.73927265405654907 -0.94968670606613159 0.032564692199230194
1680.1847999989986 -0.13278061151504517 -1.0453469753265381 0.50697708129882813 0.2973048985004425 -1.7764772176742554 0.16440810263156891 0.30915841460227966 -1.9910463094711304 0.16668856143951416 -0.27801874279975891 -1.8408100605010986 -0.013965288177132607 -0.37741768360137939 -2.0496885776519775 0.0072607016190886497 -0.43170741200447083 -1.0040907859802246 0.30626946687698364 -0.58102649450302124 -0.73971283435821533 0.19733145833015442
1680.1847999989986 -0.25587740540504456 -1.1227798461914063 0.35817566514015198 0.2286972850561142 -1.8603910207748413 -0.10461703687906265 0.22553253173828125 -2.1017415523529053 -0.12076247483491898 -0.41498079895973206 -1.9283782243728638 -0.26863250136375427 -0.53276044130325317 -2.1670558452606201 -0.25746220350265503 -0.5787656307220459 -0.98936724662780762 0.14031288027763367 -0.71468508243560791 -0.71147119998931885 0.046219158917665482
1742.5521000027657 -0.19622045755386353 -1.4841647148132324 0.42060348391532898 0.36083504557609558 -2.3265931606292725 -0.15518240630626678 0.35694679617881775 -2.6137921810150146 -0.16662156581878662 -0.4664861261844635 -2.3930695056915283 -0.30808961391448975 -0.60708117485046387 -2.6879584789276123 -0.30363336205482483 -0.59434551000595093 -1.2395349740982056 0.12357006222009659 -0.79125529527664185 -0.93265044689178467 0.0014198807766661048
1742.5521000027657 -0.14672358334064484 -1.3571909666061401 0.37843486666679382 0.35448312759399414 -2.1151597499847412 -0.13962435722351074 0.35098472237586975 -2.3735649585723877 -0.14991666376590729 -0.38989320397377014 -2.1749715805053711 -0.27720153331756592 -0.51639258861541748 -2.4402956962585449 -0.27319204807281494 -0.50493371486663818 -1.1370869874954224 0.11118117719888687 -0.68210190534591675 -0.8609699010848999 0.0012774254428222775
1797.5780000090599 -0.15069602429866791 -1.3489799499511719 0.38199442625045776 0.30810880661010742 -2.0699725151062012 -0.16546772420406342 0.30900436639785767 -2.3222990036010742 -0.17238789796829224 -0.40805917978286743 -2.1351447105407715 -0.27177619934082031 -0.52055817842483521 -2.407402515411377 -0.26770970225334167 -0.50504356622695923 -1.0944666862487793 0.097690574824810028 -0.68402564525604248 -0.84294730424880981 -0.0062378770671784878
1797.5780000090599 -0.10046906769275665 -1.332795262336731 0.38132792711257935 0.31838414072990417 -2.0740725994110107 -0.15129689872264862 0.30864384770393372 -2.3318753242492676 -0.14712083339691162 -0.3918285071849823 -2.1159548759460449 -0.26156798005104065 -0.5087401270866394 -2.3904683589935303 -0.26095512509346008 -0.51107114553451538 -1.0541807413101196 0.047628145664930344 -0.69511264562606812 -0.78758162260055542 -0.070375293493270874
1854.5336000025272 -0.096501216292381287 -1.315090537071228 0.42608743906021118 0.31333896517753601 -2.1908812522888184 -0.14623519778251648 0.33522424101829529 -2.4431695938110352 -0.13419941067695618 -0.45734578371047974 -2.236839771270752 -0.25817260146141052 -0.55123311281204224 -2.5125670433044434 -0.2466920018196106 -0.52464038133621216 -1.0885366201400757 0.088290609419345856 -0.72388654947280884 -0.79576247930526733 -0.034389100968837738
1854.5336000025272 -0.075411126017570496 -1.237932562828064 0.40864512324333191 0.31764969229698181 -2.0778672695159912 -0.14024583995342255 0.33863893151283264 -2.319826602935791 -0.1287028044462204 -0.42148223519325256 -2.1219439506530762 -0.24760037660598755 -0.51152563095092773 -2.3863828182220459 -0.23658980429172516 -0.48602169752120972 -1.0206540822982788 0.084678173065185547 -0.67711049318313599 -0.73986637592315674 -0.03297886997461319
1908.2270999997854 -0.17821405827999115 -1.2450776100158691 0.35853514075279236 0.34027448296546936 -2.0632889270782471 -0.20982755720615387 0.39120239019393921 -2.3302376270294189 -0.2126949280500412 -0.48105815052986145 -2.1364920139312744 -0.34668612480163574 -0.59509289264678955 -2.4432988166809082 -0.37105521559715271 -0.55989348888397217 -0.99683642387390137 -0.016316069290041924 -0.76603090763092041 -0.74021387100219727 -0.14346820116043091
1908.2270999997854 -0.36893382668495178 -1.4502227306365967 0.21768604218959808 0.2168269157409668 -2.1399483680725098 -0.24057111144065857 0.27112323045730591 -2.4075107574462891 -0.24929192662239075 -0.6430780291557312 -2.173987865447998 -0.38761794567108154 -0.78725707530975342 -2.4718759059906006 -0.4088682234287262 -0.68002080917358398 -1.0264967679977417 0.076675504446029663 -0.86672770977020264 -0.7489769458770752 0.0059884493239223957
1981.3050000071526 -0.062673717737197876 -1.3212194442749023 0.43455609679222107 0.36691868305206299 -2.1714980602264404 -0.11085028946399689 0.35866826772689819 -2.4332554340362549 -0.10088246315717697 -0.46445250511169434 -2.1997439861297607 -0.23347371816635132 -0.59545129537582397 -2.4636211395263672 -0.21299149096012115 -0.5111384391784668 -1.0730183124542236 0.16111239790916443 -0.68045586347579956 -0.7593805193901062 0.057550180703401566
1981.3050000071526 -0.23668186366558075 -1.4499988555908203 0.41483011841773987 0.29355514049530029 -2.2836716175079346 -0.15271921455860138 0.29275214672088623 -2.5621318817138672 -0.1573602706193924 -0.54996341466903687 -2.3447797298431396 -0.28830575942993164 -0.701823890209198 -2.6309988498687744 -0.27985212206840515 -0.66302311420440674 -1.271690845489502 0.13842032849788666 -0.82949697971343994 -0.96891570091247559 0.043628063052892685
