113.85190000385046 0.2478136271238327 -0.65473669767379761 0.55005532503128052 -0.019728118553757668 -0.85687822103500366 0.36136740446090698 -0.063701041042804718 -0.822379469871521 0.6171107292175293 -0.2541329562664032 -0.80299055576324463 0.26012229919433594 -0.25573888421058655 -0.74075859785079956 0.54301661252975464 -0.38332852721214294 -0.59927076101303101 0.53288960456848145 -0.46802139282226563 -0.41925647854804993 0.31669393181800842
113.85190000385046 0.44143280386924744 -2.0242147445678711 0.98309779167175293 0.48433735966682434 -2.7794713973999023 -0.54100513458251953 0.38840934634208679 -2.905174732208252 -0.21992731094360352 -0.32754182815551758 -2.5660040378570557 -0.054708361625671387 -0.34548115730285645 -2.5198264122009277 0.51900017261505127 -0.50636434555053711 -2.0680797100067139 0.97514402866363525 -0.63037896156311035 -1.64200758934021 0.74445617198944092
210.66580000519753 0.073297455906867981 -1.1100435256958008 0.34032416343688965 0.34438428282737732 -1.5764387845993042 -0.66648465394973755 0.3308086097240448 -1.7503074407577515 -0.61025601625442505 -0.16973128914833069 -1.6088250875473022 -0.65491044521331787 -0.23521846532821655 -1.7619470357894897 -0.50013208389282227 -0.27269172668457031 -1.1216245889663696 0.17827925086021423 -0.35770085453987122 -0.89050024747848511 0.080757856369018555
210.66580000519753 0.022785095497965813 -1.0767139196395874 0.33641913533210754 0.34847688674926758 -1.609316349029541 -0.47707080841064453 0.34053507447242737 -1.8082404136657715 -0.45725536346435547 -0.1955157071352005 -1.6762065887451172 -0.51370918750762939 -0.29952076077461243 -1.8760273456573486 -0.42344802618026733 -0.31815749406814575 -0.98191499710083008 0.22590459883213043 -0.42433443665504456 -0.81213784217834473 0.096883133053779602
272.28410000354052 0.024637451395392418 -1.4127329587936401 0.26225793361663818 0.43964621424674988 -2.0063967704772949 -0.74953711032867432 0.43813055753707886 -2.2498073577880859 -0.75757449865341187 -0.23630113899707794 -2.0253431797027588 -0.77147167921066284 -0.36738881468772888 -2.2582077980041504 -0.70786529779434204 -0.34878548979759216 -1.2654160261154175 0.14238452911376953 -0.44796699285507202 -1.055793285369873 0.028365828096866608
272.28410000354052 0.013260248117148876 -1.2319269180297852 0.23705591261386871 0.38332587480545044 -1.7984559535980225 -0.60816323757171631 0.37705117464065552 -2.0255453586578369 -0.60026651620864868 -0.20655046403408051 -1.8408805131912231 -0.66134780645370483 -0.33202183246612549 -2.0585587024688721 -0.58898848295211792 -0.36288085579872131 -1.0749622583389282 0.12321098148822784 -0.45679613947868347 -0.9073602557182312 -0.014971530996263027
347.87200000137091 0.015279914252460003 -1.2809160947799683 0.31709030270576477 0.38477239012718201 -1.8374826908111572 -0.50880336761474609 0.37629222869873047 -2.0516250133514404 -0.48369067907333374 -0.16841603815555573 -1.8844956159591675 -0.54948097467422485 -0.27301004528999329 -2.087310791015625 -0.429645836353302 -0.3320477306842804 -1.2039320468902588 0.24143074452877045 -0.43021324276924133 -0.98587000370025635 0.11584874987602234
347.87200000137091 0.014795126393437386 -1.2952724695205688 0.31698119640350342 0.38416478037834167 -1.8516541719436646 -0.50863796472549438 0.37568739056587219 -2.065725564956665 -0.48353362083435059 -0.16883975267410278 -1.8986512422561646 -0.54930204153060913 -0.2733989953994751 -2.1013989448547363 -0.42950674891471863 -0.3324170708656311 -1.2183140516281128 0.24134677648544312 -0.43054994940757751 -1.0003244876861572 0.11580652743577957
419.76569999754429 0.01465221494436264 -1.2827609777450562 0.31391936540603638 0.38045403361320496 -1.8337684869766235 -0.50372487306594849 0.37205851078033447 -2.0457718372344971 -0.47886303067207336 -0.16720888018608093 -1.8803116083145142 -0.54399615526199341 -0.27075815200805664 -2.0811009407043457 -0.42535799741744995 -0.32920613884925842 -1.2065459489822388 0.23901551961898804 -0.4263911247253418 -0.99066203832626343 0.11468791216611862
419.76569999754429 0.028412401676177979 -1.2683504819869995 0.30680832266807556 0.37300142645835876 -1.8358218669891357 -0.50386190414428711 0.35605955123901367 -2.0570199489593506 -0.48234906792640686 -0.17961899936199188 -1.8673069477081299 -0.56105536222457886 -0.29796013236045837 -2.0807259082794189 -0.47363132238388062 -0.33211535215377808 -1.144005298614502 0.21267716586589813 -0.42757749557495117 -0.94438332319259644 0.080887638032436371
480.99469999223948 -0.001545799314044416 -1.326712965965271 0.28161343932151794 0.3799121081829071 -1.920116662979126 -0.57785618305206299 0.36399227380752563 -2.1455786228179932 -0.56300646066665649 -0.20542539656162262 -1.93084716796875 -0.59995299577713013 -0.32809978723526001 -2.1411561965942383 -0.50844454765319824 -0.3191344141960144 -1.1868847608566284 0.24056167900562286 -0.40621647238731384 -0.97676068544387817 0.11536948382854462
480.99469999223948 0.049169939011335373 -1.2173668146133423 0.30846169590950012 0.39291948080062866 -1.8474005460739136 -0.6635316014289856 0.38607460260391235 -2.0796172618865967 -0.66606098413467407 -0.16200892627239227 -1.8764190673828125 -0.68830043077468872 -0.25662234425544739 -2.1054627895355225 -0.60973083972930908 -0.32493707537651062 -1.2455639839172363 0.15168866515159607 -0.43020486831665039 -1.0185649394989014 0.051245972514152527
540.05059999972582 0.00074504152871668339 -1.350826621055603 0.36613923311233521 0.38403305411338806 -1.9628375768661499 -0.59188652038574219 0.37783297896385193 -2.180530309677124 -0.57285445928573608 -0.23948583006858826 -1.9821847677230835 -0.58515399694442749 -0.34448197484016418 -2.1882987022399902 -0.48133200407028198 -0.34112751483917236 -1.2177982330322266 0.23433268070220947 -0.44713103771209717 -0.98923969268798828 0.098939411342144012
540.05059999972582 -0.0018842547433450818 -1.3226289749145508 0.35966065526008606 0.37461131811141968 -1.923794150352478 -0.58138746023178101 0.36852112412452698 -2.1376290321350098 -0.56269264221191406 -0.23785784840583801 -1.9427982568740845 -0.57477420568466187 -0.34099334478378296 -2.1452598571777344 -0.4727921187877655 -0.33769834041595459 -1.1919580698013306 0.23018991947174072 -0.44182327389717102 -0.96744990348815918 0.097196027636528015
603.48880000412464 0.032640106976032257 -1.4017578363418579 0.38489699363708496 0.36682969331741333 -1.929341197013855 -0.64005768299102783 0.35786178708076477 -2.1454155445098877 -0.61505359411239624 -0.22248095273971558 -1.941624641418457 -0.56412982940673828 -0.30494210124015808 -2.1347222328186035 -0.44774994254112244 -0.33231708407402039 -1.2489767074584961 0.2168457955121994 -0.44061881303787231 -1.0083287954330444 0.12322532385587692
603.48880000412464 0.079668231308460236 -1.3732079267501831 0.25902429223060608 0.432535320520401 -1.951362133026123 -0.76141661405563354 0.4033072292804718 -2.1776027679443359 -0.736541748046875 -0.17134083807468414 -1.9755662679672241 -0.75400662422180176 -0.26389515399932861 -2.1924381256103516 -0.62272071838378906 -0.31997588276863098 -1.3233323097229004 0.058857660740613937 -0.41964933276176453 -1.0172902345657349 -0.02379458025097847
664.60159999877214 0.061827484518289566 -1.1888053417205811 0.33936160802841187 0.42399734258651733 -1.8319051265716553 -0.58148658275604248 0.42040345072746277 -2.0525281429290771 -0.57165664434432983 -0.13086248934268951 -1.8863735198974609 -0.60363054275512695 -0.2086566835641861 -2.1033587455749512 -0.51240307092666626 -0.27947080135345459 -1.1492705345153809 0.21445021033287048 -0.39885661005973816 -0.92781102657318115 0.098280817270278931
664.60159999877214 0.057453636080026627 -1.2368252277374268 0.3509996235370636 0.43204221129417419 -1.9019767045974731 -0.60142415761947632 0.42832505702972412 -2.130164623260498 -0.59125715494155884 -0.14184361696243286 -1.9583128690719604 -0.62432742118835449 -0.22230534255504608 -2.1827383041381836 -0.52997183799743652 -0.29554766416549683 -1.1959347724914551 0.22180506587028503 -0.41902714967727661 -0.96688145399093628 0.10165224969387054
724.18910000473261 0.01546370517462492 -1.2772285938262939 0.35472327470779419 0.38813748955726624 -1.8879740238189697 -0.55603963136672974 0.37314298748970032 -2.1140446662902832 -0.54227864742279053 -0.17250272631645203 -1.9224209785461426 -0.58948063850402832 -0.26641097664833069 -2.1373038291931152 -0.49013620615005493 -0.31903126835823059 -1.1740884780883789 0.2057412713766098 -0.43157714605331421 -0.92136603593826294 0.11339936405420303
724.18910000473261 0.068463407456874847 -1.3574804067611694 0.37632504105567932 0.37387537956237793 -1.9660439491271973 -0.58342313766479492 0.34647279977798462 -2.1874957084655762 -0.55414915084838867 -0.19949346780776978 -1.9804307222366333 -0.58291667699813843 -0.29013967514038086 -2.183436393737793 -0.46495503187179565 -0.30713793635368347 -1.2566983699798584 0.22118932008743286 -0.41501578688621521 -0.9785047173500061 0.14184994995594025
788.56509999930859 0.081999137997627258 -1.3392179012298584 0.37366965413093567 0.38525450229644775 -1.9434840679168701 -0.57930147647857666 0.35804539918899536 -2.163372278213501 -0.55023413896560669 -0.18406561017036438 -1.9577693939208984 -0.57879853248596191 -0.27407172322273254 -2.1593413352966309 -0.46166989207267761 -0.29094997048377991 -1.239147424697876 0.21962937712669373 -0.39806604385375977 -0.96291834115982056 0.14085023105144501
788.56509999930859 0.08250010758638382 -1.3473998308181763 0.37595257163047791 0.38760820031166077 -1.9553576707839966 -0.5828406810760498 0.36023285984992981 -2.1765892505645752 -0.55359584093093872 -0.18519015610218048 -1.9697303771972656 -0.58233469724655151 -0.27574616670608521 -2.1725337505340576 -0.46449047327041626 -0.29272753000259399 -1.2467180490493774 0.22097119688987732 -0.40049803256988525 -0.96880125999450684 0.14171075820922852
853.38600000739098 0.074011817574501038 -1.3876402378082275 0.2661440372467041 0.40058544278144836 -1.9351916313171387 -0.74035888910293579 0.36777889728546143 -2.1763155460357666 -0.73010730743408203 -0.17990386486053467 -1.9578162431716919 -0.74795490503311157 -0.27862250804901123 -2.1811385154724121 -0.66893571615219116 -0.28929689526557922 -1.1862136125564575 0.020275123417377472 -0.4140021800994873 -0.93066489696502686 -0.065525554120540619
853.38600000739098 0.090635702013969421 -1.3154424428939819 0.29587516188621521 0.38111734390258789 -1.8177907466888428 -0.65664726495742798 0.36479201912879944 -2.0395233631134033 -0.64808446168899536 -0.19898058474063873 -1.8338172435760498 -0.61248689889907837 -0.28255194425582886 -2.0394830703735352 -0.52384805679321289 -0.26252996921539307 -1.1246340274810791 0.11142821609973907 -0.364969402551651 -0.87864404916763306 0.02712026983499527
920.78739999979734 0.030738983303308487 -1.3473963737487793 0.23675920069217682 0.4024474024772644 -1.943645715713501 -0.69029140472412109 0.39009284973144531 -2.1679849624633789 -0.67332512140274048 -0.13593985140323639 -1.9773677587509155 -0.71063417196273804 -0.21041102707386017 -2.1894686222076416 -0.6071702241897583 -0.2930438220500946 -1.1926056146621704 0.15013648569583893 -0.40459340810775757 -0.94458931684494019 0.069642148911952972
920.78739999979734 0.048172097653150558 -1.2926664352416992 0.24124237895011902 0.40058049559593201 -1.8689647912979126 -0.7112688422203064 0.39299303293228149 -2.0896584987640381 -0.7004932165145874 -0.16491894423961639 -1.8875793218612671 -0.70587664842605591 -0.25154495239257813 -2.0994772911071777 -0.61841887235641479 -0.26371875405311584 -1.138440728187561 0.12028565257787704 -0.36668059229850769 -0.90958088636398315 0.027076359838247299
985.10790000110865 -0.0065909228287637234 -1.2874985933303833 0.24060165882110596 0.34488502144813538 -1.8622721433639526 -0.70938926935195923 0.33731761574745178 -2.0823819637298584 -0.69864213466644287 -0.21911813318729401 -1.8808375597000122 -0.70401132106781006 -0.30551496148109436 -2.092174768447876 -0.61678493022918701 -0.31765651702880859 -1.1336811780929565 0.11996497958898544 -0.42034593224525452 -0.9054267406463623 0.02700231596827507
985.10790000110865 0.01955048181116581 -1.2653657197952271 0.30766835808753967 0.36198288202285767 -1.8366378545761108 -0.67167395353317261 0.36171862483024597 -2.0595624446868896 -0.67228806018829346 -0.20628908276557922 -1.8784210681915283 -0.683788001537323 -0.28712514042854309 -2.0941741466522217 -0.60899770259857178 -0.32233071327209473 -1.1044880151748657 0.09827171266078949 -0.44582024216651917 -0.89968270063400269 -0.0081029804423451424
1045.1387000083923 0.0972294881939888 -1.317721962928772 0.24448171257972717 0.34900307655334473 -1.8569843769073486 -0.791728675365448 0.33275404572486877 -2.0924007892608643 -0.78737354278564453 -0.26051488518714905 -1.8744902610778809 -0.75603324174880981 -0.34643891453742981 -2.0934123992919922 -0.66237407922744751 -0.30654314160346985 -1.1964915990829468 0.069510139524936676 -0.40381938219070435 -0.93811929225921631 -0.0071650464087724686
1045.1387000083923 0.0017293168930336833 -1.2578985691070557 0.21130593121051788 0.35472813248634338 -1.8036503791809082 -0.83486932516098022 0.34725645184516907 -2.0237774848937988 -0.84827286005020142 -0.22799709439277649 -1.831329345703125 -0.79381990432739258 -0.30887430906295776 -2.0479304790496826 -0.70694208145141602 -0.34518712759017944 -1.1255083084106445 0.010519502684473991 -0.45928803086280823 -0.89959555864334106 -0.10498092323541641
1107.5464999973774 -0.0057898783124983311 -1.2012970447540283 0.20356521010398865 0.33430039882659912 -1.7270915508270264 -0.80435323715209961 0.32710191607475281 -1.93916916847229 -0.81726664304733276 -0.22711561620235443 -1.753758430480957 -0.76480495929718018 -0.3050352931022644 -1.962438702583313 -0.68110412359237671 -0.34002017974853516 -1.0737481117248535 0.010121189057826996 -0.44994866847991943 -0.85609650611877441 -0.10115558654069901
1107.5464999973774 -0.011215914040803909 -1.1468441486358643 0.33180606365203857 0.34316271543502808 -1.7356375455856323 -0.5290953516960144 0.34507131576538086 -1.9303963184356689 -0.51927715539932251 -0.18298178911209106 -1.7941421270370483 -0.54341918230056763 -0.24828317761421204 -1.9819376468658447 -0.45129263401031494 -0.31667199730873108 -1.0672236680984497 0.17522571980953217 -0.44620326161384583 -0.85955214500427246 0.06347201019525528
1169.0943000018597 0.092238940298557281 -1.2829523086547852 0.28775456547737122 0.42265334725379944 -1.8506700992584229 -0.71148502826690674 0.44123029708862305 -2.0910725593566895 -0.72497063875198364 -0.17749530076980591 -1.9003324508666992 -0.7588006854057312 -0.26383939385414124 -2.142308235168457 -0.71308338642120361 -0.31018856167793274 -1.1260895729064941 0.073969423770904541 -0.43746364116668701 -0.91270387172698975 -0.039460498839616776
1169.0943000018597 0.056318216025829315 -1.2347921133041382 0.27422067523002625 0.36231651902198792 -1.7873921394348145 -0.73162364959716797 0.36932653188705444 -2.0132064819335938 -0.74304097890853882 -0.18668177723884583 -1.8464517593383789 -0.72422230243682861 -0.25548020005226135 -2.0712504386901855 -0.65006017684936523 -0.32129198312759399 -1.1161258220672607 0.073085777461528778 -0.44358643889427185 -0.89911222457885742 -0.02947508916258812
1235.1988999992609 0.078177951276302338 -1.2585577964782715 0.27790376543998718 0.38828882575035095 -1.8185845613479614 -0.74145901203155518 0.39539307355880737 -2.0474340915679932 -0.75302982330322266 -0.16808795928955078 -1.8784379959106445 -0.73395824432373047 -0.23781104385852814 -2.1062581539154053 -0.65879935026168823 -0.30450728535652161 -1.1382966041564941 0.074065640568733215 -0.42844542860984802 -0.91836637258529663 -0.029873641207814217
1235.1988999992609 0.04205038771033287 -1.2180178165435791 0.25197011232376099 0.40560024976730347 -1.8054028749465942 -0.75432586669921875 0.42726230621337891 -2.0419766902923584 -0.77518343925476074 -0.16538046300411224 -1.8572614192962646 -0.76217782497406006 -0.24428503215312958 -2.0964593887329102 -0.7101096510887146 -0.26869475841522217 -1.0997185707092285 0.14604131877422333 -0.38927391171455383 -0.90495461225509644 0.059606857597827911
1303.77879999578 0.015019887126982212 -1.2903726100921631 0.26963126659393311 0.38178643584251404 -1.8593441247940063 -0.73735123872756958 0.39750000834465027 -2.0969564914703369 -0.76719564199447632 -0.21418711543083191 -1.8975282907485962 -0.77676421403884888 -0.3016924262046814 -2.1359024047851563 -0.73858779668807983 -0.30880066752433777 -1.1178150177001953 0.07602006196975708 -0.42403790354728699 -0.90582066774368286 -0.019545137882232666
1303.77879999578 0.052932821214199066 -1.2378449440002441 0.31534105539321899 0.39878422021865845 -1.8053056001663208 -0.60418754816055298 0.39921188354492188 -2.0391204357147217 -0.60112649202346802 -0.1634666919708252 -1.8592734336853027 -0.65475386381149292 -0.25286400318145752 -2.0783360004425049 -0.58225220441818237 -0.304339200258255 -1.1184004545211792 0.12448659539222717 -0.43027257919311523 -0.88787746429443359 0.030327150598168373
1371.8227000012994 0.073655009269714355 -1.2986423969268799 0.35008451342582703 0.37936127185821533 -1.8779196739196777 -0.63092678785324097 0.3659578263759613 -2.1158351898193359 -0.62341713905334473 -0.19470754265785217 -1.9142149686813354 -0.64405137300491333 -0.28300055861473083 -2.1388740539550781 -0.55485779047012329 -0.35375723242759705 -1.206579327583313 0.090985007584095001 -0.46556535363197327 -0.91780894994735718 -0.0065226186998188496
1371.8227000012994 0.081280961632728577 -1.2490984201431274 0.27070954442024231 0.38185852766036987 -1.8468263149261475 -0.74463033676147461 0.37853062152862549 -2.0785491466522217 -0.74236243963241577 -0.15118731558322906 -1.8913079500198364 -0.73619019985198975 -0.20855358242988586 -2.1169226169586182 -0.65444087982177734 -0.34067967534065247 -1.0979024171829224 0.021327244117856026 -0.48051565885543823 -0.87524574995040894 -0.10101071000099182
1439.6208999976516 0.080521531403064728 -1.2090891599655151 0.26253604888916016 0.37202653288841248 -1.7887753248214722 -0.7221570611000061 0.36879909038543701 -2.0135042667388916 -0.71995764970779419 -0.14492997527122498 -1.8319144248962402 -0.71397167444229126 -0.20056469738483429 -2.0507190227508545 -0.63468986749649048 -0.32870271801948547 -1.0624569654464722 0.020681031048297882 -0.46431794762611389 -0.84652084112167358 -0.097964301705360413
1439.6208999976516 -0.0060309246182441711 -1.1549248695373535 0.23462045192718506 0.37743616104125977 -1.7759116888046265 -0.69403088092803955 0.38057088851928711 -2.0071556568145752 -0.69158756732940674 -0.15114465355873108 -1.8513154983520508 -0.76483380794525146 -0.22851024568080902 -2.0981736183166504 -0.70449477434158325 -0.34056612849235535 -1.0872749090194702 0.043020293116569519 -0.46423187851905823 -0.89536571502685547 -0.0764889195561409
1504.7963000014424 0.020053690299391747 -1.1192764043807983 0.21203924715518951 0.41431835293769836 -1.7436186075210571 -0.7217029333114624 0.41979387402534485 -1.9960483312606812 -0.73609817028045654 -0.14423796534538269 -1.830211877822876 -0.82590168714523315 -0.2322702556848526 -2.0906181335449219 -0.79693162441253662 -0.330494225025177 -1.1719751358032227 -0.010077047161757946 -0.4044530987739563 -0.87266135215759277 -0.02564641460776329
1504.7963000014424 -0.019455842673778534 -1.1886264085769653 0.19986630976200104 0.33899381756782532 -1.7945338487625122 -0.75835168361663818 0.32879498600959778 -2.0167222023010254 -0.75294286012649536 -0.21186049282550812 -1.8450136184692383 -0.7604449987411499 -0.29621955752372742 -2.0687437057495117 -0.67770236730575562 -0.35837101936340332 -1.0850855112075806 0.042787030339241028 -0.47970527410507202 -0.87610572576522827 -0.056939385831356049
1572.950100004673 0.047872677445411682 -1.1413115262985229 0.1056891605257988 0.35041612386703491 -1.7067350149154663 -0.82071936130523682 0.3237135112285614 -1.9381529092788696 -0.80691617727279663 -0.15905614197254181 -1.7576287984848022 -0.79934191703796387 -0.23100696504116058 -1.9908362627029419 -0.70428997278213501 -0.29395267367362976 -1.0370774269104004 -0.074893422424793243 -0.39833846688270569 -0.78763777017593384 -0.1679643988609314
1572.950100004673 0.087116613984107971 -1.0016752481460571 0.065969228744506836 0.4177946150302887 -1.6261661052703857 -0.85881060361862183 0.40354838967323303 -1.866473913192749 -0.86411333084106445 -0.097814962267875671 -1.6746363639831543 -0.89865380525588989 -0.17427283525466919 -1.912997841835022 -0.84700357913970947 -0.26466456055641174 -1.0449670553207397 -0.097275055944919586 -0.32598277926445007 -0.722190260887146 -0.083589106798171997
1637.901200003922 0.050768192857503891 -1.0418734550476074 0.067922979593276978 0.39124873280525208 -1.6848764419555664 -0.88427084684371948 0.37658017873764038 -1.9323079586029053 -0.88973075151443481 -0.13964545726776123 -1.7347835302352905 -0.92529517412185669 -0.21836981177330017 -1.9802107810974121 -0.87211382389068604 -0.3114410936832428 -1.0864485502243042 -0.10016047954559326 -0.37457698583602905 -0.75410336256027222 -0.086068823933601379
1637.901200003922 0.06464163213968277 -1.097662091255188 -0.098037049174308777 0.37853085994720459 -1.6598964929580688 -1.0859874486923218 0.35053607821464539 -1.9170864820480347 -1.1077728271484375 -0.19103606045246124 -1.6903878450393677 -1.0250643491744995 -0.28002157807350159 -1.9500563144683838 -0.96853429079055786 -0.34048670530319214 -1.1471210718154907 -0.20529420673847198 -0.31774294376373291 -0.75075453519821167 -0.13741816580295563
1704.3141999989748 0.10114032775163651 -1.0562617778778076 -0.022976003587245941 0.36567202210426331 -1.5560058355331421 -1.0196791887283325 0.35067307949066162 -1.7926452159881592 -1.0550129413604736 -0.18109375238418579 -1.5863990783691406 -0.88589054346084595 -0.25767168402671814 -1.811333179473877 -0.80675876140594482 -0.25862300395965576 -1.0373624563217163 -0.099960409104824066 -0.35624286532402039 -0.82425057888031006 -0.13943199813365936
1706.5935000032187 0.094702653586864471 -1.0308058261871338 -0.055235859006643295 0.38654589653015137 -1.6077786684036255 -1.0747640132904053 0.36296772956848145 -1.8622651100158691 -1.0995784997940063 -0.17194019258022308 -1.653260350227356 -1.0162557363510132 -0.25469627976417542 -1.9163284301757813 -0.95127427577972412 -0.3120078444480896 -1.0473233461380005 -0.18234983086585999 -0.39487260580062866 -0.83266383409500122 -0.18710125982761383
1769.6094000041485 0.10879850387573242 -0.93732404708862305 -0.077366963028907776 0.403105229139328 -1.550879955291748 -0.98940736055374146 0.4020046591758728 -1.8092459440231323 -1.032896876335144 -0.15380628407001495 -1.6213823556900024 -1.0168341398239136 -0.24470219016075134 -1.8911762237548828 -1.0190056562423706 -0.29414859414100647 -0.99109762907028198 -0.20016171038150787 -0.39216795563697815 -0.80924540758132935 -0.18221557140350342
1771.6600999981165 0.13100364804267883 -0.97392356395721436 -0.08072374016046524 0.43807142972946167 -1.6140830516815186 -1.032309889793396 0.43692314624786377 -1.8836517333984375 -1.0776849985122681 -0.14298759400844574 -1.6876424551010132 -1.0609258413314819 -0.23782472312450409 -1.9691344499588013 -1.0631915330886841 -0.28941512107849121 -1.0300288200378418 -0.20884284377098083 -0.39168453216552734 -0.84029144048690796 -0.19011856615543365
1839.9936000034213 0.10358093678951263 -0.9004865288734436 -0.099105596542358398 0.47898325324058533 -1.5845878124237061 -1.0424345731735229 0.4868757426738739 -1.8595098257064819 -1.1080573797225952 -0.10445345938205719 -1.6762094497680664 -1.082796573638916 -0.18476131558418274 -1.9583142995834351 -1.0956242084503174 -0.33022981882095337 -1.0673547983169556 -0.2448803037405014 -0.39153009653091431 -0.79859757423400879 -0.20512953400611877
1839.9936000034213 0.084327429533004761 -0.82322931289672852 -0.15488927066326141 0.46117988228797913 -1.513832688331604 -1.0584028959274292 0.48155084252357483 -1.7868578433990479 -1.1403645277023315 -0.10917140543460846 -1.6305077075958252 -1.1001193523406982 -0.17924180626869202 -1.9223295450210571 -1.1368297338485718 -0.3183271586894989 -1.0488855838775635 -0.26222255825996399 -0.39162427186965942 -0.81257998943328857 -0.21216090023517609
1901.5516999959946 0.11548730731010437 -0.87769734859466553 -0.13431735336780548 0.44990107417106628 -1.5272243022918701 -1.0665770769119263 0.44670876860618591 -1.7940921783447266 -1.1275463104248047 -0.084009230136871338 -1.6119070053100586 -1.0481618642807007 -0.14665250480175018 -1.8833214044570923 -1.0375974178314209 -0.32143935561180115 -1.1105897426605225 -0.24309878051280975 -0.3910103440284729 -0.86342412233352661 -0.19008275866508484
1901.5516999959946 0.088210344314575195 -0.97751963138580322 -0.1329772025346756 0.411945641040802 -1.5949692726135254 -1.1606009006500244 0.39904430508613586 -1.8706555366516113 -1.2236489057540894 -0.15187108516693115 -1.6590709686279297 -1.0872821807861328 -0.23561950027942657 -1.9415689706802368 -1.0609563589096069 -0.30355355143547058 -1.0869086980819702 -0.1399289071559906 -0.3707396388053894 -0.90117025375366211 -0.085478067398071289
1965.3072000071406 0.095784969627857208 -1.028364896774292 -0.13505172729492188 0.42457583546638489 -1.6554569005966187 -1.1787230968475342 0.41147303581237793 -1.9354482889175415 -1.2427557706832886 -0.14804565906524658 -1.7205594778060913 -1.1042594909667969 -0.23310193419456482 -2.0074694156646729 -1.0775225162506104 -0.30209687352180481 -1.1394622325897217 -0.14211200177669525 -0.37033215165138245 -0.95082318782806396 -0.08681083470582962
1965.3072000071406 0.11839298903942108 -0.95798957347869873 -0.098603658378124237 0.44535231590270996 -1.6032712459564209 -1.0980947017669678 0.45526215434074402 -1.8916511535644531 -1.1772803068161011 -0.1569630354642868 -1.6852277517318726 -1.1105698347091675 -0.2415166050195694 -1.9772719144821167 -1.1311931610107422 -0.36968284845352173 -1.2076075077056885 -0.24662551283836365 -0.35828089714050293 -0.81168800592422485 -0.11339548975229263
