49.660100013017654 -0.91125547885894775 -1.1298220157623291 0.33631429076194763 -0.91819542646408081 -1.2482912540435791 0.21309749782085419 -1.1830878257751465 -1.2693853378295898 0.1601715087890625 -1.0568745136260986 -1.1342558860778809 -0.0070326966233551502 -1.3273234367370605 -1.1002150774002075 -0.078613460063934326 -1.0279593467712402 -0.94272589683532715 -0.072042502462863922 -0.88487517833709717 -0.97890955209732056 -0.25872820615768433
49.660100013017654 -0.99768322706222534 -1.1014803647994995 0.49110811948776245 -0.93430191278457642 -1.2024309635162354 0.40808784961700439 -1.1914304494857788 -1.2310932874679565 0.35513290762901306 -1.0366761684417725 -1.1169130802154541 0.1506049633026123 -1.2904394865036011 -1.0828500986099243 0.086133487522602081 -0.98215597867965698 -0.9017975926399231 0.05728599801659584 -0.85267788171768188 -0.94098985195159912 -0.13471914827823639
122.6455000191927 -0.99123656749725342 -1.124686598777771 -0.082178361713886261 -0.92034506797790527 -1.2285565137863159 -0.18549509346485138 -1.2053350210189819 -1.2661303281784058 -0.27453619241714478 -0.9600110650062561 -1.2042838335037231 -0.37046405673027039 -1.2977792024612427 -1.2013598680496216 -0.46657651662826538 -1.0650666952133179 -1.14850914478302 -0.38106998801231384 -0.82302135229110718 -1.134711742401123 -0.44411802291870117
122.6455000191927 -0.9502875804901123 -1.0638169050216675 0.34478941559791565 -0.88304793834686279 -1.1944103240966797 0.26368355751037598 -1.1807087659835815 -1.2284402847290039 0.15176962316036224 -0.90399467945098877 -1.1889888048171997 0.022163983434438705 -1.235095739364624 -1.1732043027877808 -0.094064034521579742 -1.0574995279312134 -1.1048604249954224 -0.132184699177742 -0.81649446487426758 -1.0994000434875488 -0.27244967222213745
175.81990000605583 -1.1813750267028809 -1.2345489263534546 0.35619765520095825 -0.96581673622131348 -1.3529903888702393 0.28858843445777893 -1.2861177921295166 -1.3912726640701294 0.11675453186035156 -0.9412807822227478 -1.3264532089233398 0.025960788130760193 -1.23531174659729 -1.3036011457443237 -0.1171034500002861 -0.98892158269882202 -1.2096289396286011 -0.18888072669506073 -0.73854213953018188 -1.1900397539138794 -0.32417383790016174
175.81990000605583 -1.032381534576416 -1.0034470558166504 0.22388912737369537 -0.81544792652130127 -1.2043839693069458 0.22736887633800507 -1.1079185009002686 -1.2145260572433472 0.10280635207891464 -0.81924623250961304 -1.1560920476913452 0.006672663614153862 -1.0784786939620972 -1.1255984306335449 -0.068248055875301361 -0.87559521198272705 -1.0654551982879639 -0.15571627020835876 -0.66151320934295654 -1.0439994335174561 -0.33032423257827759
237.73890002071857 -1.1092660427093506 -1.0411568880081177 0.23518314957618713 -0.88138490915298462 -1.2522339820861816 0.23883849382400513 -1.1886148452758789 -1.2628878355026245 0.10798997431993484 -0.88537490367889404 -1.2015049457550049 0.0070049348287284374 -1.1576893329620361 -1.1694725751876831 -0.071696631610393524 -0.94456750154495239 -1.1062941551208496 -0.16357888281345367 -0.71968191862106323 -1.0837557315826416 -0.34699836373329163
237.73890002071857 -1.1694965362548828 -1.0809398889541626 0.33880725502967834 -0.94113212823867798 -1.227963924407959 0.34998074173927307 -1.24526047706604 -1.2380596399307251 0.18544188141822815 -0.93225371837615967 -1.1888422966003418 0.10922535508871078 -1.1901767253875732 -1.143589973449707 0.0038752672262489796 -0.97481375932693481 -1.0762577056884766 -0.089280568063259125 -0.75748735666275024 -1.0718470811843872 -0.23155614733695984
298.64620000123978 -1.1213384866714478 -1.1224403381347656 0.18334320187568665 -0.87054973840713501 -1.3563225269317627 0.17040041089057922 -1.1844915151596069 -1.376984715461731 0.052020296454429626 -0.93303841352462769 -1.30564284324646 -0.067732095718383789 -1.2308199405670166 -1.2958334684371948 -0.1517464816570282 -1.0255533456802368 -1.2227375507354736 -0.22074995934963226 -0.83114397525787354 -1.1688483953475952 -0.4190315306186676
298.64620000123978 -1.1180403232574463 -1.00262451171875 0.22951458394527435 -0.82517260313034058 -1.2415386438369751 0.20703406631946564 -1.1010366678237915 -1.2632207870483398 0.091389179229736328 -0.85699892044067383 -1.2055026292800903 -0.051304001361131668 -1.1223151683807373 -1.181511402130127 -0.15440773963928223 -0.95614826679229736 -1.1152839660644531 -0.23533335328102112 -0.74868535995483398 -1.0777322053909302 -0.41725990176200867
359.05670000612736 -1.1146310567855835 -1.0112460851669312 0.23486091196537018 -0.81493979692459106 -1.25572669506073 0.21185661852359772 -1.0972311496734619 -1.2779141664505005 0.093517303466796875 -0.84750765562057495 -1.2188512086868286 -0.052500464022159576 -1.1190054416656494 -1.1943010091781616 -0.15800641477108002 -0.9489670991897583 -1.1265304088592529 -0.24081747233867645 -0.73667055368423462 -1.0881037712097168 -0.42698273062705994
359.05670000612736 -0.9904671311378479 -1.0318131446838379 0.15997672080993652 -0.84632331132888794 -1.2480034828186035 0.15500777959823608 -1.1278166770935059 -1.267372727394104 0.056913997977972031 -0.88891053199768066 -1.2068631649017334 -0.055059913545846939 -1.1641650199890137 -1.1959527730941772 -0.1310514509677887 -0.96653968095779419 -1.1390962600708008 -0.19601902365684509 -0.73223865032196045 -1.0969358682632446 -0.37812680006027222
410.80120000243187 -0.99816280603408813 -1.0305652618408203 0.3157602846622467 -0.8319966197013855 -1.2123440504074097 0.27696317434310913 -1.1286400556564331 -1.2289797067642212 0.15309233963489532 -0.8843199610710144 -1.202062726020813 0.066292464733123779 -1.159584641456604 -1.1732304096221924 -0.03199462965130806 -0.89676737785339355 -1.0757673978805542 -0.12467925995588303 -0.71755886077880859 -1.0676717758178711 -0.30958417057991028
410.80120000243187 -1.1030018329620361 -1.2157410383224487 0.085776999592781067 -0.90737605094909668 -1.4125522375106812 0.041192568838596344 -1.2317538261413574 -1.4393042325973511 -0.13575088977813721 -0.91176348924636841 -1.3783968687057495 -0.20105825364589691 -1.1981620788574219 -1.35433030128479 -0.33615797758102417 -0.95662862062454224 -1.2834724187850952 -0.40856149792671204 -0.71169930696487427 -1.2725688219070435 -0.57473021745681763
467.82370001077652 -0.92521446943283081 -1.0152002573013306 0.073697894811630249 -0.75712132453918457 -1.1843119859695435 0.03538835421204567 -1.0358456373214722 -1.207298755645752 -0.11665176600217819 -0.7608913779258728 -1.1549636125564575 -0.17276765406131744 -1.0069817304611206 -1.1342843770980835 -0.28885319828987122 -0.7994421124458313 -1.0733990669250488 -0.35106655955314636 -0.58898454904556274 -1.0640300512313843 -0.49384841322898865
467.82370001077652 -0.96789121627807617 -1.0523598194122314 0.071575157344341278 -0.80347323417663574 -1.2033183574676514 0.071910388767719269 -1.0912830829620361 -1.2085568904876709 -0.080135934054851532 -0.79635423421859741 -1.1739343404769897 -0.10021205246448517 -1.0335417985916138 -1.1381658315658569 -0.2027677446603775 -0.79997986555099487 -1.05971360206604 -0.26226183772087097 -0.6032257080078125 -1.0461057424545288 -0.38410639762878418
520.2313000112772 -0.97245597839355469 -1.077012300491333 0.17534059286117554 -0.82338798046112061 -1.2771936655044556 0.11750872433185577 -1.125033974647522 -1.2997668981552124 0.0052441265434026718 -0.86664044857025146 -1.2237902879714966 -0.090759783983230591 -1.1313983201980591 -1.2168283462524414 -0.16938215494155884 -0.93534362316131592 -1.1351422071456909 -0.22284869849681854 -0.73626357316970825 -1.1121331453323364 -0.4119226336479187
522.67630000412464 -0.92546945810317993 -0.96958792209625244 0.16671441495418549 -0.78372770547866821 -1.159930944442749 0.11172479391098022 -1.0705487728118896 -1.1813948154449463 0.0049776211380958557 -0.82485443353652954 -1.1091521978378296 -0.086308017373085022 -1.0766004323959351 -1.1025325059890747 -0.16106636822223663 -0.89018112421035767 -1.0248608589172363 -0.21190521121025085 -0.7008851170539856 -1.0029826164245605 -0.3916868269443512
577.2649000287056 -0.97905576229095459 -1.1139165163040161 0.70042473077774048 -0.74865841865539551 -1.2187874317169189 0.73148870468139648 -1.0291389226913452 -1.2396676540374756 0.61266404390335083 -0.78536480665206909 -1.1679943799972534 0.37288087606430054 -1.0522408485412598 -1.1288002729415894 0.24529516696929932 -0.90834158658981323 -1.0414061546325684 0.11727242916822433 -0.6922001838684082 -1.0406389236450195 -0.059594020247459412
577.2649000287056 -0.9702109694480896 -1.2499871253967285 0.50155645608901978 -0.83711439371109009 -1.3679125308990479 0.50601798295974731 -1.1522892713546753 -1.3842223882675171 0.36959773302078247 -0.82062810659408569 -1.3739914894104004 0.23070652782917023 -1.1320312023162842 -1.3226321935653687 0.10806698352098465 -0.91445785760879517 -1.216917872428894 0.010542582720518112 -0.66985791921615601 -1.2252004146575928 -0.16829806566238403
630.47650000452995 -0.95406705141067505 -1.2290172576904297 0.47690698504447937 -0.82751184701919556 -1.3411468267440796 0.48114922642707825 -1.1271966695785522 -1.3566551208496094 0.35143372416496277 -0.8118358850479126 -1.3469270467758179 0.21936868131160736 -1.1079342365264893 -1.2980920076370239 0.102756567299366 -0.90105408430099487 -1.1975733041763306 0.010025246068835258 -0.66847556829452515 -1.2054487466812134 -0.16002583503723145
630.47650000452995 -0.89380240440368652 -1.2326653003692627 0.6301645040512085 -0.78456664085388184 -1.3304309844970703 0.5826912522315979 -1.018629789352417 -1.3491424322128296 0.50050294399261475 -0.81702649593353271 -1.3269906044006348 0.28313198685646057 -1.0861829519271851 -1.2922196388244629 0.18485818803310394 -0.97607940435409546 -1.2272188663482666 0.059691574424505234 -0.77354037761688232 -1.240338921546936 -0.16541860997676849
691.20600001513958 -0.85702627897262573 -1.2146387100219727 0.51828169822692871 -0.82401245832443237 -1.2651360034942627 0.48490601778030396 -1.0321654081344604 -1.2666367292404175 0.38933044672012329 -0.82974815368652344 -1.2176380157470703 0.26648569107055664 -1.0455541610717773 -1.1736516952514648 0.18308767676353455 -0.89863383769989014 -1.0752801895141602 0.029569255188107491 -0.722584068775177 -1.1141289472579956 -0.18340989947319031
691.20600001513958 -0.8640667200088501 -1.1931717395782471 0.50615823268890381 -0.83182519674301147 -1.2424874305725098 0.47356334328651428 -1.0351084470748901 -1.2439532279968262 0.38022372126579285 -0.83742672204971313 -1.1961008310317993 0.26025286316871643 -1.0481841564178467 -1.1531434059143066 0.178805872797966 -0.90470093488693237 -1.0570733547210693 0.028878927230834961 -0.7327696681022644 -1.0950132608413696 -0.17911770939826965
750.41390000283718 -0.89847391843795776 -1.3124018907546997 0.53687113523483276 -0.81466007232666016 -1.3144301176071167 0.55969303846359253 -1.0059225559234619 -1.3101251125335693 0.42128682136535645 -0.85930478572845459 -1.2030047178268433 0.36982208490371704 -1.0096436738967896 -1.1807792186737061 0.29073500633239746 -0.76276272535324097 -0.96622729301452637 0.14696213603019714 -0.69197648763656616 -1.0774385929107666 -0.16544206440448761
750.41390000283718 -0.65626978874206543 -1.1014002561569214 -0.22714826464653015 -0.74687331914901733 -1.2198059558868408 -0.31992724537849426 -0.94937372207641602 -1.1835923194885254 -0.37803426384925842 -0.74249261617660522 -1.146888256072998 -0.22480235993862152 -0.9289129376411438 -1.0771505832672119 -0.24915960431098938 -0.73714089393615723 -0.95293575525283813 -0.12015976756811142 -0.62518912553787231 -1.036007285118103 -0.14539377391338348
827.34149999916553 -0.74277526140213013 -1.0061286687850952 -0.16888636350631714 -0.83931851387023926 -1.0836604833602905 -0.25188454985618591 -1.0204606056213379 -1.0478886365890503 -0.24223272502422333 -0.7919158935546875 -1.0351612567901611 -0.12194128334522247 -0.95603209733963013 -0.96031856536865234 -0.12544733285903931 -0.74357998371124268 -0.83783465623855591 -0.023596188053488731 -0.60450160503387451 -0.89104551076889038 -0.014421619474887848
827.34149999916553 -0.89153885841369629 -1.2415165901184082 0.46681866049766541 -0.85429865121841431 -1.3243651390075684 0.45399290323257446 -1.0010954141616821 -1.2478439807891846 0.44608286023139954 -0.84717631340026855 -1.2566757202148438 0.34223160147666931 -0.99037319421768188 -1.1520334482192993 0.32693213224411011 -0.89528775215148926 -1.0620807409286499 0.22734633088111877 -0.79764777421951294 -1.1268641948699951 0.076968573033809662
903.76569999754429 -0.72391217947006226 -0.9219435453414917 0.5776863694190979 -0.67683207988739014 -0.98623651266098022 0.58468186855316162 -0.81325447559356689 -0.97173213958740234 0.57503098249435425 -0.72834646701812744 -0.93120110034942627 0.34393340349197388 -0.86166596412658691 -0.87757575511932373 0.3255387544631958 -0.85540580749511719 -0.83171796798706055 0.20988017320632935 -0.76627069711685181 -0.88005942106246948 -0.027708819136023521
903.76569999754429 -0.77768421173095703 -1.0587506294250488 0.63643944263458252 -0.75135904550552368 -1.2271151542663574 0.60190510749816895 -0.86426353454589844 -1.181909441947937 0.60004633665084839 -0.76894521713256836 -1.1717821359634399 0.41400489211082458 -0.87700039148330688 -1.1064506769180298 0.40146130323410034 -0.79395079612731934 -0.98499047756195068 0.26560890674591064 -0.74511152505874634 -1.0405830144882202 0.027975577861070633
982.19799999892712 -0.64664369821548462 -0.84945899248123169 0.63124650716781616 -0.64716857671737671 -1.0185307264328003 0.64394021034240723 -0.78850990533828735 -1.0024470090866089 0.61887389421463013 -0.73354035615921021 -0.97347009181976318 0.38673308491706848 -0.87094664573669434 -0.92083448171615601 0.36920303106307983 -0.8897169828414917 -0.87718862295150757 0.26832979917526245 -0.82197791337966919 -0.93869608640670776 0.018951084464788437
982.19799999892712 -0.73039513826370239 -1.0043617486953735 0.66596245765686035 -0.70880275964736938 -1.267015814781189 0.60759282112121582 -0.87983602285385132 -1.2486612796783447 0.61742180585861206 -0.777870774269104 -1.2249107360839844 0.42014539241790771 -0.94827729463577271 -1.1673440933227539 0.43466663360595703 -0.94781863689422607 -1.093777060508728 0.29195073246955872 -0.85952210426330566 -1.0875682830810547 0.09752945601940155
1079.4269000142813 -0.88067334890365601 -1.1688644886016846 0.59721964597702026 -0.79795390367507935 -1.4831748008728027 0.39801678061485291 -1.0011221170425415 -1.4957295656204224 0.36418229341506958 -0.98838496208190918 -1.3671092987060547 0.1996832937002182 -1.1969906091690063 -1.2990442514419556 0.16513390839099884 -1.2184319496154785 -1.2437814474105835 0.05844450369477272 -1.0715965032577515 -1.3005280494689941 -0.15580464899539948
1158.3447000086308 -0.83811491727828979 -1.0209735631942749 0.64429837465286255 -0.85297524929046631 -1.2666752338409424 0.59386003017425537 -1.0094895362854004 -1.2308112382888794 0.57301419973373413 -0.96342790126800537 -1.2251613140106201 0.37586092948913574 -1.1332136392593384 -1.1465139389038086 0.35032737255096436 -1.168660044670105 -1.1351615190505981 0.25573965907096863 -1.0607253313064575 -1.1663810014724731 0.056804761290550232
1158.3447000086308 -0.61144798994064331 -0.80217140913009644 0.52076524496078491 -0.66600906848907471 -1.0282222032546997 0.45836591720581055 -0.80300319194793701 -0.98744285106658936 0.44918060302734375 -0.74555927515029907 -0.97708314657211304 0.29800388216972351 -0.88384276628494263 -0.89740794897079468 0.28642585873603821 -0.88281548023223877 -0.86923849582672119 0.18514305353164673 -0.82873666286468506 -0.96016716957092285 0.011927371844649315
1212.2255000025034 -0.62350863218307495 -0.83858847618103027 0.55947762727737427 -0.68212616443634033 -1.0814453363418579 0.49243918061256409 -0.82930529117584229 -1.0376341342926025 0.48257097601890564 -0.76759058237075806 -1.0265042781829834 0.32015478610992432 -0.91615492105484009 -0.94090551137924194 0.30771598219871521 -0.91505134105682373 -0.91064172983169556 0.19890318810939789 -0.85695195198059082 -1.0083307027816772 0.012809598818421364
1332.2125000059605 -0.57998889684677124 -0.98685753345489502 0.78451389074325562 -0.79669451713562012 -1.1705235242843628 0.60459154844284058 -0.94760853052139282 -1.1012390851974487 0.60858947038650513 -0.95321643352508545 -1.134273886680603 0.41064351797103882 -1.1084572076797485 -1.0367711782455444 0.41916918754577637 -1.2025110721588135 -1.0428096055984497 0.28999269008636475 -1.2056558132171631 -1.2705579996109009 0.081287235021591187
1332.2125000059605 -0.60635221004486084 -0.6920287013053894 0.81314802169799805 -0.59686112403869629 -0.87850987911224365 0.75652766227722168 -0.72808200120925903 -0.85099887847900391 0.74995177984237671 -0.75741368532180786 -0.85578644275665283 0.52658271789550781 -0.89837205410003662 -0.78823280334472656 0.5109560489654541 -0.98476731777191162 -0.75991910696029663 0.36490258574485779 -0.93568378686904907 -0.78506278991699219 0.17657710611820221
1410.6923000067472 -0.60524630546569824 -0.72446876764297485 0.95234620571136475 -0.57443356513977051 -1.0221389532089233 0.88870567083358765 -0.69197863340377808 -0.97305703163146973 0.88158416748046875 -0.78900629281997681 -0.97394698858261108 0.61275434494018555 -0.90085399150848389 -0.88118565082550049 0.59723043441772461 -0.98586922883987427 -0.82703763246536255 0.36924317479133606 -0.94871479272842407 -0.83774411678314209 0.12169660627841949
1410.6923000067472 -0.55685865879058838 -0.67188704013824463 1.0834715366363525 -0.57242101430892944 -0.88723307847976685 1.0903002023696899 -0.6810460090637207 -0.82568323612213135 1.0894210338592529 -0.76096951961517334 -0.86896151304244995 0.79321193695068359 -0.8761785626411438 -0.75799566507339478 0.7862861156463623 -0.98934108018875122 -0.72600871324539185 0.56885695457458496 -0.96411889791488647 -0.76880383491516113 0.33852621912956238
1482.6427000164986 -0.22975422441959381 -0.68529701232910156 1.0982716083526611 -0.3868253231048584 -0.92531853914260864 1.0148181915283203 -0.47119098901748657 -0.87147492170333862 1.0445780754089355 -0.60778713226318359 -0.87623763084411621 0.75508499145507813 -0.68199396133422852 -0.78598558902740479 0.76429331302642822 -0.79947531223297119 -0.7083580493927002 0.52079010009765625 -0.81526237726211548 -0.70010954141616821 0.30573487281799316
1482.6427000164986 -0.46713978052139282 -0.82599717378616333 1.4240599870681763 -0.40948721766471863 -0.91298502683639526 1.5072003602981567 -0.46026790142059326 -0.82956540584564209 1.484224796295166 -0.62120884656906128 -0.86266124248504639 1.0843080282211304 -0.63718020915985107 -0.75476771593093872 1.0040202140808105 -0.71074080467224121 -0.69962453842163086 0.65582209825515747 -0.76517790555953979 -0.68718039989471436 0.38788378238677979
1541.3525000214577 -0.39564892649650574 -0.67840945720672607 1.2540361881256104 -0.3728107213973999 -0.76033306121826172 1.2378562688827515 -0.42113813757896423 -0.68573790788650513 1.2437819242477417 -0.56965082883834839 -0.7408597469329834 0.88618355989456177 -0.60389608144760132 -0.62792831659317017 0.8511955738067627 -0.71045911312103271 -0.605415940284729 0.57591074705123901 -0.75272142887115479 -0.63351666927337646 0.37247845530509949
1653.8428000062704 -0.38755837082862854 -0.39507344365119934 1.0501888990402222 -0.52287554740905762 -0.58228391408920288 0.87031739950180054 -0.67299866676330566 -0.49247422814369202 0.8759770393371582 -0.69949370622634888 -0.53426283597946167 0.64159119129180908 -0.84236103296279907 -0.42299902439117432 0.66281825304031372 -0.96100777387619019 -0.38455000519752502 0.45509213209152222 -0.97429460287094116 -0.5696147084236145 0.2063918262720108
1653.8428000062704 -0.39070612192153931 -1.6330300569534302 2.1799523830413818 -0.75926977396011353 -1.759645938873291 1.8235964775085449 -0.84829628467559814 -1.5772755146026611 1.8903610706329346 -1.1378046274185181 -1.7325136661529541 1.3698477745056152 -1.2580406665802002 -1.5015524625778198 1.4014459848403931 -1.5933136940002441 -1.4844104051589966 0.91666710376739502 -1.7189674377441406 -1.8191361427307129 0.62570244073867798
1828.0903000235558 -0.25070509314537048 -0.36911514401435852 0.52948254346847534 -0.38050404191017151 -0.7733575701713562 0.26254025101661682 -0.54035156965255737 -0.75445264577865601 0.25131317973136902 -0.55316317081451416 -0.69550955295562744 0.027741653844714165 -0.76531034708023071 -0.60705095529556274 0.021339019760489464 -0.81236118078231812 -0.55640959739685059 -0.088299773633480072 -0.663948655128479 -0.51147866249084473 -0.2945079505443573
1910.8049000203609 -1.582916259765625 -2.8394856452941895 1.3707478046417236 -2.1248340606689453 -3.6209564208984375 0.69659525156021118 -2.7064042091369629 -3.4720187187194824 0.60159021615982056 -2.5249457359313965 -3.4581947326660156 0.075809262692928314 -3.2381255626678467 -3.2294547557830811 0.037976577877998352 -3.4169273376464844 -3.2297863960266113 -0.022062916308641434 -3.0363874435424805 -3.1974945068359375 -0.53040224313735962
1910.8049000203609 -0.63627433776855469 -0.94638669490814209 0.49341097474098206 -0.81641203165054321 -1.2759162187576294 0.23172149062156677 -1.0465706586837769 -1.2596529722213745 0.21192660927772522 -0.99740773439407349 -1.1880676746368408 0.007032555527985096 -1.2638968229293823 -1.1402684450149536 0.0056634703651070595 -1.3247469663619995 -1.1135289669036865 -0.04526914656162262 -1.1641616821289063 -1.0731555223464966 -0.22328762710094452
1970.3331999927759 -0.79029941558837891 -1.0259766578674316 0.36854320764541626 -0.9421764612197876 -1.3796032667160034 0.10779658704996109 -1.1929197311401367 -1.3680531978607178 0.10140050947666168 -1.1552867889404297 -1.25957190990448 -0.10818180441856384 -1.4514994621276855 -1.2222702503204346 -0.090281158685684204 -1.5177712440490723 -1.1706281900405884 -0.18027800321578979 -1.325916051864624 -1.1046947240829468 -0.36559894680976868
1970.3331999927759 -1.1792678833007813 -1.0120087862014771 0.055234689265489578 -0.87148755788803101 -1.3243948221206665 -0.051650717854499817 -1.1305943727493286 -1.3191429376602173 -0.054649293422698975 -0.95258808135986328 -1.2289942502975464 -0.24239030480384827 -1.2022353410720825 -1.1782969236373901 -0.25648245215415955 -1.0975492000579834 -0.97589391469955444 -0.24812737107276917 -0.94904166460037231 -0.92947119474411011 -0.36352580785751343
