39.094999983906746 -0.24043025076389313 -1.2392773628234863 0.29778924584388733 0.35563370585441589 -2.1628272533416748 -0.27214440703392029 0.36819732189178467 -2.448411226272583 -0.30024874210357666 -0.38208389282226563 -2.2642552852630615 -0.38950866460800171 -0.50480186939239502 -2.5978796482086182 -0.40984359383583069 -0.51644057035446167 -1.1495505571365356 0.035342663526535034 -0.69347274303436279 -0.7805742621421814 -0.014613387174904346
39.094999983906746 -0.22072458267211914 -1.2190704345703125 0.28225409984588623 0.36139175295829773 -2.1205816268920898 -0.25563675165176392 0.36663118004798889 -2.4122755527496338 -0.28822532296180725 -0.37081998586654663 -2.2153642177581787 -0.38670164346694946 -0.4995664656162262 -2.5597944259643555 -0.4127175509929657 -0.55948257446289063 -1.2391155958175659 -0.013615034520626068 -0.63637113571166992 -0.72423720359802246 -0.018819373100996017
99.936600014567375 -0.21537280082702637 -1.1751769781112671 0.33789792656898499 0.36919593811035156 -2.14774489402771 -0.21360258758068085 0.37739509344100952 -2.4289956092834473 -0.23904970288276672 -0.36698442697525024 -2.2430903911590576 -0.33668455481529236 -0.48230797052383423 -2.5771636962890625 -0.35426110029220581 -0.57489371299743652 -1.3000196218490601 0.0018228621920570731 -0.62861984968185425 -0.70448404550552368 0.010042165406048298
99.936600014567375 -0.23651978373527527 -1.2106289863586426 0.30528688430786133 0.40836399793624878 -2.150343656539917 -0.21935631334781647 0.41749182343482971 -2.4409639835357666 -0.25048702955245972 -0.27682521939277649 -2.2260942459106445 -0.3722635805606842 -0.38233575224876404 -2.5590381622314453 -0.3946412205696106 -0.58950060606002808 -1.464038610458374 -0.06983165442943573 -0.56627047061920166 -0.69430834054946899 0.003616817994043231
164.23479999601841 -0.24865929782390594 -1.2122006416320801 0.3110077977180481 0.40830346941947937 -2.1695165634155273 -0.22346225380897522 0.41760221123695374 -2.4655804634094238 -0.25517606735229492 -0.28971970081329346 -2.2466862201690674 -0.37923356890678406 -0.39720651507377625 -2.5858662128448486 -0.40203031897544861 -0.60825163125991821 -1.4703569412231445 -0.071136929094791412 -0.58458638191223145 -0.68620914220809937 0.0036872699856758118
164.23479999601841 -0.25277355313301086 -1.2322573661804199 0.31615364551544189 0.41505914926528931 -2.2054128646850586 -0.22715960443019867 0.42451176047325134 -2.5063753128051758 -0.25939813256263733 -0.29451331496238708 -2.2838592529296875 -0.38550823926925659 -0.40377858281135559 -2.6286513805389404 -0.4086821973323822 -0.61831557750701904 -1.4946850538253784 -0.072313942015171051 -0.59425878524780273 -0.69756293296813965 0.0037482785992324352
222.91839998960495 -0.2243535965681076 -1.1465293169021606 0.26196223497390747 0.40872550010681152 -2.1845741271972656 -0.29776507616043091 0.41550171375274658 -2.4963102340698242 -0.32253438234329224 -0.36559575796127319 -2.2381317615509033 -0.43475288152694702 -0.4824499785900116 -2.5973694324493408 -0.44702234864234924 -0.71306765079498291 -1.5216478109359741 -0.078275009989738464 -0.58573693037033081 -0.65863072872161865 0.033647317439317703
222.91839998960495 -0.20323114097118378 -1.2557607889175415 0.2430538535118103 0.45400720834732056 -2.278935432434082 -0.35772597789764404 0.44957020878791809 -2.6193604469299316 -0.39466202259063721 -0.35893368721008301 -2.2833645343780518 -0.51181572675704956 -0.48461133241653442 -2.6592798233032227 -0.52629303932189941 -0.73970538377761841 -1.5998928546905518 -0.11775105446577072 -0.55299919843673706 -0.65987485647201538 0.031548045575618744
284.00779999792576 -0.21258373558521271 -1.2234127521514893 0.23324210941791534 0.41812905669212341 -2.2052931785583496 -0.34329080581665039 0.41387113928794861 -2.5319788455963135 -0.37873616814613342 -0.36200228333473206 -2.2095434665679932 -0.49116161465644836 -0.48260766267776489 -2.5702869892120361 -0.50505465269088745 -0.72740644216537476 -1.5536559820175171 -0.11300104111433029 -0.54823547601699829 -0.65157628059387207 0.030272485688328743
284.00779999792576 -0.25289461016654968 -1.1984280347824097 0.23307698965072632 0.40897247195243835 -2.144775390625 -0.31361231207847595 0.42426210641860962 -2.4567930698394775 -0.35005569458007813 -0.33558198809623718 -2.1971657276153564 -0.47832542657852173 -0.44614171981811523 -2.5504722595214844 -0.49911409616470337 -0.76078754663467407 -1.6724518537521362 -0.17364953458309174 -0.62301325798034668 -0.66445702314376831 0.0044420366175472736
343.17570000886917 -0.18101042509078979 -1.2736774682998657 0.21803869307041168 0.45411390066146851 -2.1933038234710693 -0.36916422843933105 0.44731956720352173 -2.5134482383728027 -0.40509492158889771 -0.33085912466049194 -2.2226641178131104 -0.50810480117797852 -0.46139925718307495 -2.5917909145355225 -0.5135955810546875 -0.69017446041107178 -1.5534167289733887 -0.074890002608299255 -0.56180888414382935 -0.72940760850906372 0.046124547719955444
343.17570000886917 -0.22862797975540161 -1.1933581829071045 0.21570463478565216 0.43195569515228271 -2.1578538417816162 -0.36603567004203796 0.43157091736793518 -2.4588384628295898 -0.3977532684803009 -0.34783878922462463 -2.2086951732635498 -0.49288523197174072 -0.47604286670684814 -2.5580418109893799 -0.502238929271698 -0.62596625089645386 -1.4184657335281372 -0.041142385452985764 -0.56080496311187744 -0.69892513751983643 0.04617903009057045
417.56089998781681 -0.17426350712776184 -1.1539745330810547 0.21339835226535797 0.4792618453502655 -2.1081645488739014 -0.36212605237960815 0.47888118028640747 -2.405933141708374 -0.39350473880767822 -0.29220056533813477 -2.1584627628326416 -0.48762023448944092 -0.41903477907180786 -2.5040767192840576 -0.49687397480010986 -0.56735622882843018 -1.3766769170761108 -0.040704257786273956 -0.50289124250411987 -0.66482448577880859 0.045684132725000381
417.56089998781681 -0.21486501395702362 -1.2134590148925781 0.20621092617511749 0.48716217279434204 -2.1397309303283691 -0.31766679883003235 0.49012821912765503 -2.4453918933868408 -0.35121312737464905 -0.25453343987464905 -2.1658086776733398 -0.4580085277557373 -0.37330451607704163 -2.5099430084228516 -0.46953770518302917 -0.68417859077453613 -1.5877320766448975 -0.12784610688686371 -0.50690966844558716 -0.65284973382949829 0.03413086012005806
474.9362999945879 -0.19334429502487183 -1.3084093332290649 0.21297153830528259 0.50378447771072388 -2.1784415245056152 -0.31666481494903564 0.50877654552459717 -2.4956903457641602 -0.35724583268165588 -0.25764921307563782 -2.1973557472229004 -0.46220269799232483 -0.38537013530731201 -2.5555732250213623 -0.47981235384941101 -0.66063576936721802 -1.5746500492095947 -0.094188638031482697 -0.45774015784263611 -0.64077240228652954 0.071601711213588715
474.9362999945879 -0.18195566534996033 -1.2696739435195923 0.21981941163539886 0.47983261942863464 -2.1941661834716797 -0.31519189476966858 0.47865861654281616 -2.5127015113830566 -0.35624346137046814 -0.31295499205589294 -2.230121374130249 -0.44461023807525635 -0.45878976583480835 -2.5914537906646729 -0.4671052098274231 -0.57719027996063232 -1.4561324119567871 -0.030896205455064774 -0.46870589256286621 -0.66120016574859619 0.08300800621509552
538.77430000901222 -0.15857400000095367 -1.2421287298202515 0.21475403010845184 0.48797386884689331 -2.1453306674957275 -0.30793642997741699 0.48682686686515808 -2.4565305709838867 -0.34804257750511169 -0.28655654191970825 -2.1804578304290771 -0.4343743622303009 -0.42903286218643188 -2.5334692001342773 -0.45635128021240234 -0.54470670223236084 -1.4242931604385376 -0.030187809839844704 -0.43872061371803284 -0.64766758680343628 0.081093281507492065
538.77430000901222 -0.18254239857196808 -1.2179766893386841 0.26572412252426147 0.49993675947189331 -2.1417677402496338 -0.27256518602371216 0.52298164367675781 -2.4474084377288818 -0.31428897380828857 -0.28050097823143005 -2.1785376071929932 -0.41652259230613708 -0.40362235903739929 -2.5357105731964111 -0.44840836524963379 -0.66647237539291382 -1.5692942142486572 -0.068974629044532776 -0.48961356282234192 -0.6618119478225708 0.096503466367721558
595.98990000784397 -0.2538047730922699 -1.2160475254058838 0.30264276266098022 0.4126276969909668 -2.1625418663024902 -0.20173043012619019 0.45570626854896545 -2.4383182525634766 -0.24750900268554688 -0.36103034019470215 -2.1857080459594727 -0.28923425078392029 -0.4654771089553833 -2.5071849822998047 -0.32341724634170532 -0.57090979814529419 -1.4625105857849121 0.044353358447551727 -0.43673136830329895 -0.64732742309570313 0.17305636405944824
595.98990000784397 -0.21089743077754974 -1.1668020486831665 0.27931508421897888 0.38606551289558411 -2.0386736392974854 -0.22641170024871826 0.42985615134239197 -2.3157341480255127 -0.26488551497459412 -0.37466517090797424 -2.0706934928894043 -0.33355644345283508 -0.47974070906639099 -2.3933143615722656 -0.36475482583045959 -0.51859110593795776 -1.2825543880462646 0.06129465252161026 -0.44378241896629333 -0.6227143406867981 0.13881546258926392
662.14579999446869 -0.17187675833702087 -1.2164188623428345 0.29120129346847534 0.45049622654914856 -2.1254022121429443 -0.2360520213842392 0.49615085124969482 -2.4142558574676514 -0.2761634886264801 -0.34261536598205566 -2.1587851047515869 -0.34775742888450623 -0.45216348767280579 -2.4951386451721191 -0.38028377294540405 -0.49266758561134338 -1.337098240852356 0.06390073150396347 -0.41467458009719849 -0.64917171001434326 0.14472125470638275
662.14579999446869 -0.20019674301147461 -1.1935787200927734 0.32135948538780212 0.4371388852596283 -2.1191208362579346 -0.19971755146980286 0.47147578001022339 -2.4125075340270996 -0.23194469511508942 -0.35175439715385437 -2.1654865741729736 -0.33025109767913818 -0.46329423785209656 -2.5016794204711914 -0.35982385277748108 -0.52502155303955078 -1.3416705131530762 0.068944633007049561 -0.48532134294509888 -0.66362220048904419 0.15038040280342102
722.51960000395775 -0.2448546290397644 -1.2843863964080811 0.24636095762252808 0.47685915231704712 -2.1433725357055664 -0.28937232494354248 0.51798641681671143 -2.4269108772277832 -0.32024139165878296 -0.34405151009559631 -2.1596987247467041 -0.39088419079780579 -0.45974186062812805 -2.4684419631958008 -0.41646537184715271 -0.51266264915466309 -1.3914835453033447 -0.001814385992474854 -0.47250723838806152 -0.68808078765869141 0.11118523776531219
722.51960000395775 -0.22633077204227448 -1.2928644418716431 0.28502592444419861 0.44298473000526428 -2.0734336376190186 -0.21414051949977875 0.49442169070243835 -2.3548614978790283 -0.24259865283966064 -0.31138914823532104 -2.1162333488464355 -0.3123755156993866 -0.41078463196754456 -2.4343180656433105 -0.33312994241714478 -0.44349268078804016 -1.2485129833221436 0.10821975767612457 -0.47903448343276978 -0.72301548719406128 0.15214741230010986
800.15700000524521 -0.20188473165035248 -1.4179973602294922 0.26569840312004089 0.48200079798698425 -2.1864657402038574 -0.22139327228069305 0.54715454578399658 -2.4735715389251709 -0.25128954648971558 -0.31324407458305359 -2.2242820262908936 -0.30008751153945923 -0.41527408361434937 -2.5447044372558594 -0.31981304287910461 -0.47844499349594116 -1.4205789566040039 0.1045970618724823 -0.51412415504455566 -0.81930339336395264 0.16977570950984955
800.15700000524521 -0.08577854186296463 -1.197237491607666 0.52406620979309082 0.35676893591880798 -2.0940072536468506 -0.02639908529818058 0.34201914072036743 -2.3298559188842773 -0.042133346199989319 -0.43745827674865723 -2.1189196109771729 -0.097776360809803009 -0.58153283596038818 -2.3727779388427734 -0.094823978841304779 -0.42274075746536255 -1.0542609691619873 0.23547233641147614 -0.58725875616073608 -0.69288867712020874 0.16244134306907654
860.11380000412464 -0.20546771585941315 -1.4239966869354248 0.43153661489486694 0.33359196782112122 -2.3281791210174561 -0.23947587609291077 0.33489981293678284 -2.6163005828857422 -0.27812469005584717 -0.53458315134048462 -2.3699698448181152 -0.29503509402275085 -0.67568439245223999 -2.6891791820526123 -0.32088413834571838 -0.55772179365158081 -1.2289592027664185 0.096243344247341156 -0.73078221082687378 -0.8949282169342041 0.023757325485348701
860.11380000412464 -0.17105458676815033 -1.3533556461334229 0.37816837430000305 0.2687116265296936 -2.1549618244171143 -0.27508878707885742 0.27578508853912354 -2.4347751140594482 -0.31211835145950317 -0.53426843881607056 -2.2025718688964844 -0.33619049191474915 -0.66532725095748901 -2.5240557193756104 -0.37122172117233276 -0.51893872022628784 -1.1084854602813721 0.078883908689022064 -0.67542695999145508 -0.82922559976577759 0.0094007132574915886
920.0464999973774 -0.24202665686607361 -1.3575922250747681 0.42348027229309082 0.31371372938156128 -2.1718957424163818 -0.20194438099861145 0.32911974191665649 -2.4504344463348389 -0.23723942041397095 -0.48318237066268921 -2.2102055549621582 -0.27990025281906128 -0.61032664775848389 -2.5300517082214355 -0.30593207478523254 -0.51259177923202515 -1.1444933414459229 0.10451000183820724 -0.67884832620620728 -0.81047737598419189 0.029501611366868019
920.0464999973774 -0.28465554118156433 -1.3395370244979858 0.3613821268081665 0.29192113876342773 -2.1773056983947754 -0.22278936207294464 0.31759727001190186 -2.4682905673980713 -0.26046505570411682 -0.50455212593078613 -2.2288892269134521 -0.32345110177993774 -0.64959979057312012 -2.5574746131896973 -0.36333546042442322 -0.54511862993240356 -1.1565779447555542 0.084977440536022186 -0.70522421598434448 -0.82732939720153809 0.021955866366624832
977.61629998683929 -0.24773411452770233 -1.3576695919036865 0.36044454574584961 0.32734775543212891 -2.1932661533355713 -0.22221240401268005 0.35295730829238892 -2.4834966659545898 -0.25979039072990417 -0.46706053614616394 -2.2447161674499512 -0.3226131796836853 -0.61173218488693237 -2.5724494457244873 -0.36239415407180786 -0.5075218677520752 -1.175184965133667 0.084756463766098022 -0.66721236705780029 -0.84679007530212402 0.021898288279771805
977.61629998683929 -0.27482891082763672 -1.2766350507736206 0.35893926024436951 0.33422288298606873 -2.1394002437591553 -0.23979230225086212 0.37637245655059814 -2.4219620227813721 -0.27469092607498169 -0.4893110990524292 -2.1983463764190674 -0.33717900514602661 -0.62361752986907959 -2.5166428089141846 -0.380512535572052 -0.54861235618591309 -1.1474295854568481 0.056623704731464386 -0.6970558762550354 -0.82312071323394775 -0.0085602784529328346
1039.510099992156 -0.22840605676174164 -1.2893480062484741 0.37535706162452698 0.38299775123596191 -2.1344368457794189 -0.20094709098339081 0.42634180188179016 -2.415086030960083 -0.23543703556060791 -0.43457666039466858 -2.1927509307861328 -0.2975427508354187 -0.56205862760543823 -2.5095908641815186 -0.33842706680297852 -0.53294485807418823 -1.1735727787017822 0.07710554450750351 -0.65009665489196777 -0.78922206163406372 0.029709445312619209
1039.510099992156 -0.20448228716850281 -1.302484393119812 0.3786206841468811 0.41223785281181335 -2.154921293258667 -0.20269456505775452 0.4559587836265564 -2.4380109310150146 -0.237484410405159 -0.41244557499885559 -2.2137424945831299 -0.30013015866279602 -0.54103606939315796 -2.5333375930786133 -0.34136995673179626 -0.5116690993309021 -1.1857024431228638 0.077775783836841583 -0.62983953952789307 -0.79800975322723389 0.029967566952109337
1099.279599994421 -0.25034737586975098 -1.3206353187561035 0.35015285015106201 0.40522786974906921 -2.149616003036499 -0.21821205317974091 0.44987070560455322 -2.4364800453186035 -0.25504568219184875 -0.39861097931861877 -2.219804048538208 -0.31731429696083069 -0.53181493282318115 -2.5420224666595459 -0.35696214437484741 -0.51038408279418945 -1.2329401969909668 0.084082677960395813 -0.62009179592132568 -0.83478415012359619 0.05120476707816124
1099.279599994421 -0.16578760743141174 -1.3308440446853638 0.36742198467254639 0.39584609866142273 -2.1701054573059082 -0.24547499418258667 0.43726101517677307 -2.4549839496612549 -0.28121060132980347 -0.40716654062271118 -2.2269914150238037 -0.34990215301513672 -0.53026974201202393 -2.5495154857635498 -0.3923269510269165 -0.49281293153762817 -1.1801797151565552 0.075996637344360352 -0.62509208917617798 -0.82739400863647461 0.03371843695640564
1161.8590999990702 -0.22170346975326538 -1.2627743482589722 0.32877230644226074 0.40634459257125854 -2.1185686588287354 -0.23432102799415588 0.43863242864608765 -2.4026951789855957 -0.27753564715385437 -0.34833782911300659 -2.1712918281555176 -0.34955275058746338 -0.47576907277107239 -2.4955596923828125 -0.39490848779678345 -0.56276142597198486 -1.3361293077468872 0.040476731956005096 -0.5592535138130188 -0.75061649084091187 0.088894933462142944
1161.8590999990702 -0.20766472816467285 -1.3334972858428955 0.3567662239074707 0.39500308036804199 -2.165818452835083 -0.28947189450263977 0.40754354000091553 -2.452528715133667 -0.3280947208404541 -0.37109598517417908 -2.224879264831543 -0.38138067722320557 -0.4942038357257843 -2.5574550628662109 -0.40942209959030151 -0.4613034725189209 -1.2361160516738892 0.059891730546951294 -0.61948591470718384 -0.87901449203491211 0.010142967104911804
1217.7943000048399 -0.25804141163825989 -1.33502197265625 0.35911580920219421 0.34860196709632874 -2.1728334426879883 -0.29138532280921936 0.36122515797615051 -2.4614353179931641 -0.33026295900344849 -0.42255076766014099 -2.2322840690612793 -0.38390040397644043 -0.5464707612991333 -2.5670537948608398 -0.4121268093585968 -0.51335334777832031 -1.2369983196258545 0.060282927006483078 -0.67257928848266602 -0.87754100561141968 0.010205988772213459
1217.7943000048399 -0.20885014533996582 -1.3563288450241089 0.34268295764923096 0.40409308671951294 -2.1803081035614014 -0.306020587682724 0.4162946343421936 -2.4688458442687988 -0.34505107998847961 -0.36968481540679932 -2.2286694049835205 -0.40990087389945984 -0.48747161030769348 -2.5584771633148193 -0.42846214771270752 -0.54375684261322021 -1.316706657409668 0.029397295787930489 -0.60760343074798584 -0.82322359085083008 0.023179968819022179
1277.5593999922276 -0.22671099007129669 -1.3711912631988525 0.33208632469177246 0.36275583505630493 -2.1671876907348633 -0.18717111647129059 0.36579790711402893 -2.4559402465820313 -0.21749638020992279 -0.39518523216247559 -2.2359530925750732 -0.28475791215896606 -0.53292208909988403 -2.5661146640777588 -0.30912473797798157 -0.54966002702713013 -1.3146252632141113 0.076044775545597076 -0.59174835681915283 -0.78829395771026611 0.088031277060508728
1277.5593999922276 -0.18502184748649597 -1.3608614206314087 0.33178457617759705 0.40390771627426147 -2.1561324596405029 -0.1869996041059494 0.40694704651832581 -2.4446218013763428 -0.21729722619056702 -0.35334256291389465 -2.2248351573944092 -0.28449743986129761 -0.49095386266708374 -2.5546956062316895 -0.30884209275245667 -0.50767654180526733 -1.3043469190597534 0.075976401567459106 -0.54972648620605469 -0.7784954309463501 0.087951973080635071
1338.3879999965429 -0.13673299551010132 -1.3308572769165039 0.38775521516799927 0.44759047031402588 -2.1723053455352783 -0.18425343930721283 0.44259849190711975 -2.459542989730835 -0.21314872801303864 -0.28536832332611084 -2.2434544563293457 -0.30825880169868469 -0.40476569533348083 -2.5751659870147705 -0.32681542634963989 -0.49931514263153076 -1.3109633922576904 0.054722260683774948 -0.56346392631530762 -0.78584188222885132 0.04705120250582695
1338.3879999965429 -0.11017473042011261 -1.2764352560043335 0.34356233477592468 0.39963719248771667 -2.1364169120788574 -0.20050895214080811 0.40513715147972107 -2.4238507747650146 -0.22595566511154175 -0.31334081292152405 -2.2004423141479492 -0.31152355670928955 -0.42996585369110107 -2.540294885635376 -0.33221802115440369 -0.50043225288391113 -1.2664585113525391 0.050333369523286819 -0.53131681680679321 -0.71682280302047729 0.060525216162204742
1398.6093999892473 -0.11336604505777359 -1.2883087396621704 0.35799410939216614 0.41857722401618958 -2.1572978496551514 -0.21938146650791168 0.42640680074691772 -2.446577787399292 -0.24896445870399475 -0.28638571500778198 -2.2229392528533936 -0.33500555157661438 -0.3915160596370697 -2.5596787929534912 -0.35679936408996582 -0.62553739547729492 -1.4962055683135986 -0.010055449791252613 -0.55615878105163574 -0.75605934858322144 0.069414891302585602
1398.6093999892473 -0.13666738569736481 -1.2942646741867065 0.36134240031242371 0.40024378895759583 -2.1713695526123047 -0.2214253842830658 0.40814650058746338 -2.4633510112762451 -0.25128465890884399 -0.31130290031433105 -2.2376236915588379 -0.33812928199768066 -0.41741505265235901 -2.5775079727172852 -0.36012661457061768 -0.65362197160720825 -1.5041030645370483 -0.010144433006644249 -0.58359545469284058 -0.75704455375671387 0.070068098604679108
1463.1195000112057 -0.092718645930290222 -1.3288676738739014 0.32309085130691528 0.41206774115562439 -2.1834468841552734 -0.24824397265911102 0.40592247247695923 -2.4889359474182129 -0.28059357404708862 -0.31500807404518127 -2.2151138782501221 -0.37745270133018494 -0.44630903005599976 -2.5781393051147461 -0.4015670120716095 -0.62729597091674805 -1.4472802877426147 -0.043211352080106735 -0.54369610548019409 -0.72669607400894165 0.02126668207347393
1463.1195000112057 -0.16130878031253815 -1.2262814044952393 0.29982402920722961 0.37898209691047668 -2.157421350479126 -0.297463059425354 0.38458755612373352 -2.4645364284515381 -0.33747243881225586 -0.29118001461029053 -2.2379698753356934 -0.44758874177932739 -0.39003422856330872 -2.6065216064453125 -0.48351955413818359 -0.68472391366958618 -1.5883984565734863 -0.12098975479602814 -0.56595855951309204 -0.73176485300064087 0.0002258342137793079
1527.3488000035286 -0.20491190254688263 -1.1929181814193726 0.32095620036125183 0.3576413094997406 -2.1164753437042236 -0.26474085450172424 0.3619561493396759 -2.4222297668457031 -0.29596742987632751 -0.28256440162658691 -2.1684105396270752 -0.39983859658241272 -0.37411332130432129 -2.5268278121948242 -0.41633453965187073 -0.69714808464050293 -1.512804388999939 -0.042897984385490417 -0.60460060834884644 -0.75628668069839478 0.050575222820043564
1527.3488000035286 -0.25580531358718872 -1.2380529642105103 0.32460391521453857 0.31314206123352051 -2.172107458114624 -0.26775041222572327 0.31750598549842834 -2.481337308883667 -0.2993319034576416 -0.33434045314788818 -2.2246332168579102 -0.40438371896743774 -0.42692998051643372 -2.5871243476867676 -0.42106717824935913 -0.75363647937774658 -1.561575174331665 -0.043385978788137436 -0.66003704071044922 -0.79645848274230957 0.051149681210517883
1588.15379999578 -0.15489038825035095 -1.2303851842880249 0.38500869274139404 0.31188672780990601 -2.1452770233154297 -0.21054196357727051 0.30379244685173035 -2.4558773040771484 -0.24155464768409729 -0.30606392025947571 -2.1977019309997559 -0.35160967707633972 -0.4215104877948761 -2.5549900531768799 -0.36937358975410461 -0.62292534112930298 -1.3237458467483521 0.055512081831693649 -0.60426092147827148 -0.73709285259246826 0.087102003395557404
1588.15379999578 -0.2629159688949585 -1.1405936479568481 0.36354687809944153 0.27638363838195801 -2.1038315296173096 -0.17532993853092194 0.28024670481681824 -2.4037044048309326 -0.20523597300052643 -0.3343164324760437 -2.1903519630432129 -0.34049141407012939 -0.44408506155014038 -2.5364573001861572 -0.36567780375480652 -0.6883971095085144 -1.4109102487564087 0.005227748304605484 -0.63736075162887573 -0.68881869316101074 0.074746005237102509
1657.037299990654 -0.18127705156803131 -1.1121681928634644 0.39344960451126099 0.34818825125694275 -2.0300559997558594 -0.11596627533435822 0.38381919264793396 -2.3162617683410645 -0.12759850919246674 -0.29314547777175903 -2.1110656261444092 -0.26493388414382935 -0.38767462968826294 -2.4492089748382568 -0.27459549903869629 -0.6215282678604126 -1.1955568790435791 0.088696859776973724 -0.63477367162704468 -0.70085382461547852 0.085806235671043396
1657.037299990654 -0.22493284940719604 -1.2121154069900513 0.35641860961914063 0.35146024823188782 -2.1007015705108643 -0.25124296545982361 0.38862085342407227 -2.405576229095459 -0.27557083964347839 -0.33421656489372253 -2.1530275344848633 -0.40278157591819763 -0.4328608512878418 -2.5063481330871582 -0.42562535405158997 -0.64585822820663452 -1.1988397836685181 -0.017539640888571739 -0.73822939395904541 -0.81340944766998291 -0.055033881217241287
1729.0085999965668 -0.27960863709449768 -1.2404744625091553 0.36184963583946228 0.30557361245155334 -2.1426105499267578 -0.25507786870002747 0.34330084919929504 -2.4521338939666748 -0.27977672219276428 -0.39055877923965454 -2.1957342624664307 -0.40892723202705383 -0.49070727825164795 -2.5544424057006836 -0.43211936950683594 -0.70695251226425171 -1.2269965410232544 -0.017810922116041183 -0.80073225498199463 -0.83568888902664185 -0.055876899510622025
1729.0085999965668 -0.2400236576795578 -1.227910041809082 0.37054222822189331 0.31999355554580688 -2.1333036422729492 -0.20289555191993713 0.34243002533912659 -2.4467692375183105 -0.22324018180370331 -0.29645410180091858 -2.1910734176635742 -0.39011350274085999 -0.39235076308250427 -2.5419573783874512 -0.4058079719543457 -0.67793840169906616 -1.2965939044952393 -0.021444043144583702 -0.74512118101119995 -0.84367990493774414 -0.046642757952213287
1797.7638999968767 -0.1987590491771698 -1.330443263053894 0.34646198153495789 0.29618135094642639 -2.2004156112670898 -0.26704075932502747 0.31755506992340088 -2.5128357410430908 -0.28880465030670166 -0.39456042647361755 -2.1974408626556396 -0.38346078991889954 -0.51398599147796631 -2.5332491397857666 -0.39540132880210876 -0.5967104434967041 -1.1985378265380859 0.059048425406217575 -0.68824809789657593 -0.83287233114242554 0.013673849403858185
1797.7638999968767 -0.17191047966480255 -1.2897627353668213 0.32376092672348022 0.3303104043006897 -2.1155424118041992 -0.26989227533340454 0.37212270498275757 -2.4181544780731201 -0.29971650242805481 -0.39635640382766724 -2.1033205986022949 -0.39462578296661377 -0.52646410465240479 -2.421947717666626 -0.41510093212127686 -0.55359399318695068 -1.2254551649093628 0.050953429192304611 -0.61749428510665894 -0.82487744092941284 0.037897422909736633
1919.9712999910116 -0.13550272583961487 -1.1632976531982422 0.57953053712844849 0.35582610964775085 -1.9497714042663574 -0.0063383318483829498 0.36105978488922119 -2.1867537498474121 -0.01705266535282135 -0.31848064064979553 -1.9853790998458862 -0.18680746853351593 -0.43833178281784058 -2.2320985794067383 -0.18417218327522278 -0.44295760989189148 -1.1056690216064453 0.29331907629966736 -0.57749485969543457 -0.78499865531921387 0.23705984652042389
