84.021200001239777 -0.79672384262084961 -1.0092607736587524 0.27582159638404846 -0.79273909330368042 -1.3794839382171631 0.059449061751365662 -1.0902227163314819 -1.4192708730697632 -0.0054390658624470234 -0.89895814657211304 -0.98439317941665649 -0.067405074834823608 -1.1309061050415039 -0.92924714088439941 -0.1049870103597641 -0.95033103227615356 -0.6053617000579834 -0.27364391088485718 -0.75684618949890137 -0.76966619491577148 -0.59354609251022339
162.43230000138283 -1.267888069152832 -1.6970674991607666 0.71061974763870239 -1.3480783700942993 -1.8781863451004028 0.52295392751693726 -1.6364289522171021 -1.9115015268325806 0.38927438855171204 -1.3895481824874878 -1.8461885452270508 0.21705277264118195 -1.7063801288604736 -1.7956820726394653 0.066352047026157379 -1.6483962535858154 -1.6859034299850464 -0.017817966639995575 -1.3933799266815186 -1.720441460609436 -0.31290403008460999
162.43230000138283 -0.72656530141830444 -1.1402523517608643 0.48981928825378418 -0.82875466346740723 -1.2661749124526978 0.34977361559867859 -1.0382331609725952 -1.2608226537704468 0.24944755434989929 -0.8819124698638916 -1.2216005325317383 0.10469153523445129 -1.0997008085250854 -1.1582990884780884 -0.0050172824412584305 -1.0595818758010864 -1.0635608434677124 -0.046514749526977539 -0.88846307992935181 -1.0552788972854614 -0.22609680891036987
217.58009999990463 -0.79604184627532959 -1.1658575534820557 0.50746059417724609 -0.90191400051116943 -1.2963182926177979 0.36236792802810669 -1.1189415454864502 -1.2907729148864746 0.25842630863189697 -0.95698744058609009 -1.2501373291015625 0.10845354944467545 -1.1826245784759521 -1.1845545768737793 -0.0052089807577431202 -1.1410597562789917 -1.0864021778106689 -0.048201940953731537 -0.96377414464950562 -1.0778218507766724 -0.23425582051277161
217.58009999990463 -0.88568896055221558 -1.2348684072494507 0.32907873392105103 -0.94758909940719604 -1.3399765491485596 0.18521438539028168 -1.1786296367645264 -1.3380078077316284 0.064946278929710388 -0.95444983243942261 -1.2737447023391724 -0.068922989070415497 -1.1855037212371826 -1.2037985324859619 -0.19925390183925629 -1.0592278242111206 -1.0729763507843018 -0.25662246346473694 -0.86465275287628174 -1.0604188442230225 -0.44018813967704773
284.68569999933243 -0.84109640121459961 -1.2598921060562134 0.2193746417760849 -0.94900113344192505 -1.3940950632095337 0.0071663702838122845 -1.1948573589324951 -1.407705545425415 -0.10931795835494995 -0.91055440902709961 -1.3371223211288452 -0.21785211563110352 -1.1712273359298706 -1.2863376140594482 -0.32602381706237793 -1.0784087181091309 -1.1756198406219482 -0.40560707449913025 -0.82550626993179321 -1.1124598979949951 -0.60643875598907471
284.68569999933243 -0.82624024152755737 -1.3487688302993774 0.28963977098464966 -0.94904321432113647 -1.4378706216812134 0.12941685318946838 -1.1989167928695679 -1.439905047416687 0.012082170695066452 -0.96461069583892822 -1.3923317193984985 -0.11858522146940231 -1.2350585460662842 -1.3139246702194214 -0.25402036309242249 -1.1300455331802368 -1.2100461721420288 -0.2982509434223175 -0.90845406055450439 -1.2028915882110596 -0.47268575429916382
347.84610000252724 -0.79615479707717896 -1.2548185586929321 0.27090325951576233 -0.91101312637329102 -1.3381561040878296 0.12104585021734238 -1.1447213888168335 -1.3400589227676392 0.011302035301923752 -0.92557346820831299 -1.2955632209777832 -0.11091194301843643 -1.1785249710083008 -1.2222288846969604 -0.23758524656295776 -1.0803056955337524 -1.1250705718994141 -0.27895435690879822 -0.87304985523223877 -1.1183788776397705 -0.44210425019264221
347.84610000252724 -0.78784561157226563 -1.2471380233764648 0.49227499961853027 -0.87312608957290649 -1.3214753866195679 0.37062907218933105 -1.0853676795959473 -1.3116112947463989 0.26080542802810669 -0.93246603012084961 -1.2570508718490601 0.096195802092552185 -1.1493518352508545 -1.1737563610076904 -0.03209344670176506 -1.0650116205215454 -1.0671128034591675 -0.056339938193559647 -0.90584373474121094 -1.1119515895843506 -0.24854147434234619
403.87370000779629 -0.72935259342193604 -1.1841254234313965 0.56241053342819214 -0.83408510684967041 -1.256926417350769 0.41805854439735413 -1.0470075607299805 -1.2895674705505371 0.32046440243721008 -0.88591527938842773 -1.1706657409667969 0.15961836278438568 -1.1053774356842041 -1.130695104598999 0.039389222860336304 -0.9442632794380188 -0.99788612127304077 -0.027586322277784348 -0.80266749858856201 -1.0751848220825195 -0.23856045305728912
403.87370000779629 -0.82217574119567871 -1.2094529867172241 0.50022965669631958 -0.86049962043762207 -1.2966272830963135 0.4126833975315094 -1.069636344909668 -1.295386791229248 0.33657994866371155 -0.9388960599899292 -1.2380324602127075 0.15953497588634491 -1.1680437326431274 -1.178123950958252 0.05847623199224472 -1.0438119173049927 -1.022791862487793 0.00074783136369660497 -0.90671360492706299 -1.0489038228988647 -0.17163360118865967
460.46159999072552 -0.83247822523117065 -1.2252179384231567 0.50541132688522339 -0.87119889259338379 -1.3132950067520142 0.41695857048034668 -1.0825010538101196 -1.3120414018630981 0.34006711840629578 -0.95040708780288696 -1.2540934085845947 0.16118898987770081 -1.1819273233413696 -1.1935644149780273 0.059083845466375351 -1.0564092397689819 -1.0366241931915283 0.00075770850526168942 -0.91789138317108154 -1.0630064010620117 -0.17340861260890961
460.46159999072552 -0.7892380952835083 -1.2093179225921631 0.48159515857696533 -0.82801955938339233 -1.3147035837173462 0.36926689743995667 -1.032168984413147 -1.311611533164978 0.28520113229751587 -0.91004836559295654 -1.2599663734436035 0.095019400119781494 -1.1423333883285522 -1.1890355348587036 -0.017340278252959251 -1.0376604795455933 -1.05059814453125 -0.07882305234670639 -0.88123005628585815 -1.0846132040023804 -0.23104339838027954
519.41730000078678 -1.0144335031509399 -1.2638804912567139 0.36165076494216919 -0.93481242656707764 -1.4035847187042236 0.23498383164405823 -1.1921756267547607 -1.4121084213256836 0.12741132080554962 -0.99507045745849609 -1.3268647193908691 -0.031236203387379646 -1.2673633098602295 -1.2597166299819946 -0.1565752774477005 -1.1726782321929932 -1.1123174428939819 -0.19050325453281403 -0.95323193073272705 -1.0852818489074707 -0.3202231228351593
519.41730000078678 -1.0041267871856689 -1.2656683921813965 0.35846683382987976 -0.92520511150360107 -1.4041452407836914 0.23291270434856415 -1.1803073883056641 -1.4125940799713135 0.12628521025180817 -0.98493379354476929 -1.3280991315841675 -0.030968617647886276 -1.2548345327377319 -1.2615410089492798 -0.1552065908908844 -1.1609814167022705 -1.1154367923736572 -0.18883651494979858 -0.9434627890586853 -1.0886386632919312 -0.31741684675216675
580.3057000041008 -0.90294080972671509 -1.2409989833831787 0.48416468501091003 -0.90086930990219116 -1.3682585954666138 0.32812157273292542 -1.1492385864257813 -1.3540239334106445 0.22253896296024323 -0.97590810060501099 -1.3107357025146484 0.073262430727481842 -1.229430079460144 -1.2322460412979126 -0.053189821541309357 -1.1548771858215332 -1.1404467821121216 -0.084550552070140839 -0.93490922451019287 -1.1491916179656982 -0.22338362038135529
580.3057000041008 -0.89214116334915161 -1.1730252504348755 0.48840507864952087 -0.89102977514266968 -1.3003138303756714 0.3604685366153717 -1.1139219999313354 -1.3117854595184326 0.25990232825279236 -0.95076644420623779 -1.2429165840148926 0.12146152555942535 -1.1845934391021729 -1.1926218271255493 -0.00096675194799900055 -1.0330078601837158 -1.0639511346817017 -0.056943353265523911 -0.86669522523880005 -1.0784298181533813 -0.18914014101028442
656.32760000228882 -0.96311444044113159 -1.1584610939025879 0.13618622720241547 -0.96322280168533325 -1.2208266258239746 0.10095900297164917 -1.2149670124053955 -1.2238529920578003 0.011337081901729107 -0.91896885633468628 -1.2093037366867065 -0.069029398262500763 -1.1612707376480103 -1.1533514261245728 -0.16850212216377258 -1.0082930326461792 -1.0766654014587402 -0.22417260706424713 -0.78898859024047852 -1.0585107803344727 -0.35680639743804932
656.32760000228882 -0.93977177143096924 -1.2946325540542603 0.26010140776634216 -0.95501852035522461 -1.3067858219146729 0.24606020748615265 -1.1991564035415649 -1.3239270448684692 0.13598336279392242 -0.90774667263031006 -1.3291815519332886 0.025062184780836105 -1.1651347875595093 -1.2678325176239014 -0.12982705235481262 -0.95695096254348755 -1.1667488813400269 -0.18871669471263885 -0.75159597396850586 -1.169945240020752 -0.29599830508232117
712.94069999456406 -0.8682328462600708 -1.1274265050888062 0.23637938499450684 -0.88208907842636108 -1.1384713649749756 0.22361874580383301 -1.1039618253707886 -1.154049277305603 0.12358079105615616 -0.83912837505340576 -1.1588245630264282 0.022775495424866676 -1.0730429887771606 -1.1030706167221069 -0.11798801273107529 -0.88384532928466797 -1.0112055540084839 -0.17150700092315674 -0.69721847772598267 -1.0141104459762573 -0.26900464296340942
712.94069999456406 -0.86324161291122437 -1.1735280752182007 0.49862140417098999 -0.87010037899017334 -1.217665433883667 0.47498059272766113 -1.1150308847427368 -1.2338566780090332 0.37604781985282898 -0.85351300239562988 -1.2285505533218384 0.19332742691040039 -1.1098434925079346 -1.156259298324585 0.032214708626270294 -0.8811115026473999 -1.0374886989593506 -0.020192366093397141 -0.68532562255859375 -1.0806112289428711 -0.14545460045337677
770.27969999611378 -0.86383026838302612 -1.1110467910766602 0.35515096783638 -0.83476716279983521 -1.1847407817840576 0.23849892616271973 -1.0736008882522583 -1.1869442462921143 0.10556527227163315 -0.79200589656829834 -1.2078101634979248 -0.028171027079224586 -1.048725962638855 -1.1273123025894165 -0.20890037715435028 -0.88971471786499023 -1.0658730268478394 -0.20689043402671814 -0.66248548030853271 -1.083869457244873 -0.29276031255722046
770.27969999611378 -0.95778751373291016 -1.131068229675293 0.37228477001190186 -0.92732256650924683 -1.208316445350647 0.25000640749931335 -1.177675724029541 -1.2106262445449829 0.11066114902496338 -0.88249886035919189 -1.2324985265731812 -0.029525455087423325 -1.1516009569168091 -1.148118257522583 -0.21897166967391968 -0.98492032289505005 -1.0837156772613525 -0.21686477959156036 -0.7467314600944519 -1.102580189704895 -0.30687627196311951
826.07410000264645 -0.99095064401626587 -1.1702311038970947 0.38517501950263977 -0.95943087339401245 -1.2501541376113892 0.25866281986236572 -1.2184524536132813 -1.2525438070297241 0.11449276655912399 -0.91305512189865112 -1.2751734256744385 -0.030547767877578735 -1.1914747953414917 -1.1878715753555298 -0.22655349969863892 -1.0190229415893555 -1.1212390661239624 -0.22437366843223572 -0.77258682250976563 -1.1407567262649536 -0.31750178337097168
826.07410000264645 -0.98110228776931763 -1.1761612892150879 0.17939513921737671 -1.0056778192520142 -1.288182258605957 0.070945978164672852 -1.2610329389572144 -1.288347601890564 -0.05348813533782959 -0.9359014630317688 -1.3031973838806152 -0.1858527660369873 -1.200015664100647 -1.2224739789962769 -0.35077035427093506 -1.0117491483688354 -1.1338348388671875 -0.36937656998634338 -0.76104730367660522 -1.125583291053772 -0.48300498723983765
887.44699999690056 -0.91023111343383789 -1.1179605722427368 0.14712072908878326 -0.95669394731521606 -1.288331151008606 0.033740650862455368 -1.1957104206085205 -1.2941956520080566 -0.049587644636631012 -0.89702612161636353 -1.309862494468689 -0.20658360421657562 -1.1514312028884888 -1.2544257640838623 -0.33048099279403687 -1.013514518737793 -1.1975522041320801 -0.36172991991043091 -0.76234447956085205 -1.1836931705474854 -0.49933823943138123
887.44699999690056 -0.94248503446578979 -1.1304390430450439 0.1483260840177536 -0.98932772874832153 -1.3022028207778931 0.034018941223621368 -1.2302987575531006 -1.3081152439117432 -0.049990706145763397 -0.92917215824127197 -1.3239102363586426 -0.2082703709602356 -1.1856573820114136 -1.2680201530456543 -0.33318081498146057 -1.0466129779815674 -1.2106814384460449 -0.3646852970123291 -0.79338914155960083 -1.196709156036377 -0.50341874361038208
953.80800001323223 -0.9679989218711853 -1.1433593034744263 0.23992982506752014 -0.96386134624481201 -1.3043466806411743 0.11659508943557739 -1.2174879312515259 -1.3176478147506714 0.030620768666267395 -0.97075831890106201 -1.3246738910675049 -0.18867535889148712 -1.247753381729126 -1.2687808275222778 -0.32012981176376343 -1.1433167457580566 -1.2290717363357544 -0.34074890613555908 -0.88591653108596802 -1.2302403450012207 -0.48279592394828796
953.80800001323223 -1.077420711517334 -1.1026333570480347 0.2300056666135788 -0.90395808219909668 -1.2915595769882202 0.073522508144378662 -1.107579231262207 -1.2588541507720947 -0.024731341749429703 -0.87888944149017334 -0.98424333333969116 -0.26698020100593567 -0.95567482709884644 -0.77971404790878296 -0.33031713962554932 -0.81319618225097656 -0.64078736305236816 -0.33025819063186646 -0.59151315689086914 -0.62096917629241943 -0.43951088190078735
1019.469600006938 -1.0416495800018311 -1.0910875797271729 0.2237527072429657 -0.87291067838668823 -1.2748688459396362 0.071530923247337341 -1.0709868669509888 -1.2430540323257446 -0.02404727041721344 -0.84852474927902222 -0.97592157125473022 -0.25969916582107544 -0.92321908473968506 -0.77696198225021362 -0.32131132483482361 -0.78462046384811401 -0.6418185830116272 -0.32125401496887207 -0.56897425651550293 -0.62254011631011963 -0.42753148078918457
1019.469600006938 -1.0271754264831543 -1.038243293762207 0.12429293990135193 -0.84646385908126831 -1.2937357425689697 -0.021861514076590538 -0.96667778491973877 -1.1602331399917603 -0.0079719508066773415 -0.90979492664337158 -0.9688413143157959 -0.28321337699890137 -0.99003475904464722 -0.722281813621521 -0.23282104730606079 -0.87862974405288696 -0.53721904754638672 -0.30039477348327637 -0.7098698616027832 -0.49620968103408813 -0.39457741379737854
1106.1456000208855 -1.115553617477417 -1.1253834962844849 -0.035361059010028839 -0.7710418701171875 -1.6277039051055908 0.06915978342294693 -0.91130620241165161 -1.6469573974609375 0.05924171581864357 -0.93470829725265503 -1.1865713596343994 -0.19164048135280609 -1.0702871084213257 -0.95835137367248535 -0.16001076996326447 -0.92122036218643188 -0.65896147489547729 -0.23147797584533691 -0.75839895009994507 -0.59491622447967529 -0.3063044548034668
1106.1456000208855 -1.0574108362197876 -1.034704327583313 -0.086148649454116821 -0.79224848747253418 -1.3763614892959595 0.096331290900707245 -0.88647639751434326 -1.2298489809036255 0.14148303866386414 -0.9251784086227417 -0.99767017364501953 -0.069997832179069519 -0.92338621616363525 -0.73910826444625854 0.020937832072377205 -0.78426229953765869 -0.53084391355514526 -0.12355712801218033 -0.68459820747375488 -0.45225703716278076 -0.29106566309928894
1165.1837000101805 -1.0470801591873169 -1.0587880611419678 -0.086461298167705536 -0.78095901012420654 -1.401680588722229 0.09667842835187912 -0.87552762031555176 -1.2546384334564209 0.14199343323707581 -0.91436964273452759 -1.0216201543807983 -0.070252083241939545 -0.91257089376449585 -0.76212328672409058 0.021012371405959129 -0.77294397354125977 -0.55310589075088501 -0.1240050420165062 -0.67291951179504395 -0.47423487901687622 -0.29211923480033875
1165.1837000101805 -1.0111284255981445 -1.0569977760314941 0.07526310533285141 -0.66838139295578003 -1.4799480438232422 0.3040887713432312 -0.73868930339813232 -1.4475904703140259 0.32620009779930115 -0.79460680484771729 -1.0745793581008911 0.12855833768844604 -0.76690804958343506 -0.91450691223144531 0.1485622227191925 -0.61916935443878174 -0.57371819019317627 0.02295481413602829 -0.59113103151321411 -0.44259297847747803 -0.15206326544284821
1225.5212000012398 -1.0552233457565308 -1.047770619392395 0.076463758945465088 -0.70700186491012573 -1.4774762392044067 0.30894428491592407 -0.77843278646469116 -1.4446020126342773 0.33140873908996582 -0.8352433443069458 -1.0656329393386841 0.13061022758483887 -0.80710220336914063 -0.903003990650177 0.15093362331390381 -0.65700381994247437 -0.55677199363708496 0.023319991305470467 -0.628517746925354 -0.42355245351791382 -0.15449349582195282
1225.5212000012398 -1.0271788835525513 -1.0741832256317139 0.14151661098003387 -0.75699764490127563 -1.3724709749221802 0.16832862794399261 -0.78084766864776611 -1.2374738454818726 0.19829905033111572 -0.9602200984954834 -1.0361279249191284 0.011834297329187393 -0.91701048612594604 -0.84389746189117432 0.071346983313560486 -0.88947540521621704 -0.65711241960525513 -0.099762819707393646 -0.85704886913299561 -0.56331568956375122 -0.31888458132743835
1286.5020999908447 -1.10042405128479 -1.1939243078231812 0.1473318338394165 -0.81914776563644409 -1.5044611692428589 0.17524489760398865 -0.84397721290588379 -1.3639205694198608 0.20644606649875641 -1.0307155847549438 -1.1543062925338745 0.012324058450758457 -0.98573148250579834 -0.95418167114257813 0.07428065687417984 -0.95706576108932495 -0.75972622632980347 -0.10385584831237793 -0.92330753803253174 -0.66207778453826904 -0.33197593688964844
1286.5020999908447 -0.91176700592041016 -1.0945571660995483 0.26476976275444031 -0.66298729181289673 -1.5839778184890747 0.1801159679889679 -0.75127661228179932 -1.5151685476303101 0.25980958342552185 -0.94574421644210815 -1.195420503616333 0.14924907684326172 -0.93138670921325684 -1.0421388149261475 0.2967798113822937 -0.94510257244110107 -0.82286834716796875 0.14393603801727295 -0.92584174871444702 -0.67018508911132813 -0.086563363671302795
1353.2534999996424 -0.76147764921188354 -1.0424879789352417 0.35884562134742737 -0.55292141437530518 -1.4931585788726807 0.22471055388450623 -0.5952875018119812 -1.4323322772979736 0.34928959608078003 -0.90533709526062012 -1.1248735189437866 0.15933455526828766 -0.8599846363067627 -0.95266246795654297 0.31558728218078613 -0.91346508264541626 -0.76154714822769165 0.15261350572109222 -0.91751164197921753 -0.63148689270019531 -0.068019002676010132
1356.8991000205278 -0.61676520109176636 -0.9662473201751709 0.60564470291137695 -0.50144457817077637 -1.4415830373764038 0.42753142118453979 -0.56166839599609375 -1.3908842802047729 0.55088692903518677 -0.85581254959106445 -1.1082814931869507 0.32373961806297302 -0.83449119329452515 -0.93672782182693481 0.46922707557678223 -0.88767820596694946 -0.75619024038314819 0.27252322435379028 -0.89945089817047119 -0.63734972476959229 0.047861773520708084
1416.3035999983549 -0.65265291929244995 -0.97085875272750854 0.60996043682098389 -0.53651010990142822 -1.4495834112167358 0.43057727813720703 -0.59716325998306274 -1.3985229730606079 0.55481219291687012 -0.89340454339981079 -1.1139054298400879 0.32604548335075378 -0.87193119525909424 -0.94112873077392578 0.47257018089294434 -0.92549735307693481 -0.7593039870262146 0.274463951587677 -0.93735402822494507 -0.63961625099182129 0.048200823366641998
1416.3035999983549 -0.56321918964385986 -1.0080649852752686 0.57600569725036621 -0.51706987619400024 -1.4520664215087891 0.31697332859039307 -0.57374000549316406 -1.3781816959381104 0.47408917546272278 -0.87224245071411133 -1.1999202966690063 0.20724070072174072 -0.86078047752380371 -1.0388668775558472 0.39766034483909607 -0.9389769434928894 -0.84100979566574097 0.22942587733268738 -0.96353882551193237 -0.69007205963134766 0.02142157219350338
1477.9880000054836 -0.47311422228813171 -0.99949163198471069 0.73003309965133667 -0.50874537229537964 -1.3912214040756226 0.44518887996673584 -0.57137477397918701 -1.3289715051651001 0.58910882472991943 -0.84708207845687866 -1.1700984239578247 0.30580675601959229 -0.85433506965637207 -1.0170825719833374 0.46816316246986389 -0.95057481527328491 -0.84619170427322388 0.27361154556274414 -0.99227672815322876 -0.73196578025817871 0.032489806413650513
1477.9880000054836 -0.45191705226898193 -1.1056195497512817 0.7121891975402832 -0.36697804927825928 -1.5716862678527832 0.44232514500617981 -0.41786891222000122 -1.5515296459197998 0.60897034406661987 -0.79967606067657471 -1.2734819650650024 0.35996308922767639 -0.80347412824630737 -1.1387861967086792 0.54491758346557617 -0.88398367166519165 -0.93263787031173706 0.34431463479995728 -0.93468958139419556 -0.77051228284835815 0.12677361071109772
1565.6652000099421 -0.34565851092338562 -1.0554260015487671 0.69452673196792603 -0.19977323710918427 -1.7417187690734863 0.23568306863307953 -0.26131415367126465 -1.8252449035644531 0.33531886339187622 -0.74377846717834473 -1.2458648681640625 0.26615294814109802 -0.75723385810852051 -1.09874427318573 0.42628759145736694 -0.86578714847564697 -0.87611162662506104 0.31621089577674866 -0.92593127489089966 -0.69402909278869629 0.13117879629135132
1565.6652000099421 -0.56565093994140625 -1.1061723232269287 0.14429900050163269 -0.15638637542724609 -1.8416558504104614 -0.06064990907907486 -0.20166169106960297 -2.0716376304626465 -0.085896424949169159 -0.50283235311508179 -1.8225839138031006 -0.3644675612449646 -0.6094549298286438 -2.0520021915435791 -0.39962249994277954 -0.7796739935874939 -0.77631294727325439 0.0090476842597126961 -0.87393170595169067 -0.5249672532081604 -0.092638984322547913
1638.7708999961615 -0.40210166573524475 -0.97771310806274414 0.34427750110626221 -0.081234164535999298 -1.7463322877883911 -0.056244168430566788 -0.098048336803913116 -1.985032320022583 -0.086524948477745056 -0.53774565458297729 -1.8152046203613281 -0.26239871978759766 -0.64479285478591919 -2.0889832973480225 -0.30539155006408691 -0.71504610776901245 -0.75837224721908569 0.020689098164439201 -0.83831065893173218 -0.54633861780166626 -0.095268182456493378
1638.7708999961615 -0.42076769471168518 -1.2136765718460083 0.40160691738128662 0.042501877993345261 -2.0612814426422119 -0.12275193631649017 0.026869496330618858 -2.3388192653656006 -0.16777016222476959 -0.56948918104171753 -2.122072696685791 -0.34570133686065674 -0.7016950249671936 -2.435478687286377 -0.3944905698299408 -0.77717679738998413 -0.93113380670547485 0.030567940324544907 -0.92221122980117798 -0.69169986248016357 -0.093133911490440369
1696.4689000099897 -0.40187183022499084 -1.2346842288970947 0.40079966187477112 0.060471199452877045 -2.0805938243865967 -0.12251043319702148 0.044870078563690186 -2.3575766086578369 -0.16743862628936768 -0.55029582977294922 -2.141263484954834 -0.34501394629478455 -0.68223732709884644 -2.4540424346923828 -0.3937055766582489 -0.7575681209564209 -0.95270645618438721 0.030502799898386002 -0.90231245756149292 -0.71375143527984619 -0.092951647937297821
1696.4689000099897 -0.42643055319786072 -1.2094905376434326 0.35554611682891846 0.098502583801746368 -2.0730972290039063 -0.093630693852901459 0.094285592436790466 -2.356173038482666 -0.13634788990020752 -0.5284692645072937 -2.1184697151184082 -0.3213346004486084 -0.66649997234344482 -2.4285147190093994 -0.36561259627342224 -0.71976804733276367 -0.91783422231674194 0.092901259660720825 -0.85105997323989868 -0.64810985326766968 -0.039934683591127396
1754.0164000093937 -0.38953998684883118 -1.2368704080581665 0.38580569624900818 0.15281736850738525 -2.1227881908416748 -0.067830473184585571 0.15710009634494781 -2.4134666919708252 -0.11268186569213867 -0.50929611921310425 -2.1957588195800781 -0.29242905974388123 -0.64510864019393921 -2.5209281444549561 -0.34057462215423584 -0.68319576978683472 -0.95874851942062378 0.077474042773246765 -0.83062893152236938 -0.67325586080551147 -0.054843179881572723
1754.0164000093937 -0.36949968338012695 -1.1900575160980225 0.37404602766036987 0.15632796287536621 -2.0489747524261475 -0.065764464437961578 0.16048017144203186 -2.3307943344116211 -0.10924889147281647 -0.48560595512390137 -2.1197216510772705 -0.28351786732673645 -0.6172792911529541 -2.4349806308746338 -0.33019605278968811 -0.65420567989349365 -0.92041224241256714 0.075111538171768188 -0.79714536666870117 -0.64362066984176636 -0.053172990679740906
1815.5556999891996 -0.3836967945098877 -1.2210797071456909 0.34108653664588928 0.19942493736743927 -2.0969059467315674 -0.15804474055767059 0.20195899903774261 -2.3795018196105957 -0.20375339686870575 -0.47199380397796631 -2.1308407783508301 -0.35954949259757996 -0.6105571985244751 -2.4482183456420898 -0.40872648358345032 -0.6557316780090332 -0.95472198724746704 0.079971663653850555 -0.79906457662582397 -0.69326794147491455 -0.037146419286727905
1815.5556999891996 -0.35690757632255554 -1.2319484949111938 0.30942162871360779 0.24167059361934662 -2.1056022644042969 -0.17909415066242218 0.25165185332298279 -2.4009573459625244 -0.2297750860452652 -0.45680573582649231 -2.136690616607666 -0.39384710788726807 -0.60057836771011353 -2.470165491104126 -0.4526226818561554 -0.6310083270072937 -0.94040793180465698 0.07653508335351944 -0.77137458324432373 -0.65482145547866821 -0.037095606327056885
1890.154599994421 -0.37427949905395508 -1.2892019748687744 0.37966036796569824 0.27996271848678589 -2.144458532333374 -0.022066434845328331 0.30204877257347107 -2.4351704120635986 -0.056976713240146637 -0.44986799359321594 -2.1962516307830811 -0.24922099709510803 -0.61831068992614746 -2.526176929473877 -0.29717856645584106 -0.66240984201431274 -1.0005831718444824 0.14836826920509338 -0.81193119287490845 -0.68728989362716675 0.033224161714315414
1890.154599994421 -0.35646542906761169 -1.5064514875411987 0.39268612861633301 0.30740854144096375 -2.4109714031219482 -0.076494775712490082 0.31761500239372253 -2.7258493900299072 -0.11457379907369614 -0.47267475724220276 -2.452110767364502 -0.3103230893611908 -0.64841705560684204 -2.8066575527191162 -0.3628024160861969 -0.68488031625747681 -1.1889199018478394 0.14392682909965515 -0.85752087831497192 -0.85593694448471069 0.021164575591683388
1945.3756999969482 -0.31877622008323669 -1.4111267328262329 0.36156710982322693 0.29249060153961182 -2.2439703941345215 -0.070434659719467163 0.30188831686973572 -2.5338964462280273 -0.10549619048833847 -0.42577680945396423 -2.2818493843078613 -0.28573381900787354 -0.58759284019470215 -2.6083011627197266 -0.33405455946922302 -0.62116670608520508 -1.1187572479248047 0.1325201541185379 -0.78012663125991821 -0.81216073036193848 0.019485905766487122
1945.3756999969482 -0.30600976943969727 -1.3485875129699707 0.41517609357833862 0.29969310760498047 -2.1849803924560547 0.0026322167832404375 0.32386523485183716 -2.4643576145172119 -0.027613285928964615 -0.42438244819641113 -2.2483210563659668 -0.21703687310218811 -0.57483804225921631 -2.5719122886657715 -0.25630977749824524 -0.60207599401473999 -1.0711842775344849 0.14957796037197113 -0.76457542181015015 -0.76649409532546997 0.026472436264157295
