36.394400000572205 -0.86768853664398193 -1.1539289951324463 0.28921049833297729 -0.77842491865158081 -1.3227574825286865 0.23969002068042755 -1.0161190032958984 -1.31925368309021 0.19718097150325775 -0.82485908269882202 -1.3270084857940674 -0.020002095028758049 -1.0852406024932861 -1.274415135383606 -0.064869903028011322 -1.0643025636672974 -1.2116323709487915 -0.15408454835414886 -0.91904497146606445 -1.1599549055099487 -0.35822612047195435
36.394400000572205 -0.82452178001403809 -1.1798099279403687 0.46935272216796875 -0.77176386117935181 -1.3153131008148193 0.39570555090904236 -0.99726754426956177 -1.319072961807251 0.36095643043518066 -0.81093990802764893 -1.3178927898406982 0.16757471859455109 -1.0413894653320313 -1.2783117294311523 0.12412320822477341 -1.000211238861084 -1.2001657485961914 0.011803076602518559 -0.85085105895996094 -1.1599780321121216 -0.22201947867870331
97.961099997162819 -0.82262897491455078 -1.0921189785003662 0.44258904457092285 -0.76806145906448364 -1.2684088945388794 0.36156949400901794 -1.0107600688934326 -1.2767374515533447 0.29977041482925415 -0.81176221370697021 -1.3087553977966309 0.10048432648181915 -1.0939974784851074 -1.2671682834625244 0.015032678842544556 -1.0760310888290405 -1.2312526702880859 -0.10392913967370987 -0.90542978048324585 -1.185771107673645 -0.28008162975311279
97.961099997162819 -0.7882571816444397 -1.1780233383178711 0.56537973880767822 -0.78174859285354614 -1.3172204494476318 0.43920528888702393 -1.030933141708374 -1.3218035697937012 0.37842974066734314 -0.85861480236053467 -1.3337461948394775 0.18279848992824554 -1.1406186819076538 -1.2911361455917358 0.10870961099863052 -1.1360907554626465 -1.227336049079895 -0.0033002861309796572 -0.95620828866958618 -1.1794862747192383 -0.2120470404624939
162.78319999575615 -0.77508306503295898 -1.1018115282058716 0.53903943300247192 -0.76887780427932739 -1.2345240116119385 0.41874298453330994 -1.0064536333084106 -1.2388936281204224 0.36079877614974976 -0.84216296672821045 -1.2502797842025757 0.17428126931190491 -1.1110293865203857 -1.2096548080444336 0.10364390909671783 -1.1067123413085938 -1.148827075958252 -0.0031478500459343195 -0.93520998954772949 -1.1032062768936157 -0.20216985046863556
162.78319999575615 -0.76084321737289429 -1.1200042963027954 0.41176033020019531 -0.80273729562759399 -1.2782821655273438 0.28755182027816772 -1.0228439569473267 -1.2731717824935913 0.23517167568206787 -0.85063999891281128 -1.3025275468826294 0.066724702715873718 -1.1154987812042236 -1.2534651756286621 -0.0053833522833883762 -1.0954896211624146 -1.2114818096160889 -0.13380096852779388 -0.90831452608108521 -1.1754394769668579 -0.32748085260391235
223.56489999592304 -0.82546490430831909 -1.1816632747650146 0.66187626123428345 -0.72409802675247192 -1.2924565076828003 0.61359459161758423 -0.92608600854873657 -1.3148728609085083 0.58208894729614258 -0.81199944019317627 -1.2822575569152832 0.33004504442214966 -1.0372307300567627 -1.2475364208221436 0.2719539999961853 -1.0573266744613647 -1.2014148235321045 0.15449641644954681 -0.9016684889793396 -1.2142751216888428 -0.079840049147605896
223.56489999592304 -0.78661000728607178 -1.1507338285446167 0.46236982941627502 -0.73146182298660278 -1.2150026559829712 0.40802180767059326 -0.91817992925643921 -1.243786096572876 0.34221848845481873 -0.75768917798995972 -1.2079951763153076 0.17197395861148834 -0.98018980026245117 -1.1737319231033325 0.072947584092617035 -0.95643013715744019 -1.1202969551086426 0.003599868156015873 -0.78149354457855225 -1.1264219284057617 -0.13505236804485321
284.44730000197887 -0.80226695537567139 -1.1599193811416626 0.47749149799346924 -0.74531501531600952 -1.2262901067733765 0.42136585712432861 -0.93814033269882202 -1.2560153007507324 0.35341024398803711 -0.77240025997161865 -1.2190536260604858 0.17759735882282257 -1.002178430557251 -1.1836695671081543 0.075332038104534149 -0.97764164209365845 -1.1284869909286499 0.0037160955835133791 -0.79698318243026733 -1.1348123550415039 -0.13947117328643799
284.44730000197887 -0.8147881031036377 -1.2285467386245728 0.47453060746192932 -0.77518057823181152 -1.2852082252502441 0.38528373837471008 -0.96517568826675415 -1.3021034002304077 0.30919447541236877 -0.80376899242401123 -1.2652440071105957 0.1412113755941391 -1.022302508354187 -1.2153050899505615 0.040325049310922623 -0.99583816528320313 -1.1697756052017212 -0.034380439668893814 -0.8052329421043396 -1.1939053535461426 -0.20862503349781036
358.31629998981953 -0.83419883251190186 -1.2210850715637207 0.38214355707168579 -0.7254071831703186 -1.2496879100799561 0.38595050573348999 -0.90047764778137207 -1.2647756338119507 0.34543967247009277 -0.7576184868812561 -1.2325832843780518 0.12886831164360046 -0.94548267126083374 -1.1765966415405273 0.050184890627861023 -0.90424281358718872 -1.1240905523300171 -0.016237931326031685 -0.7481238842010498 -1.1666620969772339 -0.18009458482265472
358.31629998981953 -0.73526847362518311 -1.2559267282485962 0.61908090114593506 -0.74340635538101196 -1.3175860643386841 0.61530560255050659 -0.92468029260635376 -1.3274518251419067 0.54815024137496948 -0.76283758878707886 -1.3338080644607544 0.40066069364547729 -0.9631536602973938 -1.289442777633667 0.30678576231002808 -0.90978878736495972 -1.2513667345046997 0.18436534702777863 -0.7399064302444458 -1.2855155467987061 -0.0082386098802089691
430.84619998931885 -0.77797454595565796 -1.1088299751281738 0.37053126096725464 -0.73597544431686401 -1.0878342390060425 0.39185419678688049 -0.9117165207862854 -1.1099932193756104 0.28816092014312744 -0.71928948163986206 -1.1237746477127075 0.14708355069160461 -0.91271531581878662 -1.0713620185852051 -0.006788189522922039 -0.82791179418563843 -1.0358325242996216 -0.07676117867231369 -0.65278446674346924 -1.0790818929672241 -0.16928090155124664
550.53239999711514 -0.74927884340286255 -1.0894347429275513 0.34442782402038574 -0.73595654964447021 -1.1818637847900391 0.28892865777015686 -0.93730545043945313 -1.1942915916442871 0.2248530238866806 -0.72885137796401978 -1.2196744680404663 0.14840476214885712 -0.95261192321777344 -1.1832095384597778 0.053896348923444748 -0.90746778249740601 -1.1176698207855225 -0.0073808012530207634 -0.74762171506881714 -1.0984690189361572 -0.11412519961595535
550.53239999711514 -0.83292043209075928 -1.0800174474716187 0.28330788016319275 -0.82239890098571777 -1.100715160369873 0.26505982875823975 -0.97860127687454224 -1.0961261987686157 0.18808816373348236 -0.79180538654327393 -1.1147626638412476 0.042648378759622574 -0.97094058990478516 -1.0357743501663208 -0.081372663378715515 -0.88392829895019531 -0.98417013883590698 -0.12358199059963226 -0.69852113723754883 -0.99928569793701172 -0.21047841012477875
612.30009999871254 -0.83234572410583496 -1.1746213436126709 0.27034085988998413 -0.85360229015350342 -1.1667760610580444 0.20076408982276917 -1.0290950536727905 -1.1586285829544067 0.092833295464515686 -0.82239145040512085 -1.1740485429763794 -0.075877919793128967 -1.0006413459777832 -1.0847769975662231 -0.20813570916652679 -0.88762110471725464 -1.05530846118927 -0.23745797574520111 -0.67436951398849487 -1.1046947240829468 -0.35232874751091003
612.30009999871254 -0.90723758935928345 -1.2513694763183594 0.53561484813690186 -0.80782103538513184 -1.2722400426864624 0.54426348209381104 -0.9997551441192627 -1.2948991060256958 0.47387361526489258 -0.82307040691375732 -1.257024884223938 0.26754692196846008 -0.99933379888534546 -1.2146650552749634 0.15965853631496429 -0.91368329524993896 -1.13266921043396 0.082698509097099304 -0.75556319952011108 -1.1894235610961914 -0.081588633358478546
689.81310001015663 -0.84948086738586426 -1.0776562690734863 0.42188426852226257 -0.8640475869178772 -1.0754580497741699 0.43945112824440002 -1.0590054988861084 -1.112706184387207 0.30786019563674927 -0.81569540500640869 -1.1255987882614136 0.17143447697162628 -1.0335053205490112 -1.0722756385803223 -0.021707508713006973 -0.88089668750762939 -1.0142289400100708 -0.11078783124685287 -0.65830874443054199 -1.0470372438430786 -0.19839794933795929
689.81310001015663 -0.80544370412826538 -1.0853562355041504 0.41382709145545959 -0.7832481861114502 -1.1243305206298828 0.39341777563095093 -0.96225154399871826 -1.1467020511627197 0.31210246682167053 -0.76289469003677368 -1.1550506353378296 0.16369321942329407 -0.97059464454650879 -1.1249767541885376 0.045698381960391998 -0.90532481670379639 -1.1159402132034302 -0.038775816559791565 -0.71520215272903442 -1.1536496877670288 -0.18894876539707184
767.33619999885559 -0.86970478296279907 -1.1207410097122192 0.32564479112625122 -0.87992364168167114 -1.1578117609024048 0.30087599158287048 -1.0608512163162231 -1.1864651441574097 0.18339836597442627 -0.83328753709793091 -1.2213218212127686 0.060127273201942444 -1.0399863719940186 -1.2055749893188477 -0.10330848395824432 -0.94014137983322144 -1.2113045454025269 -0.19831040501594543 -0.72388732433319092 -1.2307583093643188 -0.31527096033096313
767.33619999885559 -0.91380614042282104 -1.1353496313095093 0.29649218916893005 -0.86162495613098145 -1.1902889013290405 0.32113149762153625 -1.0563971996307373 -1.2041409015655518 0.2588483989238739 -0.82207411527633667 -1.2175276279449463 0.065156951546669006 -1.0275880098342896 -1.165560245513916 -0.042593091726303101 -0.9361870288848877 -1.1485897302627563 -0.13468128442764282 -0.73918908834457397 -1.1696915626525879 -0.25253996253013611
846.76500000059605 -0.87008011341094971 -1.0366326570510864 0.12488877773284912 -0.86989766359329224 -1.0254608392715454 0.22377385199069977 -1.048564076423645 -1.0826365947723389 0.10889336466789246 -0.78451812267303467 -1.0991473197937012 -0.023632708936929703 -0.96957677602767944 -1.0844064950942993 -0.18991537392139435 -0.77316862344741821 -1.0531803369522095 -0.27544841170310974 -0.5643201470375061 -1.0470143556594849 -0.3285776674747467
846.76500000059605 -0.99699980020523071 -0.99871259927749634 -0.046545013785362244 -0.97828406095504761 -1.082978367805481 -0.0080469287931919098 -1.176295280456543 -1.1212328672409058 -0.092888757586479187 -0.90576046705245972 -1.1437993049621582 -0.25016605854034424 -1.1179447174072266 -1.1143028736114502 -0.39725464582443237 -0.96028876304626465 -1.1069176197052002 -0.47614234685897827 -0.73771804571151733 -1.093950629234314 -0.55210977792739868
907.49899998307228 -0.91115868091583252 -0.98319351673126221 0.26493480801582336 -0.95135986804962158 -1.0460927486419678 0.33334076404571533 -1.1485065221786499 -1.0866447687149048 0.22101260721683502 -0.88702839612960815 -1.1365703344345093 0.041528791189193726 -1.1033016443252563 -1.1088505983352661 -0.13828930258750916 -0.96774750947952271 -1.1119710206985474 -0.25425699353218079 -0.74990040063858032 -1.1099866628646851 -0.34746640920639038
907.49899998307228 -0.98294937610626221 -0.93398338556289673 0.27324792742729187 -1.0244140625 -0.99885964393615723 0.34380406141281128 -1.227757453918457 -1.0406863689422607 0.22794516384601593 -0.95806056261062622 -1.0921812057495117 0.04281974583864212 -1.1811317205429077 -1.0635901689529419 -0.14265045523643494 -1.0413168668746948 -1.0668085813522339 -0.26226329803466797 -0.81662231683731079 -1.0647619962692261 -0.35840246081352234
991.10699999332428 -1.1548144817352295 -1.0783281326293945 0.34454277157783508 -1.0580500364303589 -1.1489068269729614 0.42067223787307739 -1.2819168567657471 -1.1888914108276367 0.34014037251472473 -1.0078225135803223 -1.1960664987564087 0.064108304679393768 -1.2290564775466919 -1.1528323888778687 -0.083273611962795258 -1.0929152965545654 -1.1091678142547607 -0.19904991984367371 -0.86690807342529297 -1.1075040102005005 -0.3132232129573822
991.10699999332428 -1.0825427770614624 -1.1528315544128418 0.31668585538864136 -1.0455524921417236 -1.252217173576355 0.41001033782958984 -1.2604765892028809 -1.2658499479293823 0.33763784170150757 -1.0282671451568604 -1.331027626991272 0.12285572290420532 -1.2855802774429321 -1.2931724786758423 -0.020644092932343483 -1.2085827589035034 -1.3023550510406494 -0.20781812071800232 -0.98327469825744629 -1.3047900199890137 -0.38472035527229309
1065.9264000058174 -0.91813892126083374 -0.87572628259658813 0.28441861271858215 -0.9125676155090332 -0.9899066686630249 0.43556571006774902 -1.0917657613754272 -1.0254697799682617 0.38159793615341187 -0.86769425868988037 -1.0654478073120117 0.18082611262798309 -1.081088662147522 -1.0569934844970703 0.063422836363315582 -0.98886001110076904 -1.0489104986190796 -0.18204906582832336 -0.74831563234329224 -1.011932373046875 -0.32926133275032043
1065.9264000058174 -1.0484291315078735 -0.96344786882400513 0.055326737463474274 -1.0880140066146851 -1.1225755214691162 0.26934096217155457 -1.3071315288543701 -1.163049578666687 0.20941922068595886 -1.0177652835845947 -1.2329162359237671 0.023086309432983398 -1.2723990678787231 -1.2187068462371826 -0.097214169800281525 -1.1035149097442627 -1.2078086137771606 -0.36190485954284668 -0.81664365530014038 -1.157678484916687 -0.54363423585891724
1145.0503999888897 -1.0506693124771118 -0.83940595388412476 0.3376295268535614 -0.91863232851028442 -1.0115576982498169 0.48546534776687622 -1.1293044090270996 -1.0092068910598755 0.43198278546333313 -0.88045543432235718 -1.0881175994873047 0.21923272311687469 -1.1191169023513794 -1.0371615886688232 0.10711383819580078 -1.0369207859039307 -1.0284956693649292 -0.12158992886543274 -0.80678844451904297 -1.0044763088226318 -0.28194716572761536
1268.315299987793 -1.1735564470291138 -1.2481608390808105 0.57230204343795776 -1.1087514162063599 -1.3324623107910156 0.64396446943283081 -1.4011105298995972 -1.3685932159423828 0.55976444482803345 -1.089951753616333 -1.3749626874923706 0.30972951650619507 -1.3981493711471558 -1.3016151189804077 0.1537984311580658 -1.2755125761032104 -1.2124099731445313 0.036350201815366745 -1.0141961574554443 -1.2498197555541992 -0.1389138251543045
1268.315299987793 -1.1087523698806763 -1.2555549144744873 0.27194949984550476 -1.1827044486999512 -1.3362736701965332 0.30945742130279541 -1.4025636911392212 -1.3681797981262207 0.16219416260719299 -1.1177867650985718 -1.4275093078613281 0.04949546605348587 -1.3797659873962402 -1.3811068534851074 -0.16270124912261963 -1.2298717498779297 -1.3934391736984253 -0.24945218861103058 -0.94557267427444458 -1.4238218069076538 -0.37562766671180725
1334.5816999971867 -0.83579206466674805 -0.92100101709365845 0.33936223387718201 -0.83324229717254639 -0.96364349126815796 0.37407994270324707 -1.0254800319671631 -0.99298578500747681 0.24877288937568665 -0.80886465311050415 -1.0411785840988159 0.10423877090215683 -1.027641773223877 -1.0034149885177612 -0.078388728201389313 -0.92651230096817017 -1.0209906101226807 -0.1499466598033905 -0.7115790843963623 -1.06146240234375 -0.23352691531181335
1334.5816999971867 -0.956085205078125 -1.0161110162734985 0.23989340662956238 -0.97475075721740723 -1.0881391763687134 0.254902184009552 -1.1850491762161255 -1.1052947044372559 0.13306942582130432 -0.92482131719589233 -1.152165412902832 -0.0018461550353094935 -1.1667925119400024 -1.09168541431427 -0.17950655519962311 -1.0275930166244507 -1.0883468389511108 -0.2576451301574707 -0.77301347255706787 -1.1058918237686157 -0.35496792197227478
1412.8720999956131 -0.93543750047683716 -1.1276042461395264 0.63514280319213867 -0.85600763559341431 -1.1694697141647339 0.73513340950012207 -1.0497558116912842 -1.220057487487793 0.63598877191543579 -0.85255342721939087 -1.2217967510223389 0.42154571413993835 -1.0684229135513306 -1.2027117013931274 0.27061784267425537 -1.0103933811187744 -1.1585253477096558 0.11727337539196014 -0.83031153678894043 -1.1630622148513794 0.0086795808747410774
1412.8720999956131 -0.84152907133102417 -0.9028664231300354 0.45847231149673462 -0.8245965838432312 -0.94954758882522583 0.53124493360519409 -1.0055829286575317 -0.98174244165420532 0.42056861519813538 -0.79552692174911499 -1.0268380641937256 0.24099309742450714 -1.0065741539001465 -0.97922343015670776 0.062878236174583435 -0.90499413013458252 -0.95078706741333008 -0.060968454927206039 -0.71054953336715698 -0.94619721174240112 -0.13363415002822876
1474.1836999952793 -0.90950900316238403 -0.87385386228561401 -0.0086576584726572037 -0.93118083477020264 -1.0210932493209839 0.080497153103351593 -1.1138163805007935 -1.063768744468689 -0.018569622188806534 -0.86690700054168701 -1.1098209619522095 -0.16653674840927124 -1.0908069610595703 -1.0881434679031372 -0.33411458134651184 -0.91784971952438354 -1.0528237819671631 -0.45311516523361206 -0.66901242733001709 -1.0211929082870483 -0.55529290437698364
1474.1836999952793 -1.0222094058990479 -0.97922772169113159 -0.0099495425820350647 -1.0471479892730713 -1.1486611366271973 0.092643976211547852 -1.2573128938674927 -1.1977694034576416 -0.021355576813220978 -0.97318589687347412 -1.2507631778717041 -0.19162644445896149 -1.2308350801467896 -1.2258181571960449 -0.38446405529975891 -1.0318073034286499 -1.1851745843887329 -0.52140212059020996 -0.74546164274215698 -1.1487759351730347 -0.63898152112960815
1532.7206999957561 -1.0941072702407837 -1.1587742567062378 0.44288185238838196 -1.1063194274902344 -1.1804121732711792 0.5670158863067627 -1.3180942535400391 -1.2186195850372314 0.43353140354156494 -1.0306719541549683 -1.2855609655380249 0.2458968460559845 -1.2819942235946655 -1.2436655759811401 0.032874740660190582 -1.1470913887023926 -1.2544397115707397 -0.16308248043060303 -0.81350928544998169 -1.2239506244659424 -0.24171106517314911
1532.7206999957561 -0.98933249711990356 -0.99742794036865234 0.18557645380496979 -0.96840429306030273 -1.0446106195449829 0.35817834734916687 -1.1510807275772095 -1.1291452646255493 0.26195904612541199 -0.88315427303314209 -1.1190006732940674 0.091893933713436127 -1.0935430526733398 -1.1369768381118774 -0.071282833814620972 -0.97159880399703979 -1.0952388048171997 -0.25794970989227295 -0.64962488412857056 -0.99040448665618896 -0.29976493120193481
1611.2172999829054 -1.0415587425231934 -0.98522114753723145 0.22708715498447418 -1.0185956954956055 -1.1287736892700195 0.408427894115448 -1.2256709337234497 -1.1527837514877319 0.39019745588302612 -0.97423422336578369 -1.2049541473388672 0.19564904272556305 -1.2138000726699829 -1.1876816749572754 0.12105939537286758 -1.0873521566390991 -1.1629073619842529 -0.123665452003479 -0.84064960479736328 -1.1048407554626465 -0.31498926877975464
1611.2172999829054 -0.99903231859207153 -0.86903864145278931 -0.0045741689391434193 -1.0032143592834473 -0.97454780340194702 0.16762122511863708 -1.2071652412414551 -1.0390605926513672 0.069167628884315491 -0.92326074838638306 -1.0588556528091431 -0.071974985301494598 -1.1530184745788574 -1.0572278499603271 -0.22019478678703308 -0.9845203161239624 -1.0180017948150635 -0.39905142784118652 -0.67915165424346924 -0.94685590267181396 -0.49213653802871704
1671.3114999979734 -1.1440445184707642 -0.99902909994125366 -0.0053417966701090336 -1.148930549621582 -1.1222982406616211 0.19583852589130402 -1.3872116804122925 -1.1976701021194458 0.080812655389308929 -1.055518627166748 -1.2207973003387451 -0.08408791571855545 -1.3239505290985107 -1.2188955545425415 -0.25725695490837097 -1.1270897388458252 -1.1730667352676392 -0.46621981263160706 -0.77031964063644409 -1.0899450778961182 -0.57497352361679077
1671.3114999979734 -1.081129789352417 -0.89838671684265137 0.48478361964225769 -1.0673975944519043 -1.1147452592849731 0.65325617790222168 -1.307356595993042 -1.1703895330429077 0.58231616020202637 -1.0657104253768921 -1.2592241764068604 0.37022459506988525 -1.3468152284622192 -1.280443549156189 0.23749442398548126 -1.2514408826828003 -1.2934274673461914 -0.070488475263118744 -0.99085170030593872 -1.2326765060424805 -0.29019129276275635
1768.3190999925137 -0.6541975736618042 -1.0430150032043457 1.9443303346633911 -0.70113015174865723 -1.255265474319458 2.9061076641082764 -0.95125114917755127 -1.2971735000610352 3.039597749710083 -1.0017397403717041 -1.3192781209945679 2.4207100868225098 -1.2744004726409912 -1.3642381429672241 2.5101888179779053 -1.5341067314147949 -1.2953757047653198 1.8152673244476318 -1.5252083539962769 -1.227002739906311 1.5072154998779297
1768.3190999925137 -0.67328834533691406 -0.48207968473434448 0.042508900165557861 -0.75731807947158813 -0.58040177822113037 0.011308301240205765 -0.92163324356079102 -0.60499840974807739 -0.093966551125049591 -0.72690063714981079 -0.65555000305175781 -0.18170338869094849 -0.90276294946670532 -0.64393925666809082 -0.33172979950904846 -0.78029745817184448 -0.64769953489303589 -0.40821775794029236 -0.57741987705230713 -0.6232185959815979 -0.45185410976409912
1832.8214000016451 -1.1408319473266602 -0.92751961946487427 1.1429262161254883 -1.1603002548217773 -1.0678757429122925 1.4191019535064697 -1.4335668087005615 -1.1044639348983765 1.3232046365737915 -1.3299742937088013 -1.197816014289856 1.0240088701248169 -1.6545944213867188 -1.1716941595077515 0.86589837074279785 -1.703012228012085 -1.1894282102584839 0.52264958620071411 -1.4741182327270508 -1.1972640752792358 0.28843849897384644
1832.8214000016451 -1.0032620429992676 -0.64746671915054321 0.31063836812973022 -1.151746392250061 -0.84582960605621338 0.30737364292144775 -1.3900657892227173 -0.89944595098495483 0.22149226069450378 -1.1345114707946777 -0.95887243747711182 0.056867394596338272 -1.4067052602767944 -0.98931366205215454 -0.086393110454082489 -1.2490503787994385 -1.0192098617553711 -0.31944489479064941 -0.95945316553115845 -1.013675332069397 -0.48666873574256897
1893.3937999904156 -1.2500685453414917 -0.9064328670501709 0.45801401138305664 -1.4267400503158569 -1.0748962163925171 0.61012488603591919 -1.7280335426330566 -1.1517435312271118 0.47441774606704712 -1.391075611114502 -1.2406265735626221 0.30161279439926147 -1.7259675264358521 -1.2684121131896973 0.10193796455860138 -1.5203506946563721 -1.3041161298751831 -0.18264123797416687 -1.1377183198928833 -1.2830430269241333 -0.36703643202781677
1893.3937999904156 -1.0533046722412109 -0.80631101131439209 1.1620556116104126 -1.1392335891723633 -1.0974243879318237 1.3512605428695679 -1.4108514785766602 -1.1049002408981323 1.3226521015167236 -1.2759073972702026 -1.2176177501678467 0.93841630220413208 -1.6024070978164673 -1.1844758987426758 0.8374636173248291 -1.6037992238998413 -1.1824302673339844 0.43506568670272827 -1.3942414522171021 -1.1522623300552368 0.17572171986103058
1969.1515999883413 -1.1425659656524658 -0.78544044494628906 0.89311748743057251 -1.0389013290405273 -0.9118955135345459 1.2023812532424927 -1.2901355028152466 -0.94516825675964355 1.1465789079666138 -1.1071563959121704 -1.0618337392807007 0.88407742977142334 -1.388728141784668 -1.0282796621322632 0.75554364919662476 -1.3693826198577881 -1.0413933992385864 0.49055975675582886 -1.1438432931900024 -1.0193256139755249 0.40584069490432739
1969.1515999883413 -1.0167508125305176 -0.60032278299331665 -0.078121066093444824 -1.1155805587768555 -0.76498305797576904 -0.10473450273275375 -1.3562672138214111 -0.79519933462142944 -0.22480084002017975 -1.0867018699645996 -0.86654788255691528 -0.33285093307495117 -1.3514337539672852 -0.86258089542388916 -0.50825834274291992 -1.1887589693069458 -0.87209302186965942 -0.64334017038345337 -0.84741908311843872 -0.81665396690368652 -0.70984971523284912
