28.806900009512901 -0.88605630397796631 -0.95833313465118408 -1.155827522277832 -0.91918665170669556 -1.1035871505737305 -1.5196757316589355 -1.1605644226074219 -1.0934382677078247 -1.5897181034088135 -0.95130527019500732 -1.022932767868042 -0.98389792442321777 -1.118009090423584 -0.91747844219207764 -1.0248173475265503 -0.86790287494659424 -0.76933819055557251 -0.65410447120666504 -0.74751102924346924 -0.81398141384124756 -0.40332674980163574
28.806900009512901 -0.79161852598190308 -0.89722162485122681 -0.19542816281318665 -0.86613994836807251 -0.97308629751205444 -0.27254828810691833 -1.0806260108947754 -0.96904510259628296 -0.385822594165802 -0.82665586471557617 -1.0404171943664551 -0.32917937636375427 -1.0384731292724609 -0.99015665054321289 -0.49528026580810547 -0.90908253192901611 -0.98375415802001953 -0.39177554845809937 -0.70972830057144165 -1.0168473720550537 -0.4145219624042511
87.816700011491776 -0.78266048431396484 -0.9995996356010437 -0.026392195373773575 -0.99480950832366943 -1.2107697725296021 0.0055856318213045597 -1.2626203298568726 -1.185215950012207 -0.075655899941921234 -1.0396960973739624 -1.2661435604095459 0.032515928149223328 -1.3192005157470703 -1.189875602722168 -0.11021092534065247 -1.2202903032302856 -1.1319234371185303 0.05074014887213707 -1.0306015014648438 -1.1725730895996094 0.14074550569057465
87.816700011491776 -0.72057855129241943 -0.80699747800827026 -0.021801350638270378 -0.89569699764251709 -0.98130792379379272 0.0045947488397359848 -1.1167614459991455 -0.96021443605422974 -0.062466073781251907 -0.93274855613708496 -1.0270161628723145 0.026824360713362694 -1.1634656190872192 -0.96406084299087524 -0.09098951518535614 -1.0818201303482056 -0.91622412204742432 0.041867543011903763 -0.92524152994155884 -0.94977843761444092 0.11616246402263641
158.55370001494884 -0.94785827398300171 -0.96624553203582764 0.2505875825881958 -0.87375730276107788 -1.067234992980957 0.12513582408428192 -1.0869872570037842 -1.0482026338577271 0.031246256083250046 -0.86974400281906128 -1.0950483083724976 -0.090842507779598236 -1.0935066938400269 -1.0394623279571533 -0.25190150737762451 -1.0064107179641724 -1.0153214931488037 -0.25941008329391479 -0.82943087816238403 -1.0429861545562744 -0.35808989405632019
158.55370001494884 -0.68049824237823486 -0.97770482301712036 -1.235411524772644 -0.7676471471786499 -1.2409178018569946 -1.3580527305603027 -1.0199416875839233 -1.2060790061950684 -1.5361775159835815 -0.82879048585891724 -1.2186424732208252 -0.97215253114700317 -1.0779633522033691 -1.1147269010543823 -1.1316498517990112 -0.9057808518409729 -1.0262610912322998 -0.69066315889358521 -0.78239977359771729 -1.0738903284072876 -0.38411250710487366
230.53299999237061 -0.77335768938064575 -0.78081774711608887 -0.40456312894821167 -0.7702486515045166 -0.93406248092651367 -0.40629282593727112 -0.97023141384124756 -0.91983872652053833 -0.57297784090042114 -0.74684244394302368 -1.0120774507522583 -0.43761754035949707 -0.97151774168014526 -0.9574618935585022 -0.64420413970947266 -0.86816829442977905 -0.9562111496925354 -0.53086084127426147 -0.67780297994613647 -0.990151047706604 -0.52900713682174683
494.04930000007153 -0.3528096079826355 -1.4154964685440063 -0.56300312280654907 -0.65782284736633301 -1.4397612810134888 -0.47212350368499756 -0.82059073448181152 -1.3842922449111938 -0.55538862943649292 -0.48104441165924072 -1.4077126979827881 -0.3369046151638031 -0.58957391977310181 -1.2963734865188599 -0.46401023864746094 -0.36149641871452332 -1.1328315734863281 -0.24702820181846619 -0.22672928869724274 -1.1585644483566284 -0.17868432402610779
537.27880001068115 -0.98763078451156616 -1.5689041614532471 0.49308121204376221 -0.96071016788482666 -1.5138708353042603 0.57156902551651001 -1.1436059474945068 -1.5099802017211914 0.46233025193214417 -0.81702661514282227 -1.5778520107269287 0.34190812706947327 -0.9965890645980835 -1.475834846496582 0.15541887283325195 -0.79244798421859741 -1.4230431318283081 0.05924997478723526 -0.58280670642852783 -1.4821571111679077 -0.00017859804211184382
593.45830000936985 -0.69189316034317017 -1.0170743465423584 0.50649076700210571 -0.65388631820678711 -0.97709095478057861 0.55052947998046875 -0.77560675144195557 -0.9743925929069519 0.48578754067420959 -0.60640209913253784 -0.98948609828948975 0.35219568014144897 -0.71795284748077393 -0.92566490173339844 0.21558885276317596 -0.60473507642745972 -0.87985265254974365 0.16558007895946503 -0.45758229494094849 -0.95215946435928345 0.1386273205280304
593.45830000936985 -0.72540503740310669 -1.0073553323745728 0.043667756021022797 -0.7079465389251709 -0.99320441484451294 0.09375995397567749 -0.87280744314193726 -0.98113304376602173 0.055854890495538712 -0.62140542268753052 -0.97069472074508667 -0.018488293513655663 -0.72200065851211548 -0.90324229001998901 -0.089465044438838959 -0.54020082950592041 -0.8283238410949707 -0.014356762170791626 -0.42548039555549622 -0.90734302997589111 0.012211906723678112
648.53730000555515 -0.82305651903152466 -1.1701219081878662 0.049683570861816406 -0.8031998872756958 -1.1540271043777466 0.10665649920701981 -0.99070632457733154 -1.1402976512908936 0.063544750213623047 -0.70477133989334106 -1.1284254789352417 -0.021010324358940125 -0.81918448209762573 -1.0517076253890991 -0.10173656046390533 -0.61241233348846436 -0.96649819612503052 -0.016311280429363251 -0.48193374276161194 -1.0563716888427734 0.013906899839639664
648.53730000555515 -0.86520844697952271 -1.1888560056686401 0.42690801620483398 -0.76682180166244507 -1.2260887622833252 0.39818689227104187 -0.9400864839553833 -1.2033333778381348 0.29189285635948181 -0.70064765214920044 -1.2476149797439575 0.13394716382026672 -0.8771095871925354 -1.1762971878051758 -0.022575631737709045 -0.75342166423797607 -1.1894544363021851 -0.093149371445178986 -0.54592674970626831 -1.2421009540557861 -0.22994324564933777
721.58320000767708 -0.71840816736221313 -1.1799293756484985 -0.46009078621864319 -0.77878129482269287 -1.1754074096679688 -0.56508100032806396 -0.93566346168518066 -1.1439534425735474 -0.59984147548675537 -0.7280876636505127 -1.2499773502349854 -0.45113670825958252 -0.85500514507293701 -1.1922298669815063 -0.5184863805770874 -0.52549803256988525 -0.97640156745910645 -0.31708559393882751 -0.38833990693092346 -1.0144283771514893 -0.25243484973907471
721.58320000767708 -0.86264228820800781 -1.1350353956222534 -0.075473234057426453 -0.80188989639282227 -1.0811997652053833 0.055461373180150986 -0.92170298099517822 -1.0310434103012085 0.029242174699902534 -0.70926910638809204 -1.0904312133789063 0.074192710220813751 -0.80619215965270996 -0.98335134983062744 -0.028334960341453552 -0.63403147459030151 -0.91787004470825195 0.053313083946704865 -0.46832728385925293 -0.95406109094619751 0.16862475872039795
783.68310000002384 -0.85990786552429199 -1.1672158241271973 -0.077318854629993439 -0.7976691722869873 -1.1120632886886597 0.056819133460521698 -0.92041361331939697 -1.0606797933578491 0.029958467930555344 -0.70278239250183105 -1.1215205192565918 0.076008744537830353 -0.80207663774490356 -1.0118207931518555 -0.029027322307229042 -0.62570399045944214 -0.94473749399185181 0.054618284106254578 -0.45594578981399536 -0.98181396722793579 0.17275112867355347
783.68310000002384 -0.76096785068511963 -1.0730043649673462 0.11078952252864838 -0.74941986799240112 -1.0879976749420166 0.039282765239477158 -0.91489642858505249 -1.0956225395202637 -0.0026430124416947365 -0.72100204229354858 -1.1292428970336914 -0.090746305882930756 -0.87297475337982178 -1.0827559232711792 -0.19346587359905243 -0.67278462648391724 -0.98643279075622559 -0.13024404644966125 -0.56659871339797974 -1.0972476005554199 -0.2125689685344696
845.10010001063347 -0.82869327068328857 -1.2208081483840942 0.4702058732509613 -0.79429775476455688 -1.1670691967010498 0.47558960318565369 -0.96522849798202515 -1.1723103523254395 0.39634692668914795 -0.76141864061355591 -1.1524543762207031 0.21174217760562897 -0.90995287895202637 -1.0930896997451782 0.087329544126987457 -0.70730245113372803 -0.98249810934066772 0.062955901026725769 -0.58417975902557373 -1.1037205457687378 -0.10678571462631226
845.10010001063347 -0.8114047646522522 -1.1182982921600342 0.26725867390632629 -0.77769047021865845 -1.1129540205001831 0.26780453324317932 -0.95010471343994141 -1.1258071660995483 0.2164127379655838 -0.75126558542251587 -1.0679571628570557 0.046299461275339127 -0.8897901177406311 -1.0101360082626343 -0.069602347910404205 -0.69552147388458252 -0.91192358732223511 -0.024849472567439079 -0.65464544296264648 -1.0542477369308472 -0.17205445468425751
908.82770000398159 -0.89461725950241089 -1.216122031211853 0.28666204214096069 -0.85845601558685303 -1.2103898525238037 0.28724753856658936 -1.0433834791183472 -1.2241759300231934 0.2321258932352066 -0.83011329174041748 -1.1621272563934326 0.049666397273540497 -0.97869151830673218 -1.1001098155975342 -0.074647165834903717 -0.77032345533370972 -0.9947693943977356 -0.02664627879858017 -0.72648084163665771 -1.1474229097366333 -0.18453487753868103
908.82770000398159 -0.86230719089508057 -1.1885572671890259 -0.13095009326934814 -0.86457020044326782 -1.2081801891326904 -0.02860674262046814 -1.0566087961196899 -1.1811285018920898 -0.15606433153152466 -0.84590154886245728 -1.2595748901367188 -0.11450980603694916 -1.0363113880157471 -1.179938793182373 -0.28534954786300659 -0.90797078609466553 -1.1393821239471436 -0.19976882636547089 -0.75015079975128174 -1.198478102684021 -0.18894241750240326
980.3352999985218 -0.68404495716094971 -1.0204441547393799 -0.48548218607902527 -0.71152198314666748 -1.100550651550293 -0.50228911638259888 -0.90721482038497925 -1.0988982915878296 -0.54511803388595581 -0.66095954179763794 -1.0535390377044678 -0.41626209020614624 -0.80421590805053711 -0.97137850522994995 -0.46936479210853577 -0.67095017433166504 -0.90749984979629517 -0.22556464374065399 -0.54051798582077026 -0.98092478513717651 -0.068021699786186218
980.3352999985218 -0.84139436483383179 -1.1235488653182983 -0.038839999586343765 -0.85215747356414795 -1.0684267282485962 -0.011154544539749622 -1.0389575958251953 -1.0708327293395996 -0.11939066648483276 -0.77928513288497925 -1.151766300201416 -0.15912851691246033 -0.93908941745758057 -1.0965343713760376 -0.3140704333782196 -0.70468956232070923 -1.0061986446380615 -0.24596452713012695 -0.52691036462783813 -1.0606476068496704 -0.25312891602516174
1038.1594000011683 -0.84301018714904785 -1.1937518119812012 0.13557474315166473 -0.77787256240844727 -1.1674423217773438 0.070604458451271057 -0.97530466318130493 -1.172419548034668 -0.048227723687887192 -0.75755876302719116 -1.1963542699813843 -0.22184355556964874 -0.94801867008209229 -1.1249878406524658 -0.39704841375350952 -0.77614998817443848 -1.0770331621170044 -0.36573278903961182 -0.60045164823532104 -1.1463786363601685 -0.47142612934112549
1038.1594000011683 -0.83358752727508545 -1.165601372718811 0.059963636100292206 -0.83005434274673462 -1.1474723815917969 -0.064116761088371277 -1.0288858413696289 -1.1216164827346802 -0.17456173896789551 -0.80563372373580933 -1.225135326385498 -0.29523900151252747 -1.0071315765380859 -1.1342102289199829 -0.46572250127792358 -0.80362284183502197 -1.1050741672515869 -0.41710940003395081 -0.634174644947052 -1.1763870716094971 -0.49275198578834534
1097.3427000045776 -0.8549264669418335 -1.1226984262466431 0.058841105550527573 -0.85145914554595947 -1.1049076318740845 -0.062924519181251526 -1.0465813875198364 -1.0795340538024902 -0.17130911350250244 -0.82749414443969727 -1.1811217069625854 -0.2897351086139679 -1.0252329111099243 -1.0918929576873779 -0.45703816413879395 -0.82552075386047363 -1.0633004903793335 -0.40933197736740112 -0.65923362970352173 -1.1332828998565674 -0.48356339335441589
1097.3427000045776 -0.86727887392044067 -1.1452651023864746 -0.31615078449249268 -0.84343433380126953 -1.1624691486358643 -0.39798182249069214 -1.0498884916305542 -1.1567714214324951 -0.44555509090423584 -0.80696523189544678 -1.2372367382049561 -0.40233948826789856 -1.009577751159668 -1.1715978384017944 -0.49774911999702454 -0.74605506658554077 -1.0711474418640137 -0.32237893342971802 -0.57251852750778198 -1.1382530927658081 -0.25704765319824219
1155.5942000150681 -0.84902840852737427 -1.1458652019500732 -0.10217504948377609 -0.84199082851409912 -1.1039471626281738 -0.12450287491083145 -1.033088207244873 -1.0836594104766846 -0.15668466687202454 -0.78054606914520264 -1.0748404264450073 -0.23746439814567566 -0.90220510959625244 -0.98598670959472656 -0.31952336430549622 -0.67455697059631348 -0.89392560720443726 -0.18718166649341583 -0.54976320266723633 -0.99790817499160767 -0.17334270477294922
1155.5942000150681 -0.87121623754501343 -1.1958116292953491 -0.10502304136753082 -0.86398190259933472 -1.1527217626571655 -0.12797507643699646 -1.0604218244552612 -1.1318669319152832 -0.16105657815933228 -0.80081933736801147 -1.1228013038635254 -0.24409465491771698 -0.92587953805923462 -1.0314635038375854 -0.32844769954681396 -0.6918671727180481 -0.93682867288589478 -0.19240617752075195 -0.56358456611633301 -1.0437182188034058 -0.17818033695220947
1224.1238000094891 -0.83969038724899292 -1.2081694602966309 0.42510813474655151 -0.77625709772109985 -1.1769022941589355 0.33907884359359741 -0.9426533579826355 -1.1651690006256104 0.22231145203113556 -0.75166016817092896 -1.1512789726257324 -0.035369612276554108 -0.88791924715042114 -1.0613832473754883 -0.20637015998363495 -0.78889316320419312 -0.99970316886901855 -0.23595236241817474 -0.68457871675491333 -1.095488429069519 -0.45124959945678711
1224.1238000094891 -0.77931594848632813 -1.1533142328262329 -0.19486939907073975 -0.83123999834060669 -1.1882690191268921 -0.37085264921188354 -1.0230809450149536 -1.1952768564224243 -0.45431822538375854 -0.80302757024765015 -1.2370779514312744 -0.41600748896598816 -1.0177638530731201 -1.2017993927001953 -0.55222231149673462 -0.82478922605514526 -1.1477497816085815 -0.44928091764450073 -0.65097516775131226 -1.2222052812576294 -0.51146197319030762
1280.2034000009298 -0.65043854713439941 -1.015146017074585 -0.086146607995033264 -0.79629611968994141 -1.0981007814407349 -0.14759527146816254 -1.0068217515945435 -1.1341627836227417 -0.34255629777908325 -0.75647127628326416 -1.2225577831268311 -0.3455531895160675 -0.99289679527282715 -1.2097256183624268 -0.59594911336898804 -0.77897614240646362 -1.1338045597076416 -0.57106524705886841 -0.57696574926376343 -1.1669529676437378 -0.66003066301345825
1280.2034000009298 -0.71545439958572388 -0.98821425437927246 -0.088303022086620331 -0.86496096849441528 -1.0732442140579224 -0.15128898620605469 -1.0807534456253052 -1.1102083921432495 -0.35112747550010681 -0.82413977384567261 -1.2008148431777954 -0.35419932007789612 -1.0664801597595215 -1.1876616477966309 -0.61085951328277588 -0.84720772504806519 -1.1098413467407227 -0.58535313606262207 -0.64014351367950439 -1.1438189744949341 -0.67654424905776978
1335.5937000066042 -0.77880263328552246 -0.96197968721389771 -0.027853747829794884 -0.89651554822921753 -1.1961888074874878 0.023305436596274376 -1.0888012647628784 -1.2161189317703247 -0.16411502659320831 -0.85066872835159302 -1.2830272912979126 -0.22308820486068726 -1.0604003667831421 -1.2369074821472168 -0.46565142273902893 -0.90936070680618286 -1.2022901773452759 -0.52682840824127197 -0.68478262424468994 -1.2172691822052002 -0.6474570631980896
1335.5937000066042 -0.87367910146713257 -1.0399283170700073 -0.023528944700956345 -0.85876822471618652 -1.1415537595748901 -0.15645310282707214 -1.0582120418548584 -1.1401810646057129 -0.30704647302627563 -0.81244438886642456 -1.178611159324646 -0.42657393217086792 -1.040688157081604 -1.1196370124816895 -0.62107217311859131 -0.91390728950500488 -1.1020138263702393 -0.64199149608612061 -0.68810093402862549 -1.1317110061645508 -0.79158353805541992
1407.036200016737 -0.89699733257293701 -1.1318994760513306 -0.0242884811013937 -0.88159537315368652 -1.2368724346160889 -0.16159102320671082 -1.0876086950302124 -1.2354545593261719 -0.31714478135108948 -0.83374565839767456 -1.2751504182815552 -0.44060936570167542 -1.0695075988769531 -1.2142338752746582 -0.64151418209075928 -0.93855065107345581 -1.1960301399230957 -0.66312253475189209 -0.70530647039413452 -1.2267054319381714 -0.81764209270477295
1407.036200016737 -0.84244745969772339 -1.2280139923095703 0.12846003472805023 -0.78916370868682861 -1.2599407434463501 0.03961644321680069 -0.96360766887664795 -1.2533693313598633 -0.08659740537405014 -0.75861525535583496 -1.2756220102310181 -0.23196050524711609 -0.95492410659790039 -1.2133562564849854 -0.40315476059913635 -0.85165029764175415 -1.1751539707183838 -0.40522587299346924 -0.66650605201721191 -1.2209540605545044 -0.53895211219787598
1478.5164000242949 -0.73702335357666016 -1.2107878923416138 0.47579455375671387 -0.75100547075271606 -1.2009207010269165 0.43758600950241089 -0.93788278102874756 -1.2285250425338745 0.28009086847305298 -0.69316065311431885 -1.2628632783889771 0.14557407796382904 -0.90109258890151978 -1.2303873300552368 -0.061784069985151291 -0.77518653869628906 -1.1998283863067627 -0.1785656064748764 -0.55976271629333496 -1.2137267589569092 -0.31924855709075928
1478.5164000242949 -0.75708818435668945 -1.1085168123245239 -0.16202500462532043 -0.88463044166564941 -1.1654837131500244 -0.20709402859210968 -1.0710304975509644 -1.1680605411529541 -0.37475696206092834 -0.82317304611206055 -1.237656831741333 -0.43224844336509705 -1.0320144891738892 -1.1816951036453247 -0.64641577005386353 -0.7926904559135437 -1.0917022228240967 -0.68998491764068604 -0.57064461708068848 -1.1036895513534546 -0.79997879266738892
1550.8087000101805 -0.85087913274765015 -1.207385778427124 0.74014616012573242 -0.76114451885223389 -1.2470654249191284 0.71014547348022461 -0.93328619003295898 -1.2771050930023193 0.60088634490966797 -0.77427822351455688 -1.2378262281417847 0.3660561740398407 -0.9540824294090271 -1.2109842300415039 0.2010163813829422 -0.88473057746887207 -1.1144895553588867 0.066258810460567474 -0.72411954402923584 -1.1332993507385254 -0.12808306515216827
1550.8087000101805 -0.87614727020263672 -1.1842035055160522 0.26622751355171204 -0.80790936946868896 -1.2322977781295776 0.28157335519790649 -1.0123406648635864 -1.2746928930282593 0.17319492995738983 -0.7537958025932312 -1.2687408924102783 -0.063076585531234741 -1.0047533512115479 -1.2396664619445801 -0.24846585094928741 -0.88429874181747437 -1.2329907417297363 -0.32584026455879211 -0.65797597169876099 -1.2485785484313965 -0.46341073513031006
1613.2231000065804 -0.93025457859039307 -1.2010726928710938 -0.14828972518444061 -0.90719598531723022 -1.2535130977630615 -0.11318755149841309 -1.1169089078903198 -1.2588531970977783 -0.28743976354598999 -0.82506722211837769 -1.2976396083831787 -0.42698520421981812 -1.0490479469299316 -1.2200207710266113 -0.64721208810806274 -0.8292422890663147 -1.1648824214935303 -0.68927890062332153 -0.59402304887771606 -1.162493109703064 -0.78215914964675903
1613.2231000065804 -0.91063982248306274 -1.1093897819519043 -0.14225777983665466 -0.88851922750473022 -1.1596969366073608 -0.10858358442783356 -1.0897009372711182 -1.1648197174072266 -0.275747150182724 -0.80973154306411743 -1.2020282745361328 -0.40961578488349915 -1.024600625038147 -1.127566933631897 -0.6208837628364563 -0.81373673677444458 -1.074671745300293 -0.66123926639556885 -0.58808630704879761 -1.0723795890808105 -0.75034111738204956
1680.0510000139475 -0.90995693206787109 -1.214360237121582 0.4207492470741272 -0.85123544931411743 -1.2665805816650391 0.45649850368499756 -1.0662456750869751 -1.2866441011428833 0.31762290000915527 -0.80599230527877808 -1.3289357423782349 0.15772247314453125 -1.0541384220123291 -1.2849272489547729 -0.03940858319401741 -0.93760162591934204 -1.2598714828491211 -0.1666950136423111 -0.71938043832778931 -1.2778294086456299 -0.31938618421554565
1680.0510000139475 -0.91808021068572998 -1.0368894338607788 0.10127082467079163 -0.86555343866348267 -1.0755070447921753 0.1017364040017128 -1.0514527559280396 -1.0807806253433228 -0.017232168465852737 -0.79489338397979736 -1.1271474361419678 -0.18399228155612946 -0.99755567312240601 -1.0620626211166382 -0.37205135822296143 -0.85998821258544922 -1.041441798210144 -0.43008345365524292 -0.65560311079025269 -1.0218168497085571 -0.54165476560592651
1742.3735000044107 -1.0278607606887817 -1.0115340948104858 0.14182566106319427 -0.9828454852104187 -1.1320738792419434 0.15274578332901001 -1.2005293369293213 -1.1108089685440063 -0.0054836776107549667 -0.88874906301498413 -1.2227939367294312 -0.14386110007762909 -1.1274433135986328 -1.1162921190261841 -0.37651732563972473 -0.94743412733078003 -1.1056957244873047 -0.53372395038604736 -0.69189220666885376 -1.0967949628829956 -0.6962815523147583
1742.3735000044107 -1.0542091131210327 -0.9957042932510376 -0.17402841150760651 -1.075992226600647 -1.0967316627502441 -0.15272429585456848 -1.3144015073776245 -1.1272728443145752 -0.34175357222557068 -0.98754614591598511 -1.2079133987426758 -0.42214620113372803 -1.2514313459396362 -1.1584380865097046 -0.68053281307220459 -1.0484100580215454 -1.1448556184768677 -0.75796079635620117 -0.78465384244918823 -1.1317040920257568 -0.86763876676559448
1799.8058000057936 -1.058358907699585 -0.92762631177902222 -0.16995975375175476 -1.0796328783035278 -1.0262928009033203 -0.14915348589420319 -1.3124709129333496 -1.0561202764511108 -0.33376538753509521 -0.99325370788574219 -1.1348763704299927 -0.41227930784225464 -1.2509721517562866 -1.086557149887085 -0.6646277904510498 -1.0526952743530273 -1.0732921361923218 -0.74024629592895508 -0.79510277509689331 -1.0604480504989624 -0.84736126661300659
1799.8058000057936 -1.033106803894043 -0.91478621959686279 0.80634665489196777 -0.99522149562835693 -1.0931499004364014 0.90411251783370972 -1.2195606231689453 -1.0864838361740112 0.81919014453887939 -1.0214232206344604 -1.1991143226623535 0.59270787239074707 -1.2905867099761963 -1.1467514038085938 0.44538700580596924 -1.2419126033782959 -1.1571340560913086 0.2111484557390213 -1.0282130241394043 -1.1792216300964355 -0.039879091084003448
1881.6374000012875 -1.1499125957489014 -0.98862451314926147 -0.14371450245380402 -1.0657894611358643 -1.1256250143051147 -0.12249065190553665 -1.3276363611221313 -1.1128832101821899 -0.20354621112346649 -0.9856608510017395 -1.1866906881332397 -0.31886625289916992 -1.2588640451431274 -1.1112980842590332 -0.46023368835449219 -1.0836808681488037 -1.0841830968856812 -0.61878776550292969 -0.80063140392303467 -1.0599479675292969 -0.74577528238296509
1881.6374000012875 -1.0680996179580688 -0.89468836784362793 -0.25006118416786194 -1.0233412981033325 -1.0334887504577637 -0.30793082714080811 -1.2707060575485229 -1.0459085702896118 -0.40463590621948242 -0.89755427837371826 -1.0704871416091919 -0.47377142310142517 -1.1504466533660889 -1.0223441123962402 -0.61532378196716309 -0.93178081512451172 -0.96082013845443726 -0.75694012641906738 -0.65450537204742432 -0.91418182849884033 -0.84602981805801392
1942.0101999938488 -1.0826797485351563 -0.89331537485122681 0.1764514297246933 -1.0388315916061401 -1.0997793674468994 0.19270174205303192 -1.3171676397323608 -1.0923947095870972 0.09514627605676651 -0.96531879901885986 -1.1720364093780518 -0.096397951245307922 -1.2504721879959106 -1.1004986763000488 -0.26445859670639038 -1.0625289678573608 -1.0729985237121582 -0.50105535984039307 -0.75731354951858521 -1.0469539165496826 -0.66460543870925903
1942.0101999938488 -1.2412630319595337 -0.96967673301696777 0.64519649744033813 -1.19279944896698 -1.1831870079040527 0.75244271755218506 -1.4867998361587524 -1.1438827514648438 0.72306591272354126 -1.1864678859710693 -1.2917495965957642 0.43171575665473938 -1.5054924488067627 -1.1964603662490845 0.33231052756309509 -1.3973138332366943 -1.1786346435546875 0.017801450565457344 -1.1454024314880371 -1.1679518222808838 -0.21343578398227692
