3.9714999943971634 -0.44122686982154846 -1.0939624309539795 -1.3374801874160767 -0.45802795886993408 -1.2454410791397095 -1.4284758567810059 -0.654335618019104 -1.1896438598632813 -1.5136004686355591 -0.50545579195022583 -1.2259734869003296 -0.98425459861755371 -0.69504523277282715 -1.1065961122512817 -1.1040549278259277 -0.65288609266281128 -1.0431517362594604 -0.55117607116699219 -0.57068479061126709 -1.0163518190383911 -0.18886768817901611
3.9714999943971634 -0.48402601480484009 -0.95409762859344482 -1.1035928726196289 -0.47295007109642029 -1.1531376838684082 -1.2848376035690308 -0.63307738304138184 -1.1159713268280029 -1.3907536268234253 -0.4844258725643158 -1.1855432987213135 -1.0313289165496826 -0.66926991939544678 -1.1125063896179199 -1.1689742803573608 -0.63538491725921631 -1.0955076217651367 -0.75654608011245728 -0.52678322792053223 -1.0483747720718384 -0.54451435804367065
68.17059999704361 -0.50162279605865479 -1.0907151699066162 -1.477494478225708 -0.51947695016860962 -1.2514194250106812 -1.6511068344116211 -0.69712543487548828 -1.2076138257980347 -1.739071249961853 -0.56061828136444092 -1.259181022644043 -1.2276501655578613 -0.74833524227142334 -1.1529004573822021 -1.3622446060180664 -0.70903116464614868 -1.1031121015548706 -0.81481492519378662 -0.61882913112640381 -1.0554513931274414 -0.42782843112945557
68.17059999704361 -0.50136542320251465 -1.0556905269622803 -1.4510954618453979 -0.51890039443969727 -1.2135213613510132 -1.6216036081314087 -0.69337248802185059 -1.1704989671707153 -1.7079952955245972 -0.55930614471435547 -1.2211441993713379 -1.2057183980941772 -0.74366670846939087 -1.1167639493942261 -1.3379063606262207 -0.70506542921066284 -1.0678658485412598 -0.80026453733444214 -0.61647617816925049 -1.0210572481155396 -0.42019733786582947
128.35460000485182 -0.50787001848220825 -1.0667848587036133 -1.2952718734741211 -0.54757624864578247 -1.2572799921035767 -1.3796700239181519 -0.73788696527481079 -1.1954525709152222 -1.4882793426513672 -0.55915874242782593 -1.2524255514144897 -0.96089327335357666 -0.75396913290023804 -1.1419658660888672 -1.095318078994751 -0.70749765634536743 -1.0863308906555176 -0.58720463514328003 -0.61364620923995972 -1.0321395397186279 -0.26888811588287354
128.35460000485182 -0.46188357472419739 -1.1637716293334961 -0.60849523544311523 -0.55016207695007324 -1.3276643753051758 -0.84394675493240356 -0.74828970432281494 -1.2993348836898804 -0.96494936943054199 -0.54211467504501343 -1.3819409608840942 -0.75922822952270508 -0.77119326591491699 -1.3172688484191895 -0.89687061309814453 -0.73874294757843018 -1.3096050024032593 -0.59178942441940308 -0.60297375917434692 -1.2646877765655518 -0.53485119342803955
193.76070000231266 -0.46123069524765015 -1.2056217193603516 -0.42851537466049194 -0.51608061790466309 -1.36600661277771 -0.82764261960983276 -0.7263227105140686 -1.3641281127929688 -0.94171720743179321 -0.51110059022903442 -1.4064531326293945 -0.8265763521194458 -0.76961046457290649 -1.3621541261672974 -0.97261601686477661 -0.74457097053527832 -1.3315019607543945 -0.69308537244796753 -0.59795010089874268 -1.2691073417663574 -0.658561110496521
193.76070000231266 -0.49748674035072327 -1.1788753271102905 -0.10417556017637253 -0.54160141944885254 -1.3889948129653931 -0.51544272899627686 -0.74319243431091309 -1.3542616367340088 -0.6090351939201355 -0.55221664905548096 -1.4152364730834961 -0.66069561243057251 -0.8013949990272522 -1.3387360572814941 -0.75527137517929077 -0.78573060035705566 -1.3391671180725098 -0.56798303127288818 -0.62999856472015381 -1.2928081750869751 -0.73676347732543945
268.32849999517202 -0.44906902313232422 -1.0377098321914673 -0.09434131532907486 -0.48901599645614624 -1.2279783487319946 -0.46675446629524231 -0.67156189680099487 -1.1965266466140747 -0.55150485038757324 -0.49862831830978394 -1.2517408132553101 -0.59828472137451172 -0.72426581382751465 -1.1824676990509033 -0.6839255690574646 -0.71008121967315674 -1.1828579902648926 -0.51433104276657104 -0.56906193494796753 -1.1408789157867432 -0.66716617345809937
268.32849999517202 -0.50240224599838257 -1.0922842025756836 -0.084108039736747742 -0.48970577120780945 -1.2425136566162109 -0.35884740948677063 -0.65746062994003296 -1.2202390432357788 -0.49905267357826233 -0.46838128566741943 -1.2638152837753296 -0.38273590803146362 -0.65357112884521484 -1.2143415212631226 -0.53920739889144897 -0.62951207160949707 -1.1732745170593262 -0.41606587171554565 -0.51568961143493652 -1.1259797811508179 -0.48887538909912109
335.42870000004768 -0.48302620649337769 -1.2708983421325684 -0.21538199484348297 -0.50499546527862549 -1.3867135047912598 -0.51043659448623657 -0.69576376676559448 -1.3364802598953247 -0.62230181694030762 -0.50383472442626953 -1.3855105638504028 -0.49607095122337341 -0.72519099712371826 -1.2989386320114136 -0.61915850639343262 -0.68344146013259888 -1.2750325202941895 -0.38799604773521423 -0.54016995429992676 -1.2637124061584473 -0.38640975952148438
335.42870000004768 -0.47431755065917969 -1.1588732004165649 -0.44528114795684814 -0.56326347589492798 -1.393141508102417 -0.71661639213562012 -0.7590213418006897 -1.3529592752456665 -0.80552685260772705 -0.48657244443893433 -1.4142807722091675 -0.64152216911315918 -0.70881026983261108 -1.3351023197174072 -0.77975165843963623 -0.63249999284744263 -1.3194534778594971 -0.50450372695922852 -0.46301078796386719 -1.2805823087692261 -0.5514523983001709
594.8234999999404 -0.42979353666305542 -1.0853421688079834 -0.46574842929840088 -0.47584658861160278 -1.2836352586746216 -0.74537551403045654 -0.61418092250823975 -1.2295525074005127 -0.81559169292449951 -0.4963836669921875 -1.3245480060577393 -0.72845131158828735 -0.62782460451126099 -1.2422239780426025 -0.81738114356994629 -0.5695195198059082 -1.2696683406829834 -0.59331154823303223 -0.41010165214538574 -1.2178246974945068 -0.59612691402435303
674.97419999539852 -0.47107097506523132 -1.1523929834365845 0.26957535743713379 -0.51449215412139893 -1.2938247919082642 -0.061097707599401474 -0.66833394765853882 -1.2368162870407104 -0.18118038773536682 -0.52159225940704346 -1.3077584505081177 -0.28014999628067017 -0.71120071411132813 -1.2255920171737671 -0.42249849438667297 -0.64960038661956787 -1.2679299116134644 -0.42744192481040955 -0.41235116124153137 -1.2701727151870728 -0.74130576848983765
674.97419999539852 -0.41312852501869202 -1.2322202920913696 0.43076014518737793 -0.47022834420204163 -1.3376593589782715 0.038057722151279449 -0.60393089056015015 -1.3075562715530396 -0.11181925237178802 -0.49065086245536804 -1.3229132890701294 -0.18157362937927246 -0.67007005214691162 -1.2589007616043091 -0.3057599663734436 -0.62690567970275879 -1.2731308937072754 -0.29911008477210999 -0.40381178259849548 -1.2619969844818115 -0.61516982316970825
740.79729999601841 -0.25361576676368713 -1.1382948160171509 0.29286351799964905 -0.39413237571716309 -1.194117546081543 -0.12890060245990753 -0.51704955101013184 -1.1738444566726685 -0.29918310046195984 -0.39560329914093018 -1.2111287117004395 -0.30507919192314148 -0.56731748580932617 -1.1585251092910767 -0.45131194591522217 -0.52936792373657227 -1.153796911239624 -0.44552409648895264 -0.30027779936790466 -1.1199604272842407 -0.68649744987487793
740.79729999601841 -0.38496318459510803 -1.1261881589889526 -0.2304023802280426 -0.40553614497184753 -1.3086807727813721 -0.40231573581695557 -0.54519826173782349 -1.2438367605209351 -0.39874723553657532 -0.3863370418548584 -1.3260931968688965 -0.4978640079498291 -0.54503434896469116 -1.2315464019775391 -0.5426526665687561 -0.46299466490745544 -1.2398327589035034 -0.44839960336685181 -0.28284436464309692 -1.2309845685958862 -0.59629905223846436
804.80079999566078 -0.46283510327339172 -1.0587977170944214 -0.38841545581817627 -0.42786034941673279 -1.2346165180206299 -0.55206894874572754 -0.57603788375854492 -1.2065770626068115 -0.61304968595504761 -0.39304789900779724 -1.254206657409668 -0.50457763671875 -0.56446892023086548 -1.1928664445877075 -0.63140857219696045 -0.47864356637001038 -1.186884880065918 -0.45299404859542847 -0.31716635823249817 -1.1683635711669922 -0.46225953102111816
804.80079999566078 -0.48897743225097656 -1.0316874980926514 -0.39905580878257751 -0.45304486155509949 -1.2123210430145264 -0.56719106435775757 -0.60528033971786499 -1.1835136413574219 -0.62984180450439453 -0.41727903485298157 -1.2324477434158325 -0.51839917898178101 -0.59339457750320435 -1.1694275140762329 -0.64870345592498779 -0.5052187442779541 -1.1632822751998901 -0.46540293097496033 -0.33931940793991089 -1.1442537307739258 -0.47492215037345886
866.54529999941587 -0.46563377976417542 -1.1473517417907715 0.20860858261585236 -0.51983463764190674 -1.2801365852355957 -0.16460461914539337 -0.6646573543548584 -1.2532944679260254 -0.2939448356628418 -0.49874252080917358 -1.2988975048065186 -0.33327633142471313 -0.68314641714096069 -1.2431411743164063 -0.48601928353309631 -0.62233269214630127 -1.2448890209197998 -0.52484577894210815 -0.41035059094429016 -1.2301688194274902 -0.80232900381088257
866.54529999941587 -0.39524292945861816 -1.1348190307617188 0.32990732789039612 -0.44443008303642273 -1.2812865972518921 0.0039752204902470112 -0.58219802379608154 -1.2227842807769775 -0.10957418382167816 -0.44363313913345337 -1.3082647323608398 -0.24909232556819916 -0.6129601001739502 -1.2230370044708252 -0.355406254529953 -0.54445403814315796 -1.2360600233078003 -0.42610850930213928 -0.31594565510749817 -1.2115575075149536 -0.764382004737854
933.39689999073744 -0.28301715850830078 -1.1029318571090698 0.26325193047523499 -0.35040408372879028 -1.202426552772522 -0.18758247792720795 -0.4918256402015686 -1.1536000967025757 -0.3261282742023468 -0.3634316623210907 -1.2140984535217285 -0.3073868453502655 -0.54447841644287109 -1.1482603549957275 -0.43015524744987488 -0.51156556606292725 -1.1500118970870972 -0.39046049118041992 -0.34762689471244812 -1.1354936361312866 -0.60427397489547729
933.39689999073744 -0.312919020652771 -1.2071070671081543 0.49084138870239258 -0.42077836394309998 -1.360788106918335 -0.012595734558999538 -0.60030502080917358 -1.3177298307418823 -0.17768813669681549 -0.48031985759735107 -1.3554223775863647 -0.34088525176048279 -0.70004928112030029 -1.2760595083236694 -0.48777234554290771 -0.67797946929931641 -1.2490222454071045 -0.50175237655639648 -0.47661197185516357 -1.1942688226699829 -0.82731223106384277
998.43859999626875 -0.26786291599273682 -1.0983258485794067 0.43875795602798462 -0.36427587270736694 -1.2356979846954346 -0.01125277578830719 -0.52475064992904663 -1.1972091197967529 -0.15882505476474762 -0.41749861836433411 -1.2309014797210693 -0.30470314621925354 -0.61390960216522217 -1.1599611043930054 -0.43600213527679443 -0.59418195486068726 -1.1357928514480591 -0.44849860668182373 -0.41418424248695374 -1.0868502855300903 -0.7395089864730835
998.43859999626875 -0.30713233351707458 -1.070338249206543 -0.25895774364471436 -0.33789825439453125 -1.1828649044036865 -0.4364258348941803 -0.48275837302207947 -1.1466858386993408 -0.47247254848480225 -0.34159380197525024 -1.1980022192001343 -0.48867377638816833 -0.50067132711410522 -1.1379858255386353 -0.55460453033447266 -0.45139351487159729 -1.1305675506591797 -0.48599275946617126 -0.31081423163414001 -1.0950926542282104 -0.62807053327560425
1062.7953000068665 -0.38015833497047424 -1.2080138921737671 -0.42884698510169983 -0.43505918979644775 -1.3082298040390015 -0.58861643075942993 -0.57856416702270508 -1.2578322887420654 -0.63808369636535645 -0.38910973072052002 -1.3342968225479126 -0.55313128232955933 -0.55258464813232422 -1.2706557512283325 -0.6432574987411499 -0.45495277643203735 -1.2814370393753052 -0.52918058633804321 -0.23686864972114563 -1.2571358680725098 -0.62603604793548584
1062.7953000068665 -0.30641314387321472 -1.1853523254394531 -0.30978119373321533 -0.42478686571121216 -1.2720648050308228 -0.55693060159683228 -0.56415969133377075 -1.1891814470291138 -0.63351988792419434 -0.43157052993774414 -1.3017059564590454 -0.558116614818573 -0.58452790975570679 -1.1952472925186157 -0.66418814659118652 -0.5134735107421875 -1.2029393911361694 -0.46553459763526917 -0.324830561876297 -1.1782019138336182 -0.5452466607093811
1127.8170000016689 -0.33271840214729309 -1.1746131181716919 -0.30641365051269531 -0.44980296492576599 -1.2603812217712402 -0.55087131261825562 -0.58765780925750732 -1.1784005165100098 -0.62662649154663086 -0.45651271939277649 -1.2896994352340698 -0.55204439163208008 -0.60780423879623413 -1.1844003200531006 -0.65696072578430176 -0.53752368688583374 -1.1920087337493896 -0.46047070622444153 -0.35093525052070618 -1.1675406694412231 -0.5393146276473999
1130.896099999547 -0.34822160005569458 -1.1948033571243286 0.22614359855651855 -0.46584337949752808 -1.3514848947525024 -0.30094712972640991 -0.60687655210494995 -1.305277943611145 -0.39534986019134521 -0.50568902492523193 -1.3310904502868652 -0.57715314626693726 -0.6959456205368042 -1.2615996599197388 -0.67026776075363159 -0.67400258779525757 -1.2262815237045288 -0.72515654563903809 -0.47894874215126038 -1.1530448198318481 -1.0538537502288818
1194.0011999905109 -0.26274117827415466 -0.97387486696243286 0.21620982885360718 -0.3254486620426178 -1.0652199983596802 -0.05792858824133873 -0.45251235365867615 -1.0149393081665039 -0.11732276529073715 -0.36968144774436951 -1.0547679662704468 -0.18819041550159454 -0.50701212882995605 -0.98859411478042603 -0.27001062035560608 -0.48886609077453613 -0.97296863794326782 -0.22685679793357849 -0.37252014875411987 -0.96853476762771606 -0.40200462937355042
1194.0011999905109 -0.30384549498558044 -1.0099729299545288 -0.98555999994277954 -0.38993999361991882 -1.1941081285476685 -0.96297538280487061 -0.53361964225769043 -1.1407979726791382 -1.0704609155654907 -0.43175813555717468 -1.2227439880371094 -0.70919156074523926 -0.58919918537139893 -1.1436823606491089 -0.83692628145217896 -0.54245764017105103 -1.1320505142211914 -0.43914476037025452 -0.42218416929244995 -1.0993694067001343 -0.24983519315719604
1262.3127000033855 -0.39573714137077332 -1.1729381084442139 0.67367219924926758 -0.45107433199882507 -1.2954261302947998 0.31485292315483093 -0.56556159257888794 -1.2238109111785889 0.23864223062992096 -0.52374935150146484 -1.2420450448989868 -0.0039077866822481155 -0.65143305063247681 -1.1420204639434814 -0.064213477075099945 -0.62705534696578979 -1.1066619157791138 -0.13736049830913544 -0.4793936014175415 -1.0860826969146729 -0.48504257202148438
1262.3127000033855 -0.34764227271080017 -1.0042401552200317 0.080238237977027893 -0.39055374264717102 -1.1784791946411133 -0.16998392343521118 -0.53555202484130859 -1.1684385538101196 -0.24542701244354248 -0.37203601002693176 -1.19989013671875 -0.43393653631210327 -0.55367976427078247 -1.1670095920562744 -0.55339699983596802 -0.48143431544303894 -1.1724544763565063 -0.60819703340530396 -0.25465768575668335 -1.1221237182617188 -0.87535429000854492
1324.7897999957204 -0.3648148775100708 -1.0604382753372192 0.081972092390060425 -0.40865382552146912 -1.2384432554244995 -0.17365840077400208 -0.5567861795425415 -1.2281855344772339 -0.25073212385177612 -0.3897358775138855 -1.2603169679641724 -0.44331613183021545 -0.57530570030212402 -1.226725697517395 -0.56535863876342773 -0.50149869918823242 -1.2322883605957031 -0.62134313583374023 -0.26982054114341736 -1.1808696985244751 -0.89427471160888672
1324.7897999957204 -0.3246452808380127 -1.0431275367736816 -0.71075165271759033 -0.34468543529510498 -1.1553254127502441 -0.77221900224685669 -0.47914856672286987 -1.0826257467269897 -0.87668204307556152 -0.40408772230148315 -1.1756061315536499 -0.6009976863861084 -0.55491173267364502 -1.0698803663253784 -0.70879083871841431 -0.5311359167098999 -1.0634216070175171 -0.4054267406463623 -0.44265669584274292 -1.0596123933792114 -0.28565779328346252
1392.7265999987721 -0.43401607871055603 -1.0906753540039063 0.59180670976638794 -0.44070529937744141 -1.2711621522903442 0.18087923526763916 -0.59332728385925293 -1.2226799726486206 0.050120443105697632 -0.50477427244186401 -1.261069655418396 -0.1893644779920578 -0.69361394643783569 -1.1732426881790161 -0.31800097227096558 -0.67821919918060303 -1.1765338182449341 -0.37916138768196106 -0.49306178092956543 -1.1388747692108154 -0.73203825950622559
1392.7265999987721 -0.3540416955947876 -0.9567258358001709 -1.2433757781982422 -0.37877979874610901 -1.1746740341186523 -1.2570680379867554 -0.52710378170013428 -1.1142572164535522 -1.2675739526748657 -0.39997553825378418 -1.1879968643188477 -0.84087222814559937 -0.54811984300613403 -1.0805610418319702 -0.89370709657669067 -0.49406415224075317 -1.0415604114532471 -0.48780190944671631 -0.37566184997558594 -0.99556219577789307 -0.16041387617588043
1452.9540999978781 -0.40427079796791077 -1.1608422994613647 0.11696518957614899 -0.56310313940048218 -1.2180027961730957 -0.37894171476364136 -0.67488682270050049 -1.1630868911743164 -0.5588034987449646 -0.53774827718734741 -1.2351460456848145 -0.51104897260665894 -0.70634746551513672 -1.1644986867904663 -0.65115487575531006 -0.64781105518341064 -1.1672556400299072 -0.65401583909988403 -0.43271297216415405 -1.1278477907180786 -0.90678787231445313
1452.9540999978781 -0.24757751822471619 -1.1396392583847046 0.10998723655939102 -0.39690884947776794 -1.19338059425354 -0.35625565052032471 -0.50200587511062622 -1.1417496204376221 -0.52535843849182129 -0.37307068705558777 -1.2094982862472534 -0.48046049475669861 -0.53158468008041382 -1.14307701587677 -0.61218553781509399 -0.47654977440834045 -1.1456689834594727 -0.61487537622451782 -0.27431833744049072 -1.1086183786392212 -0.85252726078033447
1517.8617999926209 -0.26688036322593689 -1.0173174142837524 -0.19723936915397644 -0.33632040023803711 -1.1217195987701416 -0.45238244533538818 -0.44736284017562866 -1.0566796064376831 -0.5493617057800293 -0.36943227052688599 -1.1436431407928467 -0.42692026495933533 -0.50319898128509521 -1.0583930015563965 -0.53349310159683228 -0.48420217633247375 -1.0612825155258179 -0.40307566523551941 -0.37055465579032898 -1.0512771606445313 -0.47304904460906982
1517.8617999926209 -0.37772071361541748 -1.1392531394958496 0.45003160834312439 -0.39899745583534241 -1.2718292474746704 0.071984574198722839 -0.54947322607040405 -1.2287758588790894 -0.053981505334377289 -0.45979058742523193 -1.2728147506713867 -0.24384516477584839 -0.63771158456802368 -1.2030140161514282 -0.38766705989837646 -0.62528878450393677 -1.1989085674285889 -0.42188927531242371 -0.47444140911102295 -1.1934794187545776 -0.73628455400466919
1580.2127999961376 -0.34857168793678284 -1.1687788963317871 0.062752395868301392 -0.46993803977966309 -1.2580032348632813 -0.40826106071472168 -0.55287593603134155 -1.149836540222168 -0.50132852792739868 -0.48474898934364319 -1.2547919750213623 -0.48738968372344971 -0.59947699308395386 -1.1243253946304321 -0.52748394012451172 -0.56902730464935303 -1.1270135641098022 -0.50828403234481812 -0.43266993761062622 -1.0986061096191406 -0.76563632488250732
1580.2127999961376 -0.32552024722099304 -1.0661970376968384 0.057644475251436234 -0.43699949979782104 -1.1481527090072632 -0.37499779462814331 -0.51318085193634033 -1.0487978458404541 -0.46048355102539063 -0.45060381293296814 -1.1452029943466187 -0.44768023490905762 -0.55598556995391846 -1.0253649950027466 -0.48450818657875061 -0.52801644802093506 -1.0278340578079224 -0.46687242388725281 -0.40276744961738586 -1.0017408132553101 -0.70325946807861328
1645.0595000013709 -0.38419511914253235 -1.0603450536727905 -0.076444700360298157 -0.46390646696090698 -1.1837619543075562 -0.37119963765144348 -0.57176715135574341 -1.0992757081985474 -0.41490566730499268 -0.46118339896202087 -1.1763236522674561 -0.52359730005264282 -0.60189926624298096 -1.0711396932601929 -0.5556260347366333 -0.55549091100692749 -1.0771602392196655 -0.53393793106079102 -0.41625434160232544 -1.0486925840377808 -0.77208727598190308
1645.0595000013709 -0.33643612265586853 -1.0046367645263672 -0.31803256273269653 -0.41225355863571167 -1.1164381504058838 -0.50963485240936279 -0.56012004613876343 -1.0896201133728027 -0.60664236545562744 -0.40266460180282593 -1.1428855657577515 -0.60549801588058472 -0.56730508804321289 -1.0978268384933472 -0.73162710666656494 -0.50373107194900513 -1.1009148359298706 -0.65226089954376221 -0.29199111461639404 -1.0802149772644043 -0.80574828386306763
1712.0131999999285 -0.3705621063709259 -1.1717225313186646 0.063419841229915619 -0.39550104737281799 -1.2988096475601196 -0.2215031236410141 -0.5538020133972168 -1.2698911428451538 -0.31517630815505981 -0.39786437153816223 -1.3307938575744629 -0.47928756475448608 -0.57723283767700195 -1.2862474918365479 -0.6008991003036499 -0.50479823350906372 -1.2966861724853516 -0.62096250057220459 -0.26766926050186157 -1.3050363063812256 -0.95053112506866455
1712.0131999999285 -0.29844608902931213 -1.0192009210586548 0.056633558124303818 -0.32071968913078308 -1.1327056884765625 -0.19783838093280792 -0.46210229396820068 -1.1068776845932007 -0.28150030970573425 -0.3228304386138916 -1.1612715721130371 -0.42807221412658691 -0.48302900791168213 -1.1214860677719116 -0.53668659925460815 -0.41833582520484924 -1.1308090686798096 -0.55460572242736816 -0.20654988288879395 -1.1382666826248169 -0.84895187616348267
1776.3202999979258 -0.32095387578010559 -1.037682056427002 -0.37656104564666748 -0.33316922187805176 -1.1527631282806396 -0.62965989112854004 -0.49209514260292053 -1.0966676473617554 -0.75319808721542358 -0.35992705821990967 -1.2071768045425415 -0.62473738193511963 -0.54342615604400635 -1.1241952180862427 -0.77041828632354736 -0.51618504524230957 -1.1251506805419922 -0.56910067796707153 -0.39719295501708984 -1.0964068174362183 -0.588645339012146
1776.3202999979258 -0.42194941639900208 -1.2378687858581543 -0.14225973188877106 -0.48702314496040344 -1.3216934204101563 -0.36640891432762146 -0.64352083206176758 -1.292432427406311 -0.48989275097846985 -0.42190438508987427 -1.3225301504135132 -0.53163903951644897 -0.59682780504226685 -1.2787463665008545 -0.70750659704208374 -0.48176541924476624 -1.2604056596755981 -0.71652853488922119 -0.2179725170135498 -1.2244361639022827 -0.94891452789306641
1838.2585999965668 -0.29675671458244324 -1.0870097875595093 -0.2273872047662735 -0.37723368406295776 -1.2274343967437744 -0.45867952704429626 -0.53377854824066162 -1.2032290697097778 -0.60820066928863525 -0.32930094003677368 -1.2671101093292236 -0.54826182126998901 -0.52034604549407959 -1.2326622009277344 -0.71712672710418701 -0.41459706425666809 -1.2565876245498657 -0.62515902519226074 -0.16779318451881409 -1.2077226638793945 -0.7590593695640564
1838.2585999965668 -0.3584626317024231 -1.1698707342147827 0.18224874138832092 -0.41146674752235413 -1.2311830520629883 -0.18665426969528198 -0.54987072944641113 -1.1584917306900024 -0.29071581363677979 -0.4508633017539978 -1.2235957384109497 -0.35184702277183533 -0.61158806085586548 -1.1259055137634277 -0.45710703730583191 -0.58232194185256958 -1.1042712926864624 -0.37604951858520508 -0.44758874177932739 -1.1026954650878906 -0.56618493795394897
1908.6509000062943 -0.37149772047996521 -1.2158869504928589 0.18494080007076263 -0.42528370022773743 -1.2781037092208862 -0.18940383195877075 -0.56572926044464111 -1.2043401002883911 -0.2950003445148468 -0.46526136994361877 -1.2704044580459595 -0.35703325271606445 -0.62835693359375 -1.1712732315063477 -0.46384602785110474 -0.59865915775299072 -1.1493198871612549 -0.38159275054931641 -0.46193856000900269 -1.1477209329605103 -0.57453286647796631
1908.6509000062943 -0.29499137401580811 -1.1219329833984375 -0.84313154220581055 -0.3676641583442688 -1.2098934650421143 -1.0093529224395752 -0.5269920825958252 -1.1276469230651855 -1.1658604145050049 -0.42650565505027771 -1.2623668909072876 -0.81273084878921509 -0.58714544773101807 -1.1546630859375 -0.96455532312393188 -0.57222187519073486 -1.1337893009185791 -0.63210725784301758 -0.49821048974990845 -1.1087479591369629 -0.48820814490318298
1972.2666999995708 -0.35956874489784241 -1.0990793704986572 -0.062484521418809891 -0.4240032434463501 -1.2265748977661133 -0.2830178439617157 -0.59002095460891724 -1.1814442873001099 -0.41017743945121765 -0.42283165454864502 -1.2646694183349609 -0.38087901473045349 -0.60361409187316895 -1.1869516372680664 -0.54996693134307861 -0.53232324123382568 -1.2104336023330688 -0.45455491542816162 -0.26709595322608948 -1.1972029209136963 -0.59899812936782837
1972.2666999995708 -0.32948943972587585 -1.1843757629394531 -1.2229682207107544 -0.40732112526893616 -1.3454490900039673 -1.2185517549514771 -0.55691742897033691 -1.2396830320358276 -1.3391852378845215 -0.44949901103973389 -1.3068011999130249 -0.76439964771270752 -0.5903165340423584 -1.1584548950195313 -0.92443215847015381 -0.549407958984375 -1.0899312496185303 -0.40039238333702087 -0.44267913699150085 -1.0592448711395264 0.035103604197502136
