22.543699994683266 -0.077047452330589294 -1.0416035652160645 0.4135931134223938 0.17773576080799103 -1.8139930963516235 0.13490410149097443 0.18572661280632019 -2.0161561965942383 0.13844355940818787 -0.31030142307281494 -1.8958405256271362 0.073756016790866852 -0.38878124952316284 -2.1362297534942627 0.087092496454715729 -0.42931777238845825 -0.98001575469970703 0.25331005454063416 -0.5457044243812561 -0.79438453912734985 0.17769758403301239
22.543699994683266 -0.14505137503147125 -1.0590478181838989 0.40381160378456116 0.1819646805524826 -1.8544391393661499 0.15430788695812225 0.19170147180557251 -2.0692646503448486 0.16000646352767944 -0.3094724714756012 -1.9108355045318604 0.087768048048019409 -0.39595982432365417 -2.1504795551300049 0.10642461478710175 -0.4563758373260498 -1.0132901668548584 0.26198968291282654 -0.54000908136367798 -0.77080047130584717 0.19126619398593903
87.72299998998642 -0.12301816046237946 -1.1505204439163208 0.41196918487548828 0.15017355978488922 -1.9158695936203003 0.13721707463264465 0.14178134500980377 -2.117382287979126 0.15005210041999817 -0.3072226345539093 -1.9575181007385254 0.075831644237041473 -0.38903644680976868 -2.1779539585113525 0.10287582874298096 -0.46374818682670593 -1.0720537900924683 0.2545953094959259 -0.57671546936035156 -0.87230998277664185 0.16866374015808105
87.72299998998642 -0.16472512483596802 -1.1088290214538574 0.40256023406982422 0.10222721099853516 -1.8566985130310059 0.13408316671848297 0.094026669859886169 -2.0536088943481445 0.14662507176399231 -0.34472259879112244 -1.8973958492279053 0.074099712073802948 -0.42466786503791809 -2.1127970218658447 0.10052624344825745 -0.49767330288887024 -1.0321545600891113 0.24878060817718506 -0.60806047916412354 -0.83697259426116943 0.1648116409778595
153.32769998908043 -0.09135301411151886 -1.1391135454177856 0.3936765193939209 0.144624263048172 -1.8882142305374146 0.10299109667539597 0.15254771709442139 -2.0815706253051758 0.11264892667531967 -0.35334599018096924 -1.9122354984283447 0.040745329111814499 -0.42876538634300232 -2.1279234886169434 0.061169441789388657 -0.43943250179290771 -0.98942649364471436 0.22450265288352966 -0.56138372421264648 -0.81803882122039795 0.14017240703105927
153.32769998908043 -0.071510858833789825 -1.1331250667572021 0.36789131164550781 0.20576852560043335 -1.8452696800231934 0.034395653754472733 0.20768661797046661 -2.0488708019256592 0.0379195436835289 -0.2248193621635437 -1.8682804107666016 -0.059247512370347977 -0.28448590636253357 -2.0848450660705566 -0.05222000926733017 -0.40558034181594849 -1.0183978080749512 0.16009202599525452 -0.54077798128128052 -0.83666312694549561 0.095546893775463104
256.34070000052452 0.031279262155294418 -1.1132465600967407 0.54307717084884644 0.30735796689987183 -1.7605293989181519 0.17455637454986572 0.305806964635849 -1.9186666011810303 0.2036014199256897 -0.23951278626918793 -1.756044864654541 0.076881714165210724 -0.32304152846336365 -1.9060461521148682 0.10876481235027313 -0.29472121596336365 -1.0715770721435547 0.34039020538330078 -0.39265209436416626 -0.8328174352645874 0.25632095336914063
327.28649997711182 -0.24982637166976929 -0.83528035879135132 0.332945317029953 0.15205410122871399 -1.4951266050338745 -0.10104618221521378 0.15340447425842285 -1.6762387752532959 -0.11396064609289169 -0.39472335577011108 -1.5330978631973267 -0.17556306719779968 -0.47344860434532166 -1.7179917097091675 -0.17381894588470459 -0.4952111542224884 -0.81487101316452026 0.12311900407075882 -0.59553647041320801 -0.56990879774093628 0.079181008040904999
327.28649997711182 -0.16322299838066101 -1.0815985202789307 0.4950527548789978 0.29482036828994751 -1.9686362743377686 -0.077270552515983582 0.2987084686756134 -2.2035417556762695 -0.092176705598831177 -0.44745558500289917 -2.0455505847930908 -0.17824636399745941 -0.54796832799911499 -2.3029391765594482 -0.18846587836742401 -0.52822470664978027 -1.0394343137741089 0.15890096127986908 -0.67999923229217529 -0.73388534784317017 0.088078431785106659
387.51500000059605 -0.19816955924034119 -1.0712339878082275 0.44808763265609741 0.29119911789894104 -1.9447612762451172 -0.065183870494365692 0.30388027429580688 -2.1841959953308105 -0.077184855937957764 -0.43147727847099304 -2.0332937240600586 -0.1593930721282959 -0.52543342113494873 -2.3040351867675781 -0.17503383755683899 -0.53320688009262085 -0.99938100576400757 0.12851698696613312 -0.69492989778518677 -0.72464340925216675 0.051274560391902924
387.51500000059605 -0.12394773960113525 -1.1185047626495361 0.35072615742683411 0.30518770217895508 -1.9095385074615479 -0.14394433796405792 0.28033739328384399 -2.1456809043884277 -0.15839196741580963 -0.344992995262146 -1.9499967098236084 -0.26217237114906311 -0.45836174488067627 -2.1962060928344727 -0.26874241232872009 -0.45039936900138855 -0.94735580682754517 0.047291893512010574 -0.59004521369934082 -0.6925167441368103 -0.04155585914850235
447.51659998297691 -0.26418215036392212 -1.1741372346878052 0.39653715491294861 0.18515029549598694 -2.0375721454620361 -0.11914759129285812 0.16162207722663879 -2.2827401161193848 -0.13400372862815857 -0.49509412050247192 -2.0894138813018799 -0.2239898294210434 -0.60583657026290894 -2.3502616882324219 -0.22383409738540649 -0.59216314554214478 -1.0282852649688721 0.076163031160831451 -0.74080681800842285 -0.77390503883361816 -0.021939460188150406
447.51659998297691 -0.28456541895866394 -1.0856364965438843 0.37334263324737549 0.13848015666007996 -1.898558497428894 -0.11217344552278519 0.11632838845252991 -2.1293838024139404 -0.12616045773029327 -0.50196850299835205 -1.9473674297332764 -0.21088218688964844 -0.60623228549957275 -2.1929550170898438 -0.21073557436466217 -0.59335881471633911 -0.94831717014312744 0.071711093187332153 -0.73330646753311157 -0.70881873369216919 -0.020652193576097488
516.658999979496 -0.25219202041625977 -1.093364953994751 0.34906888008117676 0.16522468626499176 -1.9279296398162842 -0.17018839716911316 0.13265661895275116 -2.1696646213531494 -0.18704478442668915 -0.44738095998764038 -1.9941426515579224 -0.29445564746856689 -0.55859822034835815 -2.242915153503418 -0.29314631223678589 -0.60471630096435547 -0.95803779363632202 0.069153890013694763 -0.73975151777267456 -0.72218072414398193 -0.019183015450835228
516.658999979496 -0.27552893757820129 -1.0888804197311401 0.36190906167030334 0.24734969437122345 -1.9573984146118164 -0.053713399916887283 0.25609493255615234 -2.2111814022064209 -0.069938048720359802 -0.46441471576690674 -2.0392701625823975 -0.22347249090671539 -0.60062342882156372 -2.3059983253479004 -0.2362004816532135 -0.56157040596008301 -0.93516808748245239 0.099395036697387695 -0.71992683410644531 -0.65284872055053711 -0.010831099003553391
576.8742999881506 -0.32723802328109741 -1.2803833484649658 0.40463089942932129 0.2378036230802536 -2.1610674858093262 -0.063692681491374969 0.24571417272090912 -2.4262845516204834 -0.084338784217834473 -0.48532611131668091 -2.2569296360015869 -0.22991494834423065 -0.62288945913314819 -2.5565180778503418 -0.25403854250907898 -0.62490534782409668 -1.1275913715362549 0.1323421448469162 -0.79288643598556519 -0.86657106876373291 0.022416546940803528
576.8742999881506 -0.31334486603736877 -1.169890284538269 0.3770100474357605 0.21312306821346283 -1.9904526472091675 -0.05934244766831398 0.22049356997013092 -2.2375643253326416 -0.078579112887382507 -0.46064069867134094 -2.0797708034515381 -0.21421721577644348 -0.58881306648254395 -2.3589069843292236 -0.23669396340847015 -0.59069126844406128 -1.0275290012359619 0.12330964952707291 -0.74720484018325806 -0.78432780504226685 0.020888356491923332
637.67569997906685 -0.19779877364635468 -1.1041388511657715 0.4471239447593689 0.27555578947067261 -2.0265791416168213 -0.0099059026688337326 0.26377326250076294 -2.2809913158416748 -0.020160065963864326 -0.33879148960113525 -2.1303610801696777 -0.17106223106384277 -0.46004512906074524 -2.4085683822631836 -0.17848968505859375 -0.53525632619857788 -0.9884037971496582 0.12825271487236023 -0.70169246196746826 -0.75512093305587769 -0.0015873104566708207
637.67569997906685 -0.27558737993240356 -1.1900017261505127 0.31874188780784607 0.23482301831245422 -2.0485372543334961 -0.15959799289703369 0.22518332302570343 -2.3042612075805664 -0.18177464604377747 -0.4262789785861969 -2.0947234630584717 -0.30659028887748718 -0.55576914548873901 -2.3737852573394775 -0.32594850659370422 -0.59444659948348999 -1.0199476480484009 0.058413751423358917 -0.74677860736846924 -0.80661106109619141 -0.064299888908863068
694.30659998953342 -0.2313312441110611 -1.1919491291046143 0.35337066650390625 0.2382865846157074 -2.0338826179504395 -0.093586161732673645 0.23328815400600433 -2.280015230178833 -0.11562392860651016 -0.39853388071060181 -2.0988173484802246 -0.21407932043075562 -0.51820838451385498 -2.3553509712219238 -0.2214740663766861 -0.54167842864990234 -1.0526896715164185 0.10877150297164917 -0.67421239614486694 -0.83179700374603271 0.0017820165958255529
694.30659998953342 -0.27594465017318726 -1.1071031093597412 0.3398226797580719 0.17565824091434479 -1.9167393445968628 -0.089988492429256439 0.17085155844688416 -2.1534299850463867 -0.1111808717250824 -0.43673324584960938 -1.9791829586029053 -0.20585942268371582 -0.55181688070297241 -2.2258758544921875 -0.21297049522399902 -0.57438665628433228 -0.97318583726882935 0.10460657626390457 -0.70183652639389038 -0.76076680421829224 0.0017212886596098542
753.53759998083115 -0.23783403635025024 -1.1001845598220825 0.34642419219017029 0.20951858162879944 -1.9738152027130127 -0.052369561046361923 0.2004905641078949 -2.219980001449585 -0.073173224925994873 -0.3854469358921051 -2.0507075786590576 -0.17202271521091461 -0.52127617597579956 -2.2946970462799072 -0.17442460358142853 -0.57702732086181641 -1.0217599868774414 0.11979515850543976 -0.69562757015228271 -0.76965737342834473 0.032060414552688599
753.53759998083115 -0.22284623980522156 -1.1624313592910767 0.28218930959701538 0.19968727231025696 -2.0126297473907471 -0.15120559930801392 0.17141939699649811 -2.243321418762207 -0.17506451904773712 -0.39157015085220337 -2.0420875549316406 -0.26578661799430847 -0.54923713207244873 -2.2330949306488037 -0.25248786807060242 -0.6063617467880249 -1.0662853717803955 0.10187964886426926 -0.67411768436431885 -0.79393118619918823 0.057913951575756073
826.7226999849081 -0.25662949681282043 -1.2474768161773682 0.50130987167358398 0.31692489981651306 -2.0261826515197754 0.16537250578403473 0.34813332557678223 -2.2655313014984131 0.1537034660577774 -0.44813120365142822 -2.1332335472106934 -0.0064312065951526165 -0.60594099760055542 -2.4040603637695313 -0.016754757612943649 -0.55533450841903687 -1.0902948379516602 0.25532245635986328 -0.69226157665252686 -0.80292969942092896 0.15154774487018585
826.7226999849081 -0.18238107860088348 -1.2294678688049316 0.50073635578155518 0.32696783542633057 -2.0107362270355225 0.20356358587741852 0.35721117258071899 -2.2392349243164063 0.19324085116386414 -0.37338095903396606 -2.1251492500305176 0.0025884951464831829 -0.53261876106262207 -2.3818955421447754 -0.010417282581329346 -0.46213561296463013 -1.1299655437469482 0.29244452714920044 -0.60048460960388184 -0.83198118209838867 0.20280645787715912
887.51879999041557 -0.25899645686149597 -1.1487581729888916 0.47407537698745728 0.22323095798492432 -1.8884259462356567 0.19272628426551819 0.25186392664909363 -2.1047577857971191 0.18295320868492126 -0.43982613086700439 -1.9967468976974487 0.0024526002816855907 -0.59058493375778198 -2.2398221492767334 -0.009860653430223465 -0.52385485172271729 -1.0545541048049927 0.27687454223632813 -0.65483707189559937 -0.77243661880493164 0.19200947880744934
887.51879999041557 -0.2261158674955368 -1.1783679723739624 0.49957147240638733 0.27033057808876038 -1.9337952136993408 0.15009011328220367 0.29628977179527283 -2.1506693363189697 0.13805173337459564 -0.39687687158584595 -2.024040699005127 -0.036595415323972702 -0.54518574476242065 -2.2648963928222656 -0.045633655041456223 -0.51665025949478149 -1.1030082702636719 0.29835411906242371 -0.63574117422103882 -0.82279521226882935 0.21926113963127136
955.72379998862743 -0.23526744544506073 -1.2532953023910522 0.47117656469345093 0.2226330041885376 -1.9216359853744507 0.15325386822223663 0.2269703596830368 -2.1283793449401855 0.14472094178199768 -0.40836596488952637 -1.9579793214797974 -0.0070797456428408623 -0.55626380443572998 -2.1700239181518555 -0.0057971542701125145 -0.48835325241088867 -1.0592879056930542 0.31324562430381775 -0.60497301816940308 -0.79463094472885132 0.22495396435260773
955.72379998862743 -0.18357622623443604 -1.2444990873336792 0.52584189176559448 0.26875242590904236 -1.949397087097168 0.17520280182361603 0.25962328910827637 -2.1554818153381348 0.16374756395816803 -0.36573615670204163 -2.0290143489837646 0.010699189268052578 -0.52220606803894043 -2.246757984161377 0.015789976343512535 -0.52528131008148193 -1.1397953033447266 0.25479203462600708 -0.63751965761184692 -0.84761637449264526 0.17278110980987549
1013.0483999997377 -0.23454262316226959 -1.2561711072921753 0.51963186264038086 0.21244475245475769 -1.9527453184127808 0.17313328385353088 0.20342344045639038 -2.1563963890075684 0.16181331872940063 -0.41455152630805969 -2.0314223766326904 0.010572206228971481 -0.56917375326156616 -2.2465949058532715 0.015602879226207733 -0.57221269607543945 -1.1527036428451538 0.25178271532058716 -0.68312573432922363 -0.86397486925125122 0.17074020206928253
1013.0483999997377 -0.20952638983726501 -1.2264201641082764 0.51359444856643677 0.24173177778720856 -1.9090827703475952 0.18785658478736877 0.24326767027378082 -2.1117875576019287 0.17229336500167847 -0.3842397928237915 -1.9805494546890259 0.01470523327589035 -0.54107290506362915 -2.1919505596160889 0.012448880821466446 -0.53709864616394043 -1.1190526485443115 0.22430291771888733 -0.63797414302825928 -0.81192827224731445 0.15259398519992828
1070.6892999857664 -0.21355240046977997 -1.2041808366775513 0.5035744309425354 0.22636406123638153 -1.8862882852554321 0.17431816458702087 0.23838156461715698 -2.1009049415588379 0.15385034680366516 -0.3701692521572113 -1.9622420072555542 0.0094595598056912422 -0.51915013790130615 -2.1833710670471191 -0.0018265399849042296 -0.53620624542236328 -1.0829819440841675 0.20801356434822083 -0.6211887001991272 -0.77393901348114014 0.14247846603393555
1070.6892999857664 -0.12740345299243927 -1.2720046043395996 0.46935853362083435 0.21314482390880585 -1.8970860242843628 0.066096678376197815 0.20980527997016907 -2.1032733917236328 0.04740075021982193 -0.37966433167457581 -1.9309395551681519 -0.092968873679637909 -0.53226709365844727 -2.1347339153289795 -0.091768853366374969 -0.57149595022201538 -1.0688698291778564 0.14468424022197723 -0.64998495578765869 -0.79209452867507935 0.085973523557186127
1132.2181999832392 -0.15791676938533783 -1.3684736490249634 0.49464651942253113 0.20097699761390686 -2.0272285938262939 0.069660797715187073 0.19745755195617676 -2.244523286819458 0.049957707524299622 -0.42376703023910522 -2.0629057884216309 -0.097973689436912537 -0.58459055423736572 -2.2776787281036377 -0.096709027886390686 -0.62593275308609009 -1.1543959379196167 0.15248188376426697 -0.70864999294281006 -0.86271059513092041 0.090608417987823486
1132.2181999832392 -0.14516077935695648 -1.2458387613296509 0.52713227272033691 0.2420433908700943 -1.9612793922424316 0.098427854478359222 0.26036873459815979 -2.1546769142150879 0.084044650197029114 -0.41802698373794556 -2.0003120899200439 -0.051532786339521408 -0.56180691719055176 -2.1877799034118652 -0.051101230084896088 -0.57612830400466919 -1.1055151224136353 0.1975773423910141 -0.66029071807861328 -0.82209080457687378 0.14184653759002686
1210.3656999915838 -0.23697876930236816 -1.166034460067749 0.46219119429588318 0.22105377912521362 -1.8869476318359375 0.096473507583141327 0.24141941964626312 -2.0875222682952881 0.074597135186195374 -0.39616560935974121 -1.9437302350997925 -0.070266380906105042 -0.53619235754013062 -2.1415596008300781 -0.074997633695602417 -0.60271352529525757 -1.065341591835022 0.1423429399728775 -0.67726290225982666 -0.77251869440078735 0.083441905677318573
1210.3656999915838 -0.1838679313659668 -1.2262259721755981 0.52410894632339478 0.34208047389984131 -1.9214262962341309 0.19636650383472443 0.38411450386047363 -2.1513323783874512 0.18846344947814941 -0.37509235739707947 -2.0622646808624268 0.016946887597441673 -0.50085985660552979 -2.3242089748382568 0.014230185188353062 -0.54683214426040649 -1.0678995847702026 0.23331815004348755 -0.68589580059051514 -0.79975289106369019 0.12895321846008301
1272.5233000069857 -0.13986316323280334 -1.3497806787490845 0.56362068653106689 0.2995053231716156 -2.041795015335083 0.20183582603931427 0.33262768387794495 -2.2686789035797119 0.19689811766147614 -0.40945953130722046 -2.1754055023193359 0.020815744996070862 -0.53933036327362061 -2.4335215091705322 0.020956194028258324 -0.58140850067138672 -1.1645486354827881 0.23777170479297638 -0.72469484806060791 -0.88492220640182495 0.13017497956752777
1272.5233000069857 -0.12514713406562805 -1.2500185966491699 0.52643686532974243 0.28523463010787964 -1.8963782787322998 0.18852026760578156 0.316171795129776 -2.1082937717437744 0.18390832841396332 -0.37695729732513428 -2.0211739540100098 0.019442735239863396 -0.49826005101203918 -2.2622611522674561 0.019573919475078583 -0.53756219148635864 -1.0770069360733032 0.22208534181118011 -0.67139536142349243 -0.81582850217819214 0.12158714979887009
1337.585599988699 -0.19489412009716034 -1.2120969295501709 0.47717562317848206 0.28556978702545166 -1.9065804481506348 0.1240491196513176 0.31810727715492249 -2.1325657367706299 0.10883883386850357 -0.38245606422424316 -2.037330150604248 -0.049848683178424835 -0.50571286678314209 -2.2866096496582031 -0.057234182953834534 -0.56590420007705688 -1.0920931100845337 0.18990185856819153 -0.69591468572616577 -0.82326239347457886 0.099606961011886597
1340.2539999932051 -0.20024769008159637 -1.2556538581848145 0.49222353100776672 0.3071494996547699 -1.964293360710144 0.11820707470178604 0.33343932032585144 -2.1871001720428467 0.11066020280122757 -0.38178494572639465 -2.0901732444763184 -0.046564716845750809 -0.5056576132774353 -2.340151309967041 -0.049333572387695313 -0.54105359315872192 -1.1482176780700684 0.22332185506820679 -0.68379694223403931 -0.86681878566741943 0.13926225900650024
1403.7158999890089 -0.19797435402870178 -1.2600536346435547 0.52749645709991455 0.31634849309921265 -1.9373930692672729 0.12079391628503799 0.33744844794273376 -2.1535050868988037 0.11948664486408234 -0.40024173259735107 -2.0504975318908691 0.0041422094218432903 -0.52021098136901855 -2.2914407253265381 0.0056833443231880665 -0.48119050264358521 -1.1213780641555786 0.2763001024723053 -0.62638401985168457 -0.84440869092941284 0.19408497214317322
1403.7158999890089 -0.17741790413856506 -1.1881493330001831 0.50830841064453125 0.33878058195114136 -1.9128247499465942 0.091647423803806305 0.36106878519058228 -2.1324875354766846 0.082553602755069733 -0.35597813129425049 -2.0304627418518066 -0.031537383794784546 -0.47298446297645569 -2.273428201675415 -0.036516699939966202 -0.44479233026504517 -1.1325962543487549 0.26127931475639343 -0.5914795994758606 -0.83653151988983154 0.19090810418128967
1468.2594999969006 -0.14456804096698761 -1.1854521036148071 0.51295983791351318 0.37635642290115356 -1.9167622327804565 0.092484220862388611 0.39884871244430542 -2.1384363174438477 0.083307139575481415 -0.32476302981376648 -2.0354771614074707 -0.031828377395868301 -0.44284060597419739 -2.2806670665740967 -0.036853276193141937 -0.41439032554626465 -1.1293903589248657 0.26366916298866272 -0.56242060661315918 -0.83061510324478149 0.19265367090702057
1468.2594999969006 -0.13523732125759125 -1.2274261713027954 0.55561453104019165 0.29213672876358032 -1.96051025390625 0.12881030142307281 0.30815550684928894 -2.1753172874450684 0.13162282109260559 -0.41569057106971741 -2.056948184967041 0.0017519934335723519 -0.52748775482177734 -2.2888057231903076 0.0019429344683885574 -0.49540737271308899 -1.1000150442123413 0.24468830227851868 -0.65052664279937744 -0.82658833265304565 0.1437855064868927
1529.4280999898911 -0.1738852858543396 -1.2865122556686401 0.52176392078399658 0.28178569674491882 -1.9932738542556763 0.092680074274539948 0.30855384469032288 -2.2098629474639893 0.087920933961868286 -0.47990980744361877 -2.0647048950195313 -0.026666341349482536 -0.60822039842605591 -2.2938797473907471 -0.034643977880477905 -0.50086110830307007 -1.1422281265258789 0.25769740343093872 -0.64689111709594727 -0.8538786768913269 0.1687120795249939
1529.4280999898911 -0.20860408246517181 -1.3029894828796387 0.45468509197235107 0.30073770880699158 -1.9699313640594482 0.041163172572851181 0.3306700587272644 -2.1859526634216309 0.032790638506412506 -0.46020299196243286 -2.024672269821167 -0.093064866960048676 -0.58245253562927246 -2.2453930377960205 -0.11134921759366989 -0.48040825128555298 -1.118480920791626 0.20145078003406525 -0.63052666187286377 -0.83528298139572144 0.12724578380584717
1596.2685000002384 -0.18407714366912842 -1.2778142690658569 0.45002669095993042 0.3200436532497406 -1.9379197359085083 0.040743600577116013 0.34966915845870972 -2.1517267227172852 0.032456893473863602 -0.43309700489044189 -1.992099404335022 -0.09210851788520813 -0.55409342050552368 -2.2105576992034912 -0.11020544916391373 -0.45309513807296753 -1.0951972007751465 0.19938816130161285 -0.60167485475540161 -0.81490212678909302 0.12594382464885712
1596.2685000002384 -0.32681629061698914 -1.1771657466888428 0.43030467629432678 0.25534904003143311 -1.919370174407959 0.1235213428735733 0.30978265404701233 -2.1308348178863525 0.10777629911899567 -0.49816018342971802 -2.0168073177337646 0.018712535500526428 -0.60448497533798218 -2.2412359714508057 0.0019943066872656345 -0.59635114669799805 -1.116039514541626 0.2308184802532196 -0.71051627397537231 -0.78468072414398193 0.17566154897212982
1679.3410999774933 0.0028902871999889612 -1.240583062171936 0.43334898352622986 0.31927317380905151 -1.9124929904937744 0.092234343290328979 0.36540386080741882 -2.1247117519378662 0.081798061728477478 -0.4083791971206665 -1.9840773344039917 0.017765969038009644 -0.49715808033943176 -2.2156500816345215 0.0021266625262796879 -0.45906499028205872 -1.0758460760116577 0.27863714098930359 -0.58738034963607788 -0.80674642324447632 0.22929105162620544
1679.3410999774933 -0.20953832566738129 -1.0166195631027222 0.43081068992614746 0.30179211497306824 -1.8297770023345947 0.030225515365600586 0.34247440099716187 -2.0359394550323486 0.02228565514087677 -0.4424254298210144 -1.9720668792724609 -0.066996000707149506 -0.54293608665466309 -2.2148411273956299 -0.086517088115215302 -0.52089446783065796 -1.0437332391738892 0.16349662840366364 -0.67982149124145508 -0.82832986116409302 0.082259476184844971
1737.1327999979258 -0.16860327124595642 -1.0735163688659668 0.45801627635955811 0.3439355194568634 -1.9212621450424194 0.041041523218154907 0.38310322165489197 -2.1427373886108398 0.033781789243221283 -0.43360725045204163 -2.0556249618530273 -0.087371759116649628 -0.54687482118606567 -2.3088088035583496 -0.1133442148566246 -0.51072442531585693 -1.0753674507141113 0.15494181215763092 -0.67965757846832275 -0.85308074951171875 0.058953952044248581
1737.1327999979258 -0.19447061419487 -1.1204918622970581 0.52450811862945557 0.27369669079780579 -1.9492161273956299 0.15435560047626495 0.30873030424118042 -2.1481270790100098 0.15757724642753601 -0.49327227473258972 -2.0573642253875732 0.041646402329206467 -0.60643219947814941 -2.2895097732543945 0.032921843230724335 -0.51916825771331787 -1.1207242012023926 0.26754742860794067 -0.67112118005752563 -0.85314267873764038 0.16998092830181122
1812.9381999820471 -0.21131108701229095 -1.0648236274719238 0.43245026469230652 0.19901484251022339 -1.8310503959655762 0.10014518350362778 0.25106662511825562 -2.0204575061798096 0.099191039800643921 -0.54207152128219604 -1.9233897924423218 0.049246564507484436 -0.62679845094680786 -2.1426393985748291 0.048017367720603943 -0.54743635654449463 -1.027579665184021 0.26425838470458984 -0.69883978366851807 -0.79887044429779053 0.18862876296043396
1812.9381999820471 -0.1271088719367981 -1.0415539741516113 0.42210036516189575 0.34800606966018677 -1.8063228130340576 0.10665518045425415 0.37998020648956299 -1.9873615503311157 0.11591324210166931 -0.3448067307472229 -1.9137732982635498 0.043176107108592987 -0.42264020442962646 -2.1336648464202881 0.045318670570850372 -0.38317087292671204 -1.0196332931518555 0.22116418182849884 -0.52065587043762207 -0.77718031406402588 0.15348681807518005
1871.8415999859571 -0.073356837034225464 -1.0856592655181885 0.48314440250396729 0.2745245099067688 -1.885172963142395 0.1090654581785202 0.31005203723907471 -2.0744266510009766 0.117928147315979 -0.43344435095787048 -1.9940787553787231 0.03053906187415123 -0.50751733779907227 -2.2203080654144287 0.024791868403553963 -0.45176583528518677 -1.0418837070465088 0.20218898355960846 -0.59636074304580688 -0.81735461950302124 0.10637720674276352
1871.8415999859571 -0.04466661810874939 -1.0379860401153564 0.47277447581291199 0.29574757814407349 -1.8203384876251221 0.10672502964735031 0.33051252365112305 -2.0055298805236816 0.11539748311042786 -0.39702495932579041 -1.9269065856933594 0.029884180054068565 -0.46950802206993103 -2.1482799053192139 0.024260347709059715 -0.41495320200920105 -0.99515014886856079 0.19784969091415405 -0.55644440650939941 -0.775440514087677 0.10409447550773621
1934.6174999922514 -0.1857585608959198 -1.0343098640441895 0.44927197694778442 0.23399777710437775 -1.8745732307434082 0.10806085914373398 0.25147491693496704 -2.0678064823150635 0.11592184007167816 -0.43129011988639832 -1.9765537977218628 0.02030184306204319 -0.52582055330276489 -2.2034451961517334 0.021200800314545631 -0.49740782380104065 -1.0313299894332886 0.2346130758523941 -0.63810771703720093 -0.77772623300552368 0.15829885005950928
1934.6174999922514 -0.28029197454452515 -1.154695987701416 0.43915849924087524 0.2653864324092865 -1.8946390151977539 0.10428151488304138 0.29480680823326111 -2.0963807106018066 0.10087456554174423 -0.43929502367973328 -1.9920808076858521 0.015364488586783409 -0.55131340026855469 -2.2272830009460449 0.0079999221488833427 -0.49619823694229126 -1.0953962802886963 0.26935368776321411 -0.63851737976074219 -0.82308286428451538 0.20638467371463776
1998.7963999956846 -0.23669272661209106 -1.1251057386398315 0.43201082944869995 0.30009907484054565 -1.8529984951019287 0.10258746147155762 0.32904037833213806 -2.0514547824859619 0.099235996603965759 -0.39310631155967712 -1.9488534927368164 0.015118489041924477 -0.50330048799514771 -2.180225133895874 0.007873857393860817 -0.4490828812122345 -1.0667718648910522 0.26497137546539307 -0.58908432722091675 -0.7988930344581604 0.20302782952785492
1998.7963999956846 -0.25439813733100891 -1.1739145517349243 0.39637738466262817 0.21048110723495483 -1.8813889026641846 0.067842558026313782 0.25513026118278503 -2.0930626392364502 0.049964912235736847 -0.51579773426055908 -1.9542632102966309 -0.011380027048289776 -0.61365401744842529 -2.1875252723693848 -0.033513672649860382 -0.55219370126724243 -1.0607236623764038 0.23069214820861816 -0.68063408136367798 -0.79384571313858032 0.17729003727436066
