3.5655999928712845 -0.099012434482574463 -1.2142865657806396 0.40842092037200928 0.31142982840538025 -1.9759596586227417 0.042079947888851166 0.35038253664970398 -2.1987035274505615 0.024793662130832672 -0.40665042400360107 -2.0091252326965332 -0.0397331602871418 -0.51990997791290283 -2.2496371269226074 -0.055531557649374008 -0.42676514387130737 -1.1889828443527222 0.24735741317272186 -0.50152862071990967 -0.89503681659698486 0.20563936233520508
3.5655999928712845 -0.053017463535070419 -1.1729717254638672 0.43744730949401855 0.25857573747634888 -1.9466029405593872 0.073330841958522797 0.28294670581817627 -2.142578125 0.073583446443080902 -0.42554745078086853 -2.0123136043548584 0.019339457154273987 -0.52780687808990479 -2.2498974800109863 0.022675067186355591 -0.38942310214042664 -1.107326865196228 0.22161060571670532 -0.50175172090530396 -0.86100322008132935 0.15888784825801849
69.815600007772446 -0.001612091320566833 -1.134033203125 0.41699618101119995 0.26142957806587219 -1.8419439792633057 0.076023951172828674 0.28527742624282837 -2.0291516780853271 0.078281618654727936 -0.38061231374740601 -1.901924729347229 0.023040289059281349 -0.47053775191307068 -2.1322512626647949 0.024061281234025955 -0.33640477061271667 -1.0244053602218628 0.22000797092914581 -0.45118057727813721 -0.78840458393096924 0.1630583256483078
69.815600007772446 -0.013241485692560673 -1.1463923454284668 0.40633964538574219 0.30729049444198608 -1.8817296028137207 0.039441023021936417 0.33207523822784424 -2.0818784236907959 0.036067388951778412 -0.36644971370697021 -1.9425798654556274 -0.011481628753244877 -0.46303710341453552 -2.1799628734588623 -0.011600278317928314 -0.34754490852355957 -1.0616782903671265 0.21360205113887787 -0.45877650380134583 -0.81339335441589355 0.15692384541034698
131.15369999408722 -0.032563626766204834 -1.2236448526382446 0.44261360168457031 0.30942505598068237 -1.9717493057250977 0.066930532455444336 0.34051480889320374 -2.1739060878753662 0.066533543169498444 -0.39299085736274719 -2.0389094352722168 0.0056777084246277809 -0.48855131864547729 -2.2906093597412109 0.0034510591067373753 -0.35247722268104553 -1.1270383596420288 0.22500737011432648 -0.47312220931053162 -0.88049066066741943 0.16522444784641266
131.15369999408722 -0.036980889737606049 -1.1355713605880737 0.41982421278953552 0.28739961981773376 -1.8451577425003052 0.063484147191047668 0.31688866019248962 -2.0369060039520264 0.063107594847679138 -0.37885060906410217 -1.9088599681854248 0.0053850803524255753 -0.46949088573455811 -2.1476006507873535 0.0032730754464864731 -0.34042289853096008 -1.0439388751983643 0.21342200040817261 -0.45485618710517883 -0.81008529663085938 0.15671716630458832
191.68310000002384 -0.039527509361505508 -1.1400977373123169 0.43904486298561096 0.28454053401947021 -1.888708233833313 0.084372289478778839 0.31223660707473755 -2.0854446887969971 0.086087539792060852 -0.39402386546134949 -1.9557985067367554 0.018202334642410278 -0.48546460270881653 -2.1933505535125732 0.017752137035131454 -0.38847091794013977 -1.0670433044433594 0.21066366136074066 -0.50353193283081055 -0.82375144958496094 0.14361928403377533
191.68310000002384 -0.025450987741351128 -1.1390233039855957 0.42010381817817688 0.29209163784980774 -1.8967819213867188 0.067238055169582367 0.31922271847724915 -2.0910372734069824 0.065245650708675385 -0.39676007628440857 -1.9626837968826294 0.0011840644292533398 -0.49165481328964233 -2.1987905502319336 -0.0031860389281064272 -0.3659970760345459 -1.0630646944046021 0.20635497570037842 -0.48499512672424316 -0.80427038669586182 0.1468176543712616
248.79039999842644 -0.005094342865049839 -1.135838508605957 0.42284795641899109 0.31452196836471558 -1.898545503616333 0.067677833139896393 0.34183025360107422 -2.0940694808959961 0.065672419965267181 -0.3788282573223114 -1.9648778438568115 0.001192484749481082 -0.4743427038192749 -2.202526330947876 -0.0032061568927019835 -0.34786435961723328 -1.0593838691711426 0.20770324766635895 -0.4676395058631897 -0.79889953136444092 0.14777711033821106
248.79039999842644 -0.0051420535892248154 -1.146476149559021 0.42680808901786804 0.31746760010719299 -1.9163261651992798 0.068311668932437897 0.34503161907196045 -2.1136813163757324 0.06628747284412384 -0.38237613439559937 -1.9832797050476074 0.0012036529369652271 -0.47878512740135193 -2.223153829574585 -0.0032361838966608047 -0.35112226009368896 -1.069305419921875 0.20964847505092621 -0.47201916575431824 -0.80638152360916138 0.14916111528873444
308.55059999227524 -0.010968652553856373 -1.1806012392044067 0.43437543511390686 0.28848129510879517 -1.9246172904968262 0.099078096449375153 0.30413869023323059 -2.1222889423370361 0.09972497820854187 -0.38380864262580872 -1.973450779914856 0.037681944668292999 -0.48463395237922668 -2.2091574668884277 0.037383466958999634 -0.35302689671516418 -1.052956223487854 0.21856975555419922 -0.46457433700561523 -0.78413236141204834 0.1510327011346817
308.55059999227524 -0.016196785494685173 -1.2232679128646851 0.44789963960647583 0.28468725085258484 -1.9282385110855103 0.11172144860029221 0.30024600028991699 -2.1227154731750488 0.11434251070022583 -0.38926875591278076 -1.9785724878311157 0.042210683226585388 -0.49039673805236816 -2.210230827331543 0.043350938707590103 -0.37185347080230713 -1.0825068950653076 0.23058614134788513 -0.48821520805358887 -0.80383878946304321 0.16355733573436737
369.43219999969006 -0.006676520686596632 -1.2001869678497314 0.44286274909973145 0.29082486033439636 -1.8972319364547729 0.11046398431062698 0.30620869994163513 -2.0895226001739502 0.11305557936429977 -0.37555426359176636 -1.9470001459121704 0.041734687983989716 -0.47554531693458557 -2.1760542392730713 0.042862121015787125 -0.35833477973937988 -1.0610084533691406 0.22799235582351685 -0.47338834404945374 -0.78547322750091553 0.16171711683273315
369.43219999969006 -0.036689940840005875 -1.2006816864013672 0.3975466787815094 0.28072080016136169 -1.9128445386886597 0.057557918131351471 0.30217882990837097 -2.1120433807373047 0.054787911474704742 -0.39199748635292053 -1.952459454536438 -0.0054102647118270397 -0.48917797207832336 -2.1894972324371338 -0.011143366806209087 -0.35440799593925476 -1.0462796688079834 0.19332961738109589 -0.46617111563682556 -0.78925257921218872 0.13204085826873779
435.43860000371933 -0.0086875781416893005 -1.2445104122161865 0.42058408260345459 0.31426945328712463 -1.9708421230316162 0.068538904190063477 0.33635902404785156 -2.1765539646148682 0.066811032593250275 -0.3873613178730011 -2.0174221992492676 -0.00064509810181334615 -0.49000361561775208 -2.2582437992095947 -0.0051020695827901363 -0.37338647246360779 -1.0985426902770996 0.20717139542102814 -0.48830929398536682 -0.82498395442962646 0.14342306554317474
435.43860000371933 -0.0048338985070586205 -1.2202285528182983 0.40704911947250366 0.2908456027507782 -1.9594444036483765 0.054832275956869125 0.30795013904571533 -2.1594295501708984 0.053542681038379669 -0.37702810764312744 -2.0003190040588379 -0.013250692747533321 -0.47598943114280701 -2.2263400554656982 -0.013908928260207176 -0.37493667006492615 -1.1025073528289795 0.20016813278198242 -0.48697885870933533 -0.81385266780853271 0.14115349948406219
494.21559999883175 0.006618281826376915 -1.2378202676773071 0.4114377498626709 0.30548480153083801 -1.9850037097930908 0.055424503982067108 0.32277372479438782 -2.1871445178985596 0.054121010005474091 -0.36958765983581543 -2.0263190269470215 -0.013392305001616478 -0.46961560845375061 -2.2547760009765625 -0.014057635329663754 -0.36747366189956665 -1.1188302040100098 0.20232684910297394 -0.48072353005409241 -0.82706421613693237 0.14267612993717194
494.21559999883175 0.040331855416297913 -1.2787214517593384 0.38758409023284912 0.30595675110816956 -1.9820908308029175 -0.01338396780192852 0.32642725110054016 -2.1866004467010498 -0.020371066406369209 -0.37379157543182373 -2.0208079814910889 -0.080842748284339905 -0.47073310613632202 -2.2448201179504395 -0.086565345525741577 -0.36510273814201355 -1.1505056619644165 0.17510107159614563 -0.4728190004825592 -0.86038506031036377 0.12316201627254486
554.15139999985695 0.01379886269569397 -1.211869478225708 0.39640438556671143 0.32383918762207031 -1.9634264707565308 0.024393452331423759 0.34788388013839722 -2.1661789417266846 0.020333513617515564 -0.37491482496261597 -2.0203275680541992 -0.04853719100356102 -0.47767713665962219 -2.2455167770385742 -0.05086950957775116 -0.36429512500762939 -1.1151180267333984 0.20097008347511292 -0.48157134652137756 -0.83426886796951294 0.1415494829416275
554.15139999985695 0.068909041583538055 -1.3693193197250366 0.40386980772018433 0.29416477680206299 -2.0315537452697754 0.018318742513656616 0.30573293566703796 -2.2350196838378906 0.013441634364426136 -0.39714199304580688 -2.043736457824707 -0.037574060261249542 -0.51676803827285767 -2.2588510513305664 -0.036682169884443283 -0.35818523168563843 -1.1763449907302856 0.22870902717113495 -0.45235851407051086 -0.86319935321807861 0.17817127704620361
616.35300000011921 0.073690608143806458 -1.3245488405227661 0.39753249287605286 0.29541108012199402 -1.9763898849487305 0.018032405525445938 0.30679768323898315 -2.1766624450683594 0.013231841847300529 -0.38504603505134583 -1.9883813858032227 -0.036983191967010498 -0.50279462337493896 -2.2001197338104248 -0.03610529750585556 -0.34670066833496094 -1.1346032619476318 0.22512073814868927 -0.4393959641456604 -0.82637214660644531 0.17537614703178406
616.35300000011921 0.0028536419849842787 -1.3886381387710571 0.42573946714401245 0.28029558062553406 -2.0429074764251709 0.058105736970901489 0.3014843761920929 -2.2533574104309082 0.058635860681533813 -0.43434774875640869 -2.0582079887390137 -0.0027534402906894684 -0.55322474241256714 -2.2915925979614258 -0.00086940068285912275 -0.40348559617996216 -1.1609268188476563 0.25389483571052551 -0.49479770660400391 -0.89022159576416016 0.18736988306045532
678.04110001027584 0.026006594300270081 -1.3637267351150513 0.41321039199829102 0.29528450965881348 -1.9987434148788452 0.056394707411527634 0.31584978103637695 -2.203000545501709 0.056909229606389999 -0.39832964539527893 -2.0135936737060547 -0.0026736219879239798 -0.51370853185653687 -2.2401106357574463 -0.00084502249956130981 -0.36837565898895264 -1.1427160501480103 0.24642249941825867 -0.45700079202651978 -0.87997668981552124 0.18185509741306305
678.04110001027584 0.029854167252779007 -1.3649619817733765 0.35718256235122681 0.26494202017784119 -1.975237250328064 -0.044165764003992081 0.27904361486434937 -2.1884379386901855 -0.057220544666051865 -0.43334102630615234 -1.9782810211181641 -0.095667235553264618 -0.55643796920776367 -2.2088890075683594 -0.11215467005968094 -0.35836344957351685 -1.1303060054779053 0.1699901670217514 -0.44346010684967041 -0.88050389289855957 0.11685234308242798
740.65399998426437 0.014991178177297115 -1.3318902254104614 0.35939624905586243 0.25153461098670959 -1.9459439516067505 -0.044437061995267868 0.26572349667549133 -2.1604650020599365 -0.057572674006223679 -0.45107194781303406 -1.9490066766738892 -0.096257410943508148 -0.57493108510971069 -2.1810421943664551 -0.11284692585468292 -0.37563017010688782 -1.0957812070846558 0.17104485630989075 -0.46125367283821106 -0.844432532787323 0.11757801473140717
740.65399998426437 -0.095445826649665833 -1.3877928256988525 0.44193035364151001 0.23537026345729828 -2.0576047897338867 0.052323337644338608 0.24896304309368134 -2.2811124324798584 0.039790742099285126 -0.51396143436431885 -2.0401222705841064 -0.020818499848246574 -0.64646053314208984 -2.2657575607299805 -0.028625652194023132 -0.50707274675369263 -1.2322640419006348 0.27560755610466003 -0.56225115060806274 -0.87786054611206055 0.23941479623317719
809.01469999551773 -0.14203177392482758 -1.3134084939956665 0.42213225364685059 0.20913217961788177 -2.0145876407623291 0.083332456648349762 0.22847911715507507 -2.2318923473358154 0.068959511816501617 -0.48688358068466187 -2.0046927928924561 0.007028140127658844 -0.6104048490524292 -2.2226326465606689 -0.00067542545730248094 -0.51295346021652222 -1.2352992296218872 0.26403966546058655 -0.54720437526702881 -0.8630186915397644 0.23129504919052124
809.01469999551773 -0.13728664815425873 -1.2861846685409546 0.3941703736782074 0.18865366280078888 -1.9641337394714355 0.057260740548372269 0.19827580451965332 -2.1650712490081787 0.046285215765237808 -0.44723263382911682 -1.9549747705459595 -0.0034713719505816698 -0.56224793195724487 -2.1588058471679688 -0.0011152385268360376 -0.47847744822502136 -1.2289401292800903 0.29159003496170044 -0.51322996616363525 -0.87648886442184448 0.27284631133079529
886.90049999952316 -0.066147871315479279 -1.2658916711807251 0.43684044480323792 0.097631610929965973 -1.9170923233032227 0.094050616025924683 0.11104165762662888 -2.0938277244567871 0.098744094371795654 -0.54052436351776123 -1.9267369508743286 0.053391624242067337 -0.64290285110473633 -2.1280405521392822 0.059412207454442978 -0.45901203155517578 -1.0627973079681396 0.23960660398006439 -0.55028039216995239 -0.81981182098388672 0.17766080796718597
886.90049999952316 -0.023647593334317207 -1.2347046136856079 0.40667176246643066 0.11575142294168472 -1.8446911573410034 0.023536650463938713 0.11333779245615005 -2.0209991931915283 0.020657902583479881 -0.49941557645797729 -1.8360162973403931 -0.018710020929574966 -0.60739266872406006 -2.0223197937011719 -0.011880303733050823 -0.45427241921424866 -1.0460153818130493 0.20920646190643311 -0.5179893970489502 -0.77908837795257568 0.15302515029907227
951.91179998219013 -0.013809870928525925 -1.2554301023483276 0.43777745962142944 0.12909911572933197 -1.9597193002700806 0.040156956762075424 0.13351021707057953 -2.1476013660430908 0.044744927436113358 -0.53798216581344604 -1.947569727897644 0.0074104559607803822 -0.64417153596878052 -2.1463587284088135 0.016219386830925941 -0.47145161032676697 -1.0938682556152344 0.24352173507213593 -0.55444508790969849 -0.82987946271896362 0.1775100976228714
951.91179998219013 0.027205919846892357 -1.2746443748474121 0.44121634960174561 0.17123793065547943 -1.9844679832458496 0.04047122597694397 0.17568367719650269 -2.1738264560699463 0.045095250010490417 -0.50108546018600464 -1.9722228050231934 0.0074673965573310852 -0.60810929536819458 -2.1725740432739258 0.016345551237463951 -0.43403211236000061 -1.111812949180603 0.24543412029743195 -0.51767772436141968 -0.84574955701828003 0.17890371382236481
1018.0152999907732 -0.22989870607852936 -1.1912906169891357 0.42491474747657776 0.13640077412128448 -1.9429543018341064 0.0471949502825737 0.14827434718608856 -2.1662881374359131 0.034909989684820175 -0.54701483249664307 -1.9683843851089478 -0.0033059611450880766 -0.67322242259979248 -2.1924240589141846 -0.0027074790559709072 -0.5516243577003479 -1.1254308223724365 0.30339124798774719 -0.63878101110458374 -0.86778736114501953 0.25446727871894836
1018.0152999907732 -0.10406708717346191 -1.182727575302124 0.46441930532455444 0.16477449238300323 -1.9929451942443848 0.11980044841766357 0.18872737884521484 -2.2040581703186035 0.11926061660051346 -0.56865090131759644 -2.0120184421539307 0.090134374797344208 -0.6822507381439209 -2.2428183555603027 0.096785806119441986 -0.48627281188964844 -1.10077965259552 0.33470335602760315 -0.57422369718551636 -0.84434938430786133 0.27641409635543823
1080.1231999993324 -0.11563770473003387 -1.1259863376617432 0.42839968204498291 0.16156411170959473 -1.8549343347549438 0.13386876881122589 0.17964884638786316 -2.0539994239807129 0.13080812990665436 -0.52695715427398682 -1.8664844036102295 0.0808519646525383 -0.64286506175994873 -2.0864839553833008 0.083663955330848694 -0.47823813557624817 -1.036541223526001 0.30889004468917847 -0.5446353554725647 -0.74944263696670532 0.26592487096786499
1080.1231999993324 -0.10344372689723969 -1.1913731098175049 0.42064478993415833 0.16889257729053497 -1.8967685699462891 0.12644590437412262 0.17538741230964661 -2.0990548133850098 0.12084714323282242 -0.44909873604774475 -1.9104245901107788 0.067505761981010437 -0.56245380640029907 -2.1249456405639648 0.073636539280414581 -0.45815443992614746 -1.0999648571014404 0.30135798454284668 -0.5122871994972229 -0.81395918130874634 0.25481593608856201
1143.7978000044823 -0.10671916604042053 -1.1940696239471436 0.42040657997131348 0.16546270251274109 -1.8990650177001953 0.1263745129108429 0.17195385694503784 -2.1012368202209473 0.12077892571687698 -0.45217812061309814 -1.9127131700515747 0.06746780127286911 -0.56546890735626221 -2.1271126270294189 0.073595099151134491 -0.46122869849205017 -1.1027132272720337 0.3011874258518219 -0.51533079147338867 -0.81686967611312866 0.25467172265052795
1143.7978000044823 -0.080845735967159271 -1.1932203769683838 0.40039744973182678 0.1643025279045105 -1.9072691202163696 0.09770425409078598 0.17601732909679413 -2.1139352321624756 0.092168137431144714 -0.48368760943412781 -1.9051405191421509 0.041204355657100677 -0.58994251489639282 -2.1243569850921631 0.040405485779047012 -0.47022944688796997 -1.0823283195495605 0.28191459178924561 -0.52138900756835938 -0.78367131948471069 0.242082878947258
1216.611599996686 -0.13907501101493835 -1.1935089826583862 0.31094932556152344 0.19065582752227783 -1.9146144390106201 0.0066308807581663132 0.20686671137809753 -2.1342508792877197 -0.006033589132130146 -0.47619977593421936 -1.9171494245529175 -0.04496031254529953 -0.5833926796913147 -2.1444416046142578 -0.055362306535243988 -0.47238442301750183 -1.0624679327011108 0.22566328942775726 -0.57382392883300781 -0.80024254322052002 0.19840660691261292
1216.611599996686 -0.1491706520318985 -1.136345386505127 0.36885589361190796 0.21054355800151825 -1.9629338979721069 0.0033592379186302423 0.23339731991291046 -2.1834726333618164 0.0026901904493570328 -0.51963281631469727 -2.0001771450042725 -0.019586892798542976 -0.6364714503288269 -2.2414765357971191 -0.01450328528881073 -0.47246959805488586 -1.0914444923400879 0.18945848941802979 -0.5820152759552002 -0.85863125324249268 0.12591204047203064
1273.8927000015974 -0.11076221615076065 -1.2135810852050781 0.35432484745979309 0.23354217410087585 -2.0442984104156494 -0.045466817915439606 0.24634997546672821 -2.268458366394043 -0.053620133548974991 -0.49521315097808838 -2.0697736740112305 -0.066267184913158417 -0.61596745252609253 -2.3073558807373047 -0.071122445166110992 -0.46136826276779175 -1.1525012254714966 0.15561895072460175 -0.56199043989181519 -0.90360403060913086 0.10070972889661789
1273.8927000015974 -0.10620325803756714 -1.1969606876373291 0.35169330239295959 0.23554311692714691 -2.0215063095092773 -0.045128151774406433 0.24825578927993774 -2.2440009117126465 -0.053220890462398529 -0.48779797554016113 -2.0467922687530518 -0.065773986279964447 -0.6076551079750061 -2.2826094627380371 -0.070593170821666718 -0.45420446991920471 -1.1363347768783569 0.15446366369724274 -0.55407911539077759 -0.88928669691085815 0.099962383508682251
1332.8111000061035 -0.14198216795921326 -1.1959578990936279 0.3170771598815918 0.2052103579044342 -1.9962146282196045 -0.087457992136478424 0.20980577170848846 -2.2260839939117432 -0.097191445529460907 -0.52982932329177856 -2.0196967124938965 -0.093863554298877716 -0.65202569961547852 -2.2715952396392822 -0.098967112600803375 -0.45627757906913757 -1.073704719543457 0.13543358445167542 -0.57384675741195679 -0.80716615915298462 0.092321880161762238
1332.8111000061035 -0.15785086154937744 -1.3129080533981323 0.28780615329742432 0.24953950941562653 -2.1292593479156494 -0.096673339605331421 0.24916791915893555 -2.3770582675933838 -0.1024068295955658 -0.47690275311470032 -2.1861345767974854 -0.11604829132556915 -0.6088593602180481 -2.4535579681396484 -0.1110101044178009 -0.45917922258377075 -1.1683443784713745 0.14990335702896118 -0.58605718612670898 -0.87570124864578247 0.1160583570599556
1391.1808999925852 -0.1279531717300415 -1.3448551893234253 0.28717964887619019 0.27855333685874939 -2.1594352722167969 -0.096465691924095154 0.27818256616592407 -2.4066967964172363 -0.10218673944473267 -0.44631287455558777 -2.2161872386932373 -0.11579860746860504 -0.57798314094543457 -2.4830303192138672 -0.11077135056257248 -0.42862781882286072 -1.2006051540374756 0.14957605302333832 -0.55523043870925903 -0.90859693288803101 0.11580447107553482
1391.1808999925852 -0.10030794888734818 -1.2885675430297852 0.2543923556804657 0.22907233238220215 -2.0466222763061523 -0.13203103840351105 0.24082466959953308 -2.306875467300415 -0.15031003952026367 -0.46059539914131165 -2.118560791015625 -0.16386882960796356 -0.58543157577514648 -2.4034712314605713 -0.17523100972175598 -0.38497269153594971 -1.0623234510421753 0.12704172730445862 -0.52110308408737183 -0.81284767389297485 0.08053821325302124
1452.7192999869585 -0.10956647992134094 -1.4025859832763672 0.29388615489006042 0.30972477793693542 -2.1701440811157227 -0.10088056325912476 0.32688251137733459 -2.4628548622131348 -0.12523931264877319 -0.42881849408149719 -2.2586276531219482 -0.15208718180656433 -0.56830763816833496 -2.5854294300079346 -0.16655106842517853 -0.38659754395484924 -1.153486967086792 0.18182751536369324 -0.51194071769714355 -0.87101924419403076 0.14415894448757172
1452.7192999869585 -0.071917369961738586 -1.4553115367889404 0.27516841888427734 0.3570466935634613 -2.1753461360931396 -0.12107910960912704 0.38171094655990601 -2.4812374114990234 -0.1485074907541275 -0.40104168653488159 -2.2577977180480957 -0.18090827763080597 -0.55279082059860229 -2.603158712387085 -0.1983054131269455 -0.40585270524024963 -1.2387862205505371 0.14618240296840668 -0.48704436421394348 -0.90742224454879761 0.12346028536558151
1514.2179999947548 -0.020230973139405251 -1.4867813587188721 0.27814355492591858 0.41336718201637268 -2.2145946025848389 -0.12238458544015884 0.43829786777496338 -2.5237901210784912 -0.15010927617549896 -0.35291075706481934 -2.2979369163513184 -0.18286009132862091 -0.50629925727844238 -2.6470286846160889 -0.20044516026973724 -0.35777378082275391 -1.2679170370101929 0.14776413142681122 -0.43984255194664001 -0.93297326564788818 0.1247965469956398
1514.2179999947548 -0.070224128663539886 -1.3802940845489502 0.24681390821933746 0.43626904487609863 -2.1685841083526611 -0.16795684397220612 0.45299035310745239 -2.4794368743896484 -0.20133970677852631 -0.34963789582252502 -2.2427437305450439 -0.244371697306633 -0.50955045223236084 -2.596311092376709 -0.26542931795120239 -0.44245129823684692 -1.3860108852386475 0.090329959988594055 -0.44939699769020081 -0.9399343729019165 0.10206083953380585
1576.3393999934196 -0.091545805335044861 -1.3948744535446167 0.1638253927230835 0.40690097212791443 -2.1715126037597656 -0.2431221604347229 0.39734604954719543 -2.5029580593109131 -0.28373304009437561 -0.32920467853546143 -2.2212381362915039 -0.32471549510955811 -0.5025249719619751 -2.5961158275604248 -0.3461737334728241 -0.41893869638442993 -1.4154411554336548 0.068395167589187622 -0.3787834644317627 -0.92551541328430176 0.11633040755987167
1576.3393999934196 -0.07712564617395401 -1.2966927289962769 0.17696037888526917 0.3615385890007019 -2.0997278690338135 -0.1723458468914032 0.35455337166786194 -2.4202053546905518 -0.20555108785629272 -0.27262988686561584 -2.1523587703704834 -0.27327162027359009 -0.40435397624969482 -2.4998776912689209 -0.28739404678344727 -0.60329890251159668 -1.6436028480529785 0.011736726388335228 -0.36672434210777283 -0.91520369052886963 0.12436631321907043
1636.9640999883413 -0.064536601305007935 -1.3036775588989258 0.17768992483615875 0.37592363357543945 -2.1100006103515625 -0.17304642498493195 0.3689098060131073 -2.4317901134490967 -0.20638762414455414 -0.2608412504196167 -2.1628470420837402 -0.27438542246818542 -0.3931046724319458 -2.5117886066436768 -0.28856569528579712 -0.59286409616470337 -1.6520079374313354 0.011789810843765736 -0.35532099008560181 -0.92062664031982422 0.12488052994012833
1636.9640999883413 -0.026866668835282326 -1.245418906211853 0.13841173052787781 0.39574828743934631 -2.0942845344543457 -0.22955872118473053 0.40095368027687073 -2.4249730110168457 -0.26967912912368774 -0.2498830109834671 -2.1293075084686279 -0.34736213088035583 -0.3702048659324646 -2.4872238636016846 -0.37291884422302246 -0.62958657741546631 -1.6651854515075684 -0.051553212106227875 -0.29044806957244873 -0.83352303504943848 0.082528077065944672
1695.7514999806881 0.059481438249349594 -1.325833797454834 0.1500069797039032 0.38697206974029541 -2.0687892436981201 -0.2576528787612915 0.40988084673881531 -2.4016406536102295 -0.29287433624267578 -0.24966484308242798 -2.1143250465393066 -0.37365466356277466 -0.33774277567863464 -2.4678685665130615 -0.39624777436256409 -0.64930897951126099 -1.7647088766098022 -0.079060062766075134 -0.35154059529304504 -0.9890291690826416 0.041837256401777267
1695.7514999806881 0.13218115270137787 -1.3617686033248901 0.14894594252109528 0.43638876080513 -2.137242317199707 -0.28628215193748474 0.45869582891464233 -2.4833230972290039 -0.32203003764152527 -0.2274366021156311 -2.1577181816101074 -0.42457684874534607 -0.3007960319519043 -2.51822829246521 -0.45269101858139038 -0.48394674062728882 -1.648952841758728 -0.086595535278320313 -0.40598806738853455 -1.1161361932754517 -0.052348531782627106
1752.2426000088453 0.10108291357755661 -1.334907054901123 0.15135328471660614 0.41021227836608887 -2.122927188873291 -0.29091635346412659 0.4328802227973938 -2.4746072292327881 -0.32724258303642273 -0.26435303688049316 -2.1437342166900635 -0.43144848942756653 -0.33889937400817871 -2.5100769996643066 -0.46001750230789185 -0.525013267993927 -1.6267377138137817 -0.087998993694782257 -0.4457932710647583 -1.0853004455566406 -0.053197916597127914
1871.7797999978065 0.010675553232431412 -0.79324722290039063 0.68860101699829102 0.29482740163803101 -1.8298658132553101 0.18930087983608246 0.27335140109062195 -2.0152828693389893 0.24882243573665619 -0.46693313121795654 -1.6640619039535522 0.24679143726825714 -0.53452813625335693 -1.7714264392852783 0.31119245290756226 -0.51399350166320801 -0.73117691278457642 0.48525512218475342 -0.63321495056152344 -0.4545074999332428 0.3928082287311554
1871.7797999978065 -0.19220852851867676 -1.4742922782897949 0.51565086841583252 0.26162451505661011 -2.654062032699585 -0.066458761692047119 0.23098509013652802 -2.9761569499969482 -0.050207328051328659 -0.65616387128829956 -2.6444730758666992 -0.08814065158367157 -0.84499359130859375 -2.975905179977417 -0.034753471612930298 -0.62655484676361084 -1.3564416170120239 0.35660639405250549 -0.79204463958740234 -0.98866689205169678 0.26725509762763977
1946.9894999861717 -0.099112324416637421 -1.2217189073562622 0.37252494692802429 0.28395932912826538 -2.2128674983978271 -0.08272726833820343 0.26070681214332581 -2.5048573017120361 -0.079585365951061249 -0.46719467639923096 -2.2356858253479004 -0.12277349084615707 -0.63303589820861816 -2.5365478992462158 -0.10358620434999466 -0.47918915748596191 -1.1324138641357422 0.19290356338024139 -0.60443627834320068 -0.87307476997375488 0.12204157561063766
1946.9894999861717 -0.15111692249774933 -1.3904258012771606 0.34091496467590332 0.26733583211898804 -2.1777641773223877 -0.094239413738250732 0.24809248745441437 -2.4566807746887207 -0.11600688099861145 -0.49557328224182129 -2.2064418792724609 -0.10955087840557098 -0.66182422637939453 -2.5022513866424561 -0.11618409305810928 -0.45028996467590332 -1.1806782484054565 0.20180268585681915 -0.55845350027084351 -0.90874183177947998 0.16540656983852386
