74.867899999022484 -0.71899914741516113 -0.85430169105529785 1.3059196472167969 -0.59146881103515625 -1.1357945203781128 1.1165112257003784 -0.78000295162200928 -1.1210025548934937 1.0200284719467163 -0.81221586465835571 -1.0060662031173706 0.59644883871078491 -0.99907225370407104 -0.84636420011520386 0.44402804970741272 -1.0070140361785889 -0.78598445653915405 0.23732131719589233 -0.84832322597503662 -0.81670039892196655 -0.11686394363641739
155.7039999961853 -1.2315716743469238 -2.0728926658630371 1.3999900817871094 -1.3435108661651611 -2.2421867847442627 0.6900671124458313 -1.6005657911300659 -2.0778195858001709 0.34184589982032776 -1.2828041315078735 -2.245610237121582 0.2302887886762619 -1.553592324256897 -2.022484302520752 -0.15913407504558563 -1.4263492822647095 -2.0354545116424561 -0.22910244762897491 -1.0903421640396118 -2.0808310508728027 -0.58941495418548584
155.7039999961853 -0.6151125431060791 -1.0092477798461914 0.7734183669090271 -0.67268514633178711 -1.0971956253051758 0.52001047134399414 -0.81207370758056641 -1.0103254318237305 0.35850366950035095 -0.66385942697525024 -1.1128585338592529 0.26130384206771851 -0.80711269378662109 -0.99071699380874634 0.10674301534891129 -0.7502167820930481 -1.0204243659973145 0.074296198785305023 -0.59160029888153076 -1.0684984922409058 -0.15438275039196014
223.00360000133514 -0.67085158824920654 -1.1384185552597046 0.97786158323287964 -0.77369594573974609 -1.2195075750350952 0.69166737794876099 -0.93216246366500854 -1.1334611177444458 0.50420075654983521 -0.74876314401626587 -1.2449201345443726 0.29279014468193054 -0.91005021333694458 -1.0985627174377441 0.053869549185037613 -0.84844231605529785 -1.1318613290786743 0.05573851615190506 -0.65716373920440674 -1.2077994346618652 -0.1183408796787262
223.00360000133514 -0.6320422887802124 -1.1123083829879761 0.22273537516593933 -0.74559462070465088 -1.1994332075119019 0.0064658201299607754 -0.90982389450073242 -1.1274130344390869 -0.12381057441234589 -0.71079385280609131 -1.2210791110992432 0.084160387516021729 -0.88627344369888306 -1.114077091217041 -0.062583453953266144 -0.80199247598648071 -1.1244760751724243 0.067528583109378815 -0.65713167190551758 -1.178688645362854 0.092841759324073792
282.89019999653101 -0.61201351881027222 -1.0324370861053467 0.51299768686294556 -0.65739768743515015 -1.0919238328933716 0.36524811387062073 -0.77013546228408813 -0.98284798860549927 0.24928610026836395 -0.66854512691497803 -1.0865665674209595 0.2918713390827179 -0.78156745433807373 -0.95333594083786011 0.19768120348453522 -0.72574120759963989 -0.9630894660949707 0.21884872019290924 -0.61368125677108765 -1.008537769317627 0.075958341360092163
282.89019999653101 -0.59573972225189209 -1.277360200881958 0.76612889766693115 -0.70501565933227539 -1.3937531709671021 0.5294385552406311 -0.87444329261779785 -1.3158470392227173 0.36936318874359131 -0.77077031135559082 -1.3388389348983765 0.15889744460582733 -0.92725479602813721 -1.2189161777496338 -0.0039322706870734692 -0.89777833223342896 -1.1973382234573364 -0.087309136986732483 -0.7292134165763855 -1.2196615934371948 -0.43004134297370911
347.10040000081062 -0.51982975006103516 -1.1278433799743652 0.67386865615844727 -0.61594712734222412 -1.2302209138870239 0.46567955613136292 -0.76497304439544678 -1.1616958379745483 0.32487976551055908 -0.67378389835357666 -1.1819190979003906 0.1397574245929718 -0.81142520904541016 -1.0764371156692505 -0.0034650317393243313 -0.78549826145172119 -1.0574573278427124 -0.07680201530456543 -0.63723111152648926 -1.0770926475524902 -0.37826389074325562
347.10040000081062 -0.47218078374862671 -1.1207284927368164 0.78509026765823364 -0.60922664403915405 -1.2021224498748779 0.51376467943191528 -0.76312673091888428 -1.141005277633667 0.36840003728866577 -0.6324913501739502 -1.1675153970718384 0.1087934747338295 -0.78166770935058594 -1.0648972988128662 -0.082425996661186218 -0.74711114168167114 -1.0435726642608643 -0.14421489834785461 -0.58008545637130737 -1.0810685157775879 -0.45649686455726624
411.89320000261068 -0.57186746597290039 -1.1714013814926147 0.55932629108428955 -0.67312359809875488 -1.2910468578338623 0.23865857720375061 -0.85853379964828491 -1.2156987190246582 0.055788874626159668 -0.66895246505737305 -1.283183217048645 -0.1249963790178299 -0.85180580615997314 -1.1662096977233887 -0.33311602473258972 -0.79382061958312988 -1.140657901763916 -0.3608488142490387 -0.59013086557388306 -1.1514592170715332 -0.6188010573387146
411.89320000261068 -0.61003172397613525 -1.1285766363143921 -0.03908785805106163 -0.67693769931793213 -1.1941772699356079 -0.079200081527233124 -0.80924230813980103 -1.1085469722747803 -0.1666780561208725 -0.67166554927825928 -1.1547856330871582 -0.022898858413100243 -0.7861754298210144 -1.0445870161056519 -0.13590076565742493 -0.70881956815719604 -0.999847412109375 -0.0095850983634591103 -0.57784873247146606 -1.0159353017807007 -0.034642860293388367
477.31490000337362 -0.6812250018119812 -1.2745194435119629 -0.043079335242509842 -0.75497251749038696 -1.3468279838562012 -0.087293252348899841 -0.9008060097694397 -1.2524415254592896 -0.18371634185314178 -0.74916130304336548 -1.3034083843231201 -0.025234919041395187 -0.87538045644760132 -1.1819413900375366 -0.1497919112443924 -0.79011446237564087 -1.1326268911361694 -0.010559751652181149 -0.64575117826461792 -1.1503598690032959 -0.038179811090230942
477.31490000337362 -0.60569882392883301 -1.2410660982131958 0.32444474101066589 -0.67901158332824707 -1.3291857242584229 0.15562787652015686 -0.84205168485641479 -1.2395288944244385 0.024032995104789734 -0.69057494401931763 -1.2905853986740112 -0.16373531520366669 -0.83406209945678711 -1.1677110195159912 -0.34239625930786133 -0.7693941593170166 -1.121462345123291 -0.34869998693466187 -0.60709214210510254 -1.1350275278091431 -0.6086803674697876
546.24719999730587 -0.61715799570083618 -1.3194200992584229 0.55696886777877808 -0.65454339981079102 -1.4422279596328735 0.27947235107421875 -0.84247386455535889 -1.3945375680923462 0.13202208280563354 -0.681751549243927 -1.3996962308883667 -0.10798557847738266 -0.8693007230758667 -1.2968493700027466 -0.28977718949317932 -0.83385580778121948 -1.2343473434448242 -0.35151982307434082 -0.64622896909713745 -1.221487283706665 -0.6718781590461731
546.24719999730587 -0.57276558876037598 -1.1766426563262939 0.49760359525680542 -0.60616624355316162 -1.2863609790802002 0.24968436360359192 -0.77406597137451172 -1.2437537908554077 0.11795021593570709 -0.63047432899475098 -1.2483625411987305 -0.096475973725318909 -0.79803335666656494 -1.1564778089523315 -0.25889113545417786 -0.76636636257171631 -1.1006375551223755 -0.31405285000801086 -0.59873801469802856 -1.0891481637954712 -0.6002655029296875
605.79170000553131 -0.53011924028396606 -1.2170428037643433 0.80584019422531128 -0.58732271194458008 -1.2636821269989014 0.62624812126159668 -0.72166723012924194 -1.1994622945785522 0.49084627628326416 -0.64450395107269287 -1.1966180801391602 0.12331695109605789 -0.76780867576599121 -1.0869660377502441 -0.076690591871738434 -0.7446829080581665 -1.0441992282867432 -0.15978693962097168 -0.59205096960067749 -1.0844577550888062 -0.4450773298740387
605.79170000553131 -0.59362322092056274 -1.1258252859115601 0.68128931522369385 -0.58892852067947388 -1.2375582456588745 0.55554044246673584 -0.73178011178970337 -1.1643739938735962 0.42144012451171875 -0.65276199579238892 -1.1746405363082886 0.084841951727867126 -0.78229939937591553 -1.0508537292480469 -0.089816980063915253 -0.75501924753189087 -1.0078167915344238 -0.13109645247459412 -0.61539602279663086 -1.0223759412765503 -0.38880240917205811
672.79480000585318 -0.63257896900177002 -1.1746077537536621 0.7164427638053894 -0.62764203548431396 -1.2921062707901001 0.58420485258102417 -0.77786523103713989 -1.2151457071304321 0.443184494972229 -0.69476950168609619 -1.2259420156478882 0.089216776192188263 -0.83099138736724854 -1.0957674980163574 -0.094455108046531677 -0.80230355262756348 -1.0505096912384033 -0.13786475360393524 -0.65547537803649902 -1.0658200979232788 -0.40886914730072021
672.79480000585318 -0.64600223302841187 -1.1841144561767578 0.23870599269866943 -0.64457005262374878 -1.2690256834030151 0.12703095376491547 -0.81328999996185303 -1.2003186941146851 0.02744048647582531 -0.66080254316329956 -1.238606333732605 0.0038945823907852173 -0.81986355781555176 -1.1277427673339844 -0.13593105971813202 -0.76474112272262573 -1.076958179473877 -0.070554651319980621 -0.62441033124923706 -1.0859091281890869 -0.18273752927780151
738.74000000208616 -0.58488506078720093 -1.2831453084945679 0.47670722007751465 -0.57768005132675171 -1.3661534786224365 0.27559012174606323 -0.74438285827636719 -1.3197088241577148 0.14287556707859039 -0.62738698720932007 -1.304002046585083 -0.07352815568447113 -0.79841184616088867 -1.2129760980606079 -0.23674187064170837 -0.75896167755126953 -1.1761888265609741 -0.26820993423461914 -0.60448282957077026 -1.1913487911224365 -0.55026262998580933
738.74000000208616 -0.63603252172470093 -1.2127554416656494 0.49929291009902954 -0.56872028112411499 -1.3085634708404541 0.38354820013046265 -0.72613734006881714 -1.2486170530319214 0.26592808961868286 -0.62336242198944092 -1.2537268400192261 0.049170143902301788 -0.77606528997421265 -1.1609382629394531 -0.10717879980802536 -0.74474567174911499 -1.1374095678329468 -0.14606031775474548 -0.60978370904922485 -1.1701797246932983 -0.41415470838546753
810.19319999963045 -0.63534754514694214 -1.1760835647583008 0.49183040857315063 -0.56904065608978271 -1.2704607248306274 0.37781429290771484 -0.72410666942596436 -1.2114096879959106 0.2619507908821106 -0.62286669015884399 -1.2164431810379028 0.048430014401674271 -0.77328896522521973 -1.1250401735305786 -0.10558393597602844 -0.74243712425231934 -1.101862907409668 -0.14388476312160492 -0.60949075222015381 -1.1341438293457031 -0.40797528624534607
810.19319999963045 -0.61380875110626221 -1.1845912933349609 0.29241347312927246 -0.57855433225631714 -1.2666385173797607 0.24159716069698334 -0.71810269355773926 -1.2034474611282349 0.10436805337667465 -0.62681061029434204 -1.1865065097808838 -0.022838525474071503 -0.75089859962463379 -1.0971437692642212 -0.19515159726142883 -0.72609215974807739 -1.06345534324646 -0.20264454185962677 -0.62540090084075928 -1.1351207494735718 -0.48222005367279053
866.21750000119209 -0.62669730186462402 -1.2446006536483765 0.16739368438720703 -0.59761899709701538 -1.3175899982452393 0.091125503182411194 -0.7739139199256897 -1.272036075592041 -0.011283986270427704 -0.64834117889404297 -1.2760560512542725 -0.051622010767459869 -0.81850415468215942 -1.1879892349243164 -0.20900698006153107 -0.78239655494689941 -1.148314356803894 -0.13953045010566711 -0.64819151163101196 -1.1822234392166138 -0.23607055842876434
866.21750000119209 -0.56379258632659912 -1.0448125600814819 -0.034434553235769272 -0.5117720365524292 -1.2319811582565308 -0.29172927141189575 -0.69776272773742676 -1.2005101442337036 -0.42941921949386597 -0.56690031290054321 -1.2210748195648193 -0.50747025012969971 -0.77038145065307617 -1.1495718955993652 -0.65499097108840942 -0.75550472736358643 -1.0955886840820313 -0.66029679775238037 -0.62033176422119141 -1.0574290752410889 -0.84681689739227295
923.35650000721216 -0.54470568895339966 -1.2589722871780396 0.070342987775802612 -0.59042412042617798 -1.3621958494186401 0.10251444578170776 -0.78533673286437988 -1.319036602973938 -0.057603850960731506 -0.64650386571884155 -1.3547762632369995 -0.067382857203483582 -0.83015501499176025 -1.2590364217758179 -0.30237457156181335 -0.7934001088142395 -1.2137289047241211 -0.18649642169475555 -0.64665770530700684 -1.2198954820632935 -0.19386535882949829
923.35650000721216 -0.52153652906417847 -1.1865473985671997 0.066837206482887268 -0.56497377157211304 -1.2846207618713379 0.097403481602668762 -0.75016134977340698 -1.2436147928237915 -0.054725781083106995 -0.61825549602508545 -1.2775713205337524 -0.064016863703727722 -0.79274344444274902 -1.1866083145141602 -0.28728380799293518 -0.75782239437103271 -1.1435614824295044 -0.17718732357025146 -0.61840170621871948 -1.1494203805923462 -0.1841885894536972
981.74459999799728 -0.52654010057449341 -1.1979310512542725 0.06747843325138092 -0.57039409875869751 -1.296945333480835 0.098337970674037933 -0.7573583722114563 -1.255545973777771 -0.05525081604719162 -0.62418699264526367 -1.2898283004760742 -0.064631044864654541 -0.80034899711608887 -1.1979925632476807 -0.29003998637199402 -0.76509290933609009 -1.1545326709747314 -0.17888724803924561 -0.62433463335037231 -1.1604478359222412 -0.18595567345619202
981.74459999799728 -0.64016681909561157 -1.2669869661331177 0.42056509852409363 -0.63395363092422485 -1.3032448291778564 0.26941010355949402 -0.79317855834960938 -1.2464598417282104 0.12878958880901337 -0.66778141260147095 -1.2541394233703613 -0.04985201358795166 -0.81256991624832153 -1.1561787128448486 -0.24811141192913055 -0.75190567970275879 -1.1207281351089478 -0.22821745276451111 -0.58669495582580566 -1.1605850458145142 -0.42566394805908203
1043.9217000082135 -0.62375611066818237 -1.247352123260498 0.41775134205818176 -0.61758428812026978 -1.2833689451217651 0.26760095357894897 -0.77575093507766724 -1.2269614934921265 0.12791505455970764 -0.6511872410774231 -1.2345900535583496 -0.049539238214492798 -0.795013427734375 -1.1372803449630737 -0.24648095667362213 -0.734752357006073 -1.1020653247833252 -0.2267192155122757 -0.57063966989517212 -1.1416573524475098 -0.42285341024398804
1043.9217000082135 -0.54947185516357422 -1.2728450298309326 0.71470069885253906 -0.58773672580718994 -1.3237526416778564 0.45685103535652161 -0.75273597240447998 -1.2524476051330566 0.30174127221107483 -0.63039040565490723 -1.2749179601669312 0.022699020802974701 -0.77736151218414307 -1.1543982028961182 -0.18582755327224731 -0.73310625553131104 -1.1229462623596191 -0.24427665770053864 -0.55497598648071289 -1.1474359035491943 -0.5272223949432373
1099.9416000023484 -0.6061246395111084 -1.1656861305236816 0.36692684888839722 -0.6153876781463623 -1.2651863098144531 0.15102972090244293 -0.77301996946334839 -1.203420877456665 0.047385048121213913 -0.62101089954376221 -1.236720085144043 -0.036506276577711105 -0.75715160369873047 -1.1339081525802612 -0.17438541352748871 -0.67537081241607666 -1.0545459985733032 -0.18121421337127686 -0.52686411142349243 -1.0606471300125122 -0.39889147877693176
1099.9416000023484 -0.61153978109359741 -1.2348997592926025 -0.35159707069396973 -0.69338428974151611 -1.3175206184387207 -0.38114726543426514 -0.83531826734542847 -1.2281684875488281 -0.40015923976898193 -0.64538693428039551 -1.2843937873840332 -0.10992499440908432 -0.75745964050292969 -1.1786401271820068 -0.20985440909862518 -0.64810842275619507 -1.065004825592041 -0.020852262154221535 -0.53202271461486816 -1.0428529977798462 0.14397184550762177
1157.3632000014186 -0.57311135530471802 -1.0919044017791748 -0.32677823305130005 -0.64918094873428345 -1.1686956882476807 -0.35424339771270752 -0.78110021352767944 -1.0856481790542603 -0.37191388010978699 -0.60457026958465576 -1.1379063129425049 -0.10215836763381958 -0.70873522758483887 -1.0396144390106201 -0.19503684341907501 -0.60709971189498901 -0.93399709463119507 -0.019370550289750099 -0.49920496344566345 -0.91340827941894531 0.1338236927986145
1157.3632000014186 -0.66879689693450928 -1.1458266973495483 0.33756822347640991 -0.72851181030273438 -1.2268527746200562 0.16244132816791534 -0.88015758991241455 -1.1563671827316284 0.080363661050796509 -0.68468290567398071 -1.228837251663208 0.10764311999082565 -0.82640540599822998 -1.1273001432418823 -0.014532134868204594 -0.72391420602798462 -1.1145553588867188 0.041790824383497238 -0.57896214723587036 -1.165977954864502 -0.012501700781285763
1214.6755000054836 -0.64947295188903809 -1.0982918739318848 0.25194495916366577 -0.72596496343612671 -1.1701498031616211 -0.14538459479808807 -0.89939695596694946 -1.1210277080535889 -0.3342585563659668 -0.65413594245910645 -1.1984851360321045 -0.32892623543739319 -0.84112083911895752 -1.1304055452346802 -0.54960495233535767 -0.73001760244369507 -1.1348332166671753 -0.58574432134628296 -0.52890968322753906 -1.1333235502243042 -0.79624372720718384
1214.6755000054836 -0.65941524505615234 -1.1884095668792725 0.83422476053237915 -0.6723407506942749 -1.2587090730667114 0.5086701512336731 -0.81303906440734863 -1.1905856132507324 0.32355478405952454 -0.66041243076324463 -1.2491469383239746 0.24924108386039734 -0.81165778636932373 -1.1506170034408569 0.056785613298416138 -0.74879926443099976 -1.1664838790893555 -0.02079164981842041 -0.564453125 -1.1942391395568848 -0.27167552709579468
1270.3822000026703 -0.66012877225875854 -1.1507430076599121 0.82283753156661987 -0.6728777289390564 -1.2200820446014404 0.50173050165176392 -0.81165391206741333 -1.1528892517089844 0.31914404034614563 -0.66111236810684204 -1.2106506824493408 0.24584555625915527 -0.81029146909713745 -1.1134666204452515 0.056019272655248642 -0.7482917308807373 -1.1291166543960571 -0.020498186349868774 -0.56646400690078735 -1.1564928293228149 -0.26795464754104614
1272.4468000009656 -0.61766821146011353 -1.1946203708648682 1.0073311328887939 -0.6674497127532959 -1.3298004865646362 0.7349083423614502 -0.8438417911529541 -1.2808061838150024 0.6164824366569519 -0.70599788427352905 -1.2977808713912964 0.37094485759735107 -0.903617262840271 -1.2129672765731812 0.22513984143733978 -0.85134041309356689 -1.2105697393417358 0.12242838740348816 -0.65605682134628296 -1.2475601434707642 -0.19669914245605469
1334.7931000068784 -0.68286824226379395 -1.1333926916122437 0.67499995231628418 -0.71133899688720703 -1.2669230699539185 0.49162971973419189 -0.88180959224700928 -1.2364264726638794 0.35432156920433044 -0.66353005170822144 -1.2876006364822388 0.25758558511734009 -0.84834450483322144 -1.2299001216888428 0.075215324759483337 -0.75957101583480835 -1.2141669988632202 -0.018590806052088737 -0.57066047191619873 -1.227298378944397 -0.2429327517747879
1334.7931000068784 -0.62989425659179688 -1.086943507194519 0.66130435466766357 -0.65778708457946777 -1.2177634239196777 0.48165613412857056 -0.82479745149612427 -1.1878858804702759 0.34713497757911682 -0.61094856262207031 -1.2380213737487793 0.25236254930496216 -0.79201161861419678 -1.1814920902252197 0.073694020509719849 -0.7050400972366333 -1.1660782098770142 -0.01820804737508297 -0.51996403932571411 -1.1789431571960449 -0.23799633979797363
1396.4016000032425 -0.64981275796890259 -1.0883677005767822 -0.080331042408943176 -0.70021688938140869 -1.2864059209823608 -0.3846050500869751 -0.90751034021377563 -1.1866838932037354 -0.51386517286300659 -0.59889954328536987 -1.3100113868713379 -0.44387426972389221 -0.81377625465393066 -1.1764850616455078 -0.5914807915687561 -0.66570216417312622 -1.1388239860534668 -0.61695420742034912 -0.45058766007423401 -1.0960067510604858 -0.72557151317596436
1396.4016000032425 -0.76658183336257935 -1.3111339807510376 0.78202807903289795 -0.7559359073638916 -1.4216659069061279 0.62646239995956421 -0.92551767826080322 -1.3328654766082764 0.54507207870483398 -0.72054493427276611 -1.3993693590164185 0.49504789710044861 -0.87763947248458862 -1.2685667276382446 0.38676294684410095 -0.76410567760467529 -1.2160604000091553 0.36511051654815674 -0.58081978559494019 -1.2308053970336914 0.25851830840110779
1456.6727000027895 -0.57782763242721558 -1.1108481884002686 0.79866516590118408 -0.59521067142486572 -1.2554624080657959 0.60738110542297363 -0.75969582796096802 -1.1760576963424683 0.52814841270446777 -0.6097947359085083 -1.2370232343673706 0.35282710194587708 -0.76842218637466431 -1.1208246946334839 0.23584610223770142 -0.69281953573226929 -1.0706055164337158 0.16102412343025208 -0.51601982116699219 -1.073249340057373 -0.054915163666009903
1456.6727000027895 -0.61192655563354492 -1.1679600477218628 0.84257817268371582 -0.63026523590087891 -1.3205244541168213 0.64077824354171753 -0.80379301309585571 -1.2367544174194336 0.5571897029876709 -0.64565110206604004 -1.3010715246200562 0.37223008275032043 -0.81299901008605957 -1.1784850358963013 0.24881802499294281 -0.73324018716812134 -1.1255050897598267 0.16988271474838257 -0.54672086238861084 -1.1282942295074463 -0.057927872985601425
1535.0622000023723 -0.59974467754364014 -1.2445847988128662 1.0106163024902344 -0.65525519847869873 -1.3478304147720337 0.77067476511001587 -0.8240397572517395 -1.2403905391693115 0.65907734632492065 -0.67824172973632813 -1.3071163892745972 0.42748621106147766 -0.817191481590271 -1.1567147970199585 0.27456668019294739 -0.75389945507049561 -1.0906622409820557 0.19312269985675812 -0.59367632865905762 -1.107527494430542 -0.065316237509250641
1535.0622000023723 -0.55347806215286255 -1.1479520797729492 0.76862883567810059 -0.59668511152267456 -1.2252922058105469 0.51893818378448486 -0.7233346700668335 -1.1811305284500122 0.3794829249382019 -0.59053939580917358 -1.1947368383407593 0.24680142104625702 -0.71550726890563965 -1.1234405040740967 0.084898464381694794 -0.65139079093933105 -1.1075775623321533 0.014993942342698574 -0.48811456561088562 -1.1429562568664551 -0.22597114741802216
1593.5607999935746 -0.56293201446533203 -0.98591673374176025 0.80855852365493774 -0.63407701253890991 -1.1419107913970947 0.55552971363067627 -0.77738136053085327 -1.116263747215271 0.41445848345756531 -0.63083600997924805 -1.1549226045608521 0.29208353161811829 -0.79470020532608032 -1.0916297435760498 0.12713494896888733 -0.74541157484054565 -1.0646759271621704 0.059898316860198975 -0.57023429870605469 -1.0731601715087891 -0.16195274889469147
1593.5607999935746 -0.63180232048034668 -1.1196621656417847 0.99446201324462891 -0.72110682725906372 -1.2228565216064453 0.81925356388092041 -0.84489065408706665 -1.1865711212158203 0.73369508981704712 -0.69118940830230713 -1.2251150608062744 0.5292590856552124 -0.80521476268768311 -1.146449089050293 0.3802788257598877 -0.7141568660736084 -1.1138559579849243 0.2605133056640625 -0.54451614618301392 -1.1567758321762085 0.087258853018283844
1660.7622999995947 -0.58812743425369263 -0.98490643501281738 0.8887941837310791 -0.66794240474700928 -1.077135443687439 0.73220330476760864 -0.77857303619384766 -1.0447057485580444 0.65573608875274658 -0.64120405912399292 -1.0791541337966919 0.47302338480949402 -0.74311316013336182 -1.0088471174240112 0.33987373113632202 -0.66173100471496582 -0.97971731424331665 0.23283444344997406 -0.51011627912521362 -1.0180764198303223 0.077989913523197174
1662.8264000043273 -0.61662626266479492 -1.0590280294418335 0.38301581144332886 -0.66583162546157837 -1.1874579191207886 0.067220665514469147 -0.81244760751724243 -1.1314003467559814 -0.036000244319438934 -0.63911920785903931 -1.1811041831970215 -0.12072747945785522 -0.79308587312698364 -1.0973438024520874 -0.24897532165050507 -0.709259033203125 -1.0546773672103882 -0.33270001411437988 -0.51789861917495728 -1.0270062685012817 -0.58033043146133423
1718.5283000022173 -0.61792266368865967 -1.2902024984359741 0.88213968276977539 -0.6830710768699646 -1.4644231796264648 0.54971963167190552 -0.86527037620544434 -1.3714277744293213 0.43729287385940552 -0.6995278000831604 -1.4380441904067993 0.29632702469825745 -0.86564040184020996 -1.3090083599090576 0.15002988278865814 -0.7890094518661499 -1.2530356645584106 0.084602087736129761 -0.60123926401138306 -1.2557262182235718 -0.18879137933254242
1718.5283000022173 -0.57693523168563843 -1.1830966472625732 0.56828403472900391 -0.63201665878295898 -1.323765754699707 0.3567962646484375 -0.80187559127807617 -1.2357027530670166 0.32781079411506653 -0.65637648105621338 -1.303257942199707 0.31058827042579651 -0.81674730777740479 -1.1913864612579346 0.27458027005195618 -0.75296664237976074 -1.1495571136474609 0.23068821430206299 -0.5996583104133606 -1.1425399780273438 0.079361170530319214
1780.775400005281 -0.5698809027671814 -1.1682461500167847 0.78039515018463135 -0.6160857081413269 -1.2749205827713013 0.56469982862472534 -0.79207402467727661 -1.1788671016693115 0.48301368951797485 -0.63350307941436768 -1.2572654485702515 0.33673033118247986 -0.78744751214981079 -1.1189582347869873 0.21839839220046997 -0.71477007865905762 -1.0541874170303345 0.15911547839641571 -0.55143791437149048 -1.068767786026001 -0.042817976325750351
1780.775400005281 -0.5921320915222168 -1.2219728231430054 0.79555261135101318 -0.63923448324203491 -1.3307198286056519 0.57566684484481812 -0.81864196062088013 -1.2328001260757446 0.49239367246627808 -0.65699023008346558 -1.3127216100692749 0.34326839447021484 -0.81392556428909302 -1.1717274188995361 0.22263753414154053 -0.73983615636825562 -1.1056982278823853 0.16220289468765259 -0.57333081960678101 -1.1205618381500244 -0.043653696775436401
1840.3520999997854 -0.62227463722229004 -1.1933524608612061 0.028236648067831993 -0.6378815770149231 -1.3618537187576294 -0.013163007795810699 -0.8318866491317749 -1.2748690843582153 -0.034850124269723892 -0.63186699151992798 -1.3306697607040405 0.11612603068351746 -0.82559883594512939 -1.2014548778533936 0.069448508322238922 -0.73135638236999512 -1.1429916620254517 0.18152168393135071 -0.57230019569396973 -1.1241030693054199 0.21821953356266022
1840.3520999997854 -0.54175388813018799 -1.1480777263641357 0.9625135064125061 -0.61053407192230225 -1.2935642004013062 0.64679276943206787 -0.78268676996231079 -1.1939041614532471 0.53285986185073853 -0.66580712795257568 -1.2663775682449341 0.31578314304351807 -0.83055752515792847 -1.1254866123199463 0.18781615793704987 -0.78583651781082153 -1.080763578414917 0.051654532551765442 -0.61797559261322021 -1.0914986133575439 -0.24777327477931976
1927.0143000036478 -0.52609413862228394 -1.1721585988998413 0.67999398708343506 -0.59886348247528076 -1.3428362607955933 0.35178345441818237 -0.75464111566543579 -1.2680665254592896 0.29580652713775635 -0.63344490528106689 -1.3089168071746826 0.15527021884918213 -0.78411340713500977 -1.212390661239624 0.098729565739631653 -0.73478150367736816 -1.1579470634460449 -0.022844297811388969 -0.59370625019073486 -1.134594202041626 -0.26092788577079773
1927.0143000036478 -0.63906657695770264 -1.1052002906799316 0.65073150396347046 -0.6823621392250061 -1.2356975078582764 0.40170496702194214 -0.8352200984954834 -1.1398072242736816 0.34888198971748352 -0.66924571990966797 -1.2167493104934692 0.27780753374099731 -0.81429761648178101 -1.0898977518081665 0.19313473999500275 -0.73348474502563477 -1.0412708520889282 0.17085294425487518 -0.57687109708786011 -1.050098180770874 0.044879671186208725
1995.4380000010133 -0.61419719457626343 -1.1499824523925781 0.70812273025512695 -0.65811187028884888 -1.3873435258865356 0.32898786664009094 -0.84155046939849854 -1.2863755226135254 0.2520923912525177 -0.66334766149520874 -1.3951727151870728 0.085671499371528625 -0.85905063152313232 -1.2592134475708008 0.00024819077225401998 -0.79853719472885132 -1.2148840427398682 -0.10412187129259109 -0.61901837587356567 -1.2007339000701904 -0.37510314583778381
1995.4380000010133 -0.65588688850402832 -1.2192882299423218 0.73233407735824585 -0.70130252838134766 -1.4647623300552368 0.34024044871330261 -0.89101105928421021 -1.3603430986404419 0.26071670651435852 -0.70671725273132324 -1.4728591442108154 0.088607572019100189 -0.90910935401916504 -1.3322527408599854 0.00026450442965142429 -0.84652751684188843 -1.2864081859588623 -0.10767291486263275 -0.66087281703948975 -1.2717744112014771 -0.38791629672050476
