90.055800020694733 -0.26126629114151001 -1.207149863243103 0.50572663545608521 0.11404256522655487 -2.0557959079742432 -0.20902363955974579 0.10232018679380417 -2.2896695137023926 -0.20975187420845032 -0.54387408494949341 -2.0601298809051514 -0.27156275510787964 -0.65163648128509521 -2.2785587310791016 -0.23774999380111694 -0.65875160694122314 -1.2065492868423462 0.23097920417785645 -0.77484077215194702 -0.95442378520965576 0.12934185564517975
90.055800020694733 -0.23190733790397644 -1.1512902975082397 0.38444790244102478 0.2325202077627182 -1.869236946105957 -0.21628834307193756 0.22778372466564178 -2.1119365692138672 -0.23887674510478973 -0.4047931432723999 -1.9161052703857422 -0.28172490000724792 -0.52223670482635498 -2.1473929882049561 -0.2512071430683136 -0.55701947212219238 -1.0523601770401001 0.2042691707611084 -0.66083532571792603 -0.78785872459411621 0.12808309495449066
144.98240000009537 -0.2338905930519104 -1.3387463092803955 0.47691527009010315 0.29369878768920898 -2.1772902011871338 -0.15254540741443634 0.29171246290206909 -2.4503083229064941 -0.17278459668159485 -0.41275733709335327 -2.2749173641204834 -0.24430941045284271 -0.5374443531036377 -2.5506420135498047 -0.21164897084236145 -0.56280606985092163 -1.2384980916976929 0.2835441529750824 -0.70704472064971924 -0.96940183639526367 0.17976352572441101
144.98240000009537 -0.1570105105638504 -1.2543376684188843 0.42652729153633118 0.28000566363334656 -2.0250861644744873 -0.14945459365844727 0.27112936973571777 -2.2799782752990723 -0.1709800660610199 -0.36577969789505005 -2.1028335094451904 -0.26048719882965088 -0.49627611041069031 -2.3612339496612549 -0.24299478530883789 -0.49458470940589905 -1.1521368026733398 0.22182755172252655 -0.62648856639862061 -0.90115004777908325 0.13114440441131592
202.49230001866817 -0.15870766341686249 -1.2879428863525391 0.40268409252166748 0.29492074251174927 -2.05379319190979 -0.17869707942008972 0.29405203461647034 -2.3010926246643066 -0.19766713678836823 -0.34056651592254639 -2.1396749019622803 -0.28112170100212097 -0.45931094884872437 -2.393909215927124 -0.25791066884994507 -0.45760044455528259 -1.1933509111404419 0.22253359854221344 -0.58845484256744385 -0.92425501346588135 0.14779943227767944
202.49230001866817 -0.18518653512001038 -1.2618857622146606 0.37283784151077271 0.27628692984580994 -1.9951099157333374 -0.24971424043178558 0.28542217612266541 -2.2313265800476074 -0.27860736846923828 -0.38998067378997803 -2.0658690929412842 -0.32102277874946594 -0.49566984176635742 -2.3097715377807617 -0.31666064262390137 -0.41532301902770996 -1.1359697580337524 0.18296943604946136 -0.56020092964172363 -0.88388568162918091 0.12937413156032562
260.02610002458096 -0.15670329332351685 -1.2773493528366089 0.37695968151092529 0.30986511707305908 -2.0186686515808105 -0.25246575474739075 0.31910121440887451 -2.2574934959411621 -0.28167787194252014 -0.36375847458839417 -2.0902090072631836 -0.32456159591674805 -0.47061455249786377 -2.3368043899536133 -0.32015129923820496 -0.38938060402870178 -1.1500431299209595 0.18499502539634705 -0.53585809469223022 -0.8951759934425354 0.13080798089504242
260.02610002458096 -0.17637656629085541 -1.238369345664978 0.32843425869941711 0.24305708706378937 -1.9842065572738647 -0.29095709323883057 0.23133136332035065 -2.2293469905853271 -0.32139083743095398 -0.34714773297309875 -2.0557429790496826 -0.39187735319137573 -0.44616013765335083 -2.3224964141845703 -0.38825339078903198 -0.42089203000068665 -1.0937404632568359 0.12057171761989594 -0.5651431679725647 -0.82518839836120605 0.060971491038799286
320.08610001206398 -0.24185779690742493 -1.3477520942687988 0.36268720030784607 0.22481001913547516 -2.0667340755462646 -0.23331989347934723 0.21778751909732819 -2.3197338581085205 -0.26133248209953308 -0.40572217106819153 -2.1428210735321045 -0.35409608483314514 -0.52357012033462524 -2.4168362617492676 -0.35639715194702148 -0.49805620312690735 -1.1416411399841309 0.086264476180076599 -0.64251619577407837 -0.85677957534790039 0.020484551787376404
320.08610001206398 -0.22287607192993164 -1.3441134691238403 0.36211174726486206 0.24305467307567596 -2.0619597434997559 -0.23295402526855469 0.23604325950145721 -2.3145601749420166 -0.26092234253883362 -0.38648167252540588 -2.1379265785217285 -0.35353943705558777 -0.50414347648620605 -2.4115090370178223 -0.35583686828613281 -0.47866988182067871 -1.138327956199646 0.086125597357749939 -0.62290167808532715 -0.85391640663146973 0.020449567586183548
385.43690000474453 -0.16459302604198456 -1.2612015008926392 0.3813001811504364 0.22276531159877777 -2.0525655746459961 -0.2378029078245163 0.21973848342895508 -2.3069109916687012 -0.26501747965812683 -0.40606224536895752 -2.1259222030639648 -0.37350431084632874 -0.5226280689239502 -2.4058291912078857 -0.38729968667030334 -0.47492328286170959 -1.1125122308731079 0.060645077377557755 -0.62308430671691895 -0.82508993148803711 -0.014431782998144627
385.43690000474453 -0.19372013211250305 -1.3036746978759766 0.36838418245315552 0.21753638982772827 -2.0767660140991211 -0.24980227649211884 0.19312350451946259 -2.3314542770385742 -0.27071106433868408 -0.41518589854240417 -2.1324045658111572 -0.3671710193157196 -0.54574877023696899 -2.4070096015930176 -0.36405721306800842 -0.5026823878288269 -1.1294927597045898 0.071625508368015289 -0.64160001277923584 -0.81454294919967651 0.005398742388933897
441.99940001964569 -0.13512642681598663 -1.321058988571167 0.30768194794654846 0.25180923938751221 -2.0639190673828125 -0.37763333320617676 0.24100150167942047 -2.3321099281311035 -0.40601181983947754 -0.40795031189918518 -2.1514613628387451 -0.47059160470962524 -0.53015303611755371 -2.4450919628143311 -0.46722763776779175 -0.47807753086090088 -1.1401749849319458 0.064055196940898895 -0.62219274044036865 -0.85885554552078247 -0.0010509557323530316
441.99940001964569 -0.12209788709878922 -1.2963769435882568 0.30528980493545532 0.26183015108108521 -2.0334627628326416 -0.37469857931137085 0.25110644102096558 -2.2995688915252686 -0.4028564989566803 -0.39280113577842712 -2.1203246116638184 -0.46693429350852966 -0.51405400037765503 -2.411672830581665 -0.46359646320343018 -0.46238324046134949 -1.116898775100708 0.0635567307472229 -0.60537827014923096 -0.83776605129241943 -0.0010433561401441693
504.01670001447201 -0.1233852431178093 -1.3100454807281494 0.30850866436958313 0.2645907998085022 -2.0549027919769287 -0.37864929437637329 0.25375401973724365 -2.3238146305084229 -0.40710407495498657 -0.39694267511367798 -2.1426806449890137 -0.47185748815536499 -0.51947396993637085 -2.4371006488800049 -0.46848446130752563 -0.46725845336914063 -1.1286749839782715 0.064226850867271423 -0.61176115274429321 -0.84659916162490845 -0.0010543569223955274
504.01670001447201 -0.15801860392093658 -1.2212913036346436 0.3118070662021637 0.30847102403640747 -2.0365703105926514 -0.37294918298721313 0.31749457120895386 -2.3059828281402588 -0.40503254532814026 -0.36910465359687805 -2.1253345012664795 -0.4925154447555542 -0.4858950674533844 -2.4234023094177246 -0.49488919973373413 -0.48871451616287231 -1.1424894332885742 0.03132208064198494 -0.62462335824966431 -0.84625494480133057 -0.0301029272377491
562.05450002849102 -0.1590404212474823 -1.2711067199707031 0.38276723027229309 0.30382668972015381 -2.064612865447998 -0.29163098335266113 0.30919912457466125 -2.3479011058807373 -0.32765942811965942 -0.33511614799499512 -2.1695566177368164 -0.43757730722427368 -0.45295774936676025 -2.4907562732696533 -0.44737738370895386 -0.51798266172409058 -1.1650339365005493 0.075674332678318024 -0.66118407249450684 -0.86453366279602051 0.0059372936375439167
562.05450002849102 -0.17543171346187592 -1.3027094602584839 0.38611829280853271 0.29149067401885986 -2.1031675338745117 -0.29418846964836121 0.29691016674041748 -2.3889377117156982 -0.33053255081176758 -0.3530501127243042 -2.2090311050415039 -0.44141343235969543 -0.47192412614822388 -2.5330445766448975 -0.45129939913749695 -0.53751873970031738 -1.1957072019577026 0.076334893703460693 -0.68197476863861084 -0.89257431030273438 0.0059868781827390194
615.94370001554489 -0.16816145181655884 -1.2783434391021729 0.36662983894348145 0.32134056091308594 -2.0624909400939941 -0.31438657641410828 0.34467616677284241 -2.3435425758361816 -0.35046470165252686 -0.34612715244293213 -2.1487646102905273 -0.40377658605575562 -0.4450823962688446 -2.4557733535766602 -0.40446993708610535 -0.52175688743591309 -1.1965917348861694 0.059730213135480881 -0.64066958427429199 -0.89242345094680786 -0.017917385324835777
615.94370001554489 -0.23838426172733307 -1.2210482358932495 0.28502404689788818 0.36625492572784424 -2.0512750148773193 -0.30592644214630127 0.40504136681556702 -2.3477945327758789 -0.34477278590202332 -0.2834932804107666 -2.1592311859130859 -0.44115215539932251 -0.38261952996253967 -2.4936795234680176 -0.44362512230873108 -0.60593152046203613 -1.3342615365982056 0.023646065965294838 -0.62134420871734619 -0.84080958366394043 0.037282988429069519
672.67180001735687 -0.21593861281871796 -1.2231308221817017 0.28677347302436829 0.39240244030952454 -2.0584406852722168 -0.30779510736465454 0.43142637610435486 -2.3567755222320557 -0.3468792736530304 -0.26132380962371826 -2.1670577526092529 -0.44384872913360596 -0.36105695366859436 -2.5035538673400879 -0.44633683562278748 -0.58573615550994873 -1.337037205696106 0.023795204237103462 -0.60124319791793823 -0.8405640721321106 0.037515617907047272
672.67180001735687 -0.23941569030284882 -1.262229323387146 0.24239005148410797 0.39873114228248596 -2.0526745319366455 -0.33552020788192749 0.43020376563072205 -2.3474686145782471 -0.36265695095062256 -0.23325920104980469 -2.1378240585327148 -0.43932005763053894 -0.32725825905799866 -2.4619247913360596 -0.41980025172233582 -0.58990073204040527 -1.3527178764343262 0.024421155452728271 -0.60544455051422119 -0.87539416551589966 0.041272327303886414
729.9973000138998 -0.23510824143886566 -1.2565643787384033 0.23030766844749451 0.40301942825317383 -2.0972585678100586 -0.32090717554092407 0.44054746627807617 -2.3929793834686279 -0.33836877346038818 -0.26890581846237183 -2.1419210433959961 -0.4095209538936615 -0.35755488276481628 -2.4565091133117676 -0.38542798161506653 -0.63597077131271362 -1.4554169178009033 -0.0032715585548430681 -0.56810843944549561 -0.87830632925033569 0.057161983102560043
729.9973000138998 -0.23462308943271637 -1.2238434553146362 0.22478151321411133 0.38818040490150452 -2.0443489551544189 -0.3131963312625885 0.42480722069740295 -2.3329682350158691 -0.33023861050605774 -0.26760903000831604 -2.0879387855529785 -0.39968210458755493 -0.35412925481796265 -2.3949723243713379 -0.37616771459579468 -0.62585920095443726 -1.417920708656311 -0.0031884864438325167 -0.55962651968002319 -0.85466885566711426 0.055793788284063339
792.95650002360344 -0.2394392341375351 -1.2125222682952881 0.2270435094833374 0.38721346855163574 -2.0302989482879639 -0.32825824618339539 0.427925705909729 -2.315636157989502 -0.34703239798545837 -0.23608212172985077 -2.0919833183288574 -0.41598278284072876 -0.31335586309432983 -2.4022939205169678 -0.39442244172096252 -0.59496724605560303 -1.4214856624603271 0.00038136853254400194 -0.5716899037361145 -0.88175755739212036 0.047741211950778961
792.95650002360344 -0.19481892883777618 -1.212218165397644 0.27786180377006531 0.36595109105110168 -2.0604794025421143 -0.33964166045188904 0.38432914018630981 -2.350935697555542 -0.36527037620544434 -0.23777423799037933 -2.1095387935638428 -0.45143064856529236 -0.32689109444618225 -2.4217619895935059 -0.4321761429309845 -0.62616097927093506 -1.518593430519104 -0.057081658393144608 -0.56620794534683228 -0.87812322378158569 0.013802811503410339
849.95270000398159 -0.25818559527397156 -1.2170895338058472 0.19182007014751434 0.30510634183883667 -2.0993490219116211 -0.43695533275604248 0.32610911130905151 -2.3917887210845947 -0.46009594202041626 -0.35195377469062805 -2.1658792495727539 -0.5102500319480896 -0.45114755630493164 -2.4839386940002441 -0.49051600694656372 -0.68461102247238159 -1.5448379516601563 -0.065427742898464203 -0.62692070007324219 -0.94478952884674072 0.0054009580053389072
849.95270000398159 -0.19942139089107513 -1.173920750617981 0.19008173048496246 0.35877352952957153 -2.0481970310211182 -0.43300411105155945 0.37958624958992004 -2.3379905223846436 -0.45593532919883728 -0.29234108328819275 -2.1141252517700195 -0.50563555955886841 -0.39063727855682373 -2.4293065071105957 -0.4860801100730896 -0.62198823690414429 -1.4987033605575562 -0.064838334918022156 -0.56481993198394775 -0.90408474206924438 0.0053494689054787159
910.32680001854897 -0.18699945509433746 -1.2014477252960205 0.18233001232147217 0.32640752196311951 -2.1000444889068604 -0.47304430603981018 0.34104743599891663 -2.4093286991119385 -0.5110817551612854 -0.29675868153572083 -2.17572021484375 -0.54381763935089111 -0.3856731653213501 -2.5198225975036621 -0.5353274941444397 -0.59464758634567261 -1.4233087301254272 -0.055879093706607819 -0.59493386745452881 -0.93153220415115356 -0.026260532438755035
910.32680001854897 -0.2111259400844574 -1.2350867986679077 0.23229010403156281 0.28716221451759338 -2.1337618827819824 -0.42776355147361755 0.30244031548500061 -2.4332778453826904 -0.46104314923286438 -0.27853319048881531 -2.2120518684387207 -0.50435936450958252 -0.35170811414718628 -2.5501539707183838 -0.48990508913993835 -0.60086745023727417 -1.515607476234436 -0.017354540526866913 -0.60830849409103394 -0.97940975427627563 0.030630530789494514
970.6240000128746 -0.17719414830207825 -1.1765872240066528 0.22712260484695435 0.31000524759292603 -2.0552635192871094 -0.41824239492416382 0.32494330406188965 -2.348114013671875 -0.4507814347743988 -0.2431013286113739 -2.1318113803863525 -0.49313366413116455 -0.3146478533744812 -2.4623892307281494 -0.47900107502937317 -0.55826246738433838 -1.4508652687072754 -0.016966523602604866 -0.56553798913955688 -0.92659997940063477 0.029950700700283051
970.6240000128746 -0.19998824596405029 -1.1976046562194824 0.2083251029253006 0.33728551864624023 -2.0832827091217041 -0.49832504987716675 0.35070076584815979 -2.3818027973175049 -0.54007452726364136 -0.25268185138702393 -2.1462311744689941 -0.58082848787307739 -0.33334639668464661 -2.4795577526092529 -0.56884133815765381 -0.63879954814910889 -1.54881751537323 -0.096364215016365051 -0.58502942323684692 -0.9190327525138855 -0.0084548704326152802
1027.2891000062227 -0.22149688005447388 -1.2177091836929321 0.25418230891227722 0.33544328808784485 -2.0986285209655762 -0.47084105014801025 0.35263946652412415 -2.3940896987915039 -0.50773626565933228 -0.2882312536239624 -2.1693696975708008 -0.5075640082359314 -0.3765282928943634 -2.510967493057251 -0.48808109760284424 -0.59982401132583618 -1.4818551540374756 0.023730184882879257 -0.59925955533981323 -0.96573960781097412 0.071602053940296173
1027.2891000062227 -0.1726287305355072 -1.1745166778564453 0.26581975817680359 0.2804240882396698 -2.0565218925476074 -0.38256973028182983 0.28643709421157837 -2.3550405502319336 -0.4133303165435791 -0.30509358644485474 -2.1448009014129639 -0.47021669149398804 -0.40008580684661865 -2.4909722805023193 -0.45945248007774353 -0.58406680822372437 -1.3022717237472534 0.016289457678794861 -0.61226916313171387 -0.88182389736175537 0.015386496670544147
1087.0238000154495 -0.15188576281070709 -1.2114055156707764 0.26938697695732117 0.30723726749420166 -2.1052281856536865 -0.3876899778842926 0.31333082914352417 -2.4077465534210205 -0.41886270046234131 -0.28612542152404785 -2.1946899890899658 -0.47651126980781555 -0.38239043951034546 -2.5454995632171631 -0.4656028151512146 -0.56883645057678223 -1.3408721685409546 0.016513336449861526 -0.59741669893264771 -0.9147910475730896 0.015598275698721409
1087.0238000154495 -0.11496166884899139 -1.2643001079559326 0.26875826716423035 0.25358062982559204 -2.0536658763885498 -0.40756076574325562 0.24534143507480621 -2.3386895656585693 -0.43237191438674927 -0.29060015082359314 -2.0991580486297607 -0.4711754322052002 -0.38064754009246826 -2.4172008037567139 -0.45103499293327332 -0.56360054016113281 -1.3796775341033936 0.02091207355260849 -0.59000730514526367 -0.94288498163223267 0.04018552228808403
1146.454200014472 -0.13446433842182159 -1.2862741947174072 0.3171105682849884 0.25689166784286499 -2.1367814540863037 -0.4040890634059906 0.24085508286952972 -2.4388549327850342 -0.43860998749732971 -0.32277381420135498 -2.2060515880584717 -0.48555666208267212 -0.40615969896316528 -2.5565428733825684 -0.47519150376319885 -0.5034027099609375 -1.2805083990097046 0.10619476437568665 -0.5795026421546936 -0.91827934980392456 0.099443703889846802
1146.454200014472 -0.086251258850097656 -1.149583101272583 0.29285332560539246 0.22915567457675934 -1.9708819389343262 -0.41142892837524414 0.21245609223842621 -2.2682409286499023 -0.45462724566459656 -0.32290726900100708 -2.0586564540863037 -0.47822779417037964 -0.39402318000793457 -2.41375732421875 -0.47847378253936768 -0.43632844090461731 -1.0796602964401245 0.083940647542476654 -0.53487610816955566 -0.7877998948097229 0.041092425584793091
1203.0914000123739 -0.07374214380979538 -1.1616669893264771 0.30196672677993774 0.25147464871406555 -2.0085101127624512 -0.42422026395797729 0.23425565659999847 -2.315117359161377 -0.46876215934753418 -0.31775867938995361 -2.0990145206451416 -0.4930967390537262 -0.39108642935752869 -2.4651596546173096 -0.49335038661956787 -0.43470749258995056 -1.0895693302154541 0.086556397378444672 -0.53632020950317383 -0.7886313796043396 0.04237549751996994
1203.0914000123739 -0.05290580540895462 -1.2948582172393799 0.29610162973403931 0.26173427700996399 -2.0076742172241211 -0.51092606782913208 0.2615189254283905 -2.3091864585876465 -0.54940313100814819 -0.31640022993087769 -2.0377185344696045 -0.57085585594177246 -0.37582385540008545 -2.3804960250854492 -0.56137311458587646 -0.57555460929870605 -1.4083640575408936 -0.0077418852597475052 -0.57526993751525879 -0.90756118297576904 0.050641890615224838
1267.4492000192404 -0.16933055222034454 -1.344394326210022 0.27816829085350037 0.2630765438079834 -2.1250910758972168 -0.53230595588684082 0.26262834668159485 -2.4465065002441406 -0.58108609914779663 -0.26751017570495605 -2.1582126617431641 -0.59497219324111938 -0.31390246748924255 -2.5252435207366943 -0.59230285882949829 -0.65177273750305176 -1.683801531791687 -0.07306787371635437 -0.58508694171905518 -1.0273669958114624 0.04332408681511879
1267.4492000192404 -0.18603061139583588 -1.3346623182296753 0.27982288599014282 0.24895334243774414 -2.1200113296508789 -0.53548127412796021 0.24850249290466309 -2.4433424472808838 -0.5845521092414856 -0.28479534387588501 -2.1533303260803223 -0.59852093458175659 -0.33146408200263977 -2.5225486755371094 -0.59583574533462524 -0.67134785652160645 -1.6760921478271484 -0.0735064297914505 -0.60426461696624756 -1.0157457590103149 0.043579153716564178
1321.9422000199556 -0.12066121399402618 -1.3185080289840698 0.29283523559570313 0.29600480198860168 -2.1492462158203125 -0.57184475660324097 0.30526399612426758 -2.4853935241699219 -0.63700538873672485 -0.31204456090927124 -2.1716604232788086 -0.67396515607833862 -0.36480921506881714 -2.5530452728271484 -0.68887656927108765 -0.74476063251495361 -1.6706026792526245 -0.13996131718158722 -0.57151675224304199 -0.91565203666687012 0.011777041479945183
1321.9422000199556 -0.0080121159553527832 -1.4087198972702026 0.23854690790176392 0.19286322593688965 -2.0699353218078613 -0.60070490837097168 0.20474280416965485 -2.407649040222168 -0.67453092336654663 -0.37751150131225586 -2.0728912353515625 -0.70971894264221191 -0.43627241253852844 -2.4442458152770996 -0.76230990886688232 -0.65669691562652588 -1.5687195062637329 -0.24410045146942139 -0.59952366352081299 -0.97366255521774292 -0.16948407888412476
1384.4064000248909 -0.015220936387777328 -1.4751245975494385 0.25394496321678162 0.22714890539646149 -2.2050096988677979 -0.61427295207977295 0.22517196834087372 -2.5591168403625488 -0.67597192525863647 -0.38217321038246155 -2.1891224384307861 -0.67994803190231323 -0.44614845514297485 -2.5659170150756836 -0.70132815837860107 -0.66854482889175415 -1.6318086385726929 -0.11429622024297714 -0.55737072229385376 -0.96426230669021606 0.014616589061915874
1384.4064000248909 -0.034071706235408783 -1.485048770904541 0.25487041473388672 0.20918317139148712 -2.2175991535186768 -0.61651796102523804 0.20719903707504272 -2.5729994773864746 -0.67844223976135254 -0.40236398577690125 -2.2016539573669434 -0.68243288993835449 -0.46657285094261169 -2.5798244476318359 -0.7038910984992981 -0.6897813081741333 -1.6423050165176392 -0.11471549421548843 -0.57820123434066772 -0.97232085466384888 0.014668075367808342
1440.9623000174761 -0.15001584589481354 -1.2510706186294556 0.2270616888999939 0.27578389644622803 -2.196542501449585 -0.60834991931915283 0.29354763031005859 -2.5621910095214844 -0.68383121490478516 -0.39760997891426086 -2.2076284885406494 -0.7204432487487793 -0.47460809350013733 -2.6118059158325195 -0.76721572875976563 -0.68920093774795532 -1.5791538953781128 -0.14568880200386047 -0.57389998435974121 -0.89155423641204834 -0.013991824351251125
1443.6450000107288 -0.10790255665779114 -1.336544394493103 0.28010353446006775 0.21620446443557739 -2.1291060447692871 -0.51161450147628784 0.23247528076171875 -2.4602909088134766 -0.57177287340164185 -0.41339993476867676 -2.1511037349700928 -0.62787991762161255 -0.48417285084724426 -2.5281577110290527 -0.67009097337722778 -0.67478454113006592 -1.5425156354904175 -0.09278126060962677 -0.58471161127090454 -0.88915830850601196 0.03173554316163063
1507.2433000206947 -0.00047910070861689746 -1.282188892364502 0.27449485659599304 0.31713953614234924 -2.0588841438293457 -0.5013735294342041 0.33308464288711548 -2.3834388256072998 -0.56032758951187134 -0.29986065626144409 -2.0804414749145508 -0.61531144380569458 -0.36921674013137817 -2.4499468803405762 -0.6566774845123291 -0.55601251125335693 -1.4840366840362549 -0.090925067663192749 -0.46774274110794067 -0.84375923871994019 0.031099008396267891
1507.2433000206947 0.035450797528028488 -1.3194952011108398 0.18761985003948212 0.32094869017601013 -2.0762062072753906 -0.66563451290130615 0.35434147715568542 -2.4067792892456055 -0.73604494333267212 -0.35979032516479492 -2.1142559051513672 -0.76244151592254639 -0.43005964159965515 -2.4830334186553955 -0.8116987943649292 -0.5307573676109314 -1.4347670078277588 -0.14466646313667297 -0.49293172359466553 -0.88351953029632568 -0.050809584558010101
1560.4145000129938 0.093657821416854858 -1.3068984746932983 0.18917720019817352 0.35740739107131958 -2.0431532859802246 -0.6463736891746521 0.38006633520126343 -2.3748493194580078 -0.70735245943069458 -0.29479736089706421 -2.0789415836334229 -0.73471897840499878 -0.36943092942237854 -2.4483494758605957 -0.77623248100280762 -0.51510417461395264 -1.4759008884429932 -0.13822691142559052 -0.43666860461235046 -0.87715429067611694 -0.016933796927332878
1560.4145000129938 0.06451861560344696 -1.2829781770706177 0.20068547129631042 0.31453877687454224 -2.0808136463165283 -0.60595464706420898 0.32449188828468323 -2.4058413505554199 -0.66413354873657227 -0.33538812398910522 -2.0883216857910156 -0.68966919183731079 -0.41989454627037048 -2.4503171443939209 -0.73132550716400146 -0.52108317613601685 -1.4163161516189575 -0.10515549033880234 -0.48116317391395569 -0.86108070611953735 -0.011723977513611317
1617.7069000303745 0.04312615841627121 -1.2803581953048706 0.20083756744861603 0.29333785176277161 -2.0788047313690186 -0.60642063617706299 0.30329859256744385 -2.4040815830230713 -0.66464412212371826 -0.35708698630332947 -2.0863184928894043 -0.69019931554794312 -0.44165816903114319 -2.4485914707183838 -0.73188751935958862 -0.54292428493499756 -1.4137983322143555 -0.10523772984743118 -0.50297373533248901 -0.85813736915588379 -0.01173462625592947
1617.7069000303745 0.097230091691017151 -1.359112024307251 0.2019692063331604 0.25134581327438354 -2.0856821537017822 -0.59895926713943481 0.27865901589393616 -2.400456428527832 -0.66329008340835571 -0.40467971563339233 -2.0852947235107422 -0.69679844379425049 -0.49414017796516418 -2.4370861053466797 -0.74752593040466309 -0.531849205493927 -1.4080332517623901 -0.116822749376297 -0.49499082565307617 -0.91940832138061523 -0.039504028856754303
1673.4618000239134 0.074305057525634766 -1.1857684850692749 0.18043641746044159 0.34812414646148682 -2.0024561882019043 -0.58682280778884888 0.38687184453010559 -2.3243255615234375 -0.66248017549514771 -0.34278163313865662 -2.0519382953643799 -0.68667030334472656 -0.42904537916183472 -2.4265580177307129 -0.74723803997039795 -0.39048135280609131 -1.0396647453308105 -0.090401060879230499 -0.53199559450149536 -0.79085427522659302 -0.13327014446258545
1673.4618000239134 0.085970766842365265 -1.147645115852356 0.17823114991188049 0.35645729303359985 -1.9543929100036621 -0.57969003915786743 0.39473339915275574 -2.2723448276519775 -0.65442657470703125 -0.32603967189788818 -2.0032732486724854 -0.67832225561141968 -0.41125351190567017 -2.373333215713501 -0.73815286159515381 -0.37315884232521057 -1.0033196210861206 -0.089310057461261749 -0.51295071840286255 -0.75753730535507202 -0.13165739178657532
1729.4597000181675 0.040200978517532349 -1.1707999706268311 0.22445152699947357 0.35138696432113647 -1.995457649230957 -0.55498039722442627 0.39220890402793884 -2.3057310581207275 -0.61807113885879517 -0.3235146701335907 -2.0306003093719482 -0.64390468597412109 -0.4074479341506958 -2.3885214328765869 -0.69063633680343628 -0.40263527631759644 -1.1272354125976563 -0.014975579455494881 -0.48440301418304443 -0.77929490804672241 0.0070804022252559662
1729.4597000181675 -0.028300261124968529 -1.1244014501571655 0.2339102029800415 0.364143967628479 -2.0537571907043457 -0.4965287446975708 0.39263433218002319 -2.3798916339874268 -0.57164645195007324 -0.28764817118644714 -2.0884716510772705 -0.63801538944244385 -0.36547878384590149 -2.4632699489593506 -0.69447827339172363 -0.493641197681427 -1.262516975402832 -0.10937194526195526 -0.49066436290740967 -0.75250244140625 -0.075737178325653076
1791.2149000167847 -0.025800904259085655 -1.1289135217666626 0.2319646030664444 0.36337220668792725 -2.0505228042602539 -0.49238598346710205 0.39162507653236389 -2.3739387989044189 -0.56687754392623901 -0.28298705816268921 -2.0849480628967285 -0.63269329071044922 -0.3601689338684082 -2.4566221237182617 -0.68868553638458252 -0.48726305365562439 -1.2658778429031372 -0.10845620930194855 -0.48431107401847839 -0.76011443138122559 -0.075101800262928009
1791.2149000167847 0.030743176117539406 -1.1853634119033813 0.22625508904457092 0.32597574591636658 -2.0307416915893555 -0.51892542839050293 0.35786816477775574 -2.3413708209991455 -0.58878695964813232 -0.35785523056983948 -2.0603830814361572 -0.60826557874679565 -0.44260522723197937 -2.4057841300964355 -0.6618807315826416 -0.45633524656295776 -1.1283596754074097 -0.046979963779449463 -0.55450934171676636 -0.77211755514144897 -0.042496573179960251
1847.3646000176668 0.039456967264413834 -1.3007383346557617 0.19771984219551086 0.28567788004875183 -1.995823860168457 -0.44979625940322876 0.311626136302948 -2.2849981784820557 -0.50402039289474487 -0.31361967325210571 -2.0063662528991699 -0.55260592699050903 -0.39292338490486145 -2.3324568271636963 -0.58948802947998047 -0.48815333843231201 -1.2618656158447266 -0.040791403502225876 -0.56836187839508057 -0.89111727476119995 -0.020054815337061882
1847.3646000176668 0.22847656905651093 -1.3591312170028687 0.22671881318092346 0.30420675873756409 -2.0661540031433105 -0.5015866756439209 0.32007399201393127 -2.3655662536621094 -0.55367326736450195 -0.31915190815925598 -2.0194966793060303 -0.58714973926544189 -0.40720343589782715 -2.3495979309082031 -0.6370694637298584 -0.48256862163543701 -1.3660346269607544 -0.12870284914970398 -0.5437965989112854 -0.91414505243301392 -0.088606402277946472
1918.3650000244379 -0.2661893367767334 -1.0681028366088867 0.47695386409759521 0.2450815886259079 -1.9807091951370239 -0.21935638785362244 0.25136002898216248 -2.2427146434783936 -0.23638030886650085 -0.40443846583366394 -2.1121172904968262 -0.31754443049430847 -0.50727826356887817 -2.4148385524749756 -0.300230473279953 -0.52109801769256592 -1.0558328628540039 0.19810020923614502 -0.68738621473312378 -0.73233568668365479 0.11433722823858261
1918.3650000244379 -0.32552242279052734 -1.2509815692901611 0.40365719795227051 0.2856346070766449 -2.1576106548309326 -0.32745921611785889 0.28545719385147095 -2.4337093830108643 -0.36142134666442871 -0.37118825316429138 -2.2953054904937744 -0.42633217573165894 -0.49191313982009888 -2.613114595413208 -0.42556676268577576 -0.52997583150863647 -1.1736147403717041 0.16766905784606934 -0.70139980316162109 -0.83655279874801636 0.12263485044240952
1980.3117000162601 -0.29601433873176575 -1.0865485668182373 0.25720888376235962 0.30796507000923157 -1.9664697647094727 -0.48897242546081543 0.321603924036026 -2.22837233543396 -0.51875680685043335 -0.37496989965438843 -2.0978960990905762 -0.54660046100616455 -0.47174280881881714 -2.4046328067779541 -0.53526496887207031 -0.50520789623260498 -1.0817549228668213 0.071266829967498779 -0.67633980512619019 -0.78867506980895996 0.031296975910663605
1980.3117000162601 -0.24984361231327057 -1.1230729818344116 0.30270126461982727 0.30533680319786072 -1.9730378389358521 -0.47012007236480713 0.30076724290847778 -2.231677770614624 -0.4984796941280365 -0.36785429716110229 -2.0320696830749512 -0.53419667482376099 -0.46295496821403503 -2.3250308036804199 -0.51192653179168701 -0.47499185800552368 -1.0359649658203125 0.055074498057365417 -0.63060534000396729 -0.74702930450439453 -0.013828875496983528
