49.527700021862984 -0.15070994198322296 -1.3429911136627197 0.28451836109161377 0.44350382685661316 -2.1338083744049072 -0.21375599503517151 0.45405864715576172 -2.4337954521179199 -0.23596270382404327 -0.35314640402793884 -2.2169430255889893 -0.36668151617050171 -0.52234315872192383 -2.572181224822998 -0.39715927839279175 -0.57067036628723145 -1.163726806640625 0.048718027770519257 -0.74882882833480835 -0.8826783299446106 -0.032913554459810257
49.527700021862984 -0.11787832528352737 -1.3089475631713867 0.30251196026802063 0.42755657434463501 -2.1396827697753906 -0.22187194228172302 0.4317772388458252 -2.4390888214111328 -0.23778265714645386 -0.39287656545639038 -2.2455322742462158 -0.35778433084487915 -0.55681306123733521 -2.5966339111328125 -0.38541194796562195 -0.58096128702163696 -1.1538989543914795 0.015734830871224403 -0.77850329875946045 -0.88006854057312012 -0.071107834577560425
112.65320001542568 -0.11982841789722443 -1.2915841341018677 0.29956197738647461 0.42028644680976868 -2.1142165660858154 -0.21970723569393158 0.42446595430374146 -2.4107022285461426 -0.23546276986598969 -0.39214441180229187 -2.2190337181091309 -0.35429397225379944 -0.55448192358016968 -2.5667107105255127 -0.3816521167755127 -0.57839459180831909 -1.1380476951599121 0.015581988729536533 -0.7740098237991333 -0.86688810586929321 -0.070413634181022644
112.65320001542568 -0.13184796273708344 -1.3033435344696045 0.28118079900741577 0.43987223505973816 -2.1159079074859619 -0.25015881657600403 0.44193720817565918 -2.4233024120330811 -0.27424666285514832 -0.36658617854118347 -2.2238776683807373 -0.41939723491668701 -0.52820318937301636 -2.5848453044891357 -0.45390066504478455 -0.60013723373413086 -1.1572494506835938 -0.027728384360671043 -0.80780327320098877 -0.85619914531707764 -0.1083889976143837
171.46620000898838 -0.093801051378250122 -1.291407585144043 0.27324476838111877 0.44499793648719788 -2.1127631664276123 -0.30222776532173157 0.46372655034065247 -2.4193048477172852 -0.32298910617828369 -0.39282140135765076 -2.234229564666748 -0.42765527963638306 -0.53650772571563721 -2.5981485843658447 -0.45861336588859558 -0.5342177152633667 -1.138166069984436 -0.036060921847820282 -0.74080789089202881 -0.8646276593208313 -0.11733783781528473
173.56689999997616 -0.008380998857319355 -1.1974352598190308 0.21436187624931335 0.38711145520210266 -2.0478942394256592 -0.39444375038146973 0.3924243152141571 -2.3635637760162354 -0.41441982984542847 -0.478843092918396 -2.1305804252624512 -0.48768341541290283 -0.63217556476593018 -2.4929718971252441 -0.51077979803085327 -0.51879054307937622 -1.0980105400085449 -0.033309862017631531 -0.7067112922668457 -0.77926355600357056 -0.072733938694000244
232.91070000827312 0.060225572437047958 -1.2233765125274658 0.21806299686431885 0.4625321626663208 -2.0884883403778076 -0.40123200416564941 0.46793651580810547 -2.4095966815948486 -0.42155227065086365 -0.41834229230880737 -2.1725993156433105 -0.49607813358306885 -0.57431656122207642 -2.5412344932556152 -0.51957249641418457 -0.45897799730300903 -1.1222387552261353 -0.033875975757837296 -0.65013659000396729 -0.79799985885620117 -0.073979303240776062
232.91070000827312 0.059999957680702209 -1.218793511390686 0.21724610030651093 0.46079942584037781 -2.0806646347045898 -0.399728924036026 0.46618354320526123 -2.4005699157714844 -0.41997304558753967 -0.41677510738372803 -2.1644604206085205 -0.49421975016593933 -0.57216507196426392 -2.5317146778106689 -0.51762604713439941 -0.45725858211517334 -1.1180346012115479 -0.033749070018529892 -0.64770102500915527 -0.79501038789749146 -0.073702163994312286
288.82829999923706 -0.10687488317489624 -1.160142183303833 0.12457621842622757 0.40460091829299927 -2.0486569404602051 -0.47676640748977661 0.43023571372032166 -2.3729665279388428 -0.51238089799880981 -0.47987020015716553 -2.1244819164276123 -0.58351504802703857 -0.63977235555648804 -2.5115311145782471 -0.61297112703323364 -0.55649864673614502 -1.1344881057739258 -0.062624521553516388 -0.77018988132476807 -0.88898593187332153 -0.13129740953445435
288.82829999923706 -0.054397936910390854 -1.1487995386123657 0.16972967982292175 0.44726040959358215 -2.0759198665618896 -0.43392178416252136 0.45972555875778198 -2.3938534259796143 -0.46507766842842102 -0.47657030820846558 -2.1524431705474854 -0.53580749034881592 -0.64687144756317139 -2.5298223495483398 -0.56075948476791382 -0.53097838163375854 -1.1079010963439941 -0.048785019665956497 -0.71410918235778809 -0.80151981115341187 -0.097786471247673035
343.83660000562668 -0.033542566001415253 -1.1691293716430664 0.16871978342533112 0.46513965725898743 -2.0907492637634277 -0.43135043978691101 0.477530837059021 -2.406796932220459 -0.46232149004936218 -0.45321038365364075 -2.1668188571929932 -0.53263169527053833 -0.6225011944770813 -2.5419590473175049 -0.55743569135665894 -0.50729566812515259 -1.1284735202789307 -0.048498537391424179 -0.68934005498886108 -0.8239099383354187 -0.097209274768829346
343.83660000562668 -0.075845733284950256 -1.1981018781661987 0.14741726219654083 0.42028841376304626 -2.0594840049743652 -0.45826232433319092 0.45282626152038574 -2.3716733455657959 -0.49276289343833923 -0.49270293116569519 -2.1627697944641113 -0.56376934051513672 -0.65426337718963623 -2.5424249172210693 -0.60142707824707031 -0.51265448331832886 -1.1185636520385742 -0.06597408652305603 -0.69071030616760254 -0.8396914005279541 -0.10912248492240906
401.0683000087738 -0.15113033354282379 -1.1617791652679443 0.051352944225072861 0.457396000623703 -2.0659334659576416 -0.48553642630577087 0.5047643780708313 -2.4127705097198486 -0.54425990581512451 -0.44556635618209839 -2.1329128742218018 -0.63826215267181396 -0.6247132420539856 -2.5458452701568604 -0.70844876766204834 -0.48763144016265869 -1.1270028352737427 -0.10968678444623947 -0.63095533847808838 -0.76906007528305054 -0.14451590180397034
401.0683000087738 -0.050753816962242126 -1.1443099975585938 0.051484353840351105 0.55930006504058838 -2.0507340431213379 -0.48675277829170227 0.60678738355636597 -2.3984417915344238 -0.54562366008758545 -0.34592893719673157 -2.1178812980651855 -0.6398618221282959 -0.52552556991577148 -2.5318503379821777 -0.7102246880531311 -0.38809964060783386 -1.1094462871551514 -0.10995963960886002 -0.5317833423614502 -0.75060498714447021 -0.14487618207931519
458.44720001518726 -0.11527222394943237 -1.2095252275466919 0.054888851940631866 0.53224760293960571 -2.091552734375 -0.49700292944908142 0.57263892889022827 -2.4284346103668213 -0.54133898019790649 -0.39151394367218018 -2.1855537891387939 -0.64475244283676147 -0.56195437908172607 -2.5781614780426025 -0.69353020191192627 -0.46605795621871948 -1.2106842994689941 -0.11647899448871613 -0.60106754302978516 -0.79259717464447021 -0.12937016785144806
458.44720001518726 -0.023763550445437431 -1.2944860458374023 0.15874180197715759 0.46139028668403625 -2.102104663848877 -0.38115319609642029 0.50410091876983643 -2.4146392345428467 -0.41820022463798523 -0.39662471413612366 -2.1808037757873535 -0.50036859512329102 -0.54466342926025391 -2.5184686183929443 -0.53926801681518555 -0.45591998100280762 -1.2156080007553101 0.00026850844733417034 -0.55060726404190063 -0.78784441947937012 0.011626169085502625
529.92900002002716 -0.022034976631402969 -1.2550233602523804 0.29224956035614014 0.40663939714431763 -2.0863373279571533 -0.21809646487236023 0.39363974332809448 -2.3777759075164795 -0.23344679176807404 -0.42617148160934448 -2.1614546775817871 -0.30557146668434143 -0.60119098424911499 -2.484140157699585 -0.32289233803749084 -0.46089532971382141 -1.06178879737854 0.058706086128950119 -0.63200992345809937 -0.77853906154632568 -0.023368269205093384
529.92900002002716 -0.072225533425807953 -1.6030042171478271 0.40882688760757446 0.37824246287345886 -2.5238878726959229 -0.16628207266330719 0.39021751284599304 -2.8132088184356689 -0.17033122479915619 -0.55362886190414429 -2.5612647533416748 -0.24516507983207703 -0.71197211742401123 -2.8678581714630127 -0.24297487735748291 -0.56388133764266968 -1.3757718801498413 0.16282369196414948 -0.75910580158233643 -1.0559920072555542 0.064943939447402954
586.61569999158382 -0.030153645202517509 -1.3339205980300903 0.33888512849807739 0.34324672818183899 -2.0972564220428467 -0.13783217966556549 0.35317304730415344 -2.3370790481567383 -0.14118859171867371 -0.4291968047618866 -2.1282384395599365 -0.20321960747241974 -0.56045025587081909 -2.3823788166046143 -0.20140412449836731 -0.43769529461860657 -1.1455639600753784 0.13496902585029602 -0.59952002763748169 -0.8804931640625 0.053834866732358932
586.61569999158382 -0.24216237664222717 -1.4507842063903809 0.45476832985877991 0.28592970967292786 -2.1933913230895996 0.077249638736248016 0.29807242751121521 -2.4223082065582275 0.065156832337379456 -0.49276751279830933 -2.2160270214080811 -0.037613332271575928 -0.65762066841125488 -2.4477498531341553 -0.043916184455156326 -0.53846371173858643 -1.4228787422180176 0.28944242000579834 -0.59492796659469604 -0.99364501237869263 0.26072853803634644
660.2609000056982 -0.13801103830337524 -1.23363196849823 0.36889135837554932 0.28193014860153198 -1.8801338672637939 0.0021949331276118755 0.29540508985519409 -2.0721530914306641 -0.0028159322682768106 -0.39233323931694031 -1.8957536220550537 -0.093829229474067688 -0.52166116237640381 -2.0901107788085938 -0.089751012623310089 -0.39978453516960144 -1.1598888635635376 0.25344854593276978 -0.47640398144721985 -0.84626364707946777 0.21482960879802704
660.2609000056982 -0.18113513290882111 -1.1994476318359375 0.3567141592502594 0.2733534574508667 -1.8851718902587891 0.006496004294604063 0.28800085186958313 -2.1076540946960449 -0.0059827896766364574 -0.42498257756233215 -1.9524296522140503 -0.087343186140060425 -0.56760269403457642 -2.1989448070526123 -0.099361911416053772 -0.44508212804794312 -1.0896787643432617 0.16939848661422729 -0.5552217960357666 -0.85122746229171753 0.11193544417619705
717.29950000345707 -0.12062462419271469 -1.307091236114502 0.43455180525779724 0.35292926430702209 -2.0572052001953125 0.01738755963742733 0.37717175483703613 -2.2904677391052246 0.00872049480676651 -0.4107876718044281 -2.1230778694152832 -0.080913960933685303 -0.55252540111541748 -2.3780934810638428 -0.080648049712181091 -0.42728477716445923 -1.2132714986801147 0.24263244867324829 -0.54799538850784302 -0.97958844900131226 0.18110299110412598
717.29950000345707 -0.11854918301105499 -1.3491307497024536 0.42077124118804932 0.28830844163894653 -1.9959133863449097 0.033787790685892105 0.30457323789596558 -2.2081797122955322 0.033483851701021194 -0.44717130064964294 -2.0059852600097656 -0.063821479678153992 -0.57921409606933594 -2.2320988178253174 -0.069282427430152893 -0.44617468118667603 -1.1688796281814575 0.19044239819049835 -0.54287970066070557 -0.943503737449646 0.12448536604642868
800.31849999725819 -0.14736281335353851 -1.3170894384384155 0.35601109266281128 0.24123404920101166 -1.9026510715484619 -0.013407166115939617 0.23196987807750702 -2.1120858192443848 -0.021551776677370071 -0.39959028363227844 -1.8979495763778687 -0.1253291517496109 -0.53052586317062378 -2.1127738952636719 -0.13899102807044983 -0.4244324266910553 -1.1003425121307373 0.12743745744228363 -0.50574630498886108 -0.87016093730926514 0.078496500849723816
800.31849999725819 -0.15252317488193512 -1.3709248304367065 0.37747061252593994 0.24551430344581604 -2.0601522922515869 -0.0006849546916782856 0.26283511519432068 -2.2707555294036865 -0.0057552768848836422 -0.42520305514335632 -2.095634937286377 -0.12893195450305939 -0.54284632205963135 -2.3444123268127441 -0.14407652616500854 -0.44502314925193787 -1.2158565521240234 0.13509830832481384 -0.5412028431892395 -0.99596315622329712 0.070436999201774597
899.15250000357628 -0.18758006393909454 -1.208446741104126 0.36297702789306641 0.16375218331813812 -1.8280487060546875 0.039937354624271393 0.15463733673095703 -2.0110819339752197 0.04597855731844902 -0.38601773977279663 -1.8496688604354858 -0.090994060039520264 -0.48589971661567688 -2.0535891056060791 -0.096950583159923553 -0.45504307746887207 -1.0275411605834961 0.1230175793170929 -0.5413593053817749 -0.80514317750930786 0.072168454527854919
899.15250000357628 -0.19518077373504639 -1.219559907913208 0.33359566330909729 0.20273196697235107 -1.873055100440979 0.0047712540253996849 0.21664386987686157 -2.0734493732452393 -0.011482316069304943 -0.43600964546203613 -1.9441491365432739 -0.075186826288700104 -0.55596339702606201 -2.1998963356018066 -0.094128362834453583 -0.41383069753646851 -1.0712929964065552 0.13632975518703461 -0.52419215440750122 -0.87205851078033447 0.093896858394145966
960.74319998919964 -0.13596805930137634 -1.1757175922393799 0.33553636074066162 0.1757044643163681 -1.8205019235610962 0.058234859257936478 0.18108280003070831 -2.0064458847045898 0.055922359228134155 -0.40559431910514832 -1.8638312816619873 -0.040617279708385468 -0.52217584848403931 -2.0977153778076172 -0.04805721715092659 -0.39471855759620667 -1.0097423791885376 0.16332295536994934 -0.48262333869934082 -0.8038526177406311 0.11589178442955017
960.74319998919964 -0.1876935213804245 -1.1767661571502686 0.36468815803527832 0.17319528758525848 -1.8684179782867432 0.075789555907249451 0.1799047589302063 -2.0638389587402344 0.07256770133972168 -0.39730796217918396 -1.9274240732192993 -0.046493977308273315 -0.51110929250717163 -2.1636698246002197 -0.054081693291664124 -0.44770979881286621 -1.0341718196868896 0.16005600988864899 -0.53970915079116821 -0.82780015468597412 0.10215833783149719
1035.7128000110388 -0.17694161832332611 -1.2770909070968628 0.34261944890022278 0.17860010266304016 -1.9048376083374023 0.067410767078399658 0.17204679548740387 -2.0878763198852539 0.069186821579933167 -0.36048617959022522 -1.9028674364089966 -0.041436638683080673 -0.45636647939682007 -2.1249086856842041 -0.046685811132192612 -0.40373522043228149 -1.0237308740615845 0.11740727722644806 -0.49686253070831299 -0.84132426977157593 0.06118910014629364
1035.7128000110388 -0.17019116878509521 -1.1265727281570435 0.31953904032707214 0.15062530338764191 -1.7718383073806763 0.0014442747924476862 0.17201611399650574 -1.9701541662216187 -0.016259051859378815 -0.45842340588569641 -1.8369381427764893 -0.07718389481306076 -0.56541353464126587 -2.0933029651641846 -0.10263965278863907 -0.42074713110923767 -0.99852895736694336 0.09842006117105484 -0.53017991781234741 -0.84087377786636353 0.03925091028213501
1092.9598000049591 -0.043912991881370544 -1.1139754056930542 0.37991517782211304 0.21200267970561981 -1.752171516418457 0.073325209319591522 0.22487133741378784 -1.9313474893569946 0.069988027215003967 -0.40735095739364624 -1.7757855653762817 -0.0018527301726862788 -0.51659595966339111 -2.0123305320739746 -0.010383537039160728 -0.32335728406906128 -0.92825335264205933 0.17078855633735657 -0.43000569939613342 -0.76068276166915894 0.10347183793783188
1092.9598000049591 -0.15764760971069336 -1.1554834842681885 0.3988092839717865 0.11099486798048019 -1.8254173994064331 0.076972447335720062 0.12450350821018219 -2.0135035514831543 0.073469310998916626 -0.53915953636169434 -1.8502057790756226 -0.0019441267941147089 -0.65383732318878174 -2.0985143184661865 -0.010899174958467484 -0.45098879933357239 -0.96052539348602295 0.17928269505500793 -0.56294089555740356 -0.78462135791778564 0.10861828178167343
1151.003300011158 -0.16544750332832336 -1.1906791925430298 0.37519484758377075 0.18002158403396606 -1.8879954814910889 0.058125205338001251 0.20062236487865448 -2.0900523662567139 0.053914520889520645 -0.45464140176773071 -1.9081817865371704 -0.049620799720287323 -0.57066398859024048 -2.1569955348968506 -0.058612149208784103 -0.44970172643661499 -1.0189621448516846 0.15880662202835083 -0.54203873872756958 -0.82468658685684204 0.088004641234874725
1151.003300011158 -0.24822616577148438 -1.1631897687911987 0.41632810235023499 0.16296842694282532 -1.8486247062683105 0.139778733253479 0.18417148292064667 -2.0484688282012939 0.13442465662956238 -0.42539942264556885 -1.9019285440444946 0.009315921925008297 -0.54633945226669312 -2.1400785446166992 0.0047319717705249786 -0.50968468189239502 -0.99861758947372437 0.18426242470741272 -0.597625732421875 -0.81848382949829102 0.10402172058820724
1209.3236999958754 -0.30312773585319519 -1.1703256368637085 0.41234531998634338 0.10413108766078949 -1.8491998910903931 0.13844297826290131 0.12513118982315063 -2.0471312999725342 0.13314013183116913 -0.47860518097877502 -1.9019935131072998 0.0092288926243782043 -0.59838771820068359 -2.1378641128540039 0.0046888180077075958 -0.56208372116088867 -1.0073286294937134 0.18250089883804321 -0.64918303489685059 -0.82891899347305298 0.10302821546792984
1209.3236999958754 -0.14823883771896362 -1.1885414123535156 0.42286339402198792 0.27132964134216309 -1.8407275676727295 0.16928647458553314 0.307655930519104 -2.046816349029541 0.15732917189598083 -0.3336273729801178 -1.8566927909851074 0.048557668924331665 -0.46363422274589539 -2.076533317565918 0.031806748360395432 -0.45719751715660095 -1.0094891786575317 0.15880343317985535 -0.55668443441390991 -0.85854768753051758 0.083961479365825653
1281.6717000007629 -0.075217589735984802 -1.0017229318618774 0.36493408679962158 0.23093290627002716 -1.7382602691650391 0.097176901996135712 0.23572547733783722 -1.91022789478302 0.091151781380176544 -0.3090631365776062 -1.8119674921035767 0.0087657924741506577 -0.4041900634765625 -2.0363056659698486 0.0055578621104359627 -0.30277079343795776 -0.95413815975189209 0.18327848613262177 -0.42316043376922607 -0.73600894212722778 0.12352892756462097
1281.6717000007629 -0.17604069411754608 -1.062764048576355 0.3532831072807312 0.16428881883621216 -1.7485278844833374 0.079041756689548492 0.17831671237945557 -1.9302862882614136 0.072237513959407806 -0.38914370536804199 -1.8055702447891235 -0.0047762203030288219 -0.47971269488334656 -2.0271072387695313 -0.0088855018839240074 -0.41736069321632385 -0.93458682298660278 0.18205693364143372 -0.52591043710708618 -0.71738362312316895 0.12209311127662659
1343.6845000088215 -0.17752848565578461 -1.1695542335510254 0.39867651462554932 0.19273439049720764 -1.8770332336425781 0.090065203607082367 0.19831301271915436 -2.0897147655487061 0.087780572474002838 -0.3623424768447876 -1.9658931493759155 -0.037368215620517731 -0.46746325492858887 -2.2182872295379639 -0.035838838666677475 -0.5233655571937561 -1.0186201333999634 0.13816097378730774 -0.65722411870956421 -0.81279534101486206 0.052627522498369217
1343.6845000088215 -0.24307648837566376 -1.2352098226547241 0.4083046019077301 0.13613103330135345 -1.9597797393798828 0.092238061130046844 0.14184440672397614 -2.1775991916656494 0.089898243546485901 -0.43235510587692261 -2.0507862567901611 -0.038273829966783524 -0.54001533985137939 -2.3092777729034424 -0.036707505583763123 -0.59726810455322266 -1.0806294679641724 0.14149570465087891 -0.73436033725738525 -0.86983251571655273 0.053895976394414902
1399.8947000056505 -0.19192928075790405 -1.2207162380218506 0.36503404378890991 0.13318930566310883 -1.8846642971038818 0.096590243279933929 0.11800049990415573 -2.0942974090576172 0.090590924024581909 -0.30253860354423523 -1.9324074983596802 -0.019665176048874855 -0.39073532819747925 -2.1573762893676758 -0.017415618523955345 -0.46836739778518677 -0.97385299205780029 0.14547936618328094 -0.59352982044219971 -0.72633886337280273 0.078338317573070526
1520.0066000074148 -0.10587841272354126 -1.0905320644378662 0.47345837950706482 0.2373066246509552 -1.81070876121521 0.23108436167240143 0.24262067675590515 -2.0118625164031982 0.24867884814739227 -0.31812697649002075 -1.8222799301147461 0.069520764052867889 -0.43382450938224792 -2.0117905139923096 0.083543255925178528 -0.37748512625694275 -0.99015527963638306 0.30442586541175842 -0.48264551162719727 -0.66907435655593872 0.22401385009288788
1520.0066000074148 -0.14136584103107452 -1.1170817613601685 0.32525014877319336 0.18304389715194702 -1.7646642923355103 -0.0081143509596586227 0.18835967779159546 -1.9906747341156006 -0.0089975874871015549 -0.42541727423667908 -1.820438027381897 -0.108143150806427 -0.55167883634567261 -2.068244457244873 -0.10500715672969818 -0.46038556098937988 -0.84248805046081543 0.10526075214147568 -0.58055585622787476 -0.62297737598419189 0.0019630806054919958
1579.7734000086784 -0.10194262862205505 -1.3765370845794678 0.3577616810798645 0.32473757863044739 -2.2461638450622559 -0.12333327531814575 0.30745029449462891 -2.5564413070678711 -0.13116979598999023 -0.4183373749256134 -2.3194963932037354 -0.27030539512634277 -0.5805400013923645 -2.660142183303833 -0.27861452102661133 -0.52392590045928955 -1.0929872989654541 0.055627405643463135 -0.70660901069641113 -0.77815783023834229 -0.05025525763630867
1579.7734000086784 -0.067290574312210083 -1.3437312841415405 0.295970618724823 0.33598434925079346 -2.192157506942749 -0.24781951308250427 0.33164626359939575 -2.521679162979126 -0.26097452640533447 -0.47102072834968567 -2.2475056648254395 -0.36608782410621643 -0.63809472322463989 -2.6276509761810303 -0.38889500498771667 -0.49443098902702332 -1.0813454389572144 0.0074707772582769394 -0.66914695501327515 -0.7736780047416687 -0.087866879999637604
1645.4549000114202 -0.063284419476985931 -1.2160627841949463 0.18783843517303467 0.38407346606254578 -2.1360886096954346 -0.43425300717353821 0.3743501603603363 -2.4893605709075928 -0.46709597110748291 -0.43261969089508057 -2.1778995990753174 -0.53605252504348755 -0.57447057962417603 -2.5886220932006836 -0.57151883840560913 -0.50516420602798462 -1.0823982954025269 -0.1285538375377655 -0.67751568555831909 -0.73603981733322144 -0.18578682839870453
1645.4549000114202 -0.017717856913805008 -1.2065048217773438 0.20145286619663239 0.39272704720497131 -2.1742897033691406 -0.40340489149093628 0.40818789601325989 -2.5476016998291016 -0.45286476612091064 -0.48541912436485291 -2.1757097244262695 -0.53624814748764038 -0.65055501461029053 -2.6073672771453857 -0.59464073181152344 -0.53349012136459351 -1.0671656131744385 -0.11900082230567932 -0.71685594320297241 -0.76013165712356567 -0.19593967497348785
1703.4676000028849 0.037876609712839127 -1.2306501865386963 0.20468160510063171 0.45489040017127991 -2.2139236927032471 -0.40985643863677979 0.47059869766235352 -2.5932102203369141 -0.46010792255401611 -0.43730992078781128 -2.2153666019439697 -0.54482579231262207 -0.60508865118026733 -2.6539325714111328 -0.60415291786193848 -0.48615017533302307 -1.089080810546875 -0.1209007203578949 -0.67245078086853027 -0.77713298797607422 -0.19907093048095703
1703.4676000028849 0.086098343133926392 -1.276761531829834 0.025509152561426163 0.39064207673072815 -2.1350319385528564 -0.53928947448730469 0.35243251919746399 -2.5014324188232422 -0.6004602313041687 -0.51693856716156006 -2.1048493385314941 -0.592723548412323 -0.70843273401260376 -2.5051634311676025 -0.63538902997970581 -0.48469877243041992 -1.0937299728393555 -0.10555355250835419 -0.59881049394607544 -0.76164025068283081 -0.12831120193004608
1769.1900999993086 0.11890748888254166 -1.1307471990585327 -0.025586372241377831 0.4215451180934906 -2.095139741897583 -0.59334206581115723 0.40190872550010681 -2.4534115791320801 -0.65636658668518066 -0.38413450121879578 -2.1101152896881104 -0.68792504072189331 -0.54417330026626587 -2.5189697742462158 -0.74207115173339844 -0.61297208070755005 -1.2302509546279907 -0.26777747273445129 -0.68550121784210205 -0.73793321847915649 -0.23987826704978943
1769.1900999993086 0.15804876387119293 -1.3148424625396729 -0.19238960742950439 0.21912068128585815 -1.9125469923019409 -0.92356163263320923 0.14114962518215179 -2.2806549072265625 -1.040712833404541 -0.57353931665420532 -1.8765275478363037 -1.0114152431488037 -0.73088365793228149 -2.263991117477417 -1.139132022857666 -0.49032443761825562 -0.76303613185882568 -0.47781592607498169 -0.73174619674682617 -0.57125824689865112 -0.48046773672103882
1884.5371000170708 -0.067690499126911163 -0.542461097240448 0.64123594760894775 0.37290644645690918 -1.524507999420166 0.070204116404056549 0.36897841095924377 -1.6929073333740234 0.15336497128009796 -0.51017618179321289 -1.4469168186187744 0.0010576698696240783 -0.57461190223693848 -1.5180389881134033 0.12910990417003632 -0.79831922054290771 -0.42085841298103333 0.38801267743110657 -0.94702482223510742 -0.056285634636878967 0.30500280857086182
1982.7153999954462 -0.30427813529968262 -2.2103438377380371 0.73815178871154785 0.54760056734085083 -3.5890235900878906 -0.12024588137865067 0.54361844062805176 -4.0166277885437012 -0.11929038912057877 -0.84919625520706177 -3.6833882331848145 -0.40730530023574829 -1.1160721778869629 -4.1421289443969727 -0.41401410102844238 -1.1069420576095581 -1.9005738496780396 0.13201905786991119 -1.4019540548324585 -1.3688993453979492 -0.0089879287406802177
1982.7153999954462 -0.19839948415756226 -1.4624536037445068 0.35455498099327087 0.22672921419143677 -2.2311060428619385 -0.1891150027513504 0.21252180635929108 -2.4850184917449951 -0.19824087619781494 -0.60693138837814331 -2.2595319747924805 -0.25674277544021606 -0.76038217544555664 -2.5195791721343994 -0.24927891790866852 -0.61308211088180542 -1.2255361080169678 0.11451399326324463 -0.76283568143844604 -0.89507806301116943 0.050481140613555908
