12.152100011706352 -0.95475292205810547 -1.1204546689987183 0.46230101585388184 -0.78645718097686768 -1.4059414863586426 0.40282648801803589 -1.01703941822052 -1.4580835103988647 0.38878926634788513 -1.0467817783355713 -1.3396924734115601 0.18895626068115234 -1.3194243907928467 -1.3490337133407593 0.17155130207538605 -1.0106668472290039 -1.0928075313568115 0.10335059463977814 -0.94154214859008789 -1.1210168600082397 -0.067446820437908173
12.152100011706352 -0.93670684099197388 -1.1343907117843628 0.46175551414489746 -0.7686125636100769 -1.4195358753204346 0.40235215425491333 -0.99891877174377441 -1.4716155529022217 0.38833174109458923 -1.0286256074905396 -1.3533661365509033 0.18873788416385651 -1.3009419441223145 -1.3626962900161743 0.17135375738143921 -0.99255377054214478 -1.1067767143249512 0.10323468595743179 -0.92351192235946655 -1.1349523067474365 -0.067358300089836121
73.92679999768734 -0.92311620712280273 -1.1179319620132446 0.45505592226982117 -0.7574608325958252 -1.3989399671554565 0.39651447534561157 -0.98442554473876953 -1.4502639770507813 0.3826974630355835 -1.0137014389038086 -1.3337302207946777 0.18599951267242432 -1.2820667028427124 -1.3429250717163086 0.16886760294437408 -0.97815293073654175 -1.0907186269760132 0.10173686593770981 -0.91011273860931396 -1.1184854507446289 -0.066380999982357025
73.92679999768734 -0.83283275365829468 -1.1168323755264282 0.45622283220291138 -0.76172292232513428 -1.3885852098464966 0.37155649065971375 -0.97015845775604248 -1.4193406105041504 0.37295001745223999 -1.0143260955810547 -1.3116005659103394 0.17837448418140411 -1.2822210788726807 -1.2997546195983887 0.18575741350650787 -1.0289148092269897 -1.1061986684799194 0.11796928942203522 -0.96040350198745728 -1.1741150617599487 -0.06474652886390686
140.93810001015663 -0.88389682769775391 -1.1541826725006104 0.44575482606887817 -0.82797443866729736 -1.4086530208587646 0.37025439739227295 -1.0291165113449097 -1.4323318004608154 0.37233996391296387 -1.0629009008407593 -1.3332175016403198 0.17708252370357513 -1.3169524669647217 -1.3231794834136963 0.18117983639240265 -1.0522884130477905 -1.1043736934661865 0.11454832553863525 -0.98707461357116699 -1.1843216419219971 -0.083578161895275116
140.93810001015663 -0.8714982271194458 -1.08014976978302 0.43611356616020203 -0.81678503751754761 -1.3291174173355103 0.36224573850631714 -1.0135776996612549 -1.3522841930389404 0.36428618431091309 -1.0466315746307373 -1.2553130388259888 0.17325089871883392 -1.2951896190643311 -1.2454919815063477 0.17725960910320282 -1.0362485647201538 -1.0314176082611084 0.11206891387701035 -0.97244495153427124 -1.1096369028091431 -0.081773370504379272
209.74040000140667 -0.93955510854721069 -1.1632950305938721 0.49003392457962036 -0.85888838768005371 -1.3912695646286011 0.43134212493896484 -1.0554194450378418 -1.4051271677017212 0.43434253334999084 -1.112958550453186 -1.2990944385528564 0.19636821746826172 -1.3688634634017944 -1.2694329023361206 0.19004426896572113 -1.0535002946853638 -1.0196471214294434 0.11968761682510376 -1.0191901922225952 -1.1483263969421387 -0.09670131653547287
209.74040000140667 -0.93340021371841431 -1.1724461317062378 0.57074892520904541 -0.83828014135360718 -1.4605963230133057 0.48094937205314636 -1.052914023399353 -1.4746180772781372 0.47954621911048889 -1.1083393096923828 -1.3816432952880859 0.25280803442001343 -1.3593403100967407 -1.3689755201339722 0.25862216949462891 -1.0947871208190918 -1.1549783945083618 0.15471482276916504 -1.0549736022949219 -1.2271994352340698 -0.07133851945400238
274.35860000550747 -0.86897569894790649 -1.1334202289581299 0.42003673315048218 -0.85189872980117798 -1.3531851768493652 0.36463171243667603 -1.0803368091583252 -1.3650453090667725 0.33655020594596863 -1.0091308355331421 -1.3058305978775024 0.22037173807621002 -1.275174617767334 -1.2804327011108398 0.17735846340656281 -1.0559370517730713 -1.1071988344192505 0.15414872765541077 -0.97412842512130737 -1.1075950860977173 0.030519822612404823
274.35860000550747 -0.87553280591964722 -1.111778736114502 0.60438704490661621 -0.75192809104919434 -1.3605315685272217 0.62103933095932007 -0.97582793235778809 -1.3816301822662354 0.60905271768569946 -0.90906977653503418 -1.3216150999069214 0.38039290904998779 -1.1595854759216309 -1.2921704053878784 0.34968414902687073 -1.0527262687683105 -1.2292380332946777 0.25224778056144714 -0.97057211399078369 -1.2408910989761353 0.10681342333555222
337.63959999382496 -0.85519450902938843 -1.0698156356811523 0.57885986566543579 -0.73681098222732544 -1.3080607652664185 0.59480869770050049 -0.95125299692153931 -1.3282680511474609 0.58332842588424683 -0.88731479644775391 -1.2707881927490234 0.36432754993438721 -1.1272484064102173 -1.2425872087478638 0.33491593599319458 -1.0249030590057373 -1.1823132038116455 0.24159543216228485 -0.94621920585632324 -1.1934741735458374 0.10230440646409988
337.63959999382496 -0.91422194242477417 -1.1569379568099976 0.35302773118019104 -0.80848437547683716 -1.3857036828994751 0.34538647532463074 -1.0545610189437866 -1.4266335964202881 0.33149504661560059 -0.9250529408454895 -1.3401716947555542 0.17917861044406891 -1.21333909034729 -1.3202112913131714 0.14722961187362671 -1.0689456462860107 -1.2234232425689697 0.12745866179466248 -0.90627068281173706 -1.2261413335800171 0.020316582173109055
399.34149999916553 -0.76509344577789307 -1.1857603788375854 0.45834839344024658 -0.74246418476104736 -1.3241302967071533 0.4539787769317627 -0.98248285055160522 -1.3459744453430176 0.44386205077171326 -0.89145088195800781 -1.2757411003112793 0.27577623724937439 -1.1481515169143677 -1.2430522441864014 0.24813051521778107 -1.0057294368743896 -1.1504033803939819 0.19835999608039856 -0.87631523609161377 -1.1664211750030518 0.051890391856431961
399.34149999916553 -0.76005911827087402 -1.2313456535339355 0.50439625978469849 -0.7639811635017395 -1.3081356287002563 0.49431031942367554 -0.98417454957962036 -1.3110131025314331 0.46900200843811035 -0.82217240333557129 -1.2527302503585815 0.31057235598564148 -1.0301327705383301 -1.2076231241226196 0.26204702258110046 -0.85884612798690796 -1.0412460565567017 0.17205989360809326 -0.71381467580795288 -1.0569891929626465 0.034542098641395569
463.1785000115633 -0.69507735967636108 -1.1028697490692139 0.4712449312210083 -0.698741614818573 -1.1746127605438232 0.46182191371917725 -0.90446329116821289 -1.177301287651062 0.43817690014839172 -0.75310832262039185 -1.1228488683700562 0.29015970230102539 -0.94740092754364014 -1.0807063579559326 0.24482360482215881 -0.78737175464630127 -0.92526412010192871 0.16075068712234497 -0.65187221765518188 -0.93997246026992798 0.032270964235067368
463.1785000115633 -0.72977280616760254 -1.1579204797744751 0.49476757645606995 -0.73361992835998535 -1.2332446575164795 0.4848741888999939 -0.94961041212081909 -1.2360674142837524 0.46004891395568848 -0.79070043563842773 -1.1788969039916992 0.30464330315589905 -0.99469137191772461 -1.1346508264541626 0.25704419612884521 -0.82667416334152222 -0.97144949436187744 0.16877470910549164 -0.68441098928451538 -0.98689210414886475 0.033881798386573792
528.80099999904633 -0.7569507360458374 -1.1567907333374023 0.59161776304244995 -0.73121565580368042 -1.2897826433181763 0.56441223621368408 -0.94039011001586914 -1.3019649982452393 0.54081648588180542 -0.7867438793182373 -1.2691322565078735 0.34547126293182373 -0.99674081802368164 -1.2215567827224731 0.29825550317764282 -0.90225934982299805 -1.0877480506896973 0.1988215297460556 -0.75154131650924683 -1.0902612209320068 0.061857830733060837
528.80099999904633 -0.78616797924041748 -1.1827014684677124 0.60914796590805054 -0.7289121150970459 -1.2588268518447876 0.66722434759140015 -0.88058233261108398 -1.2724149227142334 0.64402371644973755 -0.77772337198257446 -1.2885708808898926 0.48193404078483582 -0.93297308683395386 -1.2499843835830688 0.44957047700881958 -0.91861319541931152 -1.2421478033065796 0.34832775592803955 -0.81513625383377075 -1.3205252885818481 0.21347165107727051
658.82240000367165 -0.61588758230209351 -1.0470720529556274 0.39743334054946899 -0.63118469715118408 -1.2173606157302856 0.39256495237350464 -0.8197665810585022 -1.1996688842773438 0.37964734435081482 -0.71328443288803101 -1.2034667730331421 0.23780658841133118 -0.9113650918006897 -1.1559311151504517 0.21446877717971802 -0.9185110330581665 -1.1115989685058594 0.13507640361785889 -0.82242274284362793 -1.0997081995010376 0.0044067176058888435
742.88580000400543 -0.57269531488418579 -0.74632406234741211 0.28064176440238953 -0.60328000783920288 -0.84722357988357544 0.25744739174842834 -0.78233301639556885 -0.86150574684143066 0.21484760940074921 -0.61626201868057251 -0.87977921962738037 0.11650621145963669 -0.81482744216918945 -0.85057657957077026 0.052623465657234192 -0.77428394556045532 -0.82112902402877808 0.01538864616304636 -0.6397135853767395 -0.80306404829025269 -0.056532677263021469
742.88580000400543 -0.76661908626556396 -1.1061944961547852 0.23212563991546631 -0.87883967161178589 -1.2385728359222412 0.21889670193195343 -1.135130763053894 -1.2617877721786499 0.16715116798877716 -0.84371548891067505 -1.2851840257644653 0.069050803780555725 -1.1179829835891724 -1.2389553785324097 -0.011101377196609974 -1.0059341192245483 -1.1644963026046753 -0.057670224457979202 -0.76233834028244019 -1.1560919284820557 -0.16020877659320831
877.93460001051426 -0.67609977722167969 -0.80628830194473267 0.3351447582244873 -0.69626539945602417 -1.0137736797332764 0.23696638643741608 -0.97128438949584961 -1.0154721736907959 0.21758256852626801 -0.79223805665969849 -1.0387884378433228 0.063557974994182587 -1.0806406736373901 -0.97100329399108887 0.029729802161455154 -1.0783499479293823 -0.97780615091323853 -0.041334047913551331 -0.9377627968788147 -1.0206506252288818 -0.18257614970207214
972.65209999680519 -0.93813884258270264 -1.5552613735198975 0.3474215567111969 -1.0980571508407593 -1.6689891815185547 0.17775483429431915 -1.3136236667633057 -1.64732825756073 0.13654674589633942 -1.1382144689559937 -1.5441700220108032 0.16087113320827484 -1.383797287940979 -1.4572851657867432 0.089863501489162445 -1.0522581338882446 -1.1662803888320923 0.10037465393543243 -0.92825734615325928 -1.2586697340011597 0.027070580050349236
972.65209999680519 -0.54319226741790771 -0.91809374094009399 -0.4795413613319397 -0.81358033418655396 -1.0404126644134521 -0.65916472673416138 -1.050597071647644 -1.0298522710800171 -0.66675770282745361 -0.74570691585540771 -0.95115494728088379 -0.30331447720527649 -0.9259265661239624 -0.91369360685348511 -0.26669192314147949 -0.51811957359313965 -0.58738803863525391 -0.047211389988660812 -0.40913143754005432 -0.58434748649597168 0.039620719850063324
1033.2000000178814 -1.0009646415710449 -0.87877786159515381 -0.1447933167219162 -0.95179265737533569 -0.99115204811096191 -0.10295719653367996 -1.0993291139602661 -1.0058972835540771 -0.10914610326290131 -0.75212931632995605 -0.93253087997436523 -0.030840815976262093 -0.85544043779373169 -0.92248725891113281 -0.071237213909626007 -0.41935554146766663 -0.63344722986221313 0.0069270520471036434 -0.46494695544242859 -0.91011804342269897 0.0067418566904962063
1033.2000000178814 -0.98546081781387329 -0.61670011281967163 -0.15670080482959747 -0.93224352598190308 -0.73831909894943237 -0.11142291873693466 -1.0919175148010254 -0.75427752733230591 -0.11812097579240799 -0.71615409851074219 -0.67487531900405884 -0.0333736352622509 -0.82796448469161987 -0.66400545835494995 -0.07709338515996933 -0.35600358247756958 -0.35118657350540161 0.0075013325549662113 -0.40534573793411255 -0.65061867237091064 0.007300900761038065
1134.3964000046253 -0.66028344631195068 -0.60914748907089233 1.0819073915481567 -0.80137693881988525 -1.1517982482910156 0.91866934299468994 -1.108278751373291 -1.1364303827285767 0.86801445484161377 -1.1412572860717773 -0.73933517932891846 0.45621496438980103 -1.385959267616272 -0.48798444867134094 0.30276575684547424 -1.4157408475875854 -0.28594884276390076 0.079769305884838104 -1.4058495759963989 -1.523021936416626 0.035867463797330856
1214.1984000056982 -1.492093563079834 -3.198544979095459 1.5796303749084473 -1.7712138891220093 -3.6842355728149414 1.4477858543395996 -2.3519423007965088 -3.6819484233856201 1.4061292409896851 -2.3170850276947021 -3.4986333847045898 0.93579369783401489 -2.8933138847351074 -3.3641974925994873 0.85840737819671631 -2.6121325492858887 -2.8916068077087402 0.50890690088272095 -2.4191868305206299 -3.6125702857971191 0.037573713809251785
1214.1984000056982 -0.48860490322113037 -1.0637733936309814 0.45524638891220093 -0.58791685104370117 -1.252030611038208 0.37063482403755188 -0.80660021305084229 -1.2713189125061035 0.35954061150550842 -0.71477949619293213 -1.2379008531570435 0.20597204566001892 -0.92620187997817993 -1.2119591236114502 0.19221405684947968 -0.8792346715927124 -1.1124224662780762 0.085634015500545502 -0.77087283134460449 -1.207420825958252 -0.081568285822868347
1290.296300008893 -0.54073858261108398 -1.128984808921814 0.4859759509563446 -0.64675283432006836 -1.3299471139907837 0.39565420150756836 -0.88019454479217529 -1.3505369424819946 0.38381126523017883 -0.7821771502494812 -1.3148636817932129 0.21987882256507874 -1.0078678131103516 -1.2871711254119873 0.20519234240055084 -0.95773082971572876 -1.1809171438217163 0.091419510543346405 -0.84205597639083862 -1.2823265790939331 -0.087066799402236938
1290.296300008893 -0.56865668296813965 -1.2615300416946411 0.49815025925636292 -0.71509414911270142 -1.3633186817169189 0.38797345757484436 -0.9060516357421875 -1.3164434432983398 0.36670279502868652 -0.84630775451660156 -1.310936450958252 0.23499539494514465 -1.0209912061691284 -1.2161023616790771 0.21172341704368591 -0.99738484621047974 -1.176647424697876 0.12154541909694672 -0.89077019691467285 -1.3225721120834351 -0.060561634600162506
1365.5840000063181 -0.51651376485824585 -1.0361257791519165 0.47879365086555481 -0.60532867908477783 -1.1913423538208008 0.39614024758338928 -0.78434300422668457 -1.1648906469345093 0.39287912845611572 -0.70737099647521973 -1.1929874420166016 0.25914973020553589 -0.8787541389465332 -1.1334834098815918 0.26081198453903198 -0.89878159761428833 -1.0977046489715576 0.16063699126243591 -0.79025650024414063 -1.0924787521362305 0.0032840713392943144
1367.7991999983788 -0.63792711496353149 -1.1766649484634399 0.4561653733253479 -0.67706465721130371 -1.3233988285064697 0.40638816356658936 -0.85214239358901978 -1.2942664623260498 0.40837502479553223 -0.7424323558807373 -1.2977272272109985 0.28398397564888 -0.89531993865966797 -1.2325229644775391 0.29104286432266235 -0.86663359403610229 -1.1620656251907349 0.18619023263454437 -0.7428860068321228 -1.1900659799575806 0.017019202932715416
1650.5087000131607 -0.64908015727996826 -1.6478973627090454 0.42094457149505615 -0.66527187824249268 -1.8113749027252197 0.3605002760887146 -0.87528091669082642 -1.7933605909347534 0.34952741861343384 -0.7634844183921814 -1.8258055448532104 0.20505240559577942 -0.99517911672592163 -1.7672262191772461 0.18438401818275452 -1.0129293203353882 -1.7421797513961792 0.10577763617038727 -0.90215563774108887 -1.7550097703933716 -0.022991474717855453
1735.8276000022888 -0.41083034873008728 -0.5487741231918335 0.17301811277866364 -0.45819965004920959 -0.63284116983413696 0.16994819045066833 -0.59065711498260498 -0.64599603414535522 0.12927410006523132 -0.45474332571029663 -0.66464614868164063 0.067300774157047272 -0.60289716720581055 -0.64048326015472412 0.013114720582962036 -0.55906426906585693 -0.58972948789596558 -0.031358297914266586 -0.4541134238243103 -0.56337368488311768 -0.07810482382774353
1735.8276000022888 -0.75504386425018311 -1.0899666547775269 0.48545172810554504 -0.81991744041442871 -1.28233802318573 0.44040185213088989 -1.0823694467544556 -1.2980577945709229 0.36373922228813171 -0.86326271295547485 -1.3271914720535278 0.23086558282375336 -1.1390292644500732 -1.2705307006835938 0.13254503905773163 -1.0930701494216919 -1.1675176620483398 0.066162422299385071 -0.89727973937988281 -1.1063383817672729 -0.038353163748979568
1807.5152000188828 -0.77945929765701294 -1.0220671892166138 0.41573688387870789 -0.77535635232925415 -1.1590553522109985 0.37555152177810669 -1.0015983581542969 -1.1816089153289795 0.34596839547157288 -0.84636807441711426 -1.1550359725952148 0.18749159574508667 -1.0802114009857178 -1.1231456995010376 0.14792753756046295 -1.0487101078033447 -1.084067702293396 0.085057094693183899 -0.87619680166244507 -1.089134693145752 -0.055558357387781143
1807.5152000188828 -0.71973669528961182 -1.0591341257095337 0.52288186550140381 -0.74014633893966675 -1.2670844793319702 0.47672104835510254 -0.96647012233734131 -1.2780622243881226 0.45964106917381287 -0.89212024211883545 -1.2503679990768433 0.26844698190689087 -1.1363843679428101 -1.1911611557006836 0.23834696412086487 -1.1181588172912598 -1.1512855291366577 0.17775385081768036 -0.98099213838577271 -1.1725975275039673 0.044794544577598572
1917.3634999990463 -0.57515591382980347 -0.98473751544952393 0.3966231644153595 -0.70303022861480713 -1.0760705471038818 0.31367072463035583 -0.93265873193740845 -1.0503958463668823 0.29739892482757568 -0.81368440389633179 -0.89238512516021729 0.24529874324798584 -0.98990434408187866 -0.77261757850646973 0.20394550263881683 -0.90505331754684448 -0.7286188006401062 0.15377716720104218 -0.81201577186584473 -0.88555014133453369 0.053893614560365677
