0.0 -0.20235112309455872 -1.1577399969100952 0.39262723922729492 0.23640097677707672 -2.0938818454742432 -0.005839081946760416 0.23299965262413025 -2.3344464302062988 -0.008250097744166851 -0.48225218057632446 -2.1538171768188477 -0.072282575070858002 -0.62459582090377808 -2.4064164161682129 -0.048010010272264481 -0.54062992334365845 -1.1648517847061157 0.22637121379375458 -0.67477238178253174 -0.8819459080696106 0.16151592135429382
0.0 -0.22345246374607086 -1.1020004749298096 0.37556657195091248 0.1962352991104126 -1.9974656105041504 -0.0055858567357063293 0.19298176467418671 -2.2275774478912354 -0.0078921103850007057 -0.49119144678115845 -2.0547966957092285 -0.069142304360866547 -0.6273500919342041 -2.2964203357696533 -0.04592440277338028 -0.54703259468078613 -1.1088032722473145 0.21653459966182709 -0.67534637451171875 -0.83819001913070679 0.15449735522270203
58.699399992823601 -0.19283942878246307 -1.0744085311889648 0.34656402468681335 0.21188980340957642 -2.0150959491729736 -0.037262674421072006 0.20808500051498413 -2.2493588924407959 -0.042024880647659302 -0.50266337394714355 -2.0564074516296387 -0.086320303380489349 -0.6339423656463623 -2.3035306930541992 -0.070128455758094788 -0.51915627717971802 -1.0714378356933594 0.1729746013879776 -0.65668642520904541 -0.81675142049789429 0.10870129615068436
58.699399992823601 -0.249155193567276 -1.1461805105209351 0.24839402735233307 0.25331714749336243 -1.9926328659057617 -0.1657758355140686 0.25279301404953003 -2.2403974533081055 -0.18916018307209015 -0.41749277710914612 -2.0128517150878906 -0.247915118932724 -0.56766808032989502 -2.2698187828063965 -0.24524848163127899 -0.52144324779510498 -1.1098452806472778 0.15928660333156586 -0.62651073932647705 -0.83168911933898926 0.1138605922460556
113.96850000321865 -0.31366294622421265 -1.2062814235687256 0.2603154182434082 0.21291913092136383 -2.093348503112793 -0.17372725903987885 0.21236984431743622 -2.3530013561248779 -0.19823363423347473 -0.49007773399353027 -2.114537239074707 -0.2598077654838562 -0.64745879173278809 -2.3838343620300293 -0.25701314210891724 -0.59901595115661621 -1.1682028770446777 0.16693240404129028 -0.7091248631477356 -0.87669998407363892 0.11932675540447235
113.96850000321865 -0.29082584381103516 -1.1546032428741455 0.25931689143180847 0.23029351234436035 -2.0740118026733398 -0.1545182466506958 0.23465283215045929 -2.3350603580474854 -0.17918673157691956 -0.46291249990463257 -2.1052877902984619 -0.2513139545917511 -0.61503970623016357 -2.3753292560577393 -0.25349897146224976 -0.60031229257583618 -1.1402816772460938 0.13763278722763062 -0.71196585893630981 -0.84802538156509399 0.079680919647216797
170.13889999687672 -0.31709364056587219 -1.1702920198440552 0.25749841332435608 0.23232755064964294 -2.0848426818847656 -0.15605682134628296 0.23690168559551239 -2.346435546875 -0.17922638356685638 -0.45183929800987244 -2.1437432765960693 -0.24705259501934052 -0.59566569328308105 -2.414278507232666 -0.24707801640033722 -0.64285886287689209 -1.2108310461044312 0.10735457390546799 -0.74905002117156982 -0.87882697582244873 0.06158621609210968
170.13889999687672 -0.30056113004684448 -1.1283680200576782 0.27969607710838318 0.23413054645061493 -2.0605275630950928 -0.14238904416561127 0.24572086334228516 -2.3110446929931641 -0.16432255506515503 -0.47181978821754456 -2.1076605319976807 -0.22103457152843475 -0.61000066995620728 -2.3710999488830566 -0.2217523604631424 -0.59958690404891968 -1.1659063100814819 0.13206799328327179 -0.71687847375869751 -0.86024153232574463 0.086381189525127411
224.36319999396801 -0.29839691519737244 -1.0932426452636719 0.27589163184165955 0.22901886701583862 -2.0127174854278564 -0.14044992625713348 0.24045147001743317 -2.2598257064819336 -0.16208496689796448 -0.46732515096664429 -2.0592095851898193 -0.21802526712417603 -0.60362571477890015 -2.3190639019012451 -0.2187332957983017 -0.59335368871688843 -1.1302700042724609 0.13027240335941315 -0.70904916524887085 -0.82876473665237427 0.085207290947437286
224.36319999396801 -0.24942381680011749 -1.143890380859375 0.27011740207672119 0.23283253610134125 -2.0631270408630371 -0.16612736880779266 0.2398650050163269 -2.3184375762939453 -0.18802453577518463 -0.49119740724563599 -2.089536190032959 -0.2559543251991272 -0.6313241720199585 -2.3522922992706299 -0.25992244482040405 -0.59738785028457642 -1.1254817247390747 0.1095070019364357 -0.71600443124771118 -0.84196776151657104 0.046787500381469727
283.57169999182224 -0.29979628324508667 -1.1115738153457642 0.27910429239273071 0.23804627358913422 -2.0339457988739014 -0.12982997298240662 0.24429900944232941 -2.2836384773254395 -0.15164235234260559 -0.47188130021095276 -2.0776839256286621 -0.21366655826568604 -0.61928659677505493 -2.3336973190307617 -0.21295748651027679 -0.60303288698196411 -1.1259387731552124 0.14598348736763 -0.72870802879333496 -0.81962496042251587 0.09420456737279892
283.57169999182224 -0.29887011647224426 -1.1437780857086182 0.28249898552894592 0.24551306664943695 -2.0773670673370361 -0.13140825927257538 0.25184184312820435 -2.3300960063934326 -0.15348589420318604 -0.47304782271385193 -2.1216371059417725 -0.21626436710357666 -0.62224572896957397 -2.3807635307312012 -0.21554666757583618 -0.60579437017440796 -1.1583175659179688 0.1477593332529068 -0.73299777507781982 -0.84827882051467896 0.0953507199883461
345.19999998807907 -0.25432619452476501 -1.1113743782043457 0.27556753158569336 0.23658128082752228 -2.0541651248931885 -0.16561560332775116 0.23611660301685333 -2.3018417358398438 -0.1863679438829422 -0.47602227330207825 -2.1067812442779541 -0.24845626950263977 -0.62064880132675171 -2.3644030094146729 -0.24943768978118896 -0.57940316200256348 -1.1211059093475342 0.12395177036523819 -0.71861869096755981 -0.85257089138031006 0.068445973098278046
345.19999998807907 -0.28047582507133484 -1.1080809831619263 0.28194159269332886 0.23837755620479584 -2.0349936485290527 -0.13736739754676819 0.24100066721439362 -2.283897876739502 -0.1572662889957428 -0.46842339634895325 -2.0900924205780029 -0.2275053858757019 -0.61296594142913818 -2.3522756099700928 -0.23006324470043182 -0.58284008502960205 -1.112756609916687 0.1413981020450592 -0.72007513046264648 -0.85642820596694946 0.076785393059253693
405.95069998502731 -0.28257927298545837 -1.1033226251602173 0.28144526481628418 0.2353614866733551 -2.0286052227020264 -0.13712617754936218 0.23797997832298279 -2.277071475982666 -0.15699008107185364 -0.47019627690315247 -2.0836067199707031 -0.22710563242435455 -0.61448466777801514 -2.3453285694122314 -0.22965899109840393 -0.58441174030303955 -1.107990026473999 0.14114899933338165 -0.72140538692474365 -0.85211241245269775 0.076649934053421021
405.95069998502731 -0.28788122534751892 -1.0914493799209595 0.33061996102333069 0.25257599353790283 -2.0325486660003662 -0.11693530529737473 0.26300522685050964 -2.2804226875305176 -0.14098519086837769 -0.46341520547866821 -2.1037435531616211 -0.20017440617084503 -0.60772901773452759 -2.3675379753112793 -0.19964985549449921 -0.60870462656021118 -1.182288646697998 0.16399388015270233 -0.71557146310806274 -0.86690390110015869 0.12332555651664734
465.53019998967648 -0.31080204248428345 -1.0783382654190063 0.29153409600257874 0.23880937695503235 -1.9957879781723022 -0.14274288713932037 0.25384736061096191 -2.2417495250701904 -0.1672743558883667 -0.48090854287147522 -2.0504159927368164 -0.21747243404388428 -0.62101840972900391 -2.3114874362945557 -0.22091986238956451 -0.59658175706863403 -1.136934757232666 0.15591627359390259 -0.72434097528457642 -0.87110745906829834 0.10106736421585083
465.53019998967648 -0.27922004461288452 -1.086844801902771 0.32601228356361389 0.23901167511940002 -2.0141932964324951 -0.13366621732711792 0.24974788725376129 -2.2551023960113525 -0.15887653827667236 -0.48607629537582397 -2.0833449363708496 -0.21030774712562561 -0.62544560432434082 -2.3468761444091797 -0.21506103873252869 -0.59398776292800903 -1.1402966976165771 0.14983059465885162 -0.73206359148025513 -0.87074637413024902 0.11362633109092712
522.68669998645782 -0.26715496182441711 -1.0564037561416626 0.3227573037147522 0.24590577185153961 -1.9744992256164551 -0.13233447074890137 0.25653484463691711 -2.2130043506622314 -0.15729323029518127 -0.47194716334342957 -2.0429608821868896 -0.2082112580537796 -0.60992592573165894 -2.3038625717163086 -0.21291711926460266 -0.5787818431854248 -1.1093224287033081 0.14833357930183411 -0.71547996997833252 -0.84246164560317993 0.11249056458473206
522.68669998645782 -0.25271418690681458 -1.0535303354263306 0.3171108067035675 0.2416691929101944 -2.0149757862091064 -0.1289006769657135 0.24813276529312134 -2.2575888633728027 -0.15125541388988495 -0.49112966656684875 -2.0723421573638916 -0.19052742421627045 -0.62028515338897705 -2.3327560424804688 -0.19444000720977783 -0.57927244901657104 -1.1140257120132446 0.14929297566413879 -0.72318506240844727 -0.854053795337677 0.1028212383389473
581.68339997529984 -0.25321117043495178 -1.0296530723571777 0.35145896673202515 0.24303734302520752 -1.9988036155700684 -0.076415359973907471 0.24798503518104553 -2.2388274669647217 -0.095223143696784973 -0.47974473237991333 -2.0819652080535889 -0.14667223393917084 -0.60804587602615356 -2.340717077255249 -0.14662761986255646 -0.57346445322036743 -1.1071940660476685 0.16304241120815277 -0.72658646106719971 -0.83664417266845703 0.1236933097243309
581.68339997529984 -0.25223726034164429 -1.0001620054244995 0.34326016902923584 0.23243546485900879 -1.9467055797576904 -0.074633315205574036 0.23726776242256165 -2.1811306476593018 -0.093002378940582275 -0.47348660230636597 -2.0279273986816406 -0.14325134456157684 -0.59879493713378906 -2.2806429862976074 -0.14320775866508484 -0.56502020359039307 -1.0758942365646362 0.15923874080181122 -0.71457040309906006 -0.81165528297424316 0.12080752104520798
637.1061999797821 -0.27307254076004028 -1.0148093700408936 0.38621628284454346 0.22552013397216797 -1.9702208042144775 -0.0082618976011872292 0.23590655624866486 -2.2035732269287109 -0.020405903458595276 -0.50054246187210083 -2.0440149307250977 -0.080949552357196808 -0.62895166873931885 -2.3004763126373291 -0.077848583459854126 -0.5856781005859375 -1.0759505033493042 0.19660954177379608 -0.73267436027526855 -0.80992937088012695 0.15296287834644318
637.1061999797821 -0.25875315070152283 -1.0163408517837524 0.30835050344467163 0.20864564180374146 -1.8995500802993774 -0.11563961207866669 0.21456335484981537 -2.1323182582855225 -0.13532690703868866 -0.49347341060638428 -1.9438190460205078 -0.20414119958877563 -0.62826454639434814 -2.1852974891662598 -0.20724700391292572 -0.58860379457473755 -1.0408687591552734 0.14397962391376495 -0.72189182043075562 -0.78957062959671021 0.09350990504026413
696.90369999408722 -0.23566733300685883 -1.1145908832550049 0.41961005330085754 0.23404091596603394 -2.0205011367797852 0.03480924665927887 0.24595853686332703 -2.2534127235412598 0.029590167105197906 -0.52818071842193604 -2.087672233581543 -0.042559187859296799 -0.66539961099624634 -2.339043140411377 -0.025687405839562416 -0.56284117698669434 -1.1238821744918823 0.24595156311988831 -0.70353072881698608 -0.83039778470993042 0.18651239573955536
696.90369999408722 -0.19072519242763519 -1.0742205381393433 0.40414565801620483 0.26167148351669312 -1.9467424154281616 0.033527031540870667 0.27314987778663635 -2.171069860458374 0.028500309213995934 -0.47245770692825317 -2.0114378929138184 -0.040989916771650314 -0.60461932420730591 -2.2535443305969238 -0.024739956483244896 -0.5058407187461853 -1.0831692218780518 0.23688749969005585 -0.64134508371353149 -0.80050158500671387 0.17963899672031403
754.64379999041557 -0.24776098132133484 -1.0319341421127319 0.31136864423751831 0.24143107235431671 -1.8975867033004761 -0.085691951215267181 0.24806924164295197 -2.1509025096893311 -0.10431000590324402 -0.44126597046852112 -1.9672144651412964 -0.1621396541595459 -0.58177930116653442 -2.2311749458312988 -0.15784657001495361 -0.53796744346618652 -0.97947728633880615 0.15168994665145874 -0.67339003086090088 -0.73695671558380127 0.076870106160640717
754.64379999041557 -0.1992962509393692 -1.231762170791626 0.37106683850288391 0.25869134068489075 -2.1744174957275391 -0.050716284662485123 0.2573661208152771 -2.4518465995788574 -0.049471478909254074 -0.51519918441772461 -2.2352535724639893 -0.11408621817827225 -0.65915536880493164 -2.5384650230407715 -0.092864163219928741 -0.55479353666305542 -1.0918900966644287 0.19941221177577972 -0.70701891183853149 -0.82699352502822876 0.11291538178920746
807.03049997985363 -0.18913657963275909 -1.2258502244949341 0.35964718461036682 0.25475454330444336 -2.1394915580749512 -0.049153778702020645 0.25347009301185608 -2.408381462097168 -0.047947287559509277 -0.4953162670135498 -2.1984550952911377 -0.11057324707508087 -0.6348416805267334 -2.4923338890075684 -0.090004384517669678 -0.53369200229644775 -1.0902832746505737 0.19327597320079803 -0.68123197555541992 -0.83354008197784424 0.10944143682718277
807.03049997985363 -0.18288366496562958 -1.1175943613052368 0.27016007900238037 0.28477278351783752 -1.9988671541213989 -0.13608981668949127 0.29562222957611084 -2.2811751365661621 -0.14544776082038879 -0.41697126626968384 -2.1013903617858887 -0.23519779741764069 -0.55343222618103027 -2.415996789932251 -0.24330992996692657 -0.52305024862289429 -0.99006754159927368 0.083863042294979095 -0.68233096599578857 -0.76785844564437866 -0.00062021129997447133
867.29919999837875 -0.060849770903587341 -1.0561023950576782 0.067755840718746185 0.36037233471870422 -2.0036120414733887 -0.49599966406822205 0.37870559096336365 -2.3401615619659424 -0.54053801298141479 -0.45554327964782715 -2.0819962024688721 -0.55778706073760986 -0.59105801582336426 -2.4637069702148438 -0.59590554237365723 -0.51538711786270142 -0.99383664131164551 -0.14434444904327393 -0.74072027206420898 -0.763336181640625 -0.19303452968597412
867.29919999837875 -0.09382975846529007 -1.0663185119628906 0.071099258959293365 0.34811559319496155 -2.060443639755249 -0.52039182186126709 0.36735078692436218 -2.413550853729248 -0.56712138652801514 -0.50794136524200439 -2.1426839828491211 -0.58521908521652222 -0.65012311935424805 -2.5431740283966064 -0.6252129077911377 -0.57072943449020386 -1.0009894371032715 -0.15143592655658722 -0.80714845657348633 -0.75914877653121948 -0.20252144336700439
923.55179999768734 0.016205664724111557 -1.0880697965621948 -0.0057073291391134262 0.33980390429496765 -2.0045552253723145 -0.60529333353042603 0.34950491786003113 -2.3641979694366455 -0.66924774646759033 -0.54771637916564941 -2.0314028263092041 -0.68125683069229126 -0.70308256149291992 -2.4246208667755127 -0.74772727489471436 -0.51342391967773438 -1.0217299461364746 -0.19831019639968872 -0.7353479266166687 -0.77532237768173218 -0.2279839962720871
923.55179999768734 0.12902772426605225 -1.0241769552230835 -0.12947148084640503 0.21239031851291656 -1.7354398965835571 -0.66561251878738403 0.18592764437198639 -2.0922322273254395 -0.736045241355896 -0.50404846668243408 -1.7564647197723389 -0.75163066387176514 -0.6203344464302063 -2.1455423831939697 -0.83304589986801147 -0.44314175844192505 -0.77811652421951294 -0.22413308918476105 -0.71534085273742676 -0.66810309886932373 -0.22847108542919159
1007.1374999880791 0.10005855560302734 -1.2244342565536499 -0.4497387707233429 0.28959253430366516 -1.7050272226333618 -1.0995016098022461 0.16366598010063171 -2.0163509845733643 -1.1805093288421631 -0.546855628490448 -1.6383330821990967 -0.97178375720977783 -0.76023077964782715 -1.944615364074707 -0.99919402599334717 -0.50012540817260742 -0.87991130352020264 -0.44729599356651306 -0.68432247638702393 -0.65845364332199097 -0.44498497247695923
1007.1374999880791 -0.016311412677168846 -1.241850733757019 -0.42768949270248413 0.13047598302364349 -1.6482864618301392 -1.1612436771392822 -0.025410676375031471 -1.9921947717666626 -1.2702995538711548 -0.59244728088378906 -1.6698371171951294 -1.1152447462081909 -0.79480880498886108 -1.9862769842147827 -1.1975089311599731 -0.60745704174041748 -0.82489860057830811 -0.58673834800720215 -0.77127492427825928 -0.62050938606262207 -0.57664835453033447
1116.4178999960423 0.029211483895778656 0.072298072278499603 0.90985351800918579 0.371042400598526 -1.0205297470092773 0.3951355516910553 0.34349021315574646 -1.2089482545852661 0.5031205415725708 -0.57740902900695801 -0.68896549940109253 0.48242715001106262 -0.62365901470184326 -0.68066734075546265 0.60683256387710571 -0.70428287982940674 0.12168919295072556 0.67201119661331177 -0.87602251768112183 0.44515699148178101 0.51048219203948975
1202.7143999934196 -0.18686601519584656 -1.665927529335022 0.6258842945098877 0.46198534965515137 -3.1953840255737305 -0.12885847687721252 0.45044496655464172 -3.584470272064209 -0.12581118941307068 -0.57860392332077026 -3.2861945629119873 -0.29599586129188538 -0.7530551552772522 -3.6544060707092285 -0.27390381693840027 -0.86004358530044556 -1.7402989864349365 0.25960788130760193 -1.0821425914764404 -1.3236100673675537 0.17416106164455414
1202.7143999934196 -0.23348759114742279 -1.1366574764251709 0.20825627446174622 0.31011319160461426 -2.0003914833068848 -0.21848151087760925 0.32830929756164551 -2.2887551784515381 -0.2409905344247818 -0.4533236026763916 -2.0412476062774658 -0.31112509965896606 -0.60227906703948975 -2.3442468643188477 -0.32221853733062744 -0.58195012807846069 -1.0016944408416748 0.065304592251777649 -0.71651333570480347 -0.7686195969581604 -0.021174119785428047
1257.3483999967575 -0.17763663828372955 -1.3659735918045044 0.3066956102848053 0.34091430902481079 -2.3848600387573242 -0.16377744078636169 0.34386005997657776 -2.6890044212341309 -0.17698356509208679 -0.47936376929283142 -2.4419903755187988 -0.24363388121128082 -0.6331634521484375 -2.7562038898468018 -0.23633371293544769 -0.54925858974456787 -1.2356486320495605 0.16544689238071442 -0.71040576696395874 -0.94172710180282593 0.083506166934967041
1257.3483999967575 -0.21393077075481415 -1.1415677070617676 0.24778135120868683 0.27359756827354431 -2.0489001274108887 -0.14182411134243011 0.27799078822135925 -2.327608585357666 -0.15286146104335785 -0.39462631940841675 -2.1187992095947266 -0.24015273153781891 -0.51423776149749756 -2.4205725193023682 -0.24983078241348267 -0.5584796667098999 -1.0493654012680054 0.093226760625839233 -0.71156549453735352 -0.81656563282012939 0.0087003186345100403
1319.9330999851227 -0.075419269502162933 -1.2546966075897217 0.24336759746074677 0.43292009830474854 -2.1502134799957275 -0.18299233913421631 0.43131494522094727 -2.4293744564056396 -0.18073374032974243 -0.24062006175518036 -2.212177038192749 -0.23119713366031647 -0.3599039614200592 -2.4866929054260254 -0.19461290538311005 -0.43340098857879639 -1.1668986082077026 0.1294081062078476 -0.58445847034454346 -0.93620109558105469 0.034986231476068497
1319.9330999851227 -0.20447812974452972 -1.3306037187576294 0.2202337384223938 0.33298137784004211 -2.1778116226196289 -0.18571488559246063 0.32468304038047791 -2.4550890922546387 -0.18505385518074036 -0.32623547315597534 -2.2003936767578125 -0.23604728281497955 -0.45874261856079102 -2.4552278518676758 -0.20003509521484375 -0.52820336818695068 -1.1634519100189209 0.14447847008705139 -0.66262876987457275 -0.93236690759658813 0.047190550714731216
1393.4282999932766 -0.15618094801902771 -1.2228895425796509 0.26967012882232666 0.37733128666877747 -2.0713167190551758 -0.15823270380496979 0.3783535361289978 -2.3332986831665039 -0.1680743545293808 -0.30473625659942627 -2.1534004211425781 -0.23495626449584961 -0.41033473610877991 -2.4052739143371582 -0.22058235108852386 -0.52614891529083252 -1.1251137256622314 0.066373772919178009 -0.67656213045120239 -0.86124801635742188 -0.0046609770506620407
1393.4282999932766 -0.20363660156726837 -1.3586844205856323 0.3103354275226593 0.43564033508300781 -2.3040504455566406 -0.10456015169620514 0.46872776746749878 -2.5785715579986572 -0.11538276821374893 -0.29206979274749756 -2.418266773223877 -0.20723696053028107 -0.39491471648216248 -2.7015941143035889 -0.19705529510974884 -0.51920294761657715 -1.2911002635955811 0.11728902161121368 -0.68477851152420044 -1.0074664354324341 0.045088030397891998
1452.5965999811888 -0.17339968681335449 -1.1682690382003784 0.23285125195980072 0.35452160239219666 -1.9936224222183228 -0.1061626523733139 0.38211128115653992 -2.2371854782104492 -0.11664557456970215 -0.25690770149230957 -2.0958638191223145 -0.20816949009895325 -0.35768133401870728 -2.3543906211853027 -0.20448212325572968 -0.45072147250175476 -1.0935012102127075 0.10660687834024429 -0.5932316780090332 -0.85977435111999512 0.046089727431535721
1452.5965999811888 -0.23619918525218964 -1.1682051420211792 0.24786253273487091 0.31344148516654968 -2.0463337898254395 -0.10900413244962692 0.32626000046730042 -2.2899153232574463 -0.1144731268286705 -0.27602171897888184 -2.1415295600891113 -0.21373964846134186 -0.38869127631187439 -2.3999729156494141 -0.20035260915756226 -0.52218538522720337 -1.153348445892334 0.15295171737670898 -0.66704493761062622 -0.89646333456039429 0.096003763377666473
1510.7265999913216 -0.2815386950969696 -1.1543089151382446 0.24322815239429474 0.25783613324165344 -2.0160362720489502 -0.10697318613529205 0.27041524648666382 -2.255068302154541 -0.11234002560377121 -0.32061740756034851 -2.1094541549682617 -0.20975251495838165 -0.43118259310722351 -2.3630704879760742 -0.19661551713943481 -0.5621834397315979 -1.1397296190261841 0.15009000897407532 -0.70433735847473145 -0.887642502784729 0.094205692410469055
1510.7265999913216 -0.21476809680461884 -1.2487267255783081 0.25817105174064636 0.29545733332633972 -2.0024862289428711 -0.10988705605268478 0.30601316690444946 -2.2407643795013428 -0.12004708498716354 -0.27887991070747375 -2.0885820388793945 -0.21724019944667816 -0.38639429211616516 -2.3344383239746094 -0.20369966328144073 -0.51402044296264648 -1.1655887365341187 0.15656833350658417 -0.63010603189468384 -0.92024135589599609 0.10275457054376602
1572.4719000011683 -0.20557975769042969 -1.2608996629714966 0.21979029476642609 0.26293987035751343 -2.0009560585021973 -0.13997064530849457 0.2591613233089447 -2.2401602268218994 -0.15416018664836884 -0.27691119909286499 -2.0574312210083008 -0.2401079386472702 -0.39771312475204468 -2.3000500202178955 -0.22665825486183167 -0.52786755561828613 -1.1840425729751587 0.16127610206604004 -0.63380032777786255 -0.94507670402526855 0.11086032539606094
1572.4719000011683 -0.13752304017543793 -1.3040604591369629 0.32533451914787292 0.27336025238037109 -2.0548090934753418 -0.033668689429759979 0.27956706285476685 -2.2723312377929688 -0.030040096491575241 -0.2529488205909729 -2.1338362693786621 -0.13624469935894012 -0.33214598894119263 -2.3447203636169434 -0.10592338442802429 -0.52327162027359009 -1.1866074800491333 0.17491690814495087 -0.64389526844024658 -0.97431904077529907 0.10646261274814606
1630.0156999975443 -0.19916063547134399 -1.2236154079437256 0.30712315440177917 0.18871968984603882 -1.9323339462280273 -0.031781584024429321 0.19457902014255524 -2.1376783847808838 -0.028356133028864861 -0.30812439322471619 -2.0069370269775391 -0.12861494719982147 -0.38288778066635132 -2.20601487159729 -0.099991157650947571 -0.56331342458724976 -1.1127378940582275 0.16512653231620789 -0.67718398571014404 -0.91233432292938232 0.10050457715988159
1630.0156999975443 -0.23180574178695679 -1.2739461660385132 0.28392708301544189 0.21752198040485382 -1.9523380994796753 -0.014616587199270725 0.22218242287635803 -2.1679704189300537 -0.014048288576304913 -0.32093140482902527 -2.0122156143188477 -0.1271490752696991 -0.42548057436943054 -2.2279202938079834 -0.11068154871463776 -0.5641169548034668 -1.1222615242004395 0.1393517404794693 -0.66884160041809082 -0.92303907871246338 0.066462315618991852
1688.0165999829769 -0.21622303128242493 -1.3105543851852417 0.30603507161140442 0.23832146823406219 -1.9869853258132935 -0.033849332481622696 0.24180944263935089 -2.2046027183532715 -0.04034443199634552 -0.30036446452140808 -2.042400598526001 -0.12925699353218079 -0.40279918909072876 -2.2573015689849854 -0.11571860313415527 -0.55298233032226563 -1.1726388931274414 0.14866875112056732 -0.65284425020217896 -0.96232819557189941 0.087101608514785767
1688.0165999829769 -0.11842385679483414 -1.2448372840881348 0.38791441917419434 0.27978417277336121 -1.9708969593048096 0.044687159359455109 0.28830236196517944 -2.179701566696167 0.040995616465806961 -0.20725274085998535 -2.0463159084320068 -0.064938165247440338 -0.29573699831962585 -2.255119800567627 -0.050435274839401245 -0.515159010887146 -1.1989703178405762 0.1827775239944458 -0.63128149509429932 -0.95738577842712402 0.13096162676811218
1742.2641000002623 -0.15771268308162689 -1.180464506149292 0.38009414076805115 0.2324688583612442 -1.891889214515686 0.043785151094198227 0.24081537127494812 -2.0964853763580322 0.040168017148971558 -0.24475109577178955 -1.9657881259918213 -0.06363050639629364 -0.33145180344581604 -2.1703834533691406 -0.04941994696855545 -0.54645103216171265 -1.1355221271514893 0.17909210920333862 -0.66023290157318115 -0.89880704879760742 0.12832061946392059
1742.2641000002623 -0.15339528024196625 -1.2779868841171265 0.31752768158912659 0.27053245902061462 -1.9870549440383911 -0.090306378901004791 0.29406148195266724 -2.206387996673584 -0.10368349403142929 -0.27846747636795044 -2.0456709861755371 -0.17481698095798492 -0.35488665103912354 -2.2564852237701416 -0.16449448466300964 -0.53482657670974731 -1.1604150533676147 0.11858908832073212 -0.64030134677886963 -0.95252484083175659 0.056596636772155762
1813.9534999877214 -0.090669870376586914 -1.24025559425354 0.35686144232749939 0.36053949594497681 -2.0007340908050537 0.020660987123847008 0.39666444063186646 -2.2394495010375977 0.0096256854012608528 -0.21243661642074585 -2.1258673667907715 -0.10687852650880814 -0.28438889980316162 -2.398411750793457 -0.11110793799161911 -0.44368866086006165 -1.1106698513031006 0.13569751381874084 -0.59967339038848877 -0.87893837690353394 0.077144429087638855
1813.9534999877214 -0.16981223225593567 -1.3340605497360229 0.3266909122467041 0.26403519511222839 -2.0134751796722412 -0.011803030036389828 0.29841819405555725 -2.2464277744293213 -0.025984302163124084 -0.31192311644554138 -2.1370859146118164 -0.13578997552394867 -0.38745275139808655 -2.4075369834899902 -0.1436692476272583 -0.52052384614944458 -1.1479271650314331 0.1218765452504158 -0.6735687255859375 -0.93039435148239136 0.063352704048156738
1867.8597999960184 -0.14894278347492218 -1.2471333742141724 0.31153103709220886 0.26477363705635071 -1.8950222730636597 -0.011256398633122444 0.29756122827529907 -2.1171658039093018 -0.02477964386343956 -0.28445956110954285 -2.0128974914550781 -0.12949022650718689 -0.35648456215858459 -2.2707993984222412 -0.13700388371944427 -0.48338097333908081 -1.0696368217468262 0.11622028797864914 -0.62932443618774414 -0.86219781637191772 0.060412019491195679
1867.8597999960184 -0.14207087457180023 -1.2349311113357544 0.33710342645645142 0.27919751405715942 -1.9709670543670654 -0.010746312327682972 0.30126723647117615 -2.1912209987640381 -0.020519401878118515 -0.27620625495910645 -2.078676700592041 -0.13189266622066498 -0.36367073655128479 -2.3289718627929688 -0.13116678595542908 -0.48610639572143555 -1.1428109407424927 0.16458286345005035 -0.62445700168609619 -0.92699241638183594 0.10720933228731155
1925.6615999937057 -0.18453285098075867 -1.2066872119903564 0.33576288819313049 0.24318601191043854 -1.9447455406188965 -0.00038600782863795757 0.26464384794235229 -2.1538352966308594 -0.011987169273197651 -0.29767113924026489 -2.0472409725189209 -0.11761298030614853 -0.37553536891937256 -2.2866883277893066 -0.1210266575217247 -0.48216766119003296 -1.1186447143554688 0.16274881362915039 -0.62191766500473022 -0.90873384475708008 0.10594251751899719
1925.6615999937057 -0.16534827649593353 -1.1359118223190308 0.32755514979362488 0.25191524624824524 -1.855928897857666 -0.00037677082582376897 0.27284854650497437 -2.0599071979522705 -0.011694349348545074 -0.2757209837436676 -1.9559187889099121 -0.11473819613456726 -0.35168182849884033 -2.1895129680633545 -0.11806843429803848 -0.45570757985115051 -1.0500215291976929 0.15877030789852142 -0.5920414924621582 -0.84524178504943848 0.1033526211977005
1993.191600009799 -0.18374364078044891 -1.1958224773406982 0.31811004877090454 0.2501855194568634 -1.9501465559005737 -0.020372206345200539 0.25833600759506226 -2.1700851917266846 -0.032331962138414383 -0.28197482228279114 -2.0342621803283691 -0.14561706781387329 -0.37507206201553345 -2.2796874046325684 -0.14874383807182312 -0.488209068775177 -1.1156264543533325 0.16266258060932159 -0.61815482378005981 -0.89548802375793457 0.10802124440670013
1993.191600009799 -0.17151537537574768 -1.2403959035873413 0.33329647779464722 0.23610816895961761 -1.9868019819259644 -0.0042925337329506874 0.24528464674949646 -2.2050876617431641 -0.013227377086877823 -0.30021095275878906 -2.0706942081451416 -0.12952068448066711 -0.38237741589546204 -2.3200912475585938 -0.13175536692142487 -0.48861914873123169 -1.1362813711166382 0.15257826447486877 -0.62647551298141479 -0.91574352979660034 0.096937142312526703
