16.89460001885891 0.10935685783624649 -1.3654161691665649 0.34261047840118408 0.33695197105407715 -2.1410822868347168 -0.31582391262054443 0.34123504161834717 -2.4643459320068359 -0.36799842119216919 -0.35527715086936951 -2.0980629920959473 -0.45049312710762024 -0.46412450075149536 -2.4379198551177979 -0.48890233039855957 -0.69896721839904785 -1.5728675127029419 -0.051759038120508194 -0.45188364386558533 -0.80506438016891479 0.10140236467123032
16.89460001885891 0.038022331893444061 -1.2897303104400635 0.30833715200424194 0.3893185555934906 -2.1120495796203613 -0.34132593870162964 0.3951992392539978 -2.4313676357269287 -0.39266419410705566 -0.27890706062316895 -2.0681071281433105 -0.46870273351669312 -0.36488339304924011 -2.3979859352111816 -0.50464093685150146 -0.7269025444984436 -1.6600987911224365 -0.13637448847293854 -0.45448032021522522 -0.83204996585845947 0.038110285997390747
75.56580001115799 0.062812745571136475 -1.2600216865539551 0.33915591239929199 0.45006063580513 -2.0623245239257813 -0.34494954347610474 0.45662236213684082 -2.3811872005462646 -0.400522381067276 -0.20705780386924744 -2.0592594146728516 -0.48724812269210815 -0.29613122344017029 -2.3996481895446777 -0.52333968877792358 -0.68523991107940674 -1.6687790155410767 -0.14257469773292542 -0.46242880821228027 -0.86761379241943359 0.011137559078633785
75.56580001115799 0.050391390919685364 -1.3305940628051758 0.31223613023757935 0.44708871841430664 -2.0772130489349365 -0.35385879874229431 0.45174342393875122 -2.3852176666259766 -0.39689862728118896 -0.12992909550666809 -2.0838937759399414 -0.52896171808242798 -0.19501547515392303 -2.4159619808197021 -0.55363857746124268 -0.70611578226089478 -1.8024812936782837 -0.22694092988967896 -0.4966178834438324 -0.86691731214523315 -0.031155209988355637
135.06810002028942 0.06378994882106781 -1.2969638109207153 0.3135535717010498 0.46215897798538208 -2.0467290878295898 -0.35534834861755371 0.46683332324028015 -2.3560316562652588 -0.39856955409049988 -0.11729042232036591 -2.0534379482269287 -0.53118914365768433 -0.1826511025428772 -2.3869054317474365 -0.55597001314163208 -0.69590520858764648 -1.7708396911621094 -0.22789563238620758 -0.4855245053768158 -0.83133304119110107 -0.031284857541322708
135.06810002028942 0.013424480333924294 -1.2916418313980103 0.3229142427444458 0.49798417091369629 -2.1193876266479492 -0.37329950928688049 0.5278770923614502 -2.4556105136871338 -0.43722915649414063 -0.15795502066612244 -2.1174123287200928 -0.56206703186035156 -0.23205934464931488 -2.4679577350616455 -0.60963296890258789 -0.76164597272872925 -1.9000453948974609 -0.25397425889968872 -0.44714778661727905 -0.79140311479568481 0.018093660473823547
193.40240001678467 0.058608319610357285 -1.3067389726638794 0.346173495054245 0.56943702697753906 -2.1350774765014648 -0.37681481242179871 0.58972769975662231 -2.4626059532165527 -0.42318952083587646 -0.11891055852174759 -2.1218302249908447 -0.53936755657196045 -0.18664957582950592 -2.4620687961578369 -0.56617259979248047 -0.77230805158615112 -1.8218380212783813 -0.21793080866336823 -0.4985852837562561 -0.91458034515380859 -0.024559762328863144
196.28810001909733 0.075691007077693939 -1.2279613018035889 0.33491382002830505 0.56991750001907349 -2.0293786525726318 -0.36457699537277222 0.58954870700836182 -2.3462619781494141 -0.4094444215297699 -0.096058405935764313 -2.0165615081787109 -0.52184665203094482 -0.16159588098526001 -2.3457424640655518 -0.54778045415878296 -0.72822016477584839 -1.726319432258606 -0.21085679531097412 -0.46339347958564758 -0.84854811429977417 -0.02377038449048996
260.25490002334118 0.076562538743019104 -1.2937780618667603 0.27299752831459045 0.51416236162185669 -2.1180462837219238 -0.43075919151306152 0.52304995059967041 -2.4512231349945068 -0.48534083366394043 -0.19258074462413788 -2.1205081939697266 -0.5906904935836792 -0.2886156439781189 -2.4794967174530029 -0.62492620944976807 -0.68970227241516113 -1.6861323118209839 -0.16128572821617126 -0.43155449628829956 -0.84616798162460327 0.010209642350673676
260.25490002334118 0.065292574465274811 -1.2104132175445557 0.23372474312782288 0.51895540952682495 -2.0803923606872559 -0.49381780624389648 0.50434792041778564 -2.4100613594055176 -0.54277509450912476 -0.12373028695583344 -2.0860259532928467 -0.63942927122116089 -0.21570387482643127 -2.4468460083007813 -0.65981674194335938 -0.60359132289886475 -1.6005831956863403 -0.19011017680168152 -0.47825875878334045 -0.88935679197311401 -0.077557183802127838
321.65070001780987 -0.063101328909397125 -1.240939736366272 0.30851536989212036 0.43909433484077454 -2.1288511753082275 -0.33152502775192261 0.41730016469955444 -2.4319436550140381 -0.35429120063781738 -0.081262238323688507 -2.1254677772521973 -0.49836266040802002 -0.14183278381824493 -2.4635124206542969 -0.4978983998298645 -0.68842858076095581 -1.8132081031799316 -0.15009234845638275 -0.55051398277282715 -0.90533596277236938 0.051001075655221939
321.65070001780987 -0.048668161034584045 -1.2469748258590698 0.26727300882339478 0.43116700649261475 -2.1581261157989502 -0.39028733968734741 0.42356747388839722 -2.4826257228851318 -0.42762541770935059 -0.097110077738761902 -2.1505744457244873 -0.56060844659805298 -0.15405832231044769 -2.5049703121185303 -0.58348453044891357 -0.69688117504119873 -1.8915842771530151 -0.24943247437477112 -0.53953105211257935 -0.93436294794082642 -0.033346593379974365
384.26000002026558 -0.10129384696483612 -1.2726284265518188 0.26965445280075073 0.38281261920928955 -2.1918907165527344 -0.39375931024551392 0.37514546513557434 -2.5192787647247314 -0.43142974376678467 -0.15016697347164154 -2.1842718124389648 -0.56559652090072632 -0.20762217044830322 -2.5418221950531006 -0.58867621421813965 -0.75527697801589966 -1.9229758977890015 -0.25165054202079773 -0.59652620553970337 -0.95723384618759155 -0.03364117443561554
384.26000002026558 -0.032461859285831451 -1.291422963142395 0.31536507606506348 0.37428075075149536 -2.1771721839904785 -0.37642627954483032 0.35840988159179688 -2.4925820827484131 -0.41409400105476379 -0.21732184290885925 -2.1661670207977295 -0.53936368227005005 -0.28611046075820923 -2.5101742744445801 -0.55607146024703979 -0.73778057098388672 -1.7672641277313232 -0.15113785862922668 -0.56888312101364136 -0.97691649198532104 -0.0011581262806430459
442.90610001981258 -0.068733550608158112 -1.3046563863754272 0.29061731696128845 0.42365944385528564 -2.1343810558319092 -0.3801419734954834 0.42251357436180115 -2.4439730644226074 -0.4116118848323822 -0.22414261102676392 -2.1134817600250244 -0.49134647846221924 -0.2996579110622406 -2.4433236122131348 -0.48772507905960083 -0.71716845035552979 -1.6831294298171997 -0.050002299249172211 -0.55838495492935181 -0.98159456253051758 0.0919627845287323
442.90610001981258 -0.055576469749212265 -1.191778302192688 0.25528058409690857 0.41365906596183777 -2.0469496250152588 -0.42369085550308228 0.40562686324119568 -2.3481407165527344 -0.46524640917778015 -0.15954409539699554 -2.0376517772674561 -0.56141233444213867 -0.22582726180553436 -2.3664584159851074 -0.58188492059707642 -0.66347920894622803 -1.6693181991577148 -0.17579740285873413 -0.52987158298492432 -0.94418078660964966 -0.041667785495519638
502.45380002260208 -0.077876940369606018 -1.2044059038162231 0.26378804445266724 0.40700036287307739 -2.0880839824676514 -0.43781661987304688 0.39870035648345947 -2.3993151187896729 -0.48075741529464722 -0.18531028926372528 -2.0784759521484375 -0.58012896776199341 -0.25380298495292664 -2.418243408203125 -0.60128402709960938 -0.70604383945465088 -1.697864294052124 -0.18165974318981171 -0.56798243522644043 -0.9485548734664917 -0.043058987706899643
502.45380002260208 -0.12127004563808441 -1.1895267963409424 0.31955346465110779 0.45781624317169189 -2.1413016319274902 -0.3438485860824585 0.46657285094261169 -2.4583897590637207 -0.37979668378829956 -0.17573495209217072 -2.1299111843109131 -0.52155262231826782 -0.24167224764823914 -2.4750354290008545 -0.54050207138061523 -0.72210824489593506 -1.7413928508758545 -0.13973070681095123 -0.56651633977890015 -0.86000698804855347 0.036005038768053055
560.63590002059937 -0.016217192634940147 -1.3234076499938965 0.29138985276222229 0.35461032390594482 -2.118976354598999 -0.39195165038108826 0.33444589376449585 -2.4192943572998047 -0.42450398206710815 -0.16259501874446869 -2.0739552974700928 -0.52720445394515991 -0.20624649524688721 -2.3962037563323975 -0.541412353515625 -0.72562426328659058 -1.7842886447906494 -0.18567653000354767 -0.55615741014480591 -0.99543130397796631 -0.017397547140717506
560.63590002059937 -0.022605322301387787 -1.2691104412078857 0.29126176238059998 0.34805953502655029 -2.0643303394317627 -0.39177998900413513 0.32790395617485046 -2.3645167350769043 -0.42431804537773132 -0.16891893744468689 -2.0193288326263428 -0.52697348594665527 -0.21255128085613251 -2.3414359092712402 -0.54117512702941895 -0.73170119524002075 -1.7297893762588501 -0.18559537827968597 -0.562308669090271 -0.94127792119979858 -0.01739019900560379
635.79010002315044 -0.015861716121435165 -1.2838213443756104 0.18959908187389374 0.40011471509933472 -2.0986239910125732 -0.58242112398147583 0.37797325849533081 -2.4149167537689209 -0.62906616926193237 -0.17154578864574432 -2.0530855655670166 -0.71476989984512329 -0.21496005356311798 -2.399003267288208 -0.74166971445083618 -0.7289508581161499 -1.6873186826705933 -0.31049719452857971 -0.57728725671768188 -0.91802680492401123 -0.16059793531894684
635.79010002315044 -0.021291160956025124 -1.0015395879745483 0.26177036762237549 0.38443061709403992 -1.8340002298355103 -0.50533807277679443 0.32406690716743469 -2.1369607448577881 -0.5163043737411499 -0.34354320168495178 -1.8291002511978149 -0.59736478328704834 -0.49471786618232727 -2.1634864807128906 -0.59408438205718994 -0.48133039474487305 -1.0264409780502319 -0.086673259735107422 -0.48579078912734985 -0.42771720886230469 -0.018849380314350128
707.53670001029968 -0.00078835326712578535 -1.4325096607208252 0.24330072104930878 0.38705331087112427 -2.34670090675354 -0.7860872745513916 0.30006518959999084 -2.6855990886688232 -0.80041658878326416 -0.49675464630126953 -2.3214659690856934 -0.77799594402313232 -0.64744108915328979 -2.7037897109985352 -0.73130834102630615 -0.58504754304885864 -1.388385534286499 -0.12376970797777176 -0.61398822069168091 -0.76075321435928345 -0.058172199875116348
707.53670001029968 0.023258598521351814 -1.0507400035858154 0.12964129447937012 0.40753784775733948 -1.8966629505157471 -0.72555959224700928 0.37002527713775635 -2.2052168846130371 -0.77654576301574707 -0.34935805201530457 -1.8501300811767578 -0.80707246065139771 -0.48666179180145264 -2.1845109462738037 -0.847586989402771 -0.49536490440368652 -1.2175675630569458 -0.22480398416519165 -0.46179687976837158 -0.60687994956970215 -0.10066800564527512
770.44060000777245 0.023681871592998505 -1.0924503803253174 0.134373739361763 0.40970876812934875 -1.8843566179275513 -0.68823766708374023 0.39000502228736877 -2.1956765651702881 -0.74243509769439697 -0.38013699650764465 -1.8677244186401367 -0.78123211860656738 -0.53464823961257935 -2.2074089050292969 -0.83982914686203003 -0.48001998662948608 -1.1630061864852905 -0.20173534750938416 -0.51556479930877686 -0.6848415732383728 -0.14641889929771423
770.44060000777245 0.072306133806705475 -0.93502688407897949 0.0050101587548851967 0.45810791850090027 -1.8371165990829468 -0.80564767122268677 0.44733890891075134 -2.1619312763214111 -0.89210289716720581 -0.33975622057914734 -1.8044462203979492 -0.92208957672119141 -0.48333188891410828 -2.1611990928649902 -1.0105434656143188 -0.51051777601242065 -1.1784679889678955 -0.35545167326927185 -0.47645896673202515 -0.57578533887863159 -0.24953684210777283
836.64590002596378 0.028510600328445435 -0.90831369161605835 0.0048883040435612202 0.40433487296104431 -1.7870737314224243 -0.78480446338653564 0.3938443660736084 -2.1034882068634033 -0.86902374029159546 -0.37289512157440186 -1.7552483081817627 -0.89823496341705322 -0.51275765895843506 -2.1027750968933105 -0.98440122604370117 -0.53924047946929932 -1.1454590559005737 -0.34625133872032166 -0.50606250762939453 -0.55836278200149536 -0.2430756539106369
841.35500001907349 0.10619659721851349 -0.7544710636138916 -0.15126511454582214 0.40771433711051941 -1.7539768218994141 -0.79834830760955811 0.42766547203063965 -2.0809581279754639 -0.90165644884109497 -0.36901476979255676 -1.7559703588485718 -0.99991083145141602 -0.51878505945205688 -2.12957763671875 -1.1364897489547729 -0.39125803112983704 -0.9935309886932373 -0.35417440533638 -0.481639564037323 -0.61570984125137329 -0.2808738648891449
955.94750002026558 -0.098344355821609497 -0.54941147565841675 0.77664279937744141 0.36288741230964661 -1.4303317070007324 0.10772046446800232 0.37076225876808167 -1.6551634073257446 0.12940487265586853 -0.32130524516105652 -1.4263612031936646 -0.025721494108438492 -0.407817542552948 -1.6301548480987549 0.018593644723296165 -0.53066986799240112 -0.53436100482940674 0.49147433042526245 -0.6431502103805542 -0.15179091691970825 0.43208214640617371
1026.5567000210285 -0.30081310868263245 -1.6989014148712158 0.75640416145324707 0.45245814323425293 -2.9422399997711182 -0.20667386054992676 0.43072450160980225 -3.3111569881439209 -0.23309753835201263 -0.58191657066345215 -2.9522337913513184 -0.42303556203842163 -0.76226109266281128 -3.3228051662445068 -0.382557213306427 -0.85452866554260254 -1.5621838569641113 0.33530473709106445 -0.98508912324905396 -0.98548996448516846 0.26705512404441833
1026.5567000210285 -0.26907807588577271 -1.3850748538970947 0.61932933330535889 0.22635351121425629 -2.2939317226409912 -0.030857976526021957 0.21698595583438873 -2.547680139541626 -0.038476157933473587 -0.49628376960754395 -2.304779052734375 -0.16334493458271027 -0.63194739818572998 -2.5549056529998779 -0.12797094881534576 -0.61178302764892578 -1.1954072713851929 0.35915291309356689 -0.74767112731933594 -0.83364969491958618 0.27751275897026062
1087.1220000088215 -0.1750747412443161 -1.1563721895217896 0.52839869260787964 0.33966702222824097 -2.0171535015106201 -0.040547337383031845 0.3525005578994751 -2.2778468132019043 -0.058206569403409958 -0.32351922988891602 -2.0820002555847168 -0.19617475569248199 -0.44327819347381592 -2.3668200969696045 -0.19312287867069244 -0.48643434047698975 -1.0165560245513916 0.25499039888381958 -0.64015638828277588 -0.71078568696975708 0.16315022110939026
1087.1220000088215 -0.25424858927726746 -1.1928097009658813 0.53980123996734619 0.27160480618476868 -2.0721726417541504 -0.041426490992307663 0.28471538424491882 -2.3384935855865479 -0.059466928243637085 -0.40589749813079834 -2.1384191513061523 -0.20041340589523315 -0.52824169397354126 -2.4293873310089111 -0.19729563593864441 -0.57232940196990967 -1.0499753952026367 0.26049098372459412 -0.72936981916427612 -0.73760443925857544 0.16666823625564575
1152.507400020957 -0.20677816867828369 -1.1021101474761963 0.41609123349189758 0.28661903738975525 -2.0208723545074463 -0.19276529550552368 0.29828080534934998 -2.2995960712432861 -0.20870417356491089 -0.36281567811965942 -2.0808689594268799 -0.34938150644302368 -0.47470304369926453 -2.3870797157287598 -0.35682424902915955 -0.54236483573913574 -0.98344939947128296 0.083596862852573395 -0.69596868753433228 -0.69843095541000366 -0.026564277708530426
1152.507400020957 -0.18557833135128021 -1.2028912305831909 0.46302157640457153 0.3156777024269104 -2.0813431739807129 -0.18007193505764008 0.31169271469116211 -2.3588554859161377 -0.17907524108886719 -0.36614567041397095 -2.1358575820922852 -0.36906826496124268 -0.49027985334396362 -2.4309380054473877 -0.35775807499885559 -0.5462878942489624 -1.0497301816940308 0.10933957993984222 -0.69969373941421509 -0.71965187788009644 -0.00045987722114659846
1215.1410000324249 -0.13085435330867767 -1.1168969869613647 0.35252416133880615 0.32678031921386719 -2.00913405418396 -0.27262061834335327 0.31722590327262878 -2.299962043762207 -0.27540874481201172 -0.36034449934959412 -2.0814683437347412 -0.49095809459686279 -0.50938481092453003 -2.3965489864349365 -0.49496814608573914 -0.54356759786605835 -1.0750696659088135 -0.017432371154427528 -0.67002516984939575 -0.69391292333602905 -0.11152247339487076
1215.1410000324249 -0.18675462901592255 -1.0541958808898926 0.33584213256835938 0.24921403825283051 -1.9041913747787476 -0.25970613956451416 0.24011194705963135 -2.1812505722045898 -0.26236230134963989 -0.40537992119789124 -1.9731011390686035 -0.46770673990249634 -0.54736423492431641 -2.2732646465301514 -0.47152695059776306 -0.57992857694625854 -1.0143488645553589 -0.016599379479885101 -0.70039927959442139 -0.6512373685836792 -0.10623493045568466
1274.148600012064 -0.22573667764663696 -1.0645745992660522 0.19475841522216797 0.29552990198135376 -1.8991056680679321 -0.37513670325279236 0.28881332278251648 -2.1809771060943604 -0.37491470575332642 -0.35112091898918152 -1.9287947416305542 -0.51610314846038818 -0.48085489869117737 -2.2197220325469971 -0.49890893697738647 -0.61940896511077881 -1.0440371036529541 -0.080046713352203369 -0.6971094012260437 -0.69460457563400269 -0.14908021688461304
1274.148600012064 -0.048618238419294357 -1.1364002227783203 -0.01047296728938818 0.38875791430473328 -1.9303803443908691 -0.53212082386016846 0.38240432739257813 -2.2112772464752197 -0.53893625736236572 -0.34368062019348145 -1.8912715911865234 -0.58473718166351318 -0.48448321223258972 -2.1583232879638672 -0.56817948818206787 -0.40762293338775635 -1.0366458892822266 -0.09141802042722702 -0.53450286388397217 -0.80381697416305542 -0.18031226098537445
1334.1415000110865 -0.016630334779620171 -1.1407561302185059 -0.019347399473190308 0.36517953872680664 -1.9404653310775757 -0.6492917537689209 0.35918053984642029 -2.2084207534790039 -0.6685672402381897 -0.3622266948223114 -1.8150970935821533 -0.6844407320022583 -0.50489270687103271 -2.0263035297393799 -0.63683724403381348 -0.45703989267349243 -1.0384094715118408 -0.12454547733068466 -0.65760511159896851 -0.86208570003509521 -0.20980583131313324
1334.1415000110865 -0.071961119771003723 -1.1213690042495728 -0.019014893099665642 0.30344864726066589 -1.9076731204986572 -0.63839977979660034 0.29755023121833801 -2.1711368560791016 -0.65735220909118652 -0.41176441311836243 -1.784406304359436 -0.67295956611633301 -0.55203902721405029 -1.9920724630355835 -0.62615406513214111 -0.50498825311660767 -1.020737886428833 -0.122449591755867 -0.70219147205352783 -0.84736979007720947 -0.20628076791763306
1439.7823000252247 0.080450013279914856 -0.88507282733917236 0.79513853788375854 0.56125390529632568 -1.72273850440979 0.26835942268371582 0.56179487705230713 -1.9350521564483643 0.32446762919425964 -0.080827072262763977 -1.7289916276931763 0.085133820772171021 -0.16324424743652344 -1.9092929363250732 0.15407325327396393 -0.26718351244926453 -0.71604925394058228 0.53770339488983154 -0.40684092044830322 -0.40378734469413757 0.43050259351730347
1518.2941000163555 -0.13997362554073334 -1.4772889614105225 0.44822865724563599 0.44623503088951111 -2.4931330680847168 -0.21158295869827271 0.43416669964790344 -2.8152430057525635 -0.23313669860363007 -0.29405879974365234 -2.5387756824493408 -0.51112401485443115 -0.44779831171035767 -2.8604183197021484 -0.5107230544090271 -0.52293479442596436 -1.1702910661697388 0.18362122774124146 -0.69751089811325073 -0.83670681715011597 0.056681472808122635
1518.2941000163555 -0.25023084878921509 -1.2280293703079224 0.34631621837615967 0.24939680099487305 -2.0224049091339111 -0.22362335026264191 0.23121772706508636 -2.2577691078186035 -0.23915109038352966 -0.36801913380622864 -2.0368995666503906 -0.42403024435043335 -0.500862717628479 -2.2596516609191895 -0.41057533025741577 -0.53883081674575806 -1.0480000972747803 0.18071810901165009 -0.66706949472427368 -0.79376488924026489 0.086151398718357086
1585.0940000116825 -0.24208603799343109 -1.2396385669708252 0.44683200120925903 0.20528052747249603 -1.9284278154373169 -0.0097089111804962158 0.20156282186508179 -2.0991501808166504 0.015021485276520252 -0.37346279621124268 -1.9368265867233276 -0.14687685668468475 -0.451945960521698 -2.0902252197265625 -0.099719583988189697 -0.49399879574775696 -0.98909127712249756 0.2137778252363205 -0.63285344839096069 -0.74414259195327759 0.13825292885303497
1585.0940000116825 -0.27082183957099915 -1.1978968381881714 0.44080236554145813 0.1705063134431839 -1.8773889541625977 -0.0095762908458709717 0.16683880984783173 -2.045806884765625 0.014820302836596966 -0.40042531490325928 -1.8856743574142456 -0.14489278197288513 -0.47784909605979919 -2.0370023250579834 -0.098372027277946472 -0.51933437585830688 -0.95073127746582031 0.21089388430118561 -0.65631479024887085 -0.70908880233764648 0.13638840615749359
1666.1967000216246 -0.18598479032516479 -1.1754437685012817 0.30769965052604675 0.2610967755317688 -1.8549039363861084 -0.32520684599876404 0.26936963200569153 -2.0698919296264648 -0.35742628574371338 -0.28943875432014465 -1.8909002542495728 -0.45389682054519653 -0.37023440003395081 -2.0910072326660156 -0.43305686116218567 -0.50991296768188477 -1.0613671541213989 0.075166121125221252 -0.62051385641098022 -0.77455925941467285 0.050499003380537033
1672.740700006485 -0.16396871209144592 -1.0971153974533081 0.48266780376434326 0.35310888290405273 -1.9311579465866089 -0.063880793750286102 0.35037699341773987 -2.1515946388244629 -0.067823685705661774 -0.29516971111297607 -2.0175085067749023 -0.22971838712692261 -0.39732924103736877 -2.2468960285186768 -0.20264020562171936 -0.4566713273525238 -0.9706568717956543 0.19184164702892303 -0.60385727882385254 -0.69614726305007935 0.092325553297996521
1729.7114000320435 -0.18198899924755096 -1.285555362701416 0.37352460622787476 0.30712771415710449 -1.9918199777603149 -0.12876218557357788 0.31687924265861511 -2.2308938503265381 -0.14338894188404083 -0.32721775770187378 -2.0354111194610596 -0.35068520903587341 -0.43854057788848877 -2.2789437770843506 -0.35353094339370728 -0.47819817066192627 -1.0131851434707642 0.095739252865314484 -0.61782199144363403 -0.76337552070617676 -0.011140205897390842
1729.7114000320435 -0.24452625215053558 -1.1463658809661865 0.34631195664405823 0.24904765188694 -1.8903557062149048 -0.1569763720035553 0.23498345911502838 -2.1015841960906982 -0.16877004504203796 -0.36124351620674133 -1.9279352426528931 -0.35379397869110107 -0.49485424160957336 -2.1283557415008545 -0.34541922807693481 -0.56335330009460449 -1.0094757080078125 0.1478806734085083 -0.68462377786636353 -0.78852510452270508 0.069181106984615326
1810.8190000206232 -0.28403821587562561 -1.1877071857452393 0.35400691628456116 0.21137581765651703 -1.9281904697418213 -0.10940668731927872 0.19584783911705017 -2.1402523517608643 -0.12245190888643265 -0.35889512300491333 -1.9768884181976318 -0.32813823223114014 -0.4827708899974823 -2.1851117610931396 -0.32826262712478638 -0.59829723834991455 -1.0381429195404053 0.13821002840995789 -0.72148174047470093 -0.81395989656448364 0.056478947401046753
1810.8190000206232 -0.28272482752799988 -1.0834282636642456 0.45044028759002686 0.28656837344169617 -1.8381549119949341 -0.040424533188343048 0.30933752655982971 -2.0827267169952393 -0.083640597760677338 -0.3045838475227356 -1.9564207792282104 -0.25027757883071899 -0.40870222449302673 -2.2289707660675049 -0.27414625883102417 -0.57987040281295776 -1.0475912094116211 0.13268445432186127 -0.72541415691375732 -0.77432495355606079 0.070960842072963715
1876.7727000266314 -0.36156177520751953 -1.2406973838806152 0.47649866342544556 0.25543412566184998 -2.0195984840393066 0.062672801315784454 0.28382617235183716 -2.267568826675415 0.02729419618844986 -0.34201958775520325 -2.1411571502685547 -0.17713871598243713 -0.45964401960372925 -2.4138031005859375 -0.19353479146957397 -0.64232420921325684 -1.150942325592041 0.23944590985774994 -0.78721266984939575 -0.85224908590316772 0.16485373675823212
1876.7727000266314 -0.34478488564491272 -1.1212949752807617 0.44375687837600708 0.22980824112892151 -1.8466664552688599 0.058371026068925858 0.25624904036521912 -2.0775949954986572 0.025423798710107803 -0.32658571004867554 -1.9598708152770996 -0.16495953500270844 -0.43612650036811829 -2.2137792110443115 -0.18022879958152771 -0.60625207424163818 -1.0377081632614136 0.22299548983573914 -0.74118310213088989 -0.75954252481460571 0.15352964401245117
1959.5086000263691 -0.32253560423851013 -1.1886359453201294 0.50786113739013672 0.23890681564807892 -2.0144624710083008 0.14685046672821045 0.25491106510162354 -2.252392053604126 0.13107936084270477 -0.31098479032516479 -2.128157377243042 -0.096800580620765686 -0.4359457790851593 -2.3836081027984619 -0.10947636514902115 -0.59596198797225952 -1.1406669616699219 0.30548650026321411 -0.74383825063705444 -0.86575603485107422 0.22688393294811249
1959.5086000263691 -0.28095659613609314 -1.1376950740814209 0.37171295285224915 0.22543194890022278 -1.7743231058120728 -0.022917522117495537 0.24242635071277618 -1.9991813898086548 -0.059462711215019226 -0.31183546781539917 -1.8946937322616577 -0.16519090533256531 -0.41008001565933228 -2.1462440490722656 -0.17105919122695923 -0.51929652690887451 -1.0318505764007568 0.17831693589687347 -0.65726208686828613 -0.7993353009223938 0.12960319221019745
