5.5372999906539917 -1.0873993635177612 -0.93257904052734375 0.40931981801986694 -1.0207393169403076 -0.99150776863098145 0.5166553258895874 -1.2544682025909424 -1.0533347129821777 0.44317102432250977 -1.0120481252670288 -1.0841373205184937 0.23625394701957703 -1.2821825742721558 -1.0780839920043945 0.1013430580496788 -1.1562762260437012 -1.1030486822128296 -0.031017309054732323 -0.88765394687652588 -1.1426066160202026 -0.11366114765405655
5.5372999906539917 -1.1815197467803955 -1.0153920650482178 0.40895527601242065 -1.0933338403701782 -1.0599642992019653 0.44372957944869995 -1.3366987705230713 -1.1039552688598633 0.34262141585350037 -1.0744011402130127 -1.1525554656982422 0.12976443767547607 -1.3522622585296631 -1.1171642541885376 -0.033513337373733521 -1.2148606777191162 -1.1600688695907593 -0.12929108738899231 -0.94503819942474365 -1.2316410541534424 -0.19130620360374451
62.369599983096123 -1.1271055936813354 -0.95038902759552002 0.38964745402336121 -1.0430833101272583 -0.99285686016082764 0.42277991771697998 -1.2749578952789307 -1.0347708463668823 0.32644549012184143 -1.0250444412231445 -1.0810765027999878 0.1236383467912674 -1.2897864580154419 -1.0473562479019165 -0.031930416822433472 -1.1588723659515381 -1.0882351398468018 -0.12318612635135651 -0.90178924798965454 -1.1564279794692993 -0.182273268699646
62.369599983096123 -1.101921558380127 -0.95670580863952637 0.49948269128799438 -1.0617672204971313 -1.0124444961547852 0.61423337459564209 -1.2885466814041138 -1.0639010667800903 0.53879958391189575 -1.0583264827728271 -1.1094468832015991 0.31188258528709412 -1.3167898654937744 -1.0922390222549438 0.18102595210075378 -1.2136785984039307 -1.1242702007293701 0.046846907585859299 -0.94132137298583984 -1.1896573305130005 -0.031917605549097061
131.85600000619888 -1.1109834909439087 -0.98446416854858398 0.50064533948898315 -1.0772721767425537 -1.0158638954162598 0.62196558713912964 -1.3224592208862305 -1.0731812715530396 0.52495914697647095 -1.0976709127426147 -1.0927591323852539 0.30053943395614624 -1.3767051696777344 -1.0734854936599731 0.13891039788722992 -1.2809820175170898 -1.0907884836196899 -0.00043062720214948058 -1.0160162448883057 -1.1799390316009521 -0.075155608355998993
131.85600000619888 -0.99608618021011353 -0.7564399242401123 0.44438832998275757 -0.94653743505477905 -0.79171228408813477 0.62135720252990723 -1.1595224142074585 -0.85030347108840942 0.56067442893981934 -0.96912688016891479 -0.88249999284744263 0.35129672288894653 -1.2197072505950928 -0.88097190856933594 0.23042704164981842 -1.1209636926651001 -0.89769923686981201 0.073464758694171906 -0.8900178074836731 -0.93057048320770264 -0.013495234772562981
182.39450000226498 -1.1245068311691284 -0.83790260553359985 0.38101458549499512 -1.136133074760437 -0.90379852056503296 0.50306409597396851 -1.4063427448272705 -0.96393215656280518 0.41154688596725464 -1.1163390874862671 -1.0113242864608765 0.22036074101924896 -1.4136577844619751 -1.00648033618927 0.068129204213619232 -1.2515939474105835 -1.0344104766845703 -0.089066319167613983 -0.95430827140808105 -1.0804965496063232 -0.18143340945243835
182.39450000226498 -1.166620135307312 -0.88661080598831177 0.40078645944595337 -1.1788500547409058 -0.95592725276947021 0.52917128801345825 -1.4630857706069946 -1.0191823244094849 0.43290361762046814 -1.1580283641815186 -1.0690344572067261 0.23179338872432709 -1.4707802534103394 -1.0639389753341675 0.071659833192825317 -1.3003040552139282 -1.0933190584182739 -0.093695387244224548 -0.98758691549301147 -1.1417973041534424 -0.19085706770420074
253.0198999941349 -1.1707556247711182 -0.84900164604187012 0.5907890796661377 -1.1713134050369263 -0.93420827388763428 0.72783243656158447 -1.4332940578460693 -1.0017045736312866 0.63796848058700562 -1.1791398525238037 -1.0791702270507813 0.43259105086326599 -1.4902123212814331 -1.0717735290527344 0.29486116766929626 -1.3662071228027344 -1.1269223690032959 0.097327269613742828 -1.0677551031112671 -1.1866203546524048 -0.013650845736265182
256.22040000557899 -1.0592242479324341 -0.86923009157180786 0.52002620697021484 -1.0348639488220215 -0.96187788248062134 0.6076313853263855 -1.2725799083709717 -1.0040837526321411 0.55320698022842407 -1.1212791204452515 -1.0445288419723511 0.25409561395645142 -1.3990919589996338 -1.0288609266281128 0.12303891032934189 -1.3317697048187256 -1.0363714694976807 -0.020133655518293381 -1.1085141897201538 -1.0558834075927734 -0.10263299942016602
304.29299998283386 -1.180388331413269 -0.81423795223236084 0.35264566540718079 -1.1854003667831421 -0.89381718635559082 0.49682861566543579 -1.4675145149230957 -0.97032719850540161 0.42476654052734375 -1.2009174823760986 -1.002490758895874 0.15997138619422913 -1.5148245096206665 -1.0050842761993408 0.012774938717484474 -1.3553856611251831 -1.0021476745605469 -0.15733245015144348 -1.0487817525863647 -1.0151748657226563 -0.23574689030647278
304.29299998283386 -1.2878525257110596 -0.89203768968582153 0.38771557807922363 -1.2933629751205444 -0.97953158617019653 0.5462382435798645 -1.6035348176956177 -1.0636508464813232 0.46700921654701233 -1.3104233741760254 -1.0990132093429565 0.17587891221046448 -1.6555500030517578 -1.1018646955490112 0.014043032191693783 -1.4802541732788086 -1.0986360311508179 -0.17298236489295959 -1.1431570053100586 -1.1129589080810547 -0.25919550657272339
358.73110000789165 -1.3137358427047729 -0.91272944211959839 0.51786112785339355 -1.2827469110488892 -0.99166655540466309 0.66307264566421509 -1.5800877809524536 -1.0739520788192749 0.57825982570648193 -1.3256897926330566 -1.1059356927871704 0.28383943438529968 -1.6630874872207642 -1.0990277528762817 0.11629233509302139 -1.5173718929290771 -1.1007403135299683 -0.042009662836790085 -1.1913502216339111 -1.1377663612365723 -0.13159714639186859
358.73110000789165 -1.2385648488998413 -0.90647876262664795 0.50582301616668701 -1.2082962989807129 -0.98358100652694702 0.64765918254852295 -1.4987255334854126 -1.0639538764953613 0.56481772661209106 -1.2502409219741821 -1.0951939821243286 0.277241051197052 -1.5797958374023438 -1.0884467363357544 0.11358851939439774 -1.4374673366546631 -1.0901192426681519 -0.041033800691366196 -1.1190240383148193 -1.1262848377227783 -0.12853886187076569
413.06990000605583 -1.2307547330856323 -0.89413571357727051 0.11475136131048203 -1.2690596580505371 -0.95303350687026978 0.15233168005943298 -1.5619387626647949 -1.0257388353347778 0.025856425985693932 -1.2583324909210205 -1.0554744005203247 -0.13868102431297302 -1.5751070976257324 -1.0552935600280762 -0.3320862352848053 -1.3740283250808716 -1.0644367933273315 -0.42356184124946594 -1.0407764911651611 -1.0828409194946289 -0.48857930302619934
413.06990000605583 -1.2976189851760864 -0.96060246229171753 0.12986907362937927 -1.3278423547744751 -0.97825336456298828 0.2410094141960144 -1.6239936351776123 -1.0403473377227783 0.12028167396783829 -1.3114426136016846 -1.0921556949615479 -0.069964900612831116 -1.6284763813018799 -1.0684511661529541 -0.26840469241142273 -1.4196041822433472 -1.0422577857971191 -0.36878308653831482 -1.0889178514480591 -1.0274341106414795 -0.42574381828308105
468.60080000758171 -1.2658402919769287 -1.0085889101028442 0.13117392361164093 -1.2963671684265137 -1.0264171361923218 0.24343062937259674 -1.5954931974411011 -1.0891348123550415 0.12149021774530411 -1.279802680015564 -1.1414633989334106 -0.070667311549186707 -1.6000210046768188 -1.1175209283828735 -0.27110037207603455 -1.3890506029129028 -1.0910643339157104 -0.37248700857162476 -1.0550428628921509 -1.0760918855667114 -0.43001991510391235
468.60080000758171 -1.1752389669418335 -0.90526467561721802 0.15987773239612579 -1.2609199285507202 -0.99216753244400024 0.18782168626785278 -1.5541938543319702 -1.0436067581176758 0.071392841637134552 -1.2747013568878174 -1.0961427688598633 -0.098155669867992401 -1.603148341178894 -1.0760042667388916 -0.28215152025222778 -1.4378374814987183 -1.0751087665557861 -0.37786808609962463 -1.0965478420257568 -1.0832555294036865 -0.45134627819061279
520.00550000369549 -1.07984459400177 -0.87784022092819214 0.4591420590877533 -1.2197144031524658 -0.93905329704284668 0.50262856483459473 -1.4938360452651978 -0.95162326097488403 0.40703368186950684 -1.2897709608078003 -1.0278780460357666 0.14615504443645477 -1.5995147228240967 -0.97412127256393433 -0.028780294582247734 -1.5057363510131836 -0.96305018663406372 -0.14360924065113068 -1.2208037376403809 -1.0117322206497192 -0.23177511990070343
520.00550000369549 -1.1318395137786865 -0.92460209131240845 0.46994325518608093 -1.2750014066696167 -0.98725593090057373 0.5144532322883606 -1.5555745363235474 -1.0001217126846313 0.41660848259925842 -1.346706748008728 -1.0781711339950562 0.14958994090557098 -1.6637405157089233 -1.0231492519378662 -0.029462603852152824 -1.567754864692688 -1.0118175745010376 -0.14699411392211914 -1.2761163711547852 -1.0616452693939209 -0.23723500967025757
574.11550000309944 -1.2347133159637451 -0.79400092363357544 0.22097878158092499 -1.3143563270568848 -0.92185515165328979 0.2588316798210144 -1.6169981956481934 -0.98414820432662964 0.13503123819828033 -1.3234598636627197 -1.0345312356948853 -0.047375153750181198 -1.6570901870727539 -1.0230851173400879 -0.24017812311649323 -1.4777220487594604 -0.97958213090896606 -0.35846623778343201 -1.1621133089065552 -0.961597740650177 -0.42575493454933167
574.11550000309944 -1.2454725503921509 -0.82738178968429565 0.38034820556640625 -1.2942572832107544 -0.99017632007598877 0.44632557034492493 -1.6165035963058472 -1.0456842184066772 0.34083995223045349 -1.3088110685348511 -1.1307518482208252 0.13970467448234558 -1.6771364212036133 -1.1174637079238892 -0.032228153198957443 -1.4899259805679321 -1.1055244207382202 -0.2158198356628418 -1.1712397336959839 -1.0929108858108521 -0.29822012782096863
625.73849999904633 -1.1765505075454712 -0.87584418058395386 0.37206122279167175 -1.2242717742919922 -1.0350898504257202 0.43660035729408264 -1.5394934415817261 -1.0893876552581787 0.333414226770401 -1.2385083436965942 -1.1726008653640747 0.13666358590126038 -1.5988044738769531 -1.1596024036407471 -0.031521197408437729 -1.4156750440597534 -1.147923469543457 -0.2111106812953949 -1.1039359569549561 -1.135584831237793 -0.29171469807624817
625.73849999904633 -1.0103801488876343 -0.83278036117553711 0.36298966407775879 -1.1667088270187378 -0.92323940992355347 0.42662614583969116 -1.4549239873886108 -0.99083322286605835 0.31895002722740173 -1.2167274951934814 -1.0368554592132568 0.1463024914264679 -1.5462557077407837 -1.0525474548339844 -0.024902516975998878 -1.4176936149597168 -1.0165882110595703 -0.18064503371715546 -1.120093822479248 -0.98275643587112427 -0.2472391277551651
688.47609999775887 -1.2193365097045898 -0.69892746210098267 -0.017848892137408257 -1.3387540578842163 -0.85122758150100708 -0.063957683742046356 -1.6529242992401123 -0.91472268104553223 -0.17785455286502838 -1.3246710300445557 -0.93168574571609497 -0.31749448180198669 -1.6577937602996826 -0.94058668613433838 -0.4902394711971283 -1.4437490701675415 -0.90617877244949341 -0.5739283561706543 -1.0967167615890503 -0.88849949836730957 -0.62931233644485474
688.47609999775887 -1.4053207635879517 -0.88968509435653687 0.05388912558555603 -1.4951170682907104 -0.97182160615921021 0.12975697219371796 -1.8315553665161133 -1.0441856384277344 0.0025463933125138283 -1.4651600122451782 -1.098395824432373 -0.14995048940181732 -1.8160630464553833 -1.0828781127929688 -0.33839333057403564 -1.5352251529693604 -0.9788517951965332 -0.48028892278671265 -1.1611489057540894 -0.9337725043296814 -0.52366775274276733
739.44399999082088 -1.3133982419967651 -1.0648419857025146 0.055878486484289169 -1.4065190553665161 -1.1500192880630493 0.13455499708652496 -1.7554124593734741 -1.2250621318817139 0.0026350233238190413 -1.3754527568817139 -1.2812793254852295 -0.15550737082958221 -1.7393465042114258 -1.2651870250701904 -0.35092642903327942 -1.4481120109558105 -1.1573096513748169 -0.49807506799697876 -1.0601872205734253 -1.1105614900588989 -0.5430598258972168
739.44399999082088 -1.1725274324417114 -0.86794960498809814 0.096690259873867035 -1.2459617853164673 -0.98428094387054443 0.068068258464336395 -1.5489712953567505 -1.0230840444564819 -0.041824169456958771 -1.2314404249191284 -1.0810823440551758 -0.18051815032958984 -1.5512133836746216 -1.063412070274353 -0.34997838735580444 -1.3474359512329102 -1.0242079496383667 -0.44760271906852722 -1.0113736391067505 -0.9980272650718689 -0.49607780575752258
792.23710000514984 -1.1647191047668457 -0.90036636590957642 0.09751061350107193 -1.2387789487838745 -1.0176886320114136 0.068644791841506958 -1.5443696975708008 -1.0568222999572754 -0.042183760553598404 -1.2241338491439819 -1.1153147220611572 -0.18205921351909637 -1.546630859375 -1.0974938869476318 -0.35296303033828735 -1.3411176204681396 -1.0579557418823242 -0.45141899585723877 -1.002192497253418 -1.0315520763397217 -0.50030702352523804
792.23710000514984 -1.0363417863845825 -0.87055397033691406 0.078538045287132263 -1.1901481151580811 -0.96706712245941162 0.04014260321855545 -1.470381498336792 -1.0277911424636841 -0.075842306017875671 -1.24522864818573 -1.0562982559204102 -0.21705625951290131 -1.5736581087112427 -1.0685232877731323 -0.38497710227966309 -1.4321199655532837 -1.0125097036361694 -0.4719865620136261 -1.1244940757751465 -0.96612280607223511 -0.5582658052444458
863.25129999220371 -1.0238336324691772 -0.84097647666931152 0.29095295071601868 -1.2194162607192993 -0.99990993738174438 0.23300129175186157 -1.5127605199813843 -1.0679067373275757 0.095755234360694885 -1.3122336864471436 -1.0890523195266724 -0.060217265039682388 -1.6593321561813354 -1.1189146041870117 -0.24875470995903015 -1.5473582744598389 -1.0299708843231201 -0.39060276746749878 -1.2533923387527466 -0.95433920621871948 -0.48946788907051086
863.25129999220371 -1.2013586759567261 -0.83404552936553955 -0.0020744556095451117 -1.3577734231948853 -1.0205814838409424 -0.2144126296043396 -1.6812974214553833 -1.0580064058303833 -0.35085427761077881 -1.3789204359054565 -1.0381482839584351 -0.50709563493728638 -1.7347309589385986 -1.0235657691955566 -0.68198031187057495 -1.5291171073913574 -0.8749280571937561 -0.77411645650863647 -1.1440434455871582 -0.77051979303359985 -0.87061423063278198
923.22970001399517 -1.2458044290542603 -0.78265535831451416 -0.0020570994820445776 -1.401280403137207 -0.96807181835174561 -0.21312092244625092 -1.722862720489502 -1.0052721500396729 -0.34874367713928223 -1.4223004579544067 -0.98553323745727539 -0.50404733419418335 -1.7759758234024048 -0.97103828191757202 -0.67788243293762207 -1.5715956687927246 -0.82329255342483521 -0.76946562528610229 -1.1888332366943359 -0.71951091289520264 -0.86538422107696533
923.22970001399517 -1.2451698780059814 -0.68443900346755981 0.065660372376441956 -1.4733079671859741 -0.94137442111968994 -0.12982237339019775 -1.7764264345169067 -0.96692413091659546 -0.25813630223274231 -1.4680938720703125 -0.89336848258972168 -0.49176669120788574 -1.7910721302032471 -0.85331755876541138 -0.65209561586380005 -1.585746169090271 -0.69801384210586548 -0.77287083864212036 -1.2102638483047485 -0.59843510389328003 -0.90327006578445435
975.69910000264645 -1.3674038648605347 -0.69069850444793701 0.10710000991821289 -1.6107281446456909 -1.0241467952728271 -0.17919190227985382 -1.9246866703033447 -1.0664600133895874 -0.30697882175445557 -1.6083657741546631 -1.0124036073684692 -0.5358576774597168 -1.9436664581298828 -1.0181788206100464 -0.70535480976104736 -1.7840174436569214 -0.81261348724365234 -0.83787298202514648 -1.3831632137298584 -0.56405901908874512 -0.95892012119293213
975.69910000264645 -1.5840283632278442 -0.66350215673446655 0.00093743886100128293 -1.5598899126052856 -1.1637920141220093 -0.24942733347415924 -1.8685646057128906 -1.2163041830062866 -0.36702620983123779 -1.5243674516677856 -1.1045069694519043 -0.5762556791305542 -1.8600237369537354 -1.1157711744308472 -0.7219240665435791 -1.7522615194320679 -0.81498837471008301 -0.88595002889633179 -1.3212090730667114 -0.63186097145080566 -1.0177838802337646
1025.635099992156 -1.5035674571990967 -0.60861033201217651 0.00089385570026934147 -1.4805253744125366 -1.0861747264862061 -0.23809824883937836 -1.7751789093017578 -1.1363015174865723 -0.35035526752471924 -1.4466166496276855 -1.0295826196670532 -0.55008059740066528 -1.7670259475708008 -1.0403352975845337 -0.68913203477859497 -1.664158821105957 -0.75321531295776367 -0.84570729732513428 -1.252686619758606 -0.57840639352798462 -0.97155267000198364
1025.635099992156 -1.5667639970779419 -0.65112394094467163 0.02224426157772541 -1.6043514013290405 -1.1057764291763306 -0.26982754468917847 -1.9065446853637695 -1.1516003608703613 -0.40304714441299438 -1.5526572465896606 -1.0093153715133667 -0.59471875429153442 -1.880837082862854 -1.0037657022476196 -0.76366883516311646 -1.7345397472381592 -0.71896487474441528 -0.88991773128509521 -1.2741124629974365 -0.50660067796707153 -0.98552674055099487
1076.9576999992132 -1.5225898027420044 -0.61526292562484741 0.021782016381621361 -1.5593851804733276 -1.0603325366973877 -0.26413372159004211 -1.8552088737487793 -1.1051907539367676 -0.39454543590545654 -1.5087803602218628 -0.96590477228164673 -0.58217716217041016 -1.8300433158874512 -0.96047204732894897 -0.74756616353988647 -1.6868292093276978 -0.68167406320571899 -0.8711540699005127 -1.2361067533493042 -0.47378584742546082 -0.96474790573120117
1178.9825999885798 -1.7843589782714844 -0.38510510325431824 0.50210356712341309 -1.838642954826355 -0.51364284753799438 0.48168420791625977 -2.1859004497528076 -0.54968142509460449 0.35313808917999268 -1.755254864692688 -0.61238914728164673 0.17749346792697906 -2.099879264831543 -0.53025472164154053 -0.0043424637988209724 -1.9060517549514771 -0.25450199842453003 -0.16790920495986938 -1.5880053043365479 -0.20069222152233124 -0.30986437201499939
1178.9825999885798 -5.6045713424682617 -5.7250404357910156 1.5979806184768677 -5.411409854888916 -6.0813064575195313 1.8187143802642822 -6.7685918807983398 -6.2358899116516113 1.2518303394317627 -5.340083122253418 -6.2944049835205078 0.31510484218597412 -6.7652397155761719 -5.9229707717895508 -0.50355595350265503 -6.0103292465209961 -5.2830471992492676 -1.0089215040206909 -4.8179435729980469 -5.0690813064575195 -1.3007551431655884
1235.1000999957323 -0.96833658218383789 -1.0545401573181152 0.31290557980537415 -0.93051242828369141 -1.1243027448654175 0.3561287522315979 -1.196270227432251 -1.154572606086731 0.24512384831905365 -0.91654562950134277 -1.1660307645797729 0.061698112636804581 -1.1956139802932739 -1.093298077583313 -0.09860866516828537 -1.0477904081344604 -0.9679909348487854 -0.19756728410720825 -0.81430244445800781 -0.92609292268753052 -0.25471293926239014
1235.1000999957323 -1.0218534469604492 -1.038480281829834 0.31889250874519348 -1.0118696689605713 -1.1500449180603027 0.39713361859321594 -1.2799056768417358 -1.2106664180755615 0.27898186445236206 -0.96684938669204712 -1.21918785572052 0.099732942879199982 -1.2663918733596802 -1.1810053586959839 -0.072917506098747253 -1.1016618013381958 -1.0378633737564087 -0.22281923890113831 -0.84874361753463745 -0.99937158823013306 -0.29148972034454346
1287.931799992919 -1.0064523220062256 -1.0096410512924194 0.32065388560295105 -1.0130717754364014 -1.1285983324050903 0.30597549676895142 -1.3026188611984253 -1.168137788772583 0.18662594258785248 -1.0021311044692993 -1.2009680271148682 0.053692467510700226 -1.3078694343566895 -1.1533318758010864 -0.11056903749704361 -1.1709600687026978 -1.0265202522277832 -0.23720066249370575 -0.92965972423553467 -0.95361596345901489 -0.32161539793014526
1287.931799992919 -1.0333801507949829 -1.2263559103012085 0.35509514808654785 -1.0407105684280396 -1.3580901622772217 0.33884018659591675 -1.3613573312759399 -1.4018765687942505 0.20667155086994171 -1.0285947322845459 -1.4382327795028687 0.059459947049617767 -1.3671717643737793 -1.3854802846908569 -0.12244456261396408 -1.215557336807251 -1.2450480461120605 -0.26267746090888977 -0.94833934307098389 -1.1643133163452148 -0.35615900158882141
1344.9134000092745 -1.0174401998519897 -1.0863279104232788 0.31045013666152954 -1.0365036725997925 -1.1935656070709229 0.25344932079315186 -1.3185174465179443 -1.2366297245025635 0.13429322838783264 -1.0278079509735107 -1.2178163528442383 0.0037306405138224363 -1.3061374425888062 -1.1775364875793457 -0.14994083344936371 -1.0864971876144409 -0.96971321105957031 -0.2287604957818985 -0.86155605316162109 -0.88339447975158691 -0.3365938663482666
1344.9134000092745 -1.1145560741424561 -1.0140771865844727 0.20556940138339996 -1.045397162437439 -1.2039282321929932 0.2150467187166214 -1.3517181873321533 -1.2863125801086426 0.10782487690448761 -1.0647097826004028 -1.215863823890686 -0.042439155280590057 -1.3936119079589844 -1.1950701475143433 -0.17749804258346558 -1.122826099395752 -0.87542271614074707 -0.21704156696796417 -0.91893303394317627 -0.77585434913635254 -0.31623390316963196
1416.7854000031948 -1.2287966012954712 -1.1100201606750488 0.084276594221591949 -1.2361185550689697 -1.2158284187316895 0.15777450799942017 -1.5265370607376099 -1.2765480279922485 -0.045961953699588776 -1.110040545463562 -1.2961070537567139 -0.1590123325586319 -1.4176583290100098 -1.2529046535491943 -0.42905023694038391 -0.98106861114501953 -0.96704220771789551 -0.51954668760299683 -0.66899323463439941 -0.92884677648544312 -0.53582996129989624
1416.7854000031948 -1.135898232460022 -0.94759243726730347 0.16213381290435791 -1.1246445178985596 -1.0474914312362671 0.11906076967716217 -1.3763061761856079 -1.11844801902771 -0.059072796255350113 -1.0157967805862427 -1.1167011260986328 -0.20385105907917023 -1.284509539604187 -1.0922647714614868 -0.44434845447540283 -0.87626552581787109 -0.79948675632476807 -0.49234193563461304 -0.60715991258621216 -0.79736965894699097 -0.52073836326599121
1477.7693000137806 -1.2135549783706665 -1.0071886777877808 0.051716241985559464 -1.1698764562606812 -1.1632703542709351 0.069759823381900787 -1.4465346336364746 -1.2688592672348022 -0.14046822488307953 -1.0416043996810913 -1.2443004846572876 -0.3874133825302124 -1.3538485765457153 -1.2137854099273682 -0.69363343715667725 -1.0321369171142578 -0.95728963613510132 -0.7510991096496582 -0.65001142024993896 -0.89995723962783813 -0.70368611812591553
1594.9892999976873 -1.1629598140716553 -1.0236498117446899 0.73816591501235962 -1.1005759239196777 -1.0969382524490356 0.67051523923873901 -1.3573368787765503 -1.1171743869781494 0.58230280876159668 -1.0999869108200073 -0.9206843376159668 0.28388938307762146 -1.3131543397903442 -0.81960707902908325 0.13820411264896393 -1.0843596458435059 -0.5504717230796814 0.038098674267530441 -1.000700831413269 -0.74561500549316406 -0.21026498079299927
1594.9892999976873 -1.425700306892395 -1.6260344982147217 0.57852768898010254 -1.4694666862487793 -1.7795318365097046 0.50558149814605713 -1.8466567993164063 -1.8304545879364014 0.30247795581817627 -1.4098256826400757 -1.8682780265808105 0.13404995203018188 -1.8456796407699585 -1.7944104671478271 -0.14308957755565643 -1.6224695444107056 -1.6160417795181274 -0.30396312475204468 -1.2499257326126099 -1.551606297492981 -0.48030546307563782
1649.4833000004292 -0.80131316184997559 -1.1002802848815918 0.39876580238342285 -0.83148008584976196 -1.2060822248458862 0.3484857976436615 -1.0914679765701294 -1.2411818504333496 0.20849151909351349 -0.79037106037139893 -1.2672528028488159 0.092398278415203094 -1.0907944440841675 -1.2163376808166504 -0.098627157509326935 -0.93694126605987549 -1.0933924913406372 -0.20951332151889801 -0.68015605211257935 -1.0489786863327026 -0.33106169104576111
1649.4833000004292 -0.85505169630050659 -1.01436448097229 0.49561837315559387 -0.81921559572219849 -1.1745737791061401 0.44755342602729797 -1.0551234483718872 -1.2072432041168213 0.33105742931365967 -0.84099835157394409 -1.201961874961853 0.18758635222911835 -1.0843325853347778 -1.1814173460006714 0.046283535659313202 -1.0061498880386353 -1.0235769748687744 -0.12740568816661835 -0.85014438629150391 -0.91189432144165039 -0.25375095009803772
1697.8998000025749 -1.0450305938720703 -1.0935294628143311 0.62834912538528442 -0.91557461023330688 -1.2919150590896606 0.58682835102081299 -1.162581205368042 -1.3417623043060303 0.47201481461524963 -1.0016118288040161 -1.3048646450042725 0.17274440824985504 -1.2649093866348267 -1.2657976150512695 0.015527555719017982 -1.1890410184860229 -1.0443687438964844 -0.063349798321723938 -1.0484491586685181 -1.0039929151535034 -0.21882708370685577
1697.8998000025749 -1.0481599569320679 -1.2329657077789307 0.67110806703567505 -0.90989446640014648 -1.4448515176773071 0.626761794090271 -1.1737098693847656 -1.4980907440185547 0.50413525104522705 -1.0017865896224976 -1.4586821794509888 0.18449954688549042 -1.2830015420913696 -1.4169566631317139 0.016584111377596855 -1.2019703388214111 -1.1804596185684204 -0.067660823464393616 -1.0518110990524292 -1.1373363733291626 -0.23371830582618713
1752.3471999913454 -1.0019445419311523 -1.2059552669525146 0.59812361001968384 -0.92242318391799927 -1.3197518587112427 0.63470309972763062 -1.1369688510894775 -1.3597943782806396 0.53905493021011353 -0.96158826351165771 -1.2709176540374756 0.27689075469970703 -1.1804938316345215 -1.2215418815612793 0.14040817320346832 -1.1116085052490234 -1.0276762247085571 -0.0028274597134441137 -0.95166462659835815 -1.024761438369751 -0.21027089655399323
1752.3471999913454 -0.93140679597854614 -1.1504406929016113 0.57757711410522461 -0.85461831092834473 -1.2603265047073364 0.6128995418548584 -1.0617905855178833 -1.2989928722381592 0.52053844928741455 -0.89243733882904053 -1.2131705284118652 0.26738408207893372 -1.1038198471069336 -1.1654917001724243 0.1355920135974884 -1.0373018980026245 -0.97828859090805054 -0.0027210332918912172 -0.8828548789024353 -0.97547405958175659 -0.20303525030612946
1818.4722000062466 -0.85937440395355225 -1.0021275281906128 0.33706066012382507 -0.93323463201522827 -1.2084413766860962 0.3726445734500885 -1.1339740753173828 -1.2466998100280762 0.26333427429199219 -0.90478348731994629 -1.2175807952880859 0.014127236790955067 -1.1193573474884033 -1.1647533178329468 -0.14250248670578003 -1.0173485279083252 -0.97838085889816284 -0.23213969171047211 -0.83311307430267334 -0.90645724534988403 -0.32753273844718933
1818.4722000062466 -1.2069176435470581 -1.1650757789611816 0.6969074010848999 -1.1079120635986328 -1.2836624383926392 0.65953367948532104 -1.3814859390258789 -1.3330138921737671 0.55935913324356079 -1.0729143619537354 -1.3259607553482056 0.34093567728996277 -1.3585872650146484 -1.2978247404098511 0.19867943227291107 -1.2367168664932251 -1.1819769144058228 -0.013091986067593098 -1.0111340284347534 -1.1399717330932617 -0.22826039791107178
1875.6557999998331 -1.0701990127563477 -1.1343913078308105 0.11571629345417023 -1.0479279756546021 -1.2383561134338379 0.03180372342467308 -1.3412613868713379 -1.2622507810592651 -0.16668732464313507 -0.97951096296310425 -1.2963298559188843 -0.23301354050636292 -1.248552680015564 -1.2605798244476318 -0.42518380284309387 -1.0266633033752441 -1.1210169792175293 -0.53366494178771973 -0.7830960750579834 -1.0365875959396362 -0.67480963468551636
1875.6557999998331 -1.0349462032318115 -1.1178531646728516 0.29181322455406189 -0.99284768104553223 -1.2355273962020874 0.32453182339668274 -1.2350287437438965 -1.2817877531051636 0.18783743679523468 -0.91883116960525513 -1.3063235282897949 -4.7752055252203718e-05 -1.1830825805664063 -1.2671765089035034 -0.20718829333782196 -1.0219831466674805 -1.1116102933883667 -0.33675569295883179 -0.79870122671127319 -1.0493251085281372 -0.44765087962150574
1933.693200007081 -1.0261435508728027 -1.1163033246994019 0.29454362392425537 -0.98365020751953125 -1.2350815534591675 0.32756918668746948 -1.2281031608581543 -1.2817758321762085 0.18959245085716248 -0.90893930196762085 -1.3065418004989624 -5.5347471061395481e-05 -1.1756695508956909 -1.2670276165008545 -0.20913912355899811 -1.0130590200424194 -1.1100019216537476 -0.33992201089859009 -0.78768229484558105 -1.0471324920654297 -0.45185753703117371
1933.693200007081 -0.98074996471405029 -1.1592997312545776 0.61106503009796143 -1.0217849016189575 -1.2064818143844604 0.60844790935516357 -1.2372626066207886 -1.2462407350540161 0.44779977202415466 -0.92490381002426147 -1.2525306940078735 0.22327247262001038 -1.1431872844696045 -1.1963640451431274 -0.013302946463227272 -0.98972952365875244 -1.0252829790115356 -0.13919074833393097 -0.77038615942001343 -1.0298755168914795 -0.26518034934997559
1985.4134000092745 -0.95606929063796997 -1.0546061992645264 0.40309473872184753 -0.96307080984115601 -1.1425353288650513 0.54148948192596436 -1.1928043365478516 -1.1855318546295166 0.38674983382225037 -0.86145353317260742 -1.2165654897689819 0.19727440178394318 -1.1021236181259155 -1.1693086624145508 -0.030107749626040459 -0.97999918460845947 -1.0192393064498901 -0.22076575458049774 -0.77490884065628052 -0.97297483682632446 -0.32632139325141907
1985.4134000092745 -0.99531459808349609 -1.1749973297119141 0.43175038695335388 -1.0028138160705566 -1.2691771984100342 0.5799834132194519 -1.2488788366317749 -1.3152302503585815 0.41424354910850525 -0.89397275447845459 -1.3484699726104736 0.21129859983921051 -1.1517517566680908 -1.2978537082672119 -0.032247815281152725 -1.02094566822052 -1.1371161937713623 -0.23645941913127899 -0.80127573013305664 -1.0875627994537354 -0.34951886534690857
