45.259699985384941 -0.20529292523860931 -1.1469908952713013 0.55519795417785645 0.28880992531776428 -1.9374794960021973 0.18911491334438324 0.30942791700363159 -2.1509861946105957 0.19615623354911804 -0.3991834819316864 -2.0162997245788574 0.036455836147069931 -0.52903181314468384 -2.2514288425445557 0.046226132661104202 -0.49945342540740967 -1.1336833238601685 0.31912440061569214 -0.6223607063293457 -0.83858388662338257 0.24455015361309052
45.259699985384941 -0.16744703054428101 -1.1330949068069458 0.40483257174491882 0.27500024437904358 -1.8709845542907715 0.0025420896708965302 0.28478789329528809 -2.1002297401428223 -0.024052396416664124 -0.33974760770797729 -1.9560725688934326 -0.097256183624267578 -0.46600225567817688 -2.1980748176574707 -0.10270621627569199 -0.5191417932510376 -1.1711597442626953 0.18256819248199463 -0.60808533430099487 -0.86218410730361938 0.13514727354049683
104.82230000197887 -0.22571870684623718 -1.3731710910797119 0.56514275074005127 0.31831935048103333 -2.1783075332641602 0.15039835870265961 0.34319746494293213 -2.4084997177124023 0.14004768431186676 -0.41086208820343018 -2.2678871154785156 0.04342830553650856 -0.5352742075920105 -2.5382332801818848 0.045855376869440079 -0.51794779300689697 -1.3569040298461914 0.33045575022697449 -0.63726562261581421 -1.0467642545700073 0.2658228874206543
104.82230000197887 -0.18565256893634796 -1.0491882562637329 0.46886390447616577 0.26570641994476318 -1.7171666622161865 0.12477287650108337 0.286346435546875 -1.908144474029541 0.11618549376726151 -0.33925598859786987 -1.7914859056472778 0.03602561354637146 -0.44247400760650635 -2.015777587890625 0.038039222359657288 -0.42809924483299255 -1.0356924533843994 0.27415674924850464 -0.52709072828292847 -0.77838629484176636 0.22053436934947968
167.41369999945164 -0.2003442645072937 -1.1729600429534912 0.53531843423843384 0.27625411748886108 -1.9359496831893921 0.19813485443592072 0.29236894845962524 -2.1469173431396484 0.20131877064704895 -0.37958487868309021 -1.9938654899597168 0.096850350499153137 -0.49530798196792603 -2.2304091453552246 0.11315415799617767 -0.4857267439365387 -1.1431496143341064 0.32238325476646423 -0.59055286645889282 -0.84981256723403931 0.25316765904426575
167.41369999945164 -0.18864345550537109 -1.2407610416412354 0.49130731821060181 0.22370423376560211 -1.9326378107070923 0.16002322733402252 0.23345822095870972 -2.132404088973999 0.16513396799564362 -0.38313326239585876 -1.9676722288131714 0.053788948804140091 -0.48646926879882813 -2.1829767227172852 0.070609226822853088 -0.49373161792755127 -1.1422731876373291 0.27774801850318909 -0.58824485540390015 -0.87061834335327148 0.21004307270050049
245.99799999594688 -0.13127632439136505 -1.2316237688064575 0.4697825014591217 0.22068329155445099 -1.8728780746459961 0.097539991140365601 0.22255247831344604 -2.0702245235443115 0.1035773828625679 -0.36598861217498779 -1.9111514091491699 -0.010788084007799625 -0.45674538612365723 -2.1230399608612061 -0.0010689308401197195 -0.45612823963165283 -1.0884779691696167 0.21026661992073059 -0.56068903207778931 -0.8629840612411499 0.14342208206653595
245.99799999594688 -0.13384152948856354 -1.2376711368560791 0.41110730171203613 0.22405438125133514 -1.9393124580383301 0.040763203054666519 0.22329160571098328 -2.1427204608917236 0.026940435171127319 -0.37245935201644897 -1.9689502716064453 -0.056872475892305374 -0.49722585082054138 -2.2044811248779297 -0.064660102128982544 -0.45787209272384644 -1.1516815423965454 0.19907967746257782 -0.53753948211669922 -0.89380329847335815 0.15167759358882904
302.59069998562336 -0.18459616601467133 -1.1901891231536865 0.36962181329727173 0.18832243978977203 -1.8959462642669678 -0.046282075345516205 0.19434776902198792 -2.1022510528564453 -0.061971582472324371 -0.4266287088394165 -1.9136464595794678 -0.14110587537288666 -0.54077291488647461 -2.1454842090606689 -0.15064845979213715 -0.47933527827262878 -1.0894498825073242 0.15039519965648651 -0.54967808723449707 -0.85488080978393555 0.10082342475652695
302.59069998562336 -0.20046569406986237 -1.200055718421936 0.38279372453689575 0.18574067950248718 -1.9309604167938232 -0.047929596155881882 0.19198070466518402 -2.1446158885955811 -0.064178153872489929 -0.45112231373786926 -1.9492913484573364 -0.14613215625286102 -0.56933367252349854 -2.189389705657959 -0.15601475536823273 -0.50570690631866455 -1.0957270860671997 0.15575563907623291 -0.5785561203956604 -0.85279977321624756 0.10441754013299942
363.19539999961853 -0.2023809403181076 -1.3031336069107056 0.36919823288917542 0.15950660407543182 -2.0477406978607178 -0.063122980296611786 0.14338922500610352 -2.2661194801330566 -0.075278647243976593 -0.42449226975440979 -2.0501627922058105 -0.1535528153181076 -0.53439527750015259 -2.2889797687530518 -0.15193250775337219 -0.49815717339515686 -1.1787108182907104 0.17567002773284912 -0.56869244575500488 -0.92228752374649048 0.12970449030399323
363.19539999961853 -0.26824641227722168 -1.2666292190551758 0.4419529139995575 0.14219915866851807 -2.0137505531311035 0.059631627053022385 0.12259779870510101 -2.2270255088806152 0.05608879029750824 -0.41568440198898315 -2.0348641872406006 -0.046742398291826248 -0.52298170328140259 -2.2503111362457275 -0.035787377506494522 -0.57526868581771851 -1.1974234580993652 0.20599851012229919 -0.65623307228088379 -0.93907344341278076 0.1507817804813385
440.55500000715256 -0.25668704509735107 -1.1371619701385498 0.37009093165397644 0.12954872846603394 -1.8139289617538452 0.036800239235162735 0.14344953000545502 -2.022435188293457 0.012381024658679962 -0.41350188851356506 -1.8789525032043457 -0.049356795847415924 -0.5192229151725769 -2.1154186725616455 -0.060132399201393127 -0.54392331838607788 -1.1490381956100464 0.1843574196100235 -0.60969948768615723 -0.86102372407913208 0.1525874137878418
440.55500000715256 -0.23188568651676178 -1.3809837102890015 0.39775323867797852 0.14976264536380768 -2.025357723236084 0.0078962547704577446 0.14121994376182556 -2.2228679656982422 -7.1066315285861492e-05 -0.45816618204116821 -2.0134007930755615 -0.06460031121969223 -0.5716208815574646 -2.2082614898681641 -0.053650263696908951 -0.55966609716415405 -1.2909085750579834 0.17578653991222382 -0.59986412525177002 -1.0385977029800415 0.11463066935539246
498.52149999141693 -0.21525855362415314 -1.1834231615066528 0.36969512701034546 0.13946512341499329 -1.7823374271392822 0.0073419003747403622 0.13152508437633514 -1.9659138917922974 -6.3338899053633213e-05 -0.42557534575462341 -1.7712240219116211 -0.06004016101360321 -0.53102606534957886 -1.9523376226425171 -0.049862615764141083 -0.51991462707519531 -1.0997025966644287 0.16338780522346497 -0.55727678537368774 -0.86519187688827515 0.10654637962579727
498.52149999141693 -0.23204705119132996 -1.3641362190246582 0.41618362069129944 0.10295407474040985 -2.0311636924743652 -0.0035613055806607008 0.071351245045661926 -2.2334988117218018 -0.0081720175221562386 -0.43472889065742493 -2.0120673179626465 -0.07312929630279541 -0.53546470403671265 -2.2084922790527344 -0.056234396994113922 -0.56938427686691284 -1.2803323268890381 0.15939351916313171 -0.60901838541030884 -1.0380932092666626 0.10033855587244034
563.08259999752045 -0.26921799778938293 -1.2628802061080933 0.39859893918037415 0.051628448069095612 -1.9017242193222046 -0.0034106692764908075 0.02136092446744442 -2.0955100059509277 -0.0078265657648444176 -0.46333602070808411 -1.8834344148635864 -0.070039220154285431 -0.55981540679931641 -2.0715599060058594 -0.053858183324337006 -0.59230184555053711 -1.1826173067092896 0.1526588648557663 -0.63026124238967896 -0.95061331987380981 0.096099145710468292
563.08259999752045 -0.24959029257297516 -1.2672260999679565 0.44619262218475342 0.091423444449901581 -2.023043155670166 0.038721594959497452 0.072846896946430206 -2.2305858135223389 0.028871772810816765 -0.46895024180412292 -2.0170812606811523 -0.040935304015874863 -0.56698328256607056 -2.2251837253570557 -0.03425806388258934 -0.56756430864334106 -1.2015229463577271 0.20799241960048676 -0.6213344931602478 -0.97808349132537842 0.14240583777427673
622.70309999585152 -0.27587786316871643 -1.1425954103469849 0.41422069072723389 0.040701087564229965 -1.8442556858062744 0.035946320742368698 0.023455606773495674 -2.0369274616241455 0.026802275329828262 -0.47951996326446533 -1.8387211561203003 -0.038002893328666687 -0.57052862644195557 -2.0319123268127441 -0.031804103404283524 -0.57106798887252808 -1.0816000699996948 0.1930883377790451 -0.62098532915115356 -0.87417078018188477 0.13220125436782837
622.70309999585152 -0.28358018398284912 -1.2481348514556885 0.48301512002944946 0.016912706196308136 -1.975428581237793 0.085630819201469421 -0.024031581357121468 -2.1467039585113525 0.086473450064659119 -0.49477016925811768 -1.9382849931716919 0.030015470460057259 -0.58243864774703979 -2.1110448837280273 0.053458839654922485 -0.56428223848342896 -1.1621837615966797 0.26147142052650452 -0.59830570220947266 -0.9176170825958252 0.20487377047538757
699.1710000038147 -0.20696531236171722 -1.3117773532867432 0.39242669939994812 0.15237592160701752 -1.9768104553222656 0.11392418295145035 0.14894415438175201 -2.1523728370666504 0.11877255886793137 -0.40266901254653931 -1.9372637271881104 0.055198881775140762 -0.50335443019866943 -2.1148645877838135 0.071156561374664307 -0.43442794680595398 -1.1625058650970459 0.24929103255271912 -0.47900530695915222 -0.93173611164093018 0.19853945076465607
699.1710000038147 -0.22664792835712433 -1.1076337099075317 0.31162247061729431 0.17000927031040192 -1.6416544914245605 0.052340567111968994 0.16562767326831818 -1.8048112392425537 0.052454493939876556 -0.34800237417221069 -1.6265099048614502 -0.011326654814183712 -0.45353782176971436 -1.7962905168533325 0.0026435258332639933 -0.42349225282669067 -0.96935713291168213 0.18745112419128418 -0.4795798659324646 -0.78537511825561523 0.150661900639534
772.88189998269081 -0.11983754485845566 -1.1827133893966675 0.39686024188995361 0.22445048391819 -1.8400126695632935 0.09181184321641922 0.25153428316116333 -2.022407054901123 0.089393213391304016 -0.39175418019294739 -1.8792142868041992 0.02409614622592926 -0.48514971137046814 -2.108046293258667 0.019996833056211472 -0.37241992354393005 -1.0310293436050415 0.19519713521003723 -0.46131780743598938 -0.81739312410354614 0.1414484828710556
772.88189998269081 -0.17619611322879791 -1.0744409561157227 0.3900122344493866 0.21826654672622681 -1.7217508554458618 0.12961028516292572 0.23916392028331757 -1.9030057191848755 0.12973839044570923 -0.34767264127731323 -1.7490839958190918 0.041682358831167221 -0.44740727543830872 -1.9570275545120239 0.041219234466552734 -0.40386492013931274 -0.94089013338088989 0.21269449591636658 -0.47249308228492737 -0.71757817268371582 0.15979531407356262
835.38549999892712 -0.26730835437774658 -1.1143666505813599 0.41355356574058533 0.1509643942117691 -1.8007487058639526 0.13743355870246887 0.17312316596508026 -1.9929442405700684 0.13756939768791199 -0.44913533329963684 -1.8297319412231445 0.044198226183652878 -0.55489003658294678 -2.0502269268035889 0.043707143515348434 -0.50871944427490234 -0.97275459766387939 0.22553281486034393 -0.58149003982543945 -0.73596334457397461 0.16944058239459991
835.38549999892712 -0.24450893700122833 -1.2184760570526123 0.39476379752159119 0.30177780985832214 -1.8477605581283569 0.084127247333526611 0.32598969340324402 -2.0394892692565918 0.071499325335025787 -0.33025377988815308 -1.9112167358398438 -0.017621221020817757 -0.45450675487518311 -2.1481201648712158 -0.020896567031741142 -0.44930973649024963 -1.1374670267105103 0.1965581476688385 -0.53790807723999023 -0.91333103179931641 0.14742983877658844
908.95440000295639 -0.046503428369760513 -1.0920997858047485 0.3463074266910553 0.29155659675598145 -1.8032468557357788 -0.032532647252082825 0.33288860321044922 -2.0047130584716797 -0.054684657603502274 -0.3428896963596344 -1.894896388053894 -0.10276412963867188 -0.42905557155609131 -2.1494626998901367 -0.1240871250629425 -0.35517090559005737 -1.0351537466049194 0.12893825769424438 -0.48345446586608887 -0.85033786296844482 0.082469694316387177
908.95440000295639 0.019923968240618706 -1.1148591041564941 0.37927871942520142 0.30168256163597107 -1.8043117523193359 -0.054721228778362274 0.33490976691246033 -2.0156152248382568 -0.079340271651744843 -0.34643441438674927 -1.830237865447998 -0.12447834014892578 -0.43650060892105103 -2.0812888145446777 -0.1518770307302475 -0.3493487536907196 -0.95243954658508301 0.12100135535001755 -0.45334187150001526 -0.75011634826660156 0.063368968665599823
970.96529999375343 -0.1127593144774437 -1.20749831199646 0.41938495635986328 0.19879105687141418 -1.9698504209518433 -0.060504019260406494 0.23553155362606049 -2.2034962177276611 -0.087726160883903503 -0.51785463094711304 -1.9985178709030151 -0.13763691484928131 -0.61744403839111328 -2.276113748550415 -0.16793261468410492 -0.52107709646224976 -1.0279053449630737 0.13379859924316406 -0.63606595993041992 -0.80418956279754639 0.070072457194328308
970.96529999375343 -0.15757350623607635 -1.2577650547027588 0.46441221237182617 0.30465957522392273 -2.0074484348297119 0.082973785698413849 0.34764039516448975 -2.2322852611541748 0.07107149064540863 -0.37775173783302307 -2.0598697662353516 -0.030343223363161087 -0.4773443341255188 -2.3249983787536621 -0.041124887764453888 -0.47122436761856079 -1.0770617723464966 0.19392774999141693 -0.58216756582260132 -0.87248998880386353 0.11345189064741135
1031.7461999952793 -0.25276371836662292 -1.2034914493560791 0.43617939949035645 0.1813710629940033 -1.9076027870178223 0.077927909791469574 0.22173912823200226 -2.1187722682952881 0.066749133169651031 -0.45955771207809448 -1.9568376541137695 -0.028500756248831749 -0.5530962347984314 -2.2058494091033936 -0.038627024739980698 -0.54734832048416138 -1.0337727069854736 0.18213719129562378 -0.65154749155044556 -0.84163647890090942 0.10655330121517181
1031.7461999952793 -0.028685145080089569 -1.3275635242462158 0.41143089532852173 0.2387174665927887 -1.8996315002441406 0.085198409855365753 0.26771077513694763 -2.1144757270812988 0.07522263377904892 -0.33273595571517944 -1.8320049047470093 -0.018024193122982979 -0.4157639741897583 -2.0454592704772949 -0.036350835114717484 -0.41218489408493042 -0.91487783193588257 0.14690230786800385 -0.52589589357376099 -0.73865973949432373 0.077939264476299286
1135.7483999878168 -0.024838920682668686 -1.0794641971588135 0.54380762577056885 0.36763462424278259 -1.7731608152389526 0.23822218179702759 0.3789404034614563 -1.9493306875228882 0.23925662040710449 -0.15221390128135681 -1.7868280410766602 0.067177794873714447 -0.24768351018428802 -1.9595767259597778 0.07340654730796814 -0.26830467581748962 -1.1132086515426636 0.30925536155700684 -0.31381163001060486 -0.70335555076599121 0.29244962334632874
1215.2233999967575 -0.27103909850120544 -0.88036572933197021 0.37056824564933777 0.1315101683139801 -1.5035576820373535 0.0041677257977426052 0.13494299352169037 -1.6988149881362915 -0.014883661642670631 -0.39696788787841797 -1.5308572053909302 -0.13197995722293854 -0.46819621324539185 -1.7315812110900879 -0.15062819421291351 -0.474508136510849 -0.65455812215805054 0.056584857404232025 -0.58226215839385986 -0.41227811574935913 -0.014232594519853592
1215.2233999967575 -0.31589734554290771 -1.2681877613067627 0.47614115476608276 0.25143492221832275 -2.0661985874176025 0.006468986626714468 0.27666869759559631 -2.3385627269744873 -0.031449280679225922 -0.47584044933319092 -2.1112067699432373 -0.19154293835163116 -0.57392376661300659 -2.3916661739349365 -0.22504815459251404 -0.5718197226524353 -0.90475797653198242 0.047048971056938171 -0.7095876932144165 -0.59247559309005737 -0.062229491770267487
1279.3302000015974 -0.23273886740207672 -1.0706218481063843 0.35296100378036499 0.22168876230716705 -1.9836081266403198 -0.0698651522397995 0.17984127998352051 -2.2206451892852783 -0.064638808369636536 -0.3551793098449707 -2.0186350345611572 -0.20233637094497681 -0.48457798361778259 -2.2453393936157227 -0.16977165639400482 -0.5818905234336853 -0.93911880254745483 0.1213688850402832 -0.68779563903808594 -0.62983953952789307 0.015414376743137836
1279.3302000015974 -0.31548824906349182 -1.0295647382736206 0.16051167249679565 0.058100383728742599 -1.9636476039886475 -0.22515696287155151 0.0053045414388179779 -2.1989672183990479 -0.22255125641822815 -0.48374709486961365 -1.9922070503234863 -0.36138269305229187 -0.60146421194076538 -2.2005558013916016 -0.32672363519668579 -0.71287298202514648 -0.92110568284988403 -0.037316802889108658 -0.82070362567901611 -0.63505864143371582 -0.13079501688480377
1365.4892999976873 -0.28968515992164612 -1.02486252784729 0.19498980045318604 0.10253609716892242 -1.9096206426620483 -0.17250646650791168 0.035630602389574051 -2.1447033882141113 -0.17343254387378693 -0.4194963276386261 -1.900315523147583 -0.33179962635040283 -0.56031548976898193 -2.0947589874267578 -0.29889363050460815 -0.6718866229057312 -0.82929205894470215 -0.019740527495741844 -0.78869205713272095 -0.54809314012527466 -0.091033272445201874
1365.4892999976873 -0.36564338207244873 -1.029374361038208 0.33731582760810852 0.15516291558742523 -1.8610126972198486 -0.026322992518544197 0.15779606997966766 -2.1258783340454102 -0.061024144291877747 -0.38724762201309204 -1.9565860033035278 -0.28009653091430664 -0.5221254825592041 -2.2294449806213379 -0.31018435955047607 -0.63973379135131836 -0.86857002973556519 0.13456262648105621 -0.76782083511352539 -0.54821270704269409 0.048728302121162415
1427.9594999998808 -0.42141503095626831 -1.1939079761505127 0.42426383495330811 0.19254884123802185 -2.2090229988098145 -0.04301171749830246 0.19055479764938354 -2.5112080574035645 -0.065059691667556763 -0.42264452576637268 -2.3258712291717529 -0.32177963852882385 -0.55773717164993286 -2.6383895874023438 -0.34537124633789063 -0.71188730001449585 -1.0659981966018677 0.094645984470844269 -0.86444383859634399 -0.70198166370391846 -0.0062916595488786697
1427.9594999998808 -0.36045026779174805 -1.017385721206665 0.2027810662984848 0.26804399490356445 -1.8937913179397583 -0.33274060487747192 0.25870192050933838 -2.1737029552459717 -0.35338857769966125 -0.33110150694847107 -1.9817041158676147 -0.48818549513816833 -0.40040484070777893 -2.2773752212524414 -0.49614477157592773 -0.69971936941146851 -1.2459952831268311 -0.20499426126480103 -0.72672516107559204 -0.59692329168319702 -0.17221873998641968
1486.502399995923 -0.36234495043754578 -1.0413001775741577 0.21220202744007111 0.29529958963394165 -1.9583545923233032 -0.34815776348114014 0.28552424907684326 -2.2512490749359131 -0.36976340413093567 -0.33163496851921082 -2.0503449440002441 -0.51081234216690063 -0.40415266156196594 -2.3597292900085449 -0.51914083957672119 -0.71734976768493652 -1.2805129289627075 -0.21448640525341034 -0.74560815095901489 -0.60133630037307739 -0.18019069731235504
1486.502399995923 -0.25637781620025635 -1.012371301651001 0.06028473749756813 0.3161664605140686 -1.9145110845565796 -0.51063138246536255 0.32301759719848633 -2.1697089672088623 -0.52429109811782837 -0.3975197970867157 -1.9703241586685181 -0.58657574653625488 -0.43551883101463318 -2.275742769241333 -0.59512150287628174 -0.60759896039962769 -1.2574164867401123 -0.2297472357749939 -0.57888293266296387 -0.5955585241317749 -0.1908002495765686
1546.1121000051498 -0.095841005444526672 -1.0280270576477051 -0.04896095022559166 0.26302140951156616 -1.7609481811523438 -0.71769410371780396 0.2030484676361084 -2.0313994884490967 -0.7479901909828186 -0.34076714515686035 -1.7660459280014038 -0.73379498720169067 -0.40733793377876282 -2.0759739875793457 -0.70243823528289795 -0.43550243973731995 -1.0460220575332642 -0.31838348507881165 -0.70060688257217407 -0.71134644746780396 -0.36316508054733276
1662.6347000002861 -0.14432436227798462 -0.54248225688934326 0.50492763519287109 0.59611308574676514 -1.4638580083847046 0.06958441436290741 0.63691377639770508 -1.7477462291717529 0.036923650652170181 -0.14892327785491943 -1.5292015075683594 -0.19500227272510529 -0.27332386374473572 -1.8123338222503662 -0.21109114587306976 -0.48143541812896729 -0.81695383787155151 0.14805179834365845 -0.49996465444564819 -0.024769414216279984 0.22616221010684967
1662.6347000002861 -0.35037162899971008 -1.7737947702407837 0.48296523094177246 0.65473377704620361 -3.2015624046325684 -0.2405184805393219 0.66113245487213135 -3.7264957427978516 -0.302540123462677 -0.21112380921840668 -3.4249272346496582 -0.67926156520843506 -0.40479102730751038 -4.0239353179931641 -0.75511586666107178 -0.96796566247940063 -1.5900753736495972 -0.0066275377757847309 -1.2740423679351807 -1.007265567779541 -0.12267413735389709
1723.8434000015259 -0.24995936453342438 -1.357369065284729 0.28735154867172241 0.54104858636856079 -2.372523307800293 -0.27837970852851868 0.58702147006988525 -2.7487773895263672 -0.31928744912147522 -0.15987621247768402 -2.5146811008453369 -0.53930813074111938 -0.24758262932300568 -2.9539673328399658 -0.58594083786010742 -0.72721236944198608 -1.6448174715042114 -0.20401482284069061 -0.75005179643630981 -0.75501352548599243 -0.12220277637243271
1841.1063999980688 0.00030800100648775697 -0.86291640996932983 0.7399788498878479 0.48340389132499695 -1.7614922523498535 0.29767286777496338 0.47951346635818481 -1.9524781703948975 0.33737331628799438 -0.16693985462188721 -1.8138483762741089 0.074853412806987762 -0.21168065071105957 -1.9614623785018921 0.15695649385452271 -0.58547985553741455 -0.98803359270095825 0.42348533868789673 -0.75472420454025269 -0.57291507720947266 0.36845996975898743
1841.1063999980688 -0.35875734686851501 -1.6457935571670532 0.25572115182876587 0.45483085513114929 -2.6569080352783203 -0.38597625494003296 0.44992473721504211 -3.0091266632080078 -0.42729055881500244 -0.27348285913467407 -2.6990692615509033 -0.73106890916824341 -0.4106144905090332 -3.0877127647399902 -0.75032281875610352 -0.87324422597885132 -1.3717204332351685 0.11125925928354263 -1.0696061849594116 -1.0058491230010986 0.00066648569190874696
1926.815299987793 -0.18535804748535156 -1.2362281084060669 0.19429454207420349 0.56742912530899048 -2.1418006420135498 -0.32028532028198242 0.61264646053314209 -2.4969329833984375 -0.37818118929862976 -0.033654160797595978 -2.2819836139678955 -0.60951048135757446 -0.14761313796043396 -2.7076869010925293 -0.68058526515960693 -0.61644071340560913 -1.0865957736968994 0.042508762329816818 -0.81483632326126099 -0.79027402400970459 -0.04043375700712204
1926.815299987793 -0.18242308497428894 -1.3446303606033325 0.13486172258853912 0.74370604753494263 -2.3282091617584229 -0.45932850241661072 0.79948288202285767 -2.7102651596069336 -0.51228839159011841 0.052167713642120361 -2.5330350399017334 -0.69008702039718628 -0.023191183805465698 -2.9824581146240234 -0.73902291059494019 -0.61148524284362793 -1.5578386783599854 -0.12600524723529816 -0.72898447513580322 -0.90342903137207031 -0.081070668995380402
1994.8374999910593 -0.12563326954841614 -0.96248561143875122 0.00013831381511408836 0.72394883632659912 -1.9016726016998291 -0.54400354623794556 0.8499678373336792 -2.219538688659668 -0.62649428844451904 -0.026029463857412338 -1.9853976964950562 -0.67917406558990479 -0.053700800985097885 -2.3747992515563965 -0.73852688074111938 -0.50195586681365967 -1.4878602027893066 -0.24872124195098877 -0.5644148588180542 -0.73241734504699707 -0.15846413373947144
1994.8374999910593 0.098726339638233185 -0.99491822719573975 -0.25872257351875305 0.66724568605422974 -1.7940516471862793 -0.97824251651763916 0.76124113798141479 -2.1482377052307129 -1.108237624168396 -0.086955815553665161 -1.8389601707458496 -1.0088305473327637 -0.11994850635528564 -2.273003101348877 -1.093687891960144 -0.35716408491134644 -1.0160086154937744 -0.36641132831573486 -0.67592191696166992 -0.87298309803009033 -0.37446105480194092
