58.750500001013279 0.11142253875732422 -0.74377822875976563 -0.23336832225322723 0.47237357497215271 -1.5288838148117065 -1.0988239049911499 0.49075776338577271 -1.8109925985336304 -1.2005653381347656 -0.13551190495491028 -1.6037477254867554 -1.2580139636993408 -0.18510808050632477 -1.9379050731658936 -1.373985767364502 -0.19562293589115143 -0.85470288991928101 -0.47618585824966431 -0.32121649384498596 -0.55644917488098145 -0.43356186151504517
58.750500001013279 0.060140427201986313 -0.72195839881896973 -0.20150238275527954 0.45131921768188477 -1.5063891410827637 -1.0056184530258179 0.46194151043891907 -1.784180760383606 -1.0950311422348022 -0.13996826112270355 -1.5704679489135742 -1.1536818742752075 -0.20136177539825439 -1.8924833536148071 -1.2521541118621826 -0.1986442506313324 -0.73419320583343506 -0.39956969022750854 -0.3317931592464447 -0.47220319509506226 -0.39110216498374939
164.74350000172853 0.092735670506954193 -0.80461692810058594 0.72991234064102173 0.36824119091033936 -1.4627761840820313 -0.18504931032657623 0.34978452324867249 -1.646735668182373 -0.10549217462539673 -0.11048082262277603 -1.5046267509460449 -0.34629520773887634 -0.19887931644916534 -1.6682742834091187 -0.22826269268989563 -0.30564740300178528 -0.73795145750045776 0.41695493459701538 -0.42224195599555969 -0.47989964485168457 0.27645662426948547
260.37200000137091 -0.07835918664932251 -1.2432515621185303 0.5832945704460144 0.46602854132652283 -2.0624666213989258 -0.21348319947719574 0.4722760021686554 -2.3309342861175537 -0.19082696735858917 -0.20474465191364288 -2.1766705513000488 -0.38282614946365356 -0.33161294460296631 -2.4478127956390381 -0.30597168207168579 -0.43233093619346619 -1.098607063293457 0.44012007117271423 -0.60471421480178833 -0.79168647527694702 0.29803413152694702
260.37200000137091 -0.12462260574102402 -1.3405559062957764 0.35435450077056885 0.43745329976081848 -2.0316398143768311 -0.38855183124542236 0.43314668536186218 -2.2982413768768311 -0.41951960325241089 -0.11354612559080124 -2.0779402256011963 -0.46297851204872131 -0.21939422190189362 -2.3593833446502686 -0.47949811816215515 -0.38333302736282349 -1.1728554964065552 -0.001186037203297019 -0.49144250154495239 -0.82397592067718506 -0.024742564186453819
321.41310000419617 -0.097557000815868378 -1.5406562089920044 0.44042849540710449 0.52680820226669312 -2.3303976058959961 -0.44627290964126587 0.51989263296127319 -2.6357553005218506 -0.47523769736289978 -0.079962417483329773 -2.4119570255279541 -0.58215689659118652 -0.19742201268672943 -2.7324347496032715 -0.57140856981277466 -0.42990386486053467 -1.4668891429901123 0.085298620164394379 -0.55202615261077881 -1.0172362327575684 0.10161583870649338
321.41310000419617 -0.12431935220956802 -1.4290653467178345 0.35466089844703674 0.42363536357879639 -2.1354794502258301 -0.374053955078125 0.41610509157180786 -2.3936605453491211 -0.39041918516159058 -0.085756130516529083 -2.1954412460327148 -0.45844900608062744 -0.18645212054252625 -2.4589922428131104 -0.43936166167259216 -0.37656581401824951 -1.3360155820846558 0.094658873975276947 -0.48527207970619202 -0.98973917961120605 0.07459905743598938
385.22740000486374 -0.085162296891212463 -1.4024307727813721 0.35074129700660706 0.45047634840011597 -2.0465028285980225 -0.43737924098968506 0.4473954439163208 -2.3041367530822754 -0.47397112846374512 -0.094632714986801147 -2.1085186004638672 -0.51797634363174438 -0.19305883347988129 -2.3801600933074951 -0.51809090375900269 -0.36588665843009949 -1.2311018705368042 0.089952021837234497 -0.48577329516410828 -0.92793315649032593 0.07198062539100647
385.22740000486374 -0.070785336196422577 -1.3241807222366333 0.43825629353523254 0.428946852684021 -2.053476095199585 -0.33205676078796387 0.42097654938697815 -2.3147275447845459 -0.34776860475540161 -0.054145742207765579 -2.1048853397369385 -0.44789823889732361 -0.13985735177993774 -2.3764057159423828 -0.43988367915153503 -0.35432019829750061 -1.2017003297805786 0.039476025849580765 -0.47783449292182922 -0.88470053672790527 -0.0067006964236497879
443.95789999514818 -0.13588353991508484 -1.3504714965820313 0.44500046968460083 0.35479667782783508 -2.0434467792510986 -0.30692031979560852 0.34034138917922974 -2.2957158088684082 -0.31577125191688538 -0.1267157644033432 -2.0987694263458252 -0.39403432607650757 -0.21376053988933563 -2.3560659885406494 -0.35724931955337524 -0.40285825729370117 -1.2186000347137451 0.156437948346138 -0.52760809659957886 -0.89882469177246094 0.1109931543469429
443.95789999514818 -0.084326274693012238 -1.3839160203933716 0.4515102207660675 0.41353052854537964 -2.087026834487915 -0.31140804290771484 0.39886388182640076 -2.3429853916168213 -0.32038843631744385 -0.075024411082267761 -2.1431584358215332 -0.39979618787765503 -0.16334229707717896 -2.4042179584503174 -0.36247316002845764 -0.35520568490028381 -1.2501159906387329 0.1587272435426712 -0.48178011178970337 -0.9256635308265686 0.11261776834726334
502.13859999924898 -0.060921557247638702 -1.3898047208786011 0.40088760852813721 0.43190604448318481 -2.0717823505401611 -0.39355561137199402 0.4178331196308136 -2.3542368412017822 -0.42166909575462341 -0.090474091470241547 -2.1172924041748047 -0.57379472255706787 -0.20558862388134003 -2.4098269939422607 -0.58888667821884155 -0.38781651854515076 -1.2810324430465698 -0.065435081720352173 -0.48678365349769592 -0.88635098934173584 -0.055141337215900421
502.13859999924898 -0.15053269267082214 -1.3222744464874268 0.35724326968193054 0.374755859375 -2.0255398750305176 -0.39985066652297974 0.37003505229949951 -2.2872307300567627 -0.43264093995094299 -0.15504798293113708 -2.0472745895385742 -0.49617898464202881 -0.26644143462181091 -2.3222508430480957 -0.51423811912536621 -0.38905960321426392 -1.1052346229553223 0.011703778058290482 -0.50990355014801025 -0.84081923961639404 -0.031542859971523285
564.81930000334978 -0.15658144652843475 -1.342897891998291 0.3698936402797699 0.38730537891387939 -2.0710630416870117 -0.4140058159828186 0.38241741061210632 -2.3420193195343018 -0.44795706868171692 -0.16125659644603729 -2.0935671329498291 -0.51374471187591553 -0.27659401297569275 -2.3782792091369629 -0.53244322538375854 -0.40355360507965088 -1.1181734800338745 0.012120048515498638 -0.52867609262466431 -0.84439623355865479 -0.032657772302627563
564.81930000334978 -0.15974771976470947 -1.3700530529022217 0.3773733377456665 0.39513716101646423 -2.1129424571990967 -0.42237752676010132 0.39015036821365356 -2.3893778324127197 -0.45701533555984497 -0.16451741755008698 -2.135901927947998 -0.52413326501846313 -0.28218710422515869 -2.4263710975646973 -0.54320991039276123 -0.41171395778656006 -1.1407843828201294 0.012365131638944149 -0.53936660289764404 -0.86147099733352661 -0.033318154513835907
625.78290000557899 -0.11516433209180832 -1.4278800487518311 0.36139345169067383 0.40606209635734558 -2.1153080463409424 -0.4459865391254425 0.38823157548904419 -2.4103929996490479 -0.47632503509521484 -0.14645470678806305 -2.1349551677703857 -0.62145912647247314 -0.27729949355125427 -2.445521354675293 -0.64410728216171265 -0.42391014099121094 -1.1398814916610718 -0.016487879678606987 -0.5440593957901001 -0.85826301574707031 -0.074235484004020691
625.78290000557899 -0.1306002289056778 -1.3612545728683472 0.33910751342773438 0.35465130209922791 -2.0183341503143311 -0.41480287909507751 0.34048202633857727 -2.2794849872589111 -0.44245973229408264 -0.15776097774505615 -2.0533084869384766 -0.50543057918548584 -0.26510787010192871 -2.3239998817443848 -0.50994879007339478 -0.3879963755607605 -1.1205512285232544 0.013731129467487335 -0.50743669271469116 -0.85627508163452148 -0.03395688533782959
687.59390000253916 -0.11271557956933975 -1.3397278785705566 0.42352190613746643 0.39743927121162415 -2.0114328861236572 -0.23185871541500092 0.3906542956829071 -2.2588269710540771 -0.23789231479167938 -0.1176367849111557 -2.0613753795623779 -0.27290812134742737 -0.21570684015750885 -2.315873384475708 -0.23757454752922058 -0.3588794469833374 -1.0904000997543335 0.18801230192184448 -0.48710101842880249 -0.83849620819091797 0.10938148945569992
687.59390000253916 -0.094725511968135834 -1.3975409269332886 0.44326680898666382 0.43921545147895813 -2.1005642414093018 -0.24267110228538513 0.4321141242980957 -2.3594930171966553 -0.24898602068424225 -0.099876172840595245 -2.1528353691101074 -0.28563445806503296 -0.2025187611579895 -2.4191994667053223 -0.24865344166755676 -0.3523668646812439 -1.1365882158279419 0.19677649438381195 -0.48656675219535828 -0.87293916940689087 0.11447950452566147
754.81469999998808 -0.11420528590679169 -1.3997905254364014 0.31473937630653381 0.4354376494884491 -2.1085381507873535 -0.45580363273620605 0.41815787553787231 -2.4014058113098145 -0.49418780207633972 -0.10241787135601044 -2.133913516998291 -0.63438266515731812 -0.23344661295413971 -2.4440116882324219 -0.66028898954391479 -0.39901256561279297 -1.1416968107223511 0.017120860517024994 -0.52362740039825439 -0.85877794027328491 -0.045983213931322098
754.81469999998808 -0.10979640483856201 -1.3302305936813354 0.37139049172401428 0.39353883266448975 -2.0296134948730469 -0.35561797022819519 0.38479211926460266 -2.2967052459716797 -0.3776378333568573 -0.10666437447071075 -2.0850868225097656 -0.48143032193183899 -0.21340195834636688 -2.3698439598083496 -0.47194081544876099 -0.37273073196411133 -1.1074451208114624 0.15265688300132751 -0.49951347708702087 -0.8609844446182251 0.076830640435218811
823.39800000935793 -0.069671966135501862 -1.3365936279296875 0.41188493371009827 0.42848944664001465 -2.038508415222168 -0.35097062587738037 0.41120120882987976 -2.3070809841156006 -0.36935856938362122 -0.089719116687774658 -2.0761165618896484 -0.46942040324211121 -0.20006245374679565 -2.3518240451812744 -0.45167315006256104 -0.34751835465431213 -1.1325058937072754 0.092220261693000793 -0.47626513242721558 -0.84526163339614868 0.037550847977399826
823.39800000935793 -0.10320614278316498 -1.3500442504882813 0.46652874350547791 0.39956292510032654 -2.0305373668670654 -0.2491629421710968 0.39836722612380981 -2.274486780166626 -0.26458621025085449 -0.11968355625867844 -2.0838141441345215 -0.35471007227897644 -0.22302468121051788 -2.3375489711761475 -0.32988736033439636 -0.34760436415672302 -1.1187775135040283 0.18084417283535004 -0.48272159695625305 -0.84549421072006226 0.11989089101552963
885.35369999706745 -0.093716971576213837 -1.3156930208206177 0.4701826274394989 0.41298815608024597 -2.0015134811401367 -0.25111201405525208 0.41178306937217712 -2.2473728656768799 -0.26665604114532471 -0.11032338440418243 -2.0552072525024414 -0.35748547315597534 -0.21447354555130005 -2.3109288215637207 -0.3324684202671051 -0.34002852439880371 -1.0826157331466675 0.18226152658462524 -0.4762035608291626 -0.80719298124313354 0.12083104252815247
885.35369999706745 -0.10551730543375015 -1.3637111186981201 0.39833638072013855 0.43309026956558228 -2.0630621910095215 -0.34379804134368896 0.41992649435997009 -2.342707633972168 -0.37066096067428589 -0.080703422427177429 -2.1108903884887695 -0.5075269341468811 -0.19433653354644775 -2.3930025100708008 -0.49831247329711914 -0.3826032280921936 -1.1449501514434814 0.084070228040218353 -0.50949966907501221 -0.84183251857757568 0.023571029305458069
956.52250000089407 -0.13993960618972778 -1.3287355899810791 0.38235843181610107 0.41843244433403015 -2.0586822032928467 -0.32783684134483337 0.40366911888122559 -2.3404471874237061 -0.35154527425765991 -0.11648817360401154 -2.0756027698516846 -0.47224253416061401 -0.24224734306335449 -2.3717610836029053 -0.47993218898773193 -0.40787535905838013 -1.076079249382019 0.077421575784683228 -0.52994447946548462 -0.80539274215698242 -0.0038219906855374575
956.52250000089407 -0.14988280832767487 -1.3793972730636597 0.44336721301078796 0.41181403398513794 -2.0982680320739746 -0.26413089036941528 0.40442186594009399 -2.3742115497589111 -0.28007367253303528 -0.099917560815811157 -2.1482148170471191 -0.39580675959587097 -0.20625926554203033 -2.4311678409576416 -0.37262186408042908 -0.41509947180747986 -1.168726921081543 0.16227047145366669 -0.54581540822982788 -0.88438564538955688 0.0889749675989151
1022.1244999989867 -0.13396795094013214 -1.3058348894119263 0.36611783504486084 0.3689693808555603 -2.0202500820159912 -0.1966487318277359 0.35693731904029846 -2.2871012687683105 -0.21106618642807007 -0.11566835641860962 -2.0782153606414795 -0.34762674570083618 -0.24567578732967377 -2.360335111618042 -0.33405834436416626 -0.37830659747123718 -1.1084729433059692 0.26313415169715881 -0.5010383129119873 -0.85176360607147217 0.18664363026618958
1022.1244999989867 -0.060061447322368622 -1.373265266418457 0.38159620761871338 0.4641379714012146 -2.1178829669952393 -0.20496180653572083 0.45159730315208435 -2.3960156440734863 -0.21998877823352814 -0.040988218039274216 -2.1782989501953125 -0.36232250928878784 -0.17649182677268982 -2.4723453521728516 -0.34818050265312195 -0.31472975015640259 -1.1675597429275513 0.2742588222026825 -0.44265002012252808 -0.8999977707862854 0.19453456997871399
1094.3392999991775 -0.036796912550926208 -1.3874174356460571 0.47850430011749268 0.51258230209350586 -2.0819253921508789 -0.22535109519958496 0.51787030696868896 -2.3588297367095947 -0.25618654489517212 -0.046449877321720123 -2.1416876316070557 -0.39389181137084961 -0.171735480427742 -2.4391031265258789 -0.40429171919822693 -0.35517343878746033 -1.1551762819290161 0.14413690567016602 -0.4846498966217041 -0.90006804466247559 0.036529742181301117
1094.3392999991775 -0.08354736864566803 -1.2594896554946899 0.52201277017593384 0.43308866024017334 -2.0110936164855957 -0.18475796282291412 0.43593895435333252 -2.2807004451751709 -0.20612955093383789 -0.10968099534511566 -2.072364330291748 -0.3034902811050415 -0.21502700448036194 -2.3650457859039307 -0.29899778962135315 -0.36226701736450195 -1.0582588911056519 0.17437188327312469 -0.51504456996917725 -0.818867027759552 0.048631075769662857
1165.4667000025511 -0.068108230829238892 -1.3471169471740723 0.55847638845443726 0.4463755190372467 -2.0938153266906738 -0.13906322419643402 0.43835476040840149 -2.3697402477264404 -0.14747472107410431 -0.11083178222179413 -2.1363317966461182 -0.23700422048568726 -0.22328281402587891 -2.4220664501190186 -0.21678723394870758 -0.33739453554153442 -1.1079142093658447 0.25088033080101013 -0.48163381218910217 -0.82543009519577026 0.15535669028759003
1165.4667000025511 -0.066737189888954163 -1.34765625 0.46299344301223755 0.47726905345916748 -2.0965900421142578 -0.29543784260749817 0.47701108455657959 -2.3908684253692627 -0.33348086476325989 -0.081248372793197632 -2.1564483642578125 -0.4648977518081665 -0.20411458611488342 -2.4702935218811035 -0.47478464245796204 -0.37916654348373413 -1.1290805339813232 0.1391618400812149 -0.51555794477462769 -0.84987533092498779 0.047218479216098785
1231.0738000050187 -0.1076759546995163 -1.2975925207138062 0.5009041428565979 0.42774027585983276 -2.0436098575592041 -0.2256758064031601 0.42776623368263245 -2.327955961227417 -0.2580781877040863 -0.11228311806917191 -2.1079750061035156 -0.39668506383895874 -0.23388421535491943 -2.4117305278778076 -0.41334077715873718 -0.40213119983673096 -1.0744305849075317 0.15546758472919464 -0.5467333197593689 -0.80750060081481934 0.042964950203895569
1231.0738000050187 -0.08796430379152298 -1.3269606828689575 0.46503549814224243 0.44630753993988037 -2.0389177799224854 -0.26240292191505432 0.44485780596733093 -2.3243739604949951 -0.29348701238632202 -0.10594253242015839 -2.0877737998962402 -0.4202246367931366 -0.22803980112075806 -2.3844742774963379 -0.43364030122756958 -0.37688019871711731 -1.0891445875167847 0.14211633801460266 -0.5161975622177124 -0.80763930082321167 0.056096304208040237
1300.9582000076771 -0.073605723679065704 -1.3685516119003296 0.47256830334663391 0.46931728720664978 -2.0920367240905762 -0.26664909720420837 0.46784409880638123 -2.382115364074707 -0.29823654890060425 -0.091875068843364716 -2.1416840553283691 -0.42702636122703552 -0.2159494012594223 -2.4431886672973633 -0.44065925478935242 -0.36719989776611328 -1.1268845796585083 0.1444203108549118 -0.5087730884552002 -0.8408210277557373 0.057007405906915665
1300.9582000076771 -0.044087842106819153 -1.3159312009811401 0.57838129997253418 0.46803975105285645 -2.0587379932403564 -0.17939740419387817 0.47302177548408508 -2.3295037746429443 -0.20367224514484406 -0.085364557802677155 -2.1012487411499023 -0.27596864104270935 -0.18207661807537079 -2.3849971294403076 -0.27030336856842041 -0.30014362931251526 -1.0823216438293457 0.22546471655368805 -0.45887914299964905 -0.79213887453079224 0.13856272399425507
1378.8716000020504 -0.045298151671886444 -1.2790840864181519 0.67170721292495728 0.45515745878219604 -2.0604634284973145 -0.060605209320783615 0.453012615442276 -2.3382613658905029 -0.072135522961616516 -0.077588394284248352 -2.1127572059631348 -0.21918646991252899 -0.18246032297611237 -2.4043452739715576 -0.20450493693351746 -0.38269522786140442 -1.1326261758804321 0.27646893262863159 -0.50948292016983032 -0.75083023309707642 0.20703375339508057
1378.8716000020504 -0.074090920388698578 -1.3769798278808594 0.5159451961517334 0.45719516277313232 -2.1679952144622803 -0.33019396662712097 0.44760245084762573 -2.4735896587371826 -0.35738414525985718 -0.11002003401517868 -2.2150657176971436 -0.46752461791038513 -0.21910868585109711 -2.532109260559082 -0.46089416742324829 -0.39147868752479553 -1.1558667421340942 0.1262652575969696 -0.55623948574066162 -0.81828135251998901 0.047903060913085938
1446.7763000056148 -0.099458061158657074 -1.3092938661575317 0.52162843942642212 0.46104103326797485 -2.0935888290405273 -0.20458458364009857 0.47595542669296265 -2.3848593235015869 -0.24232369661331177 -0.098630033433437347 -2.1617493629455566 -0.37955275177955627 -0.21267572045326233 -2.472261905670166 -0.39818993210792542 -0.39383086562156677 -1.1358712911605835 0.16487905383110046 -0.51446360349655151 -0.80323028564453125 0.10005060583353043
1446.7763000056148 -0.094583973288536072 -1.2578431367874146 0.53114700317382813 0.43186759948730469 -2.0281939506530762 -0.19377954304218292 0.43362891674041748 -2.304882287979126 -0.2155916839838028 -0.091817334294319153 -2.0716733932495117 -0.31335797905921936 -0.18782125413417816 -2.3631794452667236 -0.31412941217422485 -0.38119682669639587 -1.0836954116821289 0.14827385544776917 -0.52322155237197876 -0.76962149143218994 0.063302367925643921
1526.2109000012279 -0.050670526921749115 -1.4025893211364746 0.35474410653114319 0.46338281035423279 -2.1761946678161621 -0.42341324687004089 0.45747953653335571 -2.4815630912780762 -0.44271337985992432 -0.10611160844564438 -2.2057859897613525 -0.48610222339630127 -0.20911231637001038 -2.5219376087188721 -0.46574994921684265 -0.36605203151702881 -1.1008661985397339 0.015704065561294556 -0.51632934808731079 -0.83704262971878052 -0.11923196166753769
1526.2109000012279 -0.02137337252497673 -1.2741386890411377 0.3862021267414093 0.52225816249847412 -2.1059472560882568 -0.36110299825668335 0.5234871506690979 -2.4032175540924072 -0.37446603178977966 -0.027586426585912704 -2.1497161388397217 -0.47749143838882446 -0.1235274076461792 -2.4604182243347168 -0.47072827816009521 -0.31188249588012695 -1.207379937171936 0.0027526835910975933 -0.40756282210350037 -0.75752407312393188 -0.016459828242659569
1595.16400000453 -0.072037994861602783 -1.2861534357070923 0.34619903564453125 0.46349859237670898 -2.1016042232513428 -0.38820821046829224 0.45763328671455383 -2.4033935070037842 -0.40367859601974487 -0.091549292206764221 -2.1494860649108887 -0.52069348096847534 -0.20409512519836426 -2.4570629596710205 -0.51499611139297485 -0.35433089733123779 -1.0742123126983643 0.003345234552398324 -0.50279819965362549 -0.77665168046951294 -0.089426346123218536
1600.1624000072479 -0.003943991381675005 -1.2547914981842041 0.32475030422210693 0.41214421391487122 -2.0342624187469482 -0.55259823799133301 0.38690668344497681 -2.3574376106262207 -0.58081173896789551 -0.043206885457038879 -2.0751636028289795 -0.76941633224487305 -0.13376113772392273 -2.4091331958770752 -0.7916063666343689 -0.38697311282157898 -1.1338289976119995 -0.2277960330247879 -0.49299681186676025 -0.68346858024597168 -0.22746166586875916
1675.5698999986053 -0.050043739378452301 -1.1763714551925659 0.29715719819068909 0.33068791031837463 -1.8896081447601318 -0.50563979148864746 0.30759492516517639 -2.185321569442749 -0.5314558744430542 -0.085970319807529449 -1.9270336627960205 -0.70403403043746948 -0.16882984340190887 -2.2326245307922363 -0.72433853149414063 -0.40052548050880432 -1.0656875371932983 -0.2084372490644455 -0.4975399374961853 -0.65359592437744141 -0.20813129842281342
1675.5698999986053 -0.046141728758811951 -1.1777102947235107 0.29454284906387329 0.36400341987609863 -1.8453075885772705 -0.42035332322120667 0.36387655138969421 -2.1122503280639648 -0.43444916605949402 -0.089292153716087341 -1.9061106443405151 -0.54600858688354492 -0.1524612158536911 -2.1878342628479004 -0.54588401317596436 -0.33666989207267761 -1.0313407182693481 -0.036520179361104965 -0.47407656908035278 -0.68101274967193604 -0.06852741539478302
1756.1705999970436 -0.0060495701618492603 -1.1183301210403442 0.25942277908325195 0.47331157326698303 -1.886441707611084 -0.66171574592590332 0.46630772948265076 -2.1914598941802979 -0.69792711734771729 -0.073707275092601776 -1.9436393976211548 -0.7840619683265686 -0.16857247054576874 -2.2744376659393311 -0.80580389499664307 -0.32221275568008423 -1.0109221935272217 -0.12092318385839462 -0.42510312795639038 -0.6493256688117981 -0.14901724457740784
1756.1705999970436 -0.02674560621380806 -1.1217944622039795 0.22787462174892426 0.41752186417579651 -1.8634423017501831 -0.72308921813964844 0.43488216400146484 -2.1605806350708008 -0.76419597864151001 -0.12757764756679535 -1.9394168853759766 -0.86053413152694702 -0.19549405574798584 -2.2733461856842041 -0.89565205574035645 -0.36876782774925232 -0.98399728536605835 -0.21484757959842682 -0.47788718342781067 -0.69503158330917358 -0.28615522384643555
1817.2510999962687 -0.023356037214398384 -1.0960512161254883 0.19099169969558716 0.37099519371986389 -1.733721137046814 -0.69363194704055786 0.35786420106887817 -2.0102956295013428 -0.72828859090805054 -0.14566349983215332 -1.7541935443878174 -0.78493607044219971 -0.2337929904460907 -2.0518732070922852 -0.79885584115982056 -0.34597617387771606 -0.87317353487014771 -0.18285854160785675 -0.43691620230674744 -0.59537047147750854 -0.24765875935554504
1817.2510999962687 0.007844727486371994 -1.109869122505188 0.22715112566947937 0.38720518350601196 -1.7391725778579712 -0.64298361539840698 0.39334440231323242 -2.0103535652160645 -0.67884945869445801 -0.14161601662635803 -1.7572753429412842 -0.75927072763442993 -0.21624720096588135 -2.0462429523468018 -0.78845018148422241 -0.31787091493606567 -0.83317595720291138 -0.12426368892192841 -0.43312615156173706 -0.61436349153518677 -0.20935651659965515
1939.5455999970436 0.014135739766061306 -1.055599570274353 0.56128203868865967 0.37692266702651978 -1.6909835338592529 -0.28649947047233582 0.36933818459510803 -1.8690574169158936 -0.26262915134429932 -0.14976665377616882 -1.6843119859695435 -0.44031962752342224 -0.19972017407417297 -1.8240357637405396 -0.36673951148986816 -0.36607226729393005 -0.94862192869186401 0.26644963026046753 -0.47745129466056824 -0.69566899538040161 0.18237952888011932
