27.743900001049042 -0.64675283432006836 -0.93419766426086426 0.30080956220626831 -0.70486873388290405 -1.0419027805328369 0.35957273840904236 -0.89935511350631714 -1.0917048454284668 0.30686274170875549 -0.7179601788520813 -1.0825767517089844 0.19323091208934784 -0.93392330408096313 -1.0628131628036499 0.11441472917795181 -0.84129774570465088 -0.95861804485321045 0.0029051471501588821 -0.69187265634536743 -0.90672367811203003 -0.091843649744987488
27.743900001049042 -0.66051876544952393 -1.0419641733169556 0.21898256242275238 -0.77734410762786865 -1.173979640007019 0.28434085845947266 -1.0068192481994629 -1.21736741065979 0.22299870848655701 -0.7792813777923584 -1.2188078165054321 0.10218638181686401 -1.0273857116699219 -1.1817315816879272 0.0090544354170560837 -0.85344713926315308 -1.0063358545303345 -0.093245700001716614 -0.6732063889503479 -0.94278740882873535 -0.20301075279712677
91.313899993896484 -0.7465440034866333 -1.159404993057251 0.075370356440544128 -0.91258001327514648 -1.2509868144989014 0.1199735552072525 -1.147004246711731 -1.2943333387374878 0.039271358400583267 -0.87652915716171265 -1.3082892894744873 -0.042081676423549652 -1.1376731395721436 -1.2684918642044067 -0.15731777250766754 -0.93866288661956787 -1.1185610294342041 -0.22572118043899536 -0.71152716875076294 -1.0732755661010742 -0.31870570778846741
91.313899993896484 -0.69862568378448486 -1.1378723382949829 0.21969898045063019 -0.84354323148727417 -1.2655792236328125 0.2276340126991272 -1.0930228233337402 -1.3135982751846313 0.15708649158477783 -0.84923088550567627 -1.3083035945892334 0.040848776698112488 -1.1141308546066284 -1.2811242341995239 -0.06054866686463356 -0.95085108280181885 -1.1331605911254883 -0.14359046518802643 -0.74658572673797607 -1.1127594709396362 -0.27129992842674255
154.09910000860691 -0.70207345485687256 -1.1673438549041748 0.22030684351921082 -0.84739392995834351 -1.2954058647155762 0.22826392948627472 -1.0975672006607056 -1.3435584306716919 0.15752021968364716 -0.85309743881225586 -1.3382490873336792 0.040959317237138748 -1.1187340021133423 -1.3109942674636841 -0.060720071196556091 -0.95500022172927856 -1.1626191139221191 -0.14399276673793793 -0.75016689300537109 -1.1421612501144409 -0.27205732464790344
154.09910000860691 -0.70240938663482666 -1.1096419095993042 0.19000917673110962 -0.8808562159538269 -1.274748682975769 0.17610569298267365 -1.1172807216644287 -1.3075333833694458 0.08765808492898941 -0.8640066385269165 -1.3275184631347656 -0.0066870143637061119 -1.1308218240737915 -1.2847224473953247 -0.13003018498420715 -1.0030419826507568 -1.1789112091064453 -0.20530469715595245 -0.77389085292816162 -1.1262012720108032 -0.30173993110656738
225.53899998962879 -0.70014190673828125 -1.0726703405380249 0.38254716992378235 -0.73719775676727295 -1.2743982076644897 0.37620988488197327 -0.96103471517562866 -1.3109214305877686 0.35010319948196411 -0.80206698179244995 -1.2883545160293579 0.20251142978668213 -1.0441309213638306 -1.2781753540039063 0.16802945733070374 -1.000308632850647 -1.2085310220718384 0.044479764997959137 -0.84135472774505615 -1.1782242059707642 -0.13983803987503052
225.53899998962879 -0.73153412342071533 -1.1031780242919922 0.5167001485824585 -0.70743238925933838 -1.2323207855224609 0.51658356189727783 -0.942557692527771 -1.2491109371185303 0.48524895310401917 -0.78185421228408813 -1.2541533708572388 0.33896219730377197 -1.0276409387588501 -1.2331259250640869 0.29760318994522095 -0.99735426902770996 -1.163725733757019 0.15666624903678894 -0.83973610401153564 -1.1108399629592896 -0.019257847219705582
288.30870001018047 -0.78818601369857788 -1.157687783241272 0.27293857932090759 -0.7951122522354126 -1.2607566118240356 0.27439197897911072 -1.0253511667251587 -1.2994465827941895 0.21771404147148132 -0.81215065717697144 -1.283899188041687 0.11873926967382431 -1.0709942579269409 -1.2616089582443237 0.041149765253067017 -0.94376558065414429 -1.1601325273513794 -0.066251635551452637 -0.75266832113265991 -1.1147472858428955 -0.20670823752880096
288.30870001018047 -0.77147293090820313 -1.1989556550979614 0.28141853213310242 -0.7786145806312561 -1.3052304983139038 0.28291717171669006 -1.0160154104232788 -1.3451240062713623 0.2244761735200882 -0.79618310928344727 -1.3290929794311523 0.12242265045642853 -1.0630784034729004 -1.3061094284057617 0.042419612407684326 -0.9318920373916626 -1.2014763355255127 -0.068322658538818359 -0.73485040664672852 -1.1546794176101685 -0.21314838528633118
346.74510000646114 -0.74129456281661987 -1.199570894241333 0.42861011624336243 -0.76806658506393433 -1.3330984115600586 0.4541858434677124 -1.0004163980484009 -1.3767173290252686 0.41425284743309021 -0.81672793626785278 -1.3718841075897217 0.26301738619804382 -1.0725334882736206 -1.359918475151062 0.20233410596847534 -0.95903247594833374 -1.2669174671173096 0.045164093375205994 -0.79372894763946533 -1.2441074848175049 -0.12210977077484131
346.74510000646114 -0.71882981061935425 -1.0940638780593872 0.60615569353103638 -0.72173577547073364 -1.2725048065185547 0.58504432439804077 -0.9057123064994812 -1.2712306976318359 0.5755571722984314 -0.82020580768585205 -1.2624907493591309 0.37556403875350952 -1.0151801109313965 -1.2297496795654297 0.3628937304019928 -0.96457123756408691 -1.1596617698669434 0.22280962765216827 -0.86559253931045532 -1.1879652738571167 0.0094378897920250893
422.72680000960827 -0.76186001300811768 -0.98709046840667725 0.41077002882957458 -0.73631733655929565 -1.0992436408996582 0.43812850117683411 -0.93199920654296875 -1.1336928606033325 0.43218111991882324 -0.79214942455291748 -1.1211683750152588 0.27577957510948181 -1.0072708129882813 -1.1111268997192383 0.25421872735023499 -0.98435479402542114 -1.0803459882736206 0.13223887979984283 -0.84540009498596191 -1.0836350917816162 -0.035168696194887161
537.18300001323223 -0.70519256591796875 -1.2331478595733643 0.37748491764068604 -0.67616307735443115 -1.3681656122207642 0.37071344256401062 -0.86561733484268188 -1.3792476654052734 0.37061765789985657 -0.70412445068359375 -1.3299404382705688 0.24132126569747925 -0.87776035070419312 -1.2783682346343994 0.22500181198120117 -0.80114954710006714 -1.1775691509246826 0.15145169198513031 -0.69128286838531494 -1.2145016193389893 0.014363669790327549
660.0067999958992 -0.63279247283935547 -1.1392483711242676 0.51412153244018555 -0.62503981590270996 -1.2895985841751099 0.46270421147346497 -0.80655956268310547 -1.2619097232818604 0.46404671669006348 -0.74027723073959351 -1.2713520526885986 0.29842185974121094 -0.92810004949569702 -1.2031852006912231 0.29385828971862793 -0.96967631578445435 -1.1865385770797729 0.19457487761974335 -0.90283495187759399 -1.2374438047409058 0.039678435772657394
660.0067999958992 -0.62068432569503784 -0.86192423105239868 0.35600361227989197 -0.66022932529449463 -1.0361227989196777 0.33509451150894165 -0.79839998483657837 -1.0312496423721313 0.34187322854995728 -0.72480124235153198 -1.0415248870849609 0.22215701639652252 -0.8781592845916748 -1.0078181028366089 0.22789913415908813 -0.8769492506980896 -0.97939151525497437 0.15131883323192596 -0.77161288261413574 -0.98183399438858032 0.040341723710298538
759.75490000844002 -0.78174161911010742 -0.95266497135162354 0.43569490313529968 -0.75243687629699707 -1.1758168935775757 0.47560641169548035 -0.94236469268798828 -1.184109091758728 0.47912576794624329 -0.85200947523117065 -1.1653264760971069 0.31742113828659058 -1.0654654502868652 -1.1458958387374878 0.31971776485443115 -1.0972976684570313 -1.1204283237457275 0.21565434336662292 -1.0221236944198608 -1.1124649047851563 0.0545344278216362
847.4665000140667 -0.62698858976364136 -0.78882986307144165 0.40071308612823486 -0.64862394332885742 -0.95538103580474854 0.41365322470664978 -0.80793076753616333 -0.98463660478591919 0.39027470350265503 -0.71658092737197876 -0.96667933464050293 0.2709982693195343 -0.88789552450180054 -0.95465326309204102 0.23151533305644989 -0.86270833015441895 -0.87730318307876587 0.12506884336471558 -0.76247018575668335 -0.84637188911437988 0.023138144984841347
847.4665000140667 -0.69645392894744873 -0.77705252170562744 0.47128531336784363 -0.73040127754211426 -0.95291328430175781 0.49175611138343811 -0.94089031219482422 -1.0034173727035522 0.43991920351982117 -0.78751307725906372 -1.0161731243133545 0.28319618105888367 -1.0208247900009155 -1.012215256690979 0.19937561452388763 -1.0044640302658081 -0.94288140535354614 0.092118628323078156 -0.83404982089996338 -0.87667238712310791 0.019509559497237206
909.55359999835491 -0.74715816974639893 -0.77201104164123535 0.50732046365737915 -0.7818070650100708 -0.98937380313873291 0.51778411865234375 -1.0261014699935913 -1.0304713249206543 0.47093445062637329 -0.84691524505615234 -1.0464245080947876 0.29148167371749878 -1.1203083992004395 -1.0334626436233521 0.20695455372333527 -1.1045465469360352 -0.95874381065368652 0.0997442826628685 -0.92110550403594971 -0.89491862058639526 -0.0059762676246464252
909.55359999835491 -0.86585116386413574 -0.89497119188308716 0.76676487922668457 -0.91449218988418579 -1.165799617767334 0.80097442865371704 -1.197382926940918 -1.2243729829788208 0.74243772029876709 -1.01783287525177 -1.2298223972320557 0.51001566648483276 -1.3371673822402954 -1.2304121255874634 0.41270333528518677 -1.3503143787384033 -1.1425493955612183 0.23989075422286987 -1.1282681226730347 -1.0581696033477783 0.098248384892940521
972.91899999976158 -0.79139691591262817 -0.82189226150512695 0.71114891767501831 -0.8365100622177124 -1.0730777978897095 0.74287736415863037 -1.0988832712173462 -1.1274030208587646 0.68858617544174194 -0.93235558271408081 -1.1324572563171387 0.47302129864692688 -1.2285293340682983 -1.1330041885375977 0.38276687264442444 -1.2407227754592896 -1.0515140295028687 0.22248807549476624 -1.0347812175750732 -0.97325408458709717 0.091118790209293365
972.91899999976158 -0.8948100209236145 -0.75473737716674805 0.6280592679977417 -0.86973631381988525 -0.99967879056930542 0.68267625570297241 -1.1045705080032349 -1.0222880840301514 0.67647761106491089 -0.98685932159423828 -1.0290521383285522 0.46600097417831421 -1.2547059059143066 -1.0053343772888184 0.4540068507194519 -1.2971580028533936 -0.9615027904510498 0.30820721387863159 -1.1805539131164551 -0.96258008480072021 0.11885650455951691
1028.9217000156641 -0.86434948444366455 -0.84282475709915161 0.78454917669296265 -0.88984531164169312 -1.04771888256073 0.76081079244613647 -1.1069240570068359 -1.0431115627288818 0.77115130424499512 -1.029765248298645 -1.0711797475814819 0.51792407035827637 -1.2711300849914551 -1.0149000883102417 0.52252167463302612 -1.3320014476776123 -0.95052796602249146 0.35354414582252502 -1.2377852201461792 -0.95148372650146484 0.15063698589801788
1143.2465000152588 -0.93304300308227539 -0.72463440895080566 0.58065283298492432 -0.96227490901947021 -1.1128991842269897 0.55665367841720581 -1.2165745496749878 -1.1284090280532837 0.54460024833679199 -1.027443528175354 -1.0795626640319824 0.38734182715415955 -1.267066478729248 -1.0291182994842529 0.36755582690238953 -1.2238672971725464 -0.93624979257583618 0.22938138246536255 -1.0882695913314819 -0.92419862747192383 0.037452910095453262
1292.7447000145912 -1.00361168384552 -0.48754647374153137 0.83649444580078125 -1.1980181932449341 -0.75708502531051636 0.66537803411483765 -1.4416217803955078 -0.7216944694519043 0.64057320356369019 -1.411829948425293 -0.7321702241897583 0.45684623718261719 -1.696873664855957 -0.65781021118164063 0.43631958961486816 -1.8043655157089233 -0.64891749620437622 0.29553195834159851 -1.7241808176040649 -0.75545912981033325 0.01739165186882019
1384.097000002861 -1.4660316705703735 -1.6499838829040527 1.1280125379562378 -1.6406328678131104 -2.0002682209014893 0.98438763618469238 -1.9716551303863525 -1.9754877090454102 0.91382080316543579 -2.0091445446014404 -1.8594218492507935 0.58419966697692871 -2.4049735069274902 -1.6992902755737305 0.46840506792068481 -2.2432703971862793 -1.5362001657485962 0.30245226621627808 -2.0696885585784912 -1.8172538280487061 -0.019153108820319176
1384.097000002861 -0.81485068798065186 -0.75760012865066528 -0.011347578838467598 -0.87309414148330688 -1.040242075920105 -0.049007166177034378 -1.0322064161300659 -1.1259748935699463 -0.065591089427471161 -0.82258367538452148 -1.0246028900146484 -0.12560491263866425 -0.94045180082321167 -1.0725290775299072 -0.16532789170742035 -0.77988225221633911 -0.54640293121337891 -0.15207129716873169 -0.75475102663040161 -0.86690670251846313 -0.29228439927101135
1463.6152000129223 -0.85224592685699463 -0.88437938690185547 0.34502115845680237 -0.83784675598144531 -1.1505740880966187 0.40559810400009155 -1.0468195676803589 -1.1726185083389282 0.39403575658798218 -0.98358368873596191 -1.1005090475082397 0.22055120766162872 -1.2395510673522949 -1.0707212686538696 0.20607355237007141 -1.0099444389343262 -0.86342060565948486 0.1419881284236908 -0.92172533273696899 -0.84191685914993286 -0.077195346355438232
1463.6152000129223 -0.85425209999084473 -1.1384909152984619 0.37052977085113525 -0.91195821762084961 -1.3858183622360229 0.28413069248199463 -1.1662418842315674 -1.4136233329772949 0.28117471933364868 -1.1214636564254761 -1.1846377849578857 0.071607410907745361 -1.4348238706588745 -1.1610972881317139 0.070109404623508453 -1.1488449573516846 -0.90248972177505493 -0.0069090751931071281 -1.0963201522827148 -1.1612765789031982 -0.38435846567153931
1535.698100015521 -1.0932084321975708 -0.9523349404335022 0.33757373690605164 -1.0307815074920654 -0.9441981315612793 0.38886293768882751 -1.1365721225738525 -0.92038196325302124 0.34107482433319092 -0.92876642942428589 -0.75978118181228638 0.22630277276039124 -1.0089854001998901 -0.67838066816329956 0.15049585700035095 -0.84806782007217407 -0.59907162189483643 0.0045033618807792664 -0.94099396467208862 -0.88784545660018921 -0.1952638179063797
1535.698100015521 -1.1054131984710693 -1.0142976045608521 -0.486959308385849 -1.0102297067642212 -1.1558600664138794 -0.48189142346382141 -1.1954647302627563 -1.1535782814025879 -0.46733862161636353 -1.0558158159255981 -0.94649934768676758 -0.68831717967987061 -1.2626584768295288 -0.9363638162612915 -0.70330756902694702 -0.83897143602371216 -0.45957455039024353 -0.51312410831451416 -0.68104261159896851 -0.36978879570960999 -0.66752326488494873
1599.7944000065327 -0.72526639699935913 -0.70151853561401367 -0.021129276603460312 -0.71878147125244141 -0.89757215976715088 0.023760188370943069 -0.83372145891189575 -0.86921787261962891 0.086408965289592743 -0.73037451505661011 -0.73063468933105469 -0.16286841034889221 -0.85437196493148804 -0.67187505960464478 -0.10152886807918549 -0.71966171264648438 -0.36773872375488281 -0.19879907369613647 -0.58486658334732056 -0.27906423807144165 -0.36531582474708557
1599.7944000065327 -1.0301727056503296 -1.0325287580490112 -0.029631152749061584 -1.0210717916488647 -1.3076707124710083 0.033366836607456207 -1.1823787689208984 -1.2678784132003784 0.12128829956054688 -1.0373414754867554 -1.0733903646469116 -0.22854825854301453 -1.2113597393035889 -0.99092692136764526 -0.14246414601802826 -1.0223070383071899 -0.56410115957260132 -0.27897343039512634 -0.83313518762588501 -0.43965515494346619 -0.51266348361968994
1706.518300011754 -1.174086332321167 -0.89108729362487793 0.4511682391166687 -1.3701188564300537 -1.4598268270492554 0.016984943300485611 -1.730755090713501 -1.6142169237136841 -0.072787016630172729 -1.7042915821075439 -0.92662262916564941 -0.24386888742446899 -2.0515782833099365 -0.87155425548553467 -0.31698441505432129 -2.0243022441864014 -0.5894782543182373 -0.5161781907081604 -1.6830942630767822 -0.97584056854248047 -0.86474627256393433
1781.4403000026941 -1.7646279335021973 -2.6191360950469971 0.75750070810317993 -1.7822670936584473 -3.3472132682800293 0.56550586223602295 -2.2654027938842773 -3.4603891372680664 0.49147677421569824 -2.1626043319702148 -2.8671088218688965 0.2680608332157135 -2.6057617664337158 -2.7925515174865723 0.22793528437614441 -2.3248677253723145 -2.1427769660949707 -0.0037255326751619577 -2.1183133125305176 -2.769946813583374 -0.40691420435905457
1781.4403000026941 -0.53962022066116333 -1.0300019979476929 0.3279263973236084 -0.63692474365234375 -1.4203383922576904 0.10790441185235977 -0.81508886814117432 -1.4707232713699341 0.10473780333995819 -0.87403768301010132 -1.0988900661468506 0.0073065115138888359 -0.99952173233032227 -1.0413806438446045 0.0092164045199751854 -0.96764761209487915 -0.80039429664611816 -0.11953675746917725 -0.95796382427215576 -1.3602566719055176 -0.40166386961936951
1856.2186000049114 -0.69948172569274902 -1.1021909713745117 0.37652269005775452 -0.75650602579116821 -1.4304441213607788 0.29006585478782654 -0.96881532669067383 -1.4430187940597534 0.27179059386253357 -0.98660105466842651 -1.2777364253997803 0.13608673214912415 -1.2430840730667114 -1.2457764148712158 0.1395191103219986 -1.1406764984130859 -1.0265276432037354 0.048185903578996658 -1.0105044841766357 -1.3400287628173828 -0.15281718969345093
1856.2186000049114 -0.69431507587432861 -1.1147787570953369 0.37985369563102722 -0.74882644414901733 -1.4554504156112671 0.29900896549224854 -0.95498126745223999 -1.4476593732833862 0.29485896229743958 -0.94879943132400513 -1.2809916734695435 0.15701070427894592 -1.17325758934021 -1.2326107025146484 0.18272857367992401 -1.1063065528869629 -1.0166982412338257 0.062275033444166183 -1.0104532241821289 -1.4558650255203247 -0.21761146187782288
1917.3655000180006 -0.75990992784500122 -1.1768261194229126 0.4016355574131012 -0.81754714250564575 -1.5370326042175293 0.31615501642227173 -1.0355232954025269 -1.5287947654724121 0.31176704168319702 -1.0289870500564575 -1.3525701761245728 0.16601428389549255 -1.2663160562515259 -1.3014147281646729 0.19320687651634216 -1.1955260038375854 -1.0731214284896851 0.065846256911754608 -1.094176173210144 -1.5374710559844971 -0.23008951544761658
1917.3655000180006 -0.75103062391281128 -1.1558763980865479 0.44358009099960327 -0.8414766788482666 -1.5138187408447266 0.32594969868659973 -1.0418285131454468 -1.5165661573410034 0.32379141449928284 -1.0543258190155029 -1.29474937915802 0.14826351404190063 -1.2464092969894409 -1.2564569711685181 0.16424310207366943 -1.1867784261703491 -0.99695539474487305 0.025764279067516327 -1.1870735883712769 -1.5850775241851807 -0.39420953392982483
1977.5059000104666 -0.73564231395721436 -1.1564077138900757 0.4147966206073761 -0.8425409197807312 -1.4656264781951904 0.30075079202651978 -1.0174908638000488 -1.4385066032409668 0.29604357481002808 -1.0291634798049927 -1.2518017292022705 0.13993752002716064 -1.2007879018783569 -1.186664342880249 0.16146552562713623 -1.167838454246521 -0.97404026985168457 0.033100012689828873 -1.1707849502563477 -1.5380361080169678 -0.41940495371818542
1977.5059000104666 -0.65882581472396851 -1.1553037166595459 0.44687402248382568 -0.80828136205673218 -1.4863229990005493 0.27849665284156799 -1.019960880279541 -1.4808409214019775 0.28204521536827087 -1.0153030157089233 -1.2920873165130615 0.14844664931297302 -1.2288891077041626 -1.2476797103881836 0.17634579539299011 -1.2047069072723389 -1.0292161703109741 0.010119288228452206 -1.1143991947174072 -1.4498463869094849 -0.22863124310970306
