51.743200019001961 -0.13032445311546326 -1.2260472774505615 0.43049690127372742 0.3020673394203186 -2.0009346008300781 -0.097527645528316498 0.30864742398262024 -2.2359521389007568 -0.10980578511953354 -0.33061209321022034 -2.0755352973937988 -0.20459675788879395 -0.45495659112930298 -2.3275446891784668 -0.18864020705223083 -0.44053637981414795 -1.1167967319488525 0.24700488150119781 -0.56030511856079102 -0.87415212392807007 0.1768593043088913
51.743200019001961 -0.1310461163520813 -1.1737582683563232 0.47630730271339417 0.32143855094909668 -1.9995073080062866 0.0017293671844527125 0.33319202065467834 -2.233992338180542 -0.00041211405186913908 -0.35120627284049988 -2.0958871841430664 -0.11939103901386261 -0.48808106780052185 -2.3460865020751953 -0.09569878876209259 -0.4334501326084137 -1.1103006601333618 0.30304118990898132 -0.56624853610992432 -0.84285974502563477 0.22028213739395142
115.22900003194809 -0.13811744749546051 -1.1886497735977173 0.43253067135810852 0.29594302177429199 -1.9955582618713379 -0.059742908924818039 0.3037039041519165 -2.2208127975463867 -0.066150210797786713 -0.36068204045295715 -2.0629129409790039 -0.14137186110019684 -0.48921281099319458 -2.3061666488647461 -0.11431430280208588 -0.41968908905982971 -1.1312402486801147 0.30121931433677673 -0.53671211004257202 -0.86817073822021484 0.24252966046333313
115.22900003194809 -0.13773725926876068 -1.1901100873947144 0.43667992949485779 0.30048689246177673 -2.0047588348388672 -0.060315787792205811 0.3083222508430481 -2.2321741580963135 -0.066784553229808807 -0.36243680119514465 -2.0727596282958984 -0.14272776246070862 -0.49220049381256104 -2.3183467388153076 -0.11541064828634262 -0.42200988531112671 -1.1321499347686768 0.30410894751548767 -0.54015541076660156 -0.86655688285827637 0.24485631287097931
175.72520001232624 -0.11338943243026733 -1.1541171073913574 0.44693559408187866 0.33457374572753906 -2.008880615234375 -0.032714728266000748 0.33782100677490234 -2.2400472164154053 -0.040041942149400711 -0.34454542398452759 -2.0790116786956787 -0.1163020059466362 -0.48538076877593994 -2.3251094818115234 -0.085179708898067474 -0.41065338253974915 -1.1396435499191284 0.32533115148544312 -0.54304087162017822 -0.86210811138153076 0.26599270105361938
175.72520001232624 -0.16046878695487976 -1.1599154472351074 0.488299161195755 0.29935950040817261 -2.0004065036773682 0.051837339997291565 0.31112322211265564 -2.2283360958099365 0.049672380089759827 -0.3772849440574646 -2.0656485557556152 -0.072037056088447571 -0.52258986234664917 -2.306525707244873 -0.052320428192615509 -0.45234236121177673 -1.1146444082260132 0.28828251361846924 -0.5710519552230835 -0.81381672620773315 0.2125675231218338
236.52540001273155 -0.17780749499797821 -1.1123957633972168 0.4727461040019989 0.29710131883621216 -1.9770985841751099 0.017839688807725906 0.31065213680267334 -2.2192585468292236 0.0054799159988760948 -0.35639297962188721 -2.0673799514770508 -0.10458237677812576 -0.49485769867897034 -2.3250370025634766 -0.09741683304309845 -0.49520593881607056 -1.1262261867523193 0.27305018901824951 -0.59949177503585815 -0.8155251145362854 0.21107403934001923
236.52540001273155 -0.20110614597797394 -1.1566667556762695 0.48472893238067627 0.2858390212059021 -2.0432851314544678 0.018293103203177452 0.29973328113555908 -2.2915825843811035 0.0056200767867267132 -0.38421782851219177 -2.1358547210693359 -0.10723169147968292 -0.5261918306350708 -2.4000418186187744 -0.099884539842605591 -0.52654892206192017 -1.1708477735519409 0.27997180819511414 -0.63347786664962769 -0.8522721529006958 0.21642489731311798
293.55890001356602 -0.19773843884468079 -1.1325061321258545 0.4306340217590332 0.29524055123329163 -1.996151328086853 -0.059034012258052826 0.3060745894908905 -2.2494964599609375 -0.078352205455303192 -0.34693893790245056 -2.0881416797637939 -0.19855009019374847 -0.47906085848808289 -2.3593041896820068 -0.19554188847541809 -0.5435824990272522 -1.127179741859436 0.20020942389965057 -0.63862854242324829 -0.81278300285339355 0.13793499767780304
293.55890001356602 -0.18580341339111328 -1.1613243818283081 0.48470118641853333 0.31435889005661011 -2.0464234352111816 -0.0097731435671448708 0.33282992243766785 -2.3011820316314697 -0.019914912059903145 -0.37891277670860291 -2.1486351490020752 -0.12427400052547455 -0.51033103466033936 -2.4213664531707764 -0.11439582705497742 -0.54530555009841919 -1.1370919942855835 0.26350650191307068 -0.67557817697525024 -0.85935133695602417 0.17683741450309753
353.97380000352859 -0.15742287039756775 -1.1482926607131958 0.48075619339942932 0.3386681079864502 -2.0261871814727783 -0.0096931243315339088 0.35698878765106201 -2.278872013092041 -0.019752338528633118 -0.34896034002304077 -2.1275668144226074 -0.1232619434595108 -0.4793088436126709 -2.3980779647827148 -0.11346418410539627 -0.51399868726730347 -1.1242575645446777 0.26136201620101929 -0.64321088790893555 -0.8487776517868042 0.17539842426776886
353.97380000352859 -0.11849372088909149 -1.2111542224884033 0.40435370802879333 0.33926832675933838 -2.0473248958587646 -0.029316602274775505 0.33491072058677673 -2.2938809394836426 -0.020157082006335258 -0.32040208578109741 -2.1216080188751221 -0.1268894225358963 -0.45914179086685181 -2.3780624866485596 -0.090810656547546387 -0.44277587532997131 -1.0982078313827515 0.23840980231761932 -0.58768153190612793 -0.82151329517364502 0.13479727506637573
412.19500002264977 -0.11198849231004715 -1.1997359991073608 0.29846996068954468 0.3301258385181427 -2.0700135231018066 -0.18528929352760315 0.32819804549217224 -2.3193025588989258 -0.18618576228618622 -0.36653250455856323 -2.1323060989379883 -0.23666444420814514 -0.50295740365982056 -2.3990046977996826 -0.20721465349197388 -0.45734003186225891 -1.1376597881317139 0.1703985333442688 -0.60185492038726807 -0.87831234931945801 0.086873672902584076
412.19500002264977 -0.13221047818660736 -1.1951590776443481 0.30950447916984558 0.34683075547218323 -2.0694425106048584 -0.16391155123710632 0.34429886937141418 -2.3252801895141602 -0.16517187654972076 -0.33709076046943665 -2.1389265060424805 -0.25758230686187744 -0.48225128650665283 -2.401364803314209 -0.2358303964138031 -0.4553740918636322 -1.1498479843139648 0.14213734865188599 -0.59182387590408325 -0.89172035455703735 0.047479458153247833
473.88760001957417 -0.1708403080701828 -1.190929651260376 0.30722501873970032 0.30467262864112854 -2.0587735176086426 -0.16270412504673004 0.30215939879417419 -2.3127267360687256 -0.16395516693592072 -0.37421157956123352 -2.1277458667755127 -0.25568497180938721 -0.51830291748046875 -2.3882513046264648 -0.23409326374530792 -0.49162369966506958 -1.1459522247314453 0.14109060168266296 -0.62706840038299561 -0.88972586393356323 0.047129906713962555
473.88760001957417 -0.13183285295963287 -1.2168570756912231 0.32568201422691345 0.33922520279884338 -2.0464262962341309 -0.17319807410240173 0.3386385440826416 -2.2973372936248779 -0.17457418143749237 -0.35597348213195801 -2.1244349479675293 -0.24944896996021271 -0.49692156910896301 -2.384502649307251 -0.2247530072927475 -0.4826071560382843 -1.1337136030197144 0.15386052429676056 -0.6266443133354187 -0.89589327573776245 0.05138145387172699
535.73630002140999 -0.093979492783546448 -1.1932427883148193 0.34626039862632751 0.36490353941917419 -2.0434079170227051 -0.16735550761222839 0.36692529916763306 -2.2924954891204834 -0.1743147224187851 -0.33437082171440125 -2.1206514835357666 -0.23910173773765564 -0.47395288944244385 -2.3926498889923096 -0.21674045920372009 -0.43700429797172546 -1.135276198387146 0.17854936420917511 -0.57524377107620239 -0.89396131038665771 0.089936882257461548
535.73630002140999 -0.052587851881980896 -1.1885045766830444 0.52765709161758423 0.35869047045707703 -2.0475611686706543 0.085488207638263702 0.38438111543655396 -2.2783699035644531 0.10303836315870285 -0.35390231013298035 -2.116884708404541 0.016358066350221634 -0.48045533895492554 -2.3719081878662109 0.049549233168363571 -0.43632787466049194 -1.1501404047012329 0.28866448998451233 -0.58466511964797974 -0.91534513235092163 0.17676202952861786
595.51620002090931 -0.093588985502719879 -1.1002585887908936 0.49457105994224548 0.29189729690551758 -1.9054419994354248 0.080131463706493378 0.3159768283367157 -2.1217763423919678 0.096581012010574341 -0.37600743770599365 -1.9704180955886841 0.015336602926254272 -0.49462404847145081 -2.2094488143920898 0.046446286141872406 -0.45326393842697144 -1.0643002986907959 0.27056616544723511 -0.59229868650436401 -0.84422945976257324 0.16568131744861603
597.653500020504 -0.081980593502521515 -1.1800599098205566 0.48933976888656616 0.32366877794265747 -1.8992533683776855 -0.018249649554491043 0.36288055777549744 -2.1344389915466309 -0.027866629883646965 -0.35146170854568481 -1.957478404045105 -0.10382134467363358 -0.4737834632396698 -2.209181547164917 -0.091810308396816254 -0.43988531827926636 -1.0901222229003906 0.23909871280193329 -0.57866376638412476 -0.875660240650177 0.1621868908405304
672.56500001251698 -0.088423900306224823 -1.1824005842208862 0.45912757515907288 0.35647955536842346 -1.9201575517654419 0.086717002093791962 0.36455053091049194 -2.157588005065918 0.085477225482463837 -0.26471927762031555 -2.0328443050384521 -0.019341893494129181 -0.39859005808830261 -2.2838048934936523 0.0073568625375628471 -0.42185690999031067 -1.1140296459197998 0.27680850028991699 -0.54470431804656982 -0.85585504770278931 0.18966104090213776
672.56500001251698 -0.068078882992267609 -1.3628132343292236 0.4683988094329834 0.3823254406452179 -2.1520218849182129 -0.0074081383645534515 0.38575196266174316 -2.407451868057251 -0.024529747664928436 -0.25683361291885376 -2.2675542831420898 -0.12518066167831421 -0.38639053702354431 -2.5360946655273438 -0.097809992730617523 -0.40451529622077942 -1.2686927318572998 0.29942867159843445 -0.53953373432159424 -0.97206944227218628 0.22174535691738129
735.32690002024174 -0.11506759375333786 -1.2314368486404419 0.47479873895645142 0.33511871099472046 -1.9773317575454712 0.065728403627872467 0.35251998901367188 -2.2077202796936035 0.057034067809581757 -0.29238712787628174 -2.0925157070159912 -0.05797325074672699 -0.41637828946113586 -2.3520791530609131 -0.040406916290521622 -0.38589337468147278 -1.1460472345352173 0.27280744910240173 -0.51731568574905396 -0.86884742975234985 0.19382277131080627
735.32690002024174 -0.11410000175237656 -1.1068993806838989 0.46473121643066406 0.30496346950531006 -1.9208894968032837 0.051880132406949997 0.30799782276153564 -2.1568217277526855 0.046181328594684601 -0.25868639349937439 -2.0297877788543701 -0.083565361797809601 -0.37789842486381531 -2.2799575328826904 -0.06811831146478653 -0.43562769889831543 -1.0994119644165039 0.2308344691991806 -0.55919420719146729 -0.81134027242660522 0.14630499482154846
790.86760002374649 -0.18041303753852844 -1.1721780300140381 0.48479029536247253 0.25673717260360718 -2.0213000774383545 0.054120585322380066 0.25990250706672668 -2.2674148082733154 0.048175819218158722 -0.33123975992202759 -2.1348981857299805 -0.087170727550983429 -0.45559701323509216 -2.3958652019500732 -0.07105698436498642 -0.51581788063049316 -1.1643674373626709 0.24079859256744385 -0.6447175145149231 -0.86386251449584961 0.1526208221912384
790.86760002374649 -0.13065057992935181 -1.2144234180450439 0.45849922299385071 0.35592111945152283 -2.002352237701416 -0.019864521920681 0.38191664218902588 -2.2484476566314697 -0.03303464874625206 -0.30296978354454041 -2.1120309829711914 -0.14189638197422028 -0.42604202032089233 -2.368558406829834 -0.13577783107757568 -0.47736448049545288 -1.1894142627716064 0.20715606212615967 -0.60024607181549072 -0.91702300310134888 0.13041692972183228
847.57000003755093 -0.084242694079875946 -1.1934061050415039 0.51724082231521606 0.33881768584251404 -1.9671638011932373 0.092731639742851257 0.34892618656158447 -2.1938519477844238 0.10565061867237091 -0.27693235874176025 -2.0951404571533203 -0.031644146889448166 -0.39820384979248047 -2.3435299396514893 -0.00034168513957411051 -0.46271389722824097 -1.1586306095123291 0.2642495334148407 -0.61028999090194702 -0.9433472752571106 0.1556277871131897
847.57000003755093 -0.10516438633203506 -1.1872137784957886 0.50634318590164185 0.30898368358612061 -1.9446711540222168 0.090776838362216949 0.31887924671173096 -2.166583776473999 0.10342366248369217 -0.29379478096961975 -2.0699517726898193 -0.030978819355368614 -0.41251152753829956 -2.3131086826324463 -0.00033578291186131537 -0.47566261887550354 -1.1531708240509033 0.25868147611618042 -0.62012982368469238 -0.94242262840270996 0.15234799683094025
907.41300003230572 -0.10345955193042755 -1.167967677116394 0.49813482165336609 0.30397471785545349 -1.913145899772644 0.089305244386196136 0.31370985507965088 -2.1314609050750732 0.10174704343080521 -0.28903204202651978 -2.0363955497741699 -0.030476616695523262 -0.40582427382469177 -2.2756104469299316 -0.00033033950603567064 -0.46795159578323364 -1.1344766616821289 0.25448796153068542 -0.61007684469223022 -0.92714494466781616 0.14987827837467194
907.41300003230572 -0.13614584505558014 -1.1507409811019897 0.44565027952194214 0.29327735304832458 -1.9183695316314697 0.051369093358516693 0.29734313488006592 -2.148052453994751 0.045868437737226486 -0.23847499489784241 -2.0312058925628662 -0.078097306191921234 -0.35476580262184143 -2.2791376113891602 -0.064289852976799011 -0.48893338441848755 -1.128772497177124 0.19118648767471313 -0.6151769757270813 -0.90419071912765503 0.089843615889549255
968.26570002734661 -0.18523867428302765 -1.1507134437561035 0.44890078902244568 0.24731580913066864 -1.9239394664764404 0.051744561642408371 0.25141125917434692 -2.1552970409393311 0.046203799545764923 -0.28831398487091064 -2.0375986099243164 -0.078665882349014282 -0.40545278787612915 -2.2873382568359375 -0.064757749438285828 -0.54059869050979614 -1.1285847425460815 0.19258147478103638 -0.66776281595230103 -0.90236544609069824 0.090499646961688995
968.26570002734661 -0.09119126945734024 -1.2485597133636475 0.46894598007202148 0.34418404102325439 -1.9560849666595459 0.04056280106306076 0.35574451088905334 -2.1752674579620361 0.035140413790941238 -0.26374143362045288 -2.0578422546386719 -0.11535315960645676 -0.38984972238540649 -2.2884089946746826 -0.10586782544851303 -0.47601521015167236 -1.173784613609314 0.15185509622097015 -0.58769595623016357 -0.98678380250930786 0.03867223858833313
1029.9601000249386 -0.096778765320777893 -1.1383503675460815 0.5021820068359375 0.30355563759803772 -1.8500428199768066 0.097090639173984528 0.32469117641448975 -2.0642180442810059 0.090315327048301697 -0.26468944549560547 -1.9620195627212524 -0.04668402299284935 -0.39300906658172607 -2.1803596019744873 -0.030985960736870766 -0.51717466115951538 -1.1539850234985352 0.20169007778167725 -0.62931734323501587 -0.96263718605041504 0.10490106046199799
1029.9601000249386 -0.086245216429233551 -1.1715337038040161 0.50848448276519775 0.31283950805664063 -1.8736667633056641 0.064637050032615662 0.34855753183364868 -2.090576171875 0.052220843732357025 -0.32531765103340149 -1.9675970077514648 -0.077901214361190796 -0.46120017766952515 -2.1905715465545654 -0.077449031174182892 -0.51080280542373657 -1.1364849805831909 0.16838231682777405 -0.62097263336181641 -0.97858333587646484 0.065296545624732971
1104.3151000291109 -0.065726220607757568 -1.0970093011856079 0.55598360300064087 0.34817719459533691 -1.8325064182281494 0.14407455921173096 0.38029614090919495 -2.0455873012542725 0.14125651121139526 -0.30078223347663879 -1.981620192527771 0.021129196509718895 -0.4084492027759552 -2.2356693744659424 0.02929718978703022 -0.42119967937469482 -1.0678867101669312 0.26172930002212524 -0.57089215517044067 -0.87033540010452271 0.15206615626811981
1104.3151000291109 -0.11719871312379837 -1.1435631513595581 0.5959014892578125 0.38440099358558655 -1.9121509790420532 0.22830578684806824 0.4193706214427948 -2.1262202262878418 0.22208411991596222 -0.26657181978225708 -2.1145868301391602 0.062882915139198303 -0.37917041778564453 -2.394695520401001 0.058517914265394211 -0.44189038872718811 -1.1344646215438843 0.24376152455806732 -0.60554933547973633 -0.95605921745300293 0.12615247070789337
1164.0973000079393 -0.17570815980434418 -0.95465511083602905 0.5239180326461792 0.26529985666275024 -1.6303998231887817 0.2007267028093338 0.29604524374008179 -1.8186103105545044 0.19525659084320068 -0.30703750252723694 -1.8083820343017578 0.055286407470703125 -0.40603449940681458 -2.054654598236084 0.051448684185743332 -0.46117812395095825 -0.94665557146072388 0.21431542932987213 -0.60506755113601685 -0.78980100154876709 0.11091319471597672
1164.0973000079393 -0.1154656708240509 -1.1040855646133423 0.49326616525650024 0.32045704126358032 -1.7868722677230835 0.12298126518726349 0.34446331858634949 -1.9813268184661865 0.12085846811532974 -0.25570288300514221 -1.9178082942962646 -0.023855259642004967 -0.3544687032699585 -2.149036169052124 -0.022113118320703506 -0.42440229654312134 -1.0505880117416382 0.21781130135059357 -0.56108099222183228 -0.86609923839569092 0.12582333385944366
1225.2282000184059 -0.23364226520061493 -1.1346304416656494 0.43111836910247803 0.2631361186504364 -1.8041045665740967 0.098279505968093872 0.27921813726425171 -2.0033817291259766 0.097729586064815521 -0.28373929858207703 -1.9185373783111572 -0.030262617394328117 -0.37807160615921021 -2.1583964824676514 -0.029314981773495674 -0.46839377284049988 -1.067102313041687 0.22016796469688416 -0.61455076932907104 -0.88758087158203125 0.14322318136692047
1225.2282000184059 -0.19578418135643005 -1.1412774324417114 0.50630384683609009 0.25785824656486511 -1.7894577980041504 0.17001660168170929 0.26245182752609253 -1.9849957227706909 0.17776305973529816 -0.27293524146080017 -1.8949602842330933 0.030483342707157135 -0.36663532257080078 -2.1280932426452637 0.044914845377206802 -0.49419736862182617 -1.0533252954483032 0.24088099598884583 -0.62365949153900146 -0.86649858951568604 0.14910513162612915
1295.6790000200272 -0.10816724598407745 -1.1335844993591309 0.48229721188545227 0.27294659614562988 -1.840401291847229 0.11109698563814163 0.31023064255714417 -2.0537014007568359 0.10038484632968903 -0.33155179023742676 -1.997471809387207 -0.0093767810612916946 -0.43297788500785828 -2.266129732131958 -0.014532405883073807 -0.45592135190963745 -1.0851690769195557 0.18708886206150055 -0.59836107492446899 -0.94169116020202637 0.077600844204425812
1295.6790000200272 -0.090129248797893524 -1.1064954996109009 0.46991175413131714 0.28119537234306335 -1.7951571941375732 0.10824611037969589 0.31752175092697144 -2.0029788017272949 0.097809113562107086 -0.30777600407600403 -1.9481933116912842 -0.0091332066804170609 -0.40659686923027039 -2.2099504470825195 -0.014156406745314598 -0.42895102500915527 -1.0593236684799194 0.18228606879711151 -0.56773203611373901 -0.91953110694885254 0.075610339641571045
1356.714400023222 -0.15688169002532959 -1.173458456993103 0.40728399157524109 0.28296616673469543 -1.7974154949188232 0.076707534492015839 0.31868258118629456 -2.0024616718292236 0.058501262217760086 -0.29819941520690918 -1.95362389087677 -0.050757069140672684 -0.40484869480133057 -2.2097656726837158 -0.06233774870634079 -0.43606641888618469 -1.0840916633605957 0.14498549699783325 -0.56844735145568848 -0.92433035373687744 0.057783853262662888
1356.714400023222 -0.14421863853931427 -1.2092537879943848 0.50422132015228271 0.26782611012458801 -1.8619394302368164 0.16562198102474213 0.28376695513725281 -2.0469522476196289 0.17101812362670898 -0.29342305660247803 -1.9819185733795166 0.063254177570343018 -0.38407796621322632 -2.2203986644744873 0.07502630352973938 -0.39277833700180054 -1.1027959585189819 0.26709234714508057 -0.52550143003463745 -0.94957864284515381 0.19087809324264526
1421.1720000207424 -0.17291001975536346 -1.0453979969024658 0.46101996302604675 0.20383352041244507 -1.6421657800674438 0.15142950415611267 0.21840867400169373 -1.8113280534744263 0.1563633531332016 -0.30933162569999695 -1.7518659830093384 0.057831887155771255 -0.39221981167793274 -1.9699149131774902 0.068595454096794128 -0.4001748263835907 -0.94806063175201416 0.24420659244060516 -0.52152711153030396 -0.80796998739242554 0.17452184855937958
1421.1720000207424 -0.1768135279417038 -1.145910382270813 0.47881799936294556 0.23635801672935486 -1.7394634485244751 0.16743488609790802 0.25067421793937683 -1.9213471412658691 0.17008723318576813 -0.27403938770294189 -1.864457368850708 0.049709722399711609 -0.36322414875030518 -2.0903542041778564 0.060909811407327652 -0.45591771602630615 -1.0416320562362671 0.2366051971912384 -0.58341723680496216 -0.88626545667648315 0.15150518715381622
1479.9438000321388 -0.22906753420829773 -1.1372791528701782 0.43723878264427185 0.21144591271877289 -1.7409793138504028 0.12801392376422882 0.21881820261478424 -1.9266093969345093 0.13070777058601379 -0.27234089374542236 -1.857460618019104 0.029170962050557137 -0.35086971521377563 -2.0795159339904785 0.042770117521286011 -0.48570531606674194 -1.0463701486587524 0.25880053639411926 -0.60980731248855591 -0.88373863697052002 0.18744294345378876
1483.6503000259399 -0.22841398417949677 -1.1523785591125488 0.45078650116920471 0.19988152384757996 -1.7619572877883911 0.19275525212287903 0.19812591373920441 -1.944243311882019 0.20288622379302979 -0.24599142372608185 -1.8482692241668701 0.081293605268001556 -0.34143856167793274 -2.0535361766815186 0.10018163174390793 -0.48245960474014282 -1.0569133758544922 0.29527297616004944 -0.59321200847625732 -0.87259626388549805 0.22200886905193329
1563.446500018239 -0.22267378866672516 -1.1458948850631714 0.37308645248413086 0.14280103147029877 -1.7308111190795898 0.10637795925140381 0.16026924550533295 -1.9189226627349854 0.097732670605182648 -0.33885836601257324 -1.8592796325683594 0.0075471671298146248 -0.43476301431655884 -2.0889310836791992 0.011973409913480282 -0.46556186676025391 -1.0277692079544067 0.19440023601055145 -0.58670651912689209 -0.87133681774139404 0.11852490156888962
1563.446500018239 -0.13917985558509827 -1.1357651948928833 0.45309853553771973 0.25536417961120605 -1.7742428779602051 0.1926262378692627 0.27260559797286987 -1.9597233533859253 0.19045495986938477 -0.27829685807228088 -1.9060559272766113 0.089807711541652679 -0.37693032622337341 -2.141350269317627 0.099723108112812042 -0.38217481970787048 -1.0461838245391846 0.25742772221565247 -0.51225870847702026 -0.86921137571334839 0.181203693151474
1626.9425000101328 -0.20250284671783447 -1.0039690732955933 0.42485859990119934 0.16745160520076752 -1.6026542186737061 0.1806199848651886 0.18361847102642059 -1.7765748500823975 0.17858403921127319 -0.33294951915740967 -1.7262521982192993 0.084209516644477844 -0.42543572187423706 -1.9468821287155151 0.093506947159767151 -0.43035340309143066 -0.91997075080871582 0.24138276278972626 -0.55232983827590942 -0.75402796268463135 0.16990932822227478
1626.9425000101328 -0.22165876626968384 -1.0922176837921143 0.40619531273841858 0.22416989505290985 -1.693578839302063 0.13888044655323029 0.25354954600334167 -1.8838679790496826 0.12900389730930328 -0.32221657037734985 -1.8260034322738647 0.04327700287103653 -0.42717170715332031 -2.0587036609649658 0.047453682869672775 -0.47950780391693115 -1.0128700733184814 0.22102287411689758 -0.59459912776947021 -0.84679269790649414 0.15558281540870667
1688.0839000195265 -0.23839397728443146 -1.1430419683456421 0.43710160255432129 0.22683639824390411 -1.7459579706192017 0.14679649472236633 0.25438383221626282 -1.9325307607650757 0.1435711681842804 -0.3136850893497467 -1.8717271089553833 0.046212904155254364 -0.4046454131603241 -2.0851292610168457 0.057346981018781662 -0.4994983971118927 -1.0540065765380859 0.25520983338356018 -0.60664904117584229 -0.8783225417137146 0.18468384444713593
1688.0839000195265 -0.26980769634246826 -1.1373730897903442 0.37888625264167786 0.22376313805580139 -1.7042542695999146 0.098760195076465607 0.25264245271682739 -1.8960970640182495 0.090578518807888031 -0.28552299737930298 -1.8172100782394409 -0.0082038994878530502 -0.3723914623260498 -2.0389158725738525 -0.0053685479797422886 -0.49063429236412048 -1.0222611427307129 0.21560412645339966 -0.6017882227897644 -0.85310405492782593 0.15829519927501678
1763.9423000216484 -0.25702387094497681 -1.1494632959365845 0.39091899991035461 0.19765420258045197 -1.7744592428207397 0.084423840045928955 0.21573925018310547 -1.9687509536743164 0.07923087477684021 -0.30309376120567322 -1.8773287534713745 -0.018078621476888657 -0.38434880971908569 -2.0902795791625977 -0.0095959343016147614 -0.5049973726272583 -1.0638476610183716 0.22016821801662445 -0.62307751178741455 -0.90366441011428833 0.1538308709859848
1763.9423000216484 -0.22718590497970581 -1.109072208404541 0.37995624542236328 0.19943362474441528 -1.6732394695281982 0.10048667341470718 0.22188501060009003 -1.8644728660583496 0.080949641764163971 -0.2928350567817688 -1.8234521150588989 0.0031498419120907784 -0.39149770140647888 -2.0439460277557373 0.0070770415477454662 -0.4370349645614624 -1.0799071788787842 0.2087586522102356 -0.57620036602020264 -0.89471703767776489 0.13992466032505035
1829.5289000123739 -0.13585121929645538 -1.1058328151702881 0.41535332798957825 0.28518980741500854 -1.735146164894104 0.14119283854961395 0.32320916652679443 -1.9261811971664429 0.13189148902893066 -0.30130091309547424 -1.8817576169967651 0.048362698405981064 -0.39379224181175232 -2.1271841526031494 0.04813312366604805 -0.35707685351371765 -1.0311869382858276 0.24763163924217224 -0.49755331873893738 -0.86086899042129517 0.17719642817974091
1829.5289000123739 -0.17722345888614655 -1.0866025686264038 0.39997556805610657 0.27678120136260986 -1.6830593347549438 0.12759377062320709 0.31633046269416809 -1.879454493522644 0.1105177104473114 -0.31035739183425903 -1.8343693017959595 0.023645510897040367 -0.40943065285682678 -2.0851011276245117 0.013022417202591896 -0.39883944392204285 -1.0038043260574341 0.20842018723487854 -0.5329124927520752 -0.83907264471054077 0.14215758442878723
1885.5513000190258 -0.15593121945858002 -1.0879521369934082 0.4391484260559082 0.29490673542022705 -1.6925230026245117 0.14138199388980865 0.33332213759422302 -1.8860262632369995 0.12703628838062286 -0.30672520399093628 -1.842985987663269 0.024269774556159973 -0.41024360060691833 -2.0808396339416504 0.018142718821763992 -0.40375328063964844 -1.0267078876495361 0.23141588270664215 -0.53567695617675781 -0.86205947399139404 0.15571919083595276
1885.5513000190258 -0.16981635987758636 -1.0988751649856567 0.4959542453289032 0.28455156087875366 -1.7337268590927124 0.24479235708713531 0.31839382648468018 -1.9163920879364014 0.2511519193649292 -0.33308765292167664 -1.8527144193649292 0.1294332891702652 -0.44035160541534424 -2.0690879821777344 0.14058460295200348 -0.41267004609107971 -1.0242100954055786 0.30907070636749268 -0.53755545616149902 -0.840110182762146 0.22775113582611084
1946.9188000112772 -0.18204717338085175 -1.0357979536056519 0.4728982150554657 0.2511964738368988 -1.6411343812942505 0.23341324925422668 0.28346535563468933 -1.8153071403503418 0.23947714269161224 -0.33772775530815125 -1.7545899152755737 0.12341738492250443 -0.44000482559204102 -1.9609042406082153 0.13405026495456696 -0.41361024975776672 -0.96460402011871338 0.29470318555831909 -0.53268951177597046 -0.78906327486038208 0.2171642929315567
1946.9188000112772 -0.27410575747489929 -1.103595495223999 0.42099699378013611 0.21458128094673157 -1.7225204706192017 0.21709674596786499 0.24257864058017731 -1.9096914529800415 0.22356659173965454 -0.32395485043525696 -1.8337814807891846 0.10586843639612198 -0.41706541180610657 -2.0572652816772461 0.11454188078641891 -0.46804198622703552 -1.017767071723938 0.2479233592748642 -0.58321976661682129 -0.83893835544586182 0.17844827473163605
