48.379499994218349 0.12009246647357941 -1.1173180341720581 -0.11034659296274185 0.37460672855377197 -1.5869024991989136 -1.0530157089233398 0.3544420599937439 -1.8399461507797241 -1.0906014442443848 -0.15568163990974426 -1.6155954599380493 -0.91741311550140381 -0.18557737767696381 -1.863527774810791 -0.82222062349319458 -0.44316887855529785 -1.4061996936798096 -0.24602706730365753 -0.399107426404953 -0.94436562061309814 -0.13203604519367218
48.379499994218349 0.12308197468519211 -1.0975970029830933 -0.16427804529666901 0.41854459047317505 -1.546011209487915 -1.1373860836029053 0.39228376746177673 -1.8038324117660522 -1.221936821937561 -0.15374751389026642 -1.5553151369094849 -0.97530555725097656 -0.21555297076702118 -1.8120187520980835 -0.91080337762832642 -0.31832441687583923 -1.090630054473877 -0.20256721973419189 -0.41187158226966858 -0.94470059871673584 -0.24231672286987305
109.21779999136925 0.12448137998580933 -1.0396692752838135 -0.20157994329929352 0.40991178154945374 -1.4693824052810669 -1.1367813348770142 0.38697370886802673 -1.7107799053192139 -1.2004644870758057 -0.11873995512723923 -1.4985404014587402 -0.98526990413665771 -0.16984651982784271 -1.7502437829971313 -0.91998225450515747 -0.30466532707214355 -1.0913295745849609 -0.27661609649658203 -0.43016031384468079 -1.0429668426513672 -0.33058646321296692
109.21779999136925 0.11713971197605133 -1.00669264793396 -0.19875326752662659 0.39856722950935364 -1.4303793907165527 -1.1208394765853882 0.37595087289810181 -1.6683914661407471 -1.1836295127868652 -0.12267070263624191 -1.4591283798217773 -0.97145277261734009 -0.17306053638458252 -1.7073020935058594 -0.90708070993423462 -0.30598863959312439 -1.0576283931732178 -0.27273714542388916 -0.42972368001937866 -1.0099438428878784 -0.32595062255859375
182.76699999719858 0.13819743692874908 -1.0069159269332886 -0.18935881555080414 0.40265095233917236 -1.4333828687667847 -1.0621274709701538 0.39252474904060364 -1.6789704561233521 -1.1165564060211182 -0.12171023339033127 -1.4759010076522827 -0.91885620355606079 -0.17039479315280914 -1.7268555164337158 -0.85375374555587769 -0.37238937616348267 -1.2582212686538696 -0.31660038232803345 -0.40030014514923096 -0.91910362243652344 -0.23465636372566223
182.76699999719858 0.15905448794364929 -1.0845204591751099 -0.37833335995674133 0.48414069414138794 -1.5696671009063721 -1.3788911104202271 0.45217287540435791 -1.8580436706542969 -1.4824490547180176 -0.13714753091335297 -1.5979759693145752 -1.1892942190170288 -0.2161957323551178 -1.8913308382034302 -1.1374944448471069 -0.27623644471168518 -1.1292818784713745 -0.24141839146614075 -0.36783751845359802 -0.95154529809951782 -0.24928306043148041
248.61839999258518 0.059011217206716537 -0.94199025630950928 -0.22685025632381439 0.39596384763717651 -1.3747546672821045 -1.0777722597122192 0.38715553283691406 -1.6206285953521729 -1.150007963180542 -0.11831554770469666 -1.4338464736938477 -0.96588611602783203 -0.17488816380500793 -1.6783524751663208 -0.91526317596435547 -0.3452627956867218 -1.1176241636276245 -0.27460229396820068 -0.38843464851379395 -0.82153618335723877 -0.22933396697044373
248.61839999258518 0.1340584009885788 -1.0596977472305298 -0.18204878270626068 0.47071906924247742 -1.509621262550354 -1.0903109312057495 0.46805813908576965 -1.7649637460708618 -1.1377406120300293 -0.10114425420761108 -1.5628275871276855 -0.94146603345870972 -0.14697158336639404 -1.8191331624984741 -0.86150866746902466 -0.40941143035888672 -1.4025633335113525 -0.31502747535705566 -0.36667206883430481 -0.95258784294128418 -0.20610721409320831
317.14499998837709 0.11330877244472504 -1.0710228681564331 -0.18204227089881897 0.4499671459197998 -1.520943284034729 -1.0902981758117676 0.44730624556541443 -1.7762839794158936 -1.1377274990081787 -0.12189227342605591 -1.5741490125656128 -0.94145429134368896 -0.1677192747592926 -1.8304529190063477 -0.86149746179580688 -0.43015730381011963 -1.4138859510421753 -0.31502002477645874 -0.3874182403087616 -0.96391355991363525 -0.20610052347183228
317.14499998837709 0.12284883856773376 -1.1079133749008179 -0.29284557700157166 0.42236259579658508 -1.5001392364501953 -1.2516161203384399 0.38603904843330383 -1.7564060688018799 -1.3183009624481201 -0.13010956346988678 -1.5292209386825562 -1.0153032541275024 -0.19678793847560883 -1.7901530265808105 -0.91435647010803223 -0.3898901641368866 -1.3204123973846436 -0.3906940221786499 -0.46494650840759277 -1.1031177043914795 -0.41637581586837769
388.56429998576641 0.073410622775554657 -1.0253275632858276 -0.15355531871318817 0.43102985620498657 -1.476714015007019 -1.0237514972686768 0.43861094117164612 -1.7191520929336548 -1.0838383436203003 -0.11605539172887802 -1.5029952526092529 -0.93549895286560059 -0.17703540623188019 -1.7566179037094116 -0.92004340887069702 -0.36278140544891357 -1.3171983957290649 -0.36336186528205872 -0.35266894102096558 -0.94573962688446045 -0.2610480785369873
388.56429998576641 0.10574996471405029 -1.1411547660827637 -0.14729318022727966 0.44652187824249268 -1.5927973985671997 -1.0861130952835083 0.44249331951141357 -1.8484067916870117 -1.1159020662307739 -0.12866772711277008 -1.6627942323684692 -0.97294414043426514 -0.20561960339546204 -1.9290982484817505 -0.90229952335357666 -0.36169660091400146 -1.2323230504989624 -0.33010017871856689 -0.45984995365142822 -1.1190406084060669 -0.32807615399360657
453.69999999552965 0.13149447739124298 -1.1174733638763428 -0.1354377418756485 0.4784579873085022 -1.5743597745895386 -1.0770745277404785 0.45346051454544067 -1.8390916585922241 -1.1150873899459839 -0.078812919557094574 -1.6315393447875977 -1.0006614923477173 -0.16306716203689575 -1.9061785936355591 -0.92767918109893799 -0.43845885992050171 -1.3999650478363037 -0.42391782999038696 -0.45177865028381348 -0.9944414496421814 -0.37359911203384399
453.69999999552965 0.053165014833211899 -1.1153026819229126 -0.05022072046995163 0.38658052682876587 -1.6250053644180298 -0.88272064924240112 0.37082651257514954 -1.8748903274536133 -0.89231932163238525 -0.11013190448284149 -1.7119635343551636 -0.85821288824081421 -0.18255753815174103 -1.9722535610198975 -0.78696739673614502 -0.39513963460922241 -1.2909977436065674 -0.29208153486251831 -0.44394662976264954 -0.99056464433670044 -0.3285735547542572
522.27569999545813 0.10121627151966095 -1.0889714956283569 -0.050452839583158493 0.43613147735595703 -1.6009666919708252 -0.88669723272323608 0.42030653357505798 -1.8519754409790039 -0.8963390588760376 -0.062815144658088684 -1.6883161067962646 -0.86207926273345947 -0.13556654751300812 -1.9497766494750977 -0.79051333665847778 -0.34910482168197632 -1.2654567956924438 -0.29340150952339172 -0.39813137054443359 -0.96367233991622925 -0.33005768060684204
522.27569999545813 0.12888872623443604 -1.1472004652023315 -0.079346440732479095 0.42586588859558105 -1.6448231935501099 -0.9859168529510498 0.3981759250164032 -1.9111047983169556 -1.0296639204025269 -0.049721159040927887 -1.6879254579544067 -0.92696362733840942 -0.13397559523582458 -1.9366133213043213 -0.8636658787727356 -0.34252893924713135 -1.3664478063583374 -0.27354207634925842 -0.38703018426895142 -1.1045687198638916 -0.30000919103622437
586.80989999324083 0.12458463758230209 -1.2518643140792847 -0.14814367890357971 0.42469489574432373 -1.7309646606445313 -1.0690268278121948 0.38019216060638428 -1.9995729923248291 -1.1071586608886719 -0.084680825471878052 -1.7559356689453125 -0.97672551870346069 -0.17828193306922913 -2.0058491230010986 -0.89301145076751709 -0.37836787104606628 -1.4639222621917725 -0.32122939825057983 -0.41966018080711365 -1.1349798440933228 -0.35040542483329773
586.80989999324083 0.17285574972629547 -1.193597674369812 0.030883703380823135 0.44063696265220642 -1.7404526472091675 -0.86976134777069092 0.40849706530570984 -1.9957056045532227 -0.89593112468719482 -0.067152686417102814 -1.7312639951705933 -0.71489524841308594 -0.14423000812530518 -1.9314848184585571 -0.60177522897720337 -0.36560076475143433 -1.4730544090270996 -0.27024263143539429 -0.4463055431842804 -1.1289472579956055 -0.3243548572063446
652.90819998830557 0.12159913033246994 -1.2349417209625244 0.020581901073455811 0.45895949006080627 -1.8318983316421509 -0.87156385183334351 0.431181401014328 -2.0968389511108398 -0.87131041288375854 -0.11908795684576035 -1.8084441423416138 -0.61099576950073242 -0.18525215983390808 -1.9982466697692871 -0.43529853224754333 -0.39416596293449402 -1.612978458404541 -0.20340217649936676 -0.45996847748756409 -1.2466727495193481 -0.29832154512405396
652.90819998830557 0.15016357600688934 -1.3189769983291626 0.046205651015043259 0.41130167245864868 -1.8784526586532593 -0.93963748216629028 0.3656977117061615 -2.1341779232025146 -0.94859534502029419 -0.11205466836690903 -1.8861078023910522 -0.73721760511398315 -0.18805617094039917 -2.0974247455596924 -0.57850193977355957 -0.3731498122215271 -1.6421751976013184 -0.11974325776100159 -0.4241771399974823 -1.2834995985031128 -0.16410206258296967
719.46699999272823 0.10349369049072266 -1.2669603824615479 0.045607142150402069 0.36129111051559448 -1.8192787170410156 -0.92762422561645508 0.31627056002616882 -2.071732759475708 -0.93646746873855591 -0.15537004172801971 -1.8268359899520874 -0.72779393196105957 -0.23039926588535309 -2.0354495048522949 -0.57110869884490967 -0.41312506794929504 -1.5860239267349243 -0.11821881681680679 -0.46349960565567017 -1.2319366931915283 -0.16201016306877136
719.46699999272823 0.052686188369989395 -1.2980948686599731 0.032137095928192139 0.33812528848648071 -1.9226557016372681 -0.93048882484436035 0.27278304100036621 -2.1782820224761963 -0.92992532253265381 -0.1405184268951416 -1.9441707134246826 -0.84952270984649658 -0.22969950735569 -2.1728579998016357 -0.71447300910949707 -0.41398665308952332 -1.5722368955612183 -0.11328437179327011 -0.45336556434631348 -1.2212674617767334 -0.14924535155296326
785.71739999204874 0.08589547872543335 -1.2315497398376465 0.15074943006038666 0.38650646805763245 -1.8215043544769287 -0.8146398663520813 0.35406014323234558 -2.0596928596496582 -0.83224749565124512 -0.10691869258880615 -1.862284779548645 -0.8229820728302002 -0.19712108373641968 -2.0864589214324951 -0.75295537710189819 -0.33123096823692322 -1.3803476095199585 -0.123259536921978 -0.41634511947631836 -1.1481531858444214 -0.20571975409984589
785.71739999204874 0.019316960126161575 -1.3213884830474854 0.092594839632511139 0.31652650237083435 -1.8307994604110718 -0.76236414909362793 0.27372026443481445 -2.0409009456634521 -0.73225891590118408 -0.18799993395805359 -1.8724180459976196 -0.71650421619415283 -0.26857373118400574 -2.0589430332183838 -0.5903085470199585 -0.34424066543579102 -1.4461040496826172 -0.0017594704404473305 -0.41821476817131042 -1.2082207202911377 -0.07796933501958847
871.66069999337196 0.10200938582420349 -1.232637882232666 0.18843281269073486 0.38104557991027832 -1.6910409927368164 -0.66745376586914063 0.33396223187446594 -1.8779664039611816 -0.64281600713729858 -0.10672314465045929 -1.6839520931243896 -0.58713817596435547 -0.18155251443386078 -1.8461031913757324 -0.46185910701751709 -0.26709774136543274 -1.2793772220611572 0.046464007347822189 -0.32270601391792297 -1.0382976531982422 -0.037923187017440796
871.66069999337196 0.14214962720870972 -1.1911681890487671 0.31125238537788391 0.39423650503158569 -1.664715051651001 -0.56026655435562134 0.3554951548576355 -1.8617007732391357 -0.55659055709838867 -0.12036865949630737 -1.7204842567443848 -0.46798783540725708 -0.20148254930973053 -1.8976849317550659 -0.36540916562080383 -0.26025953888893127 -1.2670531272888184 0.097579516470432281 -0.31611746549606323 -0.99887412786483765 0.018627932295203209
940.03639999032021 0.1310732513666153 -1.4097832441329956 0.43007537722587585 0.53162723779678345 -1.9845118522644043 -0.50930142402648926 0.52450156211853027 -2.205181360244751 -0.51139068603515625 -0.069164469838142395 -2.0425872802734375 -0.55535292625427246 -0.1640905886888504 -2.2495326995849609 -0.51918399333953857 -0.26648116111755371 -1.4449737071990967 0.10095454752445221 -0.34633651375770569 -1.2193700075149536 0.018286524340510368
940.03639999032021 0.10368414223194122 -1.3170053958892822 0.33795323967933655 0.51815259456634521 -1.8554352521896362 -0.55822604894638062 0.50100970268249512 -2.0642130374908447 -0.55835813283920288 -0.068388238549232483 -1.8906009197235107 -0.64485681056976318 -0.184888556599617 -2.0904297828674316 -0.62786698341369629 -0.21121333539485931 -1.2855206727981567 0.022472670301795006 -0.2843591570854187 -1.0909231901168823 -0.048805419355630875
1033.8947999924421 0.13695263862609863 -1.2745711803436279 0.36401998996734619 0.51679122447967529 -1.7751431465148926 -0.47536429762840271 0.51241964101791382 -1.9803024530410767 -0.49740636348724365 0.0059032579883933067 -1.8551549911499023 -0.47597074508666992 -0.082935594022274017 -2.0521221160888672 -0.44178286194801331 -0.19283871352672577 -1.238778829574585 0.11841346323490143 -0.27659234404563904 -1.0281609296798706 0.066081143915653229
1033.8947999924421 0.17815884947776794 -1.4940047264099121 0.37237381935119629 0.51261085271835327 -2.0777311325073242 -0.51840102672576904 0.46258199214935303 -2.3123190402984619 -0.49898844957351685 -0.025396987795829773 -2.1090216636657715 -0.54400628805160522 -0.14172247052192688 -2.3201146125793457 -0.48045244812965393 -0.18950958549976349 -1.5040614604949951 0.14065811038017273 -0.25457191467285156 -1.2329790592193604 0.078378632664680481
1104.5125999897718 0.14046271145343781 -1.396056056022644 0.48803612589836121 0.51941210031509399 -1.921892523765564 -0.3401971161365509 0.48807424306869507 -2.1374106407165527 -0.330890953540802 -0.00060490984469652176 -1.9581018686294556 -0.42444473505020142 -0.098133020102977753 -2.1579349040985107 -0.40162345767021179 -0.21667744219303131 -1.3203805685043335 0.10553662478923798 -0.29327520728111267 -1.1141047477722168 0.01646118052303791
1104.5125999897718 0.20364432036876678 -1.4438469409942627 0.45127084851264954 0.60577249526977539 -1.996213436126709 -0.46749028563499451 0.56018024682998657 -2.206279993057251 -0.44758155941963196 0.062821678817272186 -2.0101561546325684 -0.55392509698867798 -0.038461726158857346 -2.1888670921325684 -0.49316135048866272 -0.21320506930351257 -1.431195855140686 -0.018469322472810745 -0.28991180658340454 -1.1603944301605225 -0.1209079772233963
1170.2229999825358 0.11558700352907181 -1.3504980802536011 0.43294084072113037 0.50138217210769653 -1.8804295063018799 -0.44850346446037292 0.45764166116714478 -2.0819637775421143 -0.42940333485603333 -0.019515924155712128 -1.8938058614730835 -0.53142762184143066 -0.11668555438518524 -2.0652580261230469 -0.47313186526298523 -0.28433144092559814 -1.3383609056472778 -0.017720131203532219 -0.35792264342308044 -1.0785584449768066 -0.11599808931350708
1170.2229999825358 0.15133240818977356 -1.4859554767608643 0.45779803395271301 0.54686743021011353 -2.0347774028778076 -0.43594866991043091 0.49398419260978699 -2.2566874027252197 -0.43924745917320251 0.020925641059875488 -2.0456018447875977 -0.57503581047058105 -0.087906122207641602 -2.2528312206268311 -0.55703729391098022 -0.24538736045360565 -1.441440224647522 -0.082895010709762573 -0.3137112557888031 -1.1759366989135742 -0.17924638092517853
1257.4602999910712 0.19853933155536652 -1.454721212387085 0.48527148365974426 0.55200612545013428 -1.9541770219802856 -0.26648053526878357 0.53102445602416992 -2.1667106151580811 -0.25032800436019897 0.028013773262500763 -1.9987984895706177 -0.35151782631874084 -0.074212074279785156 -2.2066011428833008 -0.3127078115940094 -0.14977653324604034 -1.3376338481903076 0.19089992344379425 -0.24097265303134918 -1.0925600528717041 0.12030866742134094
1257.4602999910712 0.22206257283687592 -1.4105796813964844 0.57770317792892456 0.59678298234939575 -1.9821541309356689 -0.13068069517612457 0.56415766477584839 -2.1945452690124512 -0.097734265029430389 0.085159182548522949 -2.0332458019256592 -0.26275154948234558 -0.024133732542395592 -2.2590570449829102 -0.21226783096790314 -0.12952503561973572 -1.3300964832305908 0.28380286693572998 -0.2369195967912674 -1.0980000495910645 0.18664583563804626
1320.6219999939203 0.21691648662090302 -1.4338773488998413 0.53453290462493896 0.64272558689117432 -2.0351407527923584 -0.2672029435634613 0.61361974477767944 -2.2601606845855713 -0.25044593214988708 0.071934320032596588 -2.0579221248626709 -0.42030984163284302 -0.045287001878023148 -2.2845549583435059 -0.39295834302902222 -0.12440677732229233 -1.3453752994537354 0.15238550305366516 -0.21204330027103424 -1.0864347219467163 0.045969191938638687
1320.6219999939203 0.15946635603904724 -1.4092799425125122 0.62774735689163208 0.55095523595809937 -2.0606393814086914 -0.13770270347595215 0.50663846731185913 -2.2838952541351318 -0.10183505713939667 0.069539226591587067 -2.0729267597198486 -0.27664086222648621 -0.02742883563041687 -2.284304141998291 -0.23420239984989166 -0.19530746340751648 -1.4092555046081543 0.23396965861320496 -0.29570794105529785 -1.1371026039123535 0.13022045791149139
1411.2912999987602 0.11472395062446594 -1.5342774391174316 0.48317751288414001 0.58593416213989258 -2.1444106101989746 -0.27714923024177551 0.53294467926025391 -2.3835737705230713 -0.26053404808044434 0.10287614911794662 -2.1448097229003906 -0.44114750623703003 0.0080811725929379463 -2.3640432357788086 -0.42853692173957825 -0.2622370719909668 -1.6325006484985352 -0.06231071799993515 -0.36696648597717285 -1.2523795366287231 -0.12658357620239258
1411.2912999987602 0.18592283129692078 -1.4218457937240601 0.46445968747138977 0.58400380611419678 -2.0698254108428955 -0.31451928615570068 0.54047024250030518 -2.3110568523406982 -0.31358173489570618 0.098316043615341187 -2.0847523212432861 -0.45875880122184753 -0.0063318172469735146 -2.3307476043701172 -0.43896457552909851 -0.17134839296340942 -1.4821610450744629 0.014520067721605301 -0.24518737196922302 -1.122407078742981 -0.041444223374128342
1480.7616999968886 0.15720947086811066 -1.3436362743377686 0.55473238229751587 0.55728048086166382 -2.0126128196716309 -0.17472366988658905 0.5238681435585022 -2.2388412952423096 -0.14991198480129242 0.0534958615899086 -2.0487377643585205 -0.29243651032447815 -0.041367370635271072 -2.2810444831848145 -0.24028241634368896 -0.17758689820766449 -1.3583897352218628 0.25324320793151855 -0.28574210405349731 -1.1090027093887329 0.15527826547622681
1480.7616999968886 0.16261102259159088 -1.4047790765762329 0.49275228381156921 0.57732445001602173 -2.074843168258667 -0.26655241847038269 0.53401654958724976 -2.3186001777648926 -0.25069737434387207 0.11129386723041534 -2.1432111263275146 -0.4020768404006958 0.0076904753223061562 -2.390181303024292 -0.35309162735939026 -0.16510584950447083 -1.394249439239502 0.20141421258449554 -0.266522616147995 -1.1652970314025879 0.1066460981965065
1563.9817999899387 0.15118351578712463 -1.4602127075195313 0.40273955464363098 0.64124822616577148 -1.9880509376525879 -0.21856825053691864 0.63259291648864746 -2.2053186893463135 -0.21934200823307037 0.13960579037666321 -2.0261209011077881 -0.28698998689651489 0.04800073429942131 -2.2537553310394287 -0.27695989608764648 -0.081412695348262787 -1.2728396654129028 0.14517077803611755 -0.21364153921604156 -1.0256650447845459 0.089673712849617004
1563.9817999899387 0.1091620922088623 -1.30222487449646 0.4179021418094635 0.53093588352203369 -1.9682853221893311 -0.2033771425485611 0.50005573034286499 -2.2118496894836426 -0.20259496569633484 0.10315122455358505 -2.0069723129272461 -0.37502413988113403 0.011963316239416599 -2.2464516162872314 -0.38039758801460266 -0.21713799238204956 -1.3513551950454712 -0.11390509456396103 -0.30510500073432922 -1.0978753566741943 -0.25471070408821106
1631.9614999890327 0.20416192710399628 -1.4159270524978638 0.5306849479675293 0.58675593137741089 -2.0759191513061523 -0.13520149886608124 0.55645793676376343 -2.311279296875 -0.12674155831336975 0.15851807594299316 -2.1235697269439697 -0.32618075609207153 0.075800277292728424 -2.3605778217315674 -0.31340965628623962 -0.15509484708309174 -1.4488965272903442 -0.024528840556740761 -0.24641714990139008 -1.2105234861373901 -0.20341376960277557
1631.9614999890327 0.17813049256801605 -1.4199584722518921 0.62842732667922974 0.5191800594329834 -2.0557808876037598 0.086667872965335846 0.47102740406990051 -2.2890019416809082 0.11295710504055023 0.12082141637802124 -2.1016132831573486 -0.13438223302364349 0.021706748753786087 -2.3382115364074707 -0.11922876536846161 -0.20120148360729218 -1.4195677042007446 0.10381031781435013 -0.30773928761482239 -1.1771731376647949 -0.058194458484649658
1719.329499989748 0.17437012493610382 -1.3867461681365967 0.39459726214408875 0.59991294145584106 -1.942636251449585 -0.17273099720478058 0.59800118207931519 -2.1490542888641357 -0.15414988994598389 0.18781271576881409 -1.9926118850708008 -0.27049735188484192 0.13212798535823822 -2.2040162086486816 -0.23167429864406586 -0.072824902832508087 -1.307478666305542 0.089865289628505707 -0.19459445774555206 -1.0905921459197998 -0.022819558158516884
1719.329499989748 0.16481387615203857 -1.4232338666915894 0.38794073462486267 0.58687448501586914 -1.9591590166091919 -0.17237795889377594 0.58284801244735718 -2.1817688941955566 -0.16721194982528687 0.18198993802070618 -2.0266408920288086 -0.33208310604095459 0.11993212252855301 -2.2585647106170654 -0.31408318877220154 -0.096404038369655609 -1.367948055267334 0.013465201482176781 -0.18975973129272461 -1.1663273572921753 -0.11803296953439713
1787.5009000003338 0.16693665087223053 -1.304743766784668 0.37641111016273499 0.5764545202255249 -1.824742317199707 -0.16725610196590424 0.57254773378372192 -2.0407366752624512 -0.16224360466003418 0.18360228836536407 -1.8902187347412109 -0.32221516966819763 0.12338867783546448 -2.1152503490447998 -0.30475017428398132 -0.086518451571464539 -1.2511007785797119 0.013064202852547169 -0.1770997941493988 -1.0554718971252441 -0.11452613025903702
1787.5009000003338 0.096434980630874634 -1.3680613040924072 0.4187580943107605 0.57134836912155151 -1.9828407764434814 -0.19802474975585938 0.568104088306427 -2.2292788028717041 -0.20953810214996338 0.23149135708808899 -2.0831072330474854 -0.36522448062896729 0.17594468593597412 -2.3416669368743896 -0.37606745958328247 -0.10031241923570633 -1.3990390300750732 -0.018185634166002274 -0.19283728301525116 -1.217064380645752 -0.15239182114601135
1854.9581999927759 0.10154549777507782 -1.4195563793182373 0.43335124850273132 0.56182974576950073 -2.0289623737335205 -0.065448693931102753 0.55667626857757568 -2.2815041542053223 -0.067474015057086945 0.24450577795505524 -2.1200335025787354 -0.22398671507835388 0.19617690145969391 -2.3861722946166992 -0.23829558491706848 -0.14013552665710449 -1.4923043251037598 -0.040216166526079178 -0.24245552718639374 -1.2938147783279419 -0.19737403094768524
1854.9581999927759 0.23650318384170532 -1.4423360824584961 0.57662081718444824 0.61602938175201416 -2.0971059799194336 0.020327409729361534 0.58652859926223755 -2.343644380569458 0.033738613128662109 0.23725375533103943 -2.1283948421478271 -0.144327312707901 0.17504860460758209 -2.3626961708068848 -0.13536074757575989 -0.11907806247472763 -1.5772705078125 0.11079643666744232 -0.2390105277299881 -1.2620095014572144 0.0019975015893578529
1949.0952999889851 0.10837753117084503 -1.4966682195663452 0.4485626220703125 0.55867868661880493 -2.12247633934021 -0.13949663937091827 0.55695527791976929 -2.3608078956604004 -0.14179067313671112 0.26245695352554321 -2.2154467105865479 -0.30153289437294006 0.21723097562789917 -2.4630792140960693 -0.28613543510437012 -0.11298586428165436 -1.640128493309021 -0.020361090078949928 -0.1960979700088501 -1.4033719301223755 -0.16096927225589752
1949.0952999889851 0.093113161623477936 -1.3160918951034546 0.50185918807983398 0.45782235264778137 -1.9341269731521606 0.032644543796777725 0.44325131177902222 -2.1579170227050781 0.043244767934083939 0.14810268580913544 -1.9927545785903931 -0.14692424237728119 0.082929827272891998 -2.2241353988647461 -0.13837447762489319 -0.20370866358280182 -1.4563256502151489 0.047793921083211899 -0.28993871808052063 -1.2098040580749512 -0.084411866962909698
