17.446100011467934 -0.051505032926797867 -1.3474998474121094 0.33716624975204468 0.32624328136444092 -2.1259520053863525 -0.097227737307548523 0.34040573239326477 -2.4152588844299316 -0.12037290632724762 -0.3074621856212616 -2.2159216403961182 -0.21541157364845276 -0.4224991500377655 -2.5509536266326904 -0.23921282589435577 -0.46669298410415649 -1.1521605253219604 0.056088998913764954 -0.61264991760253906 -0.88475281000137329 -0.015391355380415916
17.446100011467934 -0.15193076431751251 -1.3621165752410889 0.27041313052177429 0.35837367177009583 -2.1404604911804199 -0.19324146211147308 0.38431641459465027 -2.4432306289672852 -0.2192482054233551 -0.33492004871368408 -2.2589395046234131 -0.28637802600860596 -0.45566537976264954 -2.6116957664489746 -0.30180415511131287 -0.51848423480987549 -1.2487396001815796 0.037160981446504593 -0.64125537872314453 -0.92531144618988037 -0.0084698684513568878
80.649000018835068 -0.12304454296827316 -1.3898473978042603 0.27441489696502686 0.39481699466705322 -2.1797177791595459 -0.19610594213008881 0.42114391922950745 -2.4869716167449951 -0.22249782085418701 -0.30874371528625488 -2.2999510765075684 -0.29062178730964661 -0.43127715587615967 -2.6579313278198242 -0.3062763512134552 -0.49502629041671753 -1.2747912406921387 0.037708520889282227 -0.61961555480957031 -0.94657355546951294 -0.0085980724543333054
80.649000018835068 -0.075595326721668243 -1.1821842193603516 0.2174181193113327 0.40740925073623657 -2.129892110824585 -0.29532548785209656 0.43245473504066467 -2.441993236541748 -0.31021621823310852 -0.36448580026626587 -2.2619407176971436 -0.37672755122184753 -0.49005982279777527 -2.6345183849334717 -0.39048269391059875 -0.50322234630584717 -1.1399308443069458 -0.021040510386228561 -0.69727933406829834 -0.90207433700561523 -0.1030542403459549
142.5421000123024 -0.089912869036197662 -1.3532860279083252 0.2592671811580658 0.44430488348007202 -2.2720603942871094 -0.27131059765815735 0.45491805672645569 -2.6091334819793701 -0.28935182094573975 -0.38887855410575867 -2.3779969215393066 -0.38918888568878174 -0.54168844223022461 -2.761040210723877 -0.39743956923484802 -0.59478199481964111 -1.3232074975967407 -0.03206247091293335 -0.74471652507781982 -0.95920771360397339 -0.095984786748886108
142.5421000123024 -0.023581221699714661 -1.2575094699859619 0.25340184569358826 0.51149594783782959 -2.1761429309844971 -0.28720483183860779 0.53417253494262695 -2.508868932723999 -0.31728062033653259 -0.29624375700950623 -2.3000462055206299 -0.40749126672744751 -0.44508537650108337 -2.69801926612854 -0.43694436550140381 -0.54842805862426758 -1.3093509674072266 -0.055746007710695267 -0.69342440366744995 -0.9925801157951355 -0.091322369873523712
199.36480002105236 0.00078311061952263117 -1.2520326375961304 0.25578773021697998 0.54090076684951782 -2.1793196201324463 -0.28991150856018066 0.56379097700119019 -2.5151798725128174 -0.3202705979347229 -0.27444791793823242 -2.3043901920318604 -0.41133102774620056 -0.42469164729118347 -2.7061121463775635 -0.44106155633926392 -0.52900779247283936 -1.304362416267395 -0.056272290647029877 -0.6753699779510498 -0.9846075177192688 -0.092183783650398254
199.36480002105236 -0.016008665785193443 -1.2472019195556641 0.20338569581508636 0.48984843492507935 -2.2256107330322266 -0.37047877907752991 0.5110783576965332 -2.580143928527832 -0.41062188148498535 -0.40769970417022705 -2.3533952236175537 -0.48438766598701477 -0.58568036556243896 -2.7757360935211182 -0.52340584993362427 -0.5003771185874939 -1.2484587430953979 -0.056456446647644043 -0.66363096237182617 -0.90677154064178467 -0.10062167048454285
263.36879999935627 -0.055893871933221817 -1.2902941703796387 0.24625314772129059 0.47064754366874695 -2.259002685546875 -0.30892124772071838 0.514781653881073 -2.6145267486572266 -0.35182851552963257 -0.42288693785667419 -2.3989119529724121 -0.4134126603603363 -0.58641475439071655 -2.8332686424255371 -0.45444107055664063 -0.47067347168922424 -1.2813935279846191 0.027407530695199966 -0.63479077816009521 -0.99005973339080811 -0.017341736704111099
263.36879999935627 -0.10361262410879135 -1.2998826503753662 0.17538176476955414 0.36142852902412415 -2.1492352485656738 -0.36607265472412109 0.39509567618370056 -2.4775488376617432 -0.40636476874351501 -0.45017960667610168 -2.2154679298400879 -0.45978367328643799 -0.58240550756454468 -2.578948974609375 -0.49975812435150146 -0.49034968018531799 -1.2162275314331055 -0.025163309648633003 -0.57800650596618652 -0.8397672176361084 -0.024558849632740021
319.95550000667572 -0.0010836120927706361 -1.2585972547531128 0.17396627366542816 0.46020063757896423 -2.101088285446167 -0.36311399936676025 0.49359580874443054 -2.4267497062683105 -0.40308061242103577 -0.34485083818435669 -2.166785717010498 -0.45606794953346252 -0.47600853443145752 -2.5273303985595703 -0.49571946263313293 -0.38469639420509338 -1.1756178140640259 -0.02495867945253849 -0.4716450572013855 -0.80219882726669312 -0.024359101429581642
319.95550000667572 -0.14280284941196442 -1.3004945516586304 0.16010633111000061 0.45805254578590393 -2.1345255374908447 -0.35645434260368347 0.50405079126358032 -2.4700472354888916 -0.39496564865112305 -0.35855591297149658 -2.2262306213378906 -0.44994431734085083 -0.50817716121673584 -2.6114499568939209 -0.48153257369995117 -0.44199100136756897 -1.2122820615768433 -0.0063976417295634747 -0.55730301141738892 -0.83909612894058228 -0.0024706192780286074
391.70100000500679 0.054307106882333755 -1.5429662466049194 0.24047611653804779 0.38893556594848633 -2.2112650871276855 -0.28225761651992798 0.42799106240272522 -2.5389535427093506 -0.31903138756752014 -0.34468263387680054 -2.2724812030792236 -0.35802143812179565 -0.46330535411834717 -2.6358368396759033 -0.38598164916038513 -0.43256321549415588 -1.237736701965332 0.055395733565092087 -0.58141744136810303 -0.96593225002288818 0.034215401858091354
391.70100000500679 -0.066485084593296051 -1.2700767517089844 0.32081732153892517 0.25337257981300354 -1.9995142221450806 -0.14768292009830475 0.22270910441875458 -2.262382984161377 -0.17071457207202911 -0.36906242370605469 -2.0720911026000977 -0.20464889705181122 -0.49214982986450195 -2.3704502582550049 -0.21362365782260895 -0.43774592876434326 -1.0681285858154297 0.11183609068393707 -0.56945151090621948 -0.76802057027816772 0.060054592788219452
456.92480000853539 -0.095673941075801849 -1.4772652387619019 0.34898951649665833 0.25226876139640808 -2.2707507610321045 -0.16064728796482086 0.21891288459300995 -2.5567007064819336 -0.18570122122764587 -0.42481902241706848 -2.3497004508972168 -0.22261515259742737 -0.55871409177780151 -2.6742568016052246 -0.23237794637680054 -0.49953329563140869 -1.2575850486755371 0.12165874987840652 -0.64280331134796143 -0.93112605810165405 0.065330579876899719
456.92480000853539 -0.10051336139440536 -1.2989397048950195 0.29998448491096497 0.22320730984210968 -2.1306421756744385 -0.18241147696971893 0.19753970205783844 -2.395054817199707 -0.20331402122974396 -0.43109634518623352 -2.2093501091003418 -0.24032504856586456 -0.5605471134185791 -2.5063345432281494 -0.24756178259849548 -0.49990960955619812 -1.1880897283554077 0.10230132192373276 -0.63575553894042969 -0.91008216142654419 0.046534869819879532
515.37930002808571 -0.16760151088237762 -1.4035705327987671 0.3362877368927002 0.25759658217430115 -2.1798820495605469 -0.099459916353225708 0.24669697880744934 -2.4152765274047852 -0.11617475748062134 -0.46601331233978271 -2.2358653545379639 -0.1480657160282135 -0.61458826065063477 -2.4795842170715332 -0.14745292067527771 -0.45704683661460876 -1.3120700120925903 0.17339318990707397 -0.59147375822067261 -0.99417644739151001 0.12610560655593872
515.37930002808571 -0.12806971371173859 -1.2382394075393677 0.37618729472160339 0.28554734587669373 -1.965697169303894 0.0078069758601486683 0.28444600105285645 -2.1693072319030762 0.0019341494189575315 -0.38422220945358276 -2.0170655250549316 -0.046387247741222382 -0.52088171243667603 -2.229802131652832 -0.038010403513908386 -0.40460160374641418 -1.185346245765686 0.21932817995548248 -0.51629215478897095 -0.88998085260391235 0.16538994014263153
576.18490001559258 -0.13700719177722931 -1.2171107530593872 0.37509745359420776 0.27541321516036987 -1.9424639940261841 0.0077829090878367424 0.27431505918502808 -2.1454849243164063 0.0019270733464509249 -0.39241859316825867 -1.9936836957931519 -0.046254523098468781 -0.52868276834487915 -2.2058048248291016 -0.037901915609836578 -0.41273903846740723 -1.1643707752227783 0.21869215369224548 -0.52410650253295898 -0.86985981464385986 0.1649099737405777
576.18490001559258 -0.11369280517101288 -1.2433387041091919 0.48281553387641907 0.29102039337158203 -2.0370078086853027 0.11825615167617798 0.31388881802558899 -2.240675687789917 0.11741367727518082 -0.41809427738189697 -2.1165571212768555 0.029430238530039787 -0.54299008846282959 -2.355919361114502 0.031806495040655136 -0.43288671970367432 -1.2161532640457153 0.26356381177902222 -0.54825937747955322 -0.96531283855438232 0.18450231850147247
639.40090002119541 -0.13722668588161469 -1.0684301853179932 0.43177714943885803 0.2247060239315033 -1.7782038450241089 0.10575377941131592 0.24515713751316071 -1.9603428840637207 0.10500036180019379 -0.4094511866569519 -1.8493442535400391 0.02631727047264576 -0.5211448073387146 -2.0634045600891113 0.028442341834306717 -0.42267996072769165 -1.0441182851791382 0.23570159077644348 -0.52585709095001221 -0.81979310512542725 0.16499733924865723
639.40090002119541 -0.13863137364387512 -1.3053058385848999 0.40624195337295532 0.238804891705513 -1.989008903503418 0.058538533747196198 0.24959884583950043 -2.1807096004486084 0.062900133430957794 -0.38704478740692139 -2.0298902988433838 -0.041910339146852493 -0.49972349405288696 -2.2416510581970215 -0.035285972058773041 -0.43245953321456909 -1.197972297668457 0.21800950169563293 -0.52498775720596313 -0.9723774790763855 0.15165120363235474
718.75180000066757 -0.14389356970787048 -1.2273745536804199 0.39045023918151855 0.17875963449478149 -1.8347207307815552 0.090143978595733643 0.16103370487689972 -2.0068724155426025 0.10255628079175949 -0.30437734723091125 -1.8487024307250977 -0.00085087749175727367 -0.38343110680580139 -2.0363078117370605 0.015349454246461391 -0.40208908915519714 -1.0696756839752197 0.20040340721607208 -0.48450002074241638 -0.8657492995262146 0.14510911703109741
718.75180000066757 -0.2274264395236969 -1.1695903539657593 0.34774100780487061 0.17233169078826904 -1.7916593551635742 0.063995055854320526 0.18502242863178253 -1.9925332069396973 0.048795092850923538 -0.42333868145942688 -1.8517485857009888 -0.0058428272604942322 -0.5495307445526123 -2.0978701114654541 -0.018975416198372841 -0.418601393699646 -1.0246454477310181 0.1684412807226181 -0.51676183938980103 -0.82275813817977905 0.12126216292381287
783.62360002100468 -0.12475401908159256 -1.1194905042648315 0.34697899222373962 0.19961759448051453 -1.8230417966842651 -0.0057623018510639668 0.21632276475429535 -2.0117514133453369 -0.017254477366805077 -0.42413347959518433 -1.8780279159545898 -0.093617737293243408 -0.5236743688583374 -2.135432243347168 -0.1167219802737236 -0.35940831899642944 -0.97495043277740479 0.11985064297914505 -0.46727830171585083 -0.8086891770362854 0.061693985015153885
783.62360002100468 -0.24160456657409668 -1.1073163747787476 0.39780864119529724 0.16342130303382874 -1.7920181751251221 0.13246345520019531 0.16321659088134766 -1.9789844751358032 0.13326665759086609 -0.3891165554523468 -1.878260612487793 0.02616732195019722 -0.5106169581413269 -2.1095747947692871 0.029332946985960007 -0.42395791411399841 -0.98143196105957031 0.20876604318618774 -0.51831382513046265 -0.78528374433517456 0.14277653396129608
847.25480000674725 -0.30123353004455566 -1.101929783821106 0.39348390698432922 0.099389545619487762 -1.7791887521743774 0.13102312386035919 0.099187076091766357 -1.9641225337982178 0.13181759417057037 -0.44714194536209106 -1.8644936084747314 0.025882478803396225 -0.56732159852981567 -2.0932934284210205 0.029013693332672119 -0.48160457611083984 -0.9774138331413269 0.20649625360965729 -0.57493484020233154 -0.7833978533744812 0.14122408628463745
847.25480000674725 -0.20843677222728729 -1.1946806907653809 0.35698974132537842 0.087678700685501099 -1.8335056304931641 0.072952434420585632 0.06726856529712677 -2.0137519836425781 0.07708914577960968 -0.39954119920730591 -1.8644349575042725 -0.037673261016607285 -0.49835801124572754 -2.0833554267883301 -0.036969907581806183 -0.47247308492660522 -1.0175281763076782 0.17602522671222687 -0.55372601747512817 -0.81574565172195435 0.12574376165866852
922.76030001044273 -0.11646415293216705 -1.2356984615325928 0.4460659921169281 0.26007592678070068 -1.8992017507553101 0.22534374892711639 0.24299092590808868 -2.084352970123291 0.2396712452173233 -0.26757106184959412 -1.9370837211608887 0.076125144958496094 -0.38664451241493225 -2.1449687480926514 0.086003124713897705 -0.40370646119117737 -1.0832635164260864 0.20809254050254822 -0.51850533485412598 -0.88524073362350464 0.12003885954618454
926.17030002176762 -0.26397830247879028 -1.1111650466918945 0.30896425247192383 0.061447836458683014 -1.7358994483947754 0.023733651265501976 0.05518617108464241 -1.9238541126251221 0.01160059031099081 -0.44649100303649902 -1.8074136972427368 -0.060020238161087036 -0.55532711744308472 -2.0413403511047363 -0.070043526589870453 -0.48034784197807312 -0.98624885082244873 0.14694833755493164 -0.57571715116500854 -0.79493141174316406 0.10780595988035202
986.24770000576973 -0.13026261329650879 -1.1694928407669067 0.33591166138648987 0.14431458711624146 -1.7990528345108032 0.040925819426774979 0.1300879567861557 -1.9980189800262451 0.035638574510812759 -0.37310755252838135 -1.80902099609375 -0.035333774983882904 -0.48013034462928772 -2.0354928970336914 -0.04410523921251297 -0.39561063051223755 -0.91237133741378784 0.14380589127540588 -0.49306163191795349 -0.69994324445724487 0.086247347295284271
986.24770000576973 -0.26134428381919861 -1.17005455493927 0.40379256010055542 0.14477440714836121 -1.9105658531188965 0.10321177542209625 0.15574483573436737 -2.1308836936950684 0.10027258843183517 -0.45819181203842163 -1.9605507850646973 -0.0033629345707595348 -0.58253049850463867 -2.214003324508667 -0.0058524580672383308 -0.55027544498443604 -1.0273768901824951 0.15019495785236359 -0.65357089042663574 -0.83011144399642944 0.056112963706254959
1047.0513000190258 -0.16321133077144623 -1.2044796943664551 0.41150102019309998 0.20192241668701172 -1.9162712097167969 0.10324186086654663 0.21618868410587311 -2.1348109245300293 0.090135350823402405 -0.35422995686531067 -1.9655017852783203 -0.0200827457010746 -0.46142932772636414 -2.2232372760772705 -0.031531237065792084 -0.49232012033462524 -1.0306077003479004 0.15184769034385681 -0.61045515537261963 -0.82291167974472046 0.079422123730182648
1047.0513000190258 -0.094450764358043671 -1.1551957130432129 0.46092140674591064 0.19634014368057251 -1.9075690507888794 0.15109489858150482 0.21662303805351257 -2.1204869747161865 0.15008017420768738 -0.35887086391448975 -1.9047586917877197 0.050023559480905533 -0.46860432624816895 -2.1308379173278809 0.051542669534683228 -0.46482571959495544 -1.0536309480667114 0.22452136874198914 -0.59061890840530396 -0.88906306028366089 0.1454286128282547
1102.5383000224829 -0.21029089391231537 -1.1144856214523315 0.44009894132614136 0.067361660301685333 -1.8328655958175659 0.14427080750465393 0.086728133261203766 -2.036163330078125 0.14330193400382996 -0.46276411414146423 -1.8301820755004883 0.047766026109457016 -0.56753963232040405 -2.0460467338562012 0.049216501414775848 -0.56393176317214966 -1.0175096988677979 0.21437975764274597 -0.68404138088226318 -0.86037725210189819 0.13886053860187531
1214.9256000220776 0.02287895604968071 -0.90084844827651978 0.49892809987068176 0.26302096247673035 -1.564444899559021 0.18144595623016357 0.24273142218589783 -1.719074010848999 0.20600767433643341 -0.26502436399459839 -1.541330099105835 0.061039172112941742 -0.35716548562049866 -1.6561851501464844 0.098852343857288361 -0.40719369053840637 -0.85457861423492432 0.26201191544532776 -0.49601241946220398 -0.62091094255447388 0.18466144800186157
1214.9256000220776 -0.24727445840835571 -1.1391669511795044 0.38392674922943115 0.26294556260108948 -1.9289348125457764 0.054127410054206848 0.27721127867698669 -2.1775887012481689 0.039019279181957245 -0.39292162656784058 -2.0359315872192383 -0.09528786689043045 -0.51831400394439697 -2.3047077655792236 -0.1065165176987648 -0.58020466566085815 -1.0183032751083374 0.14503659307956696 -0.74181580543518066 -0.7582399845123291 0.062500014901161194
1273.9081000238657 -0.16793875396251678 -1.2359374761581421 0.37666317820549011 0.29755163192749023 -2.1206481456756592 -0.035550471395254135 0.30119365453720093 -2.4020054340362549 -0.047168571501970291 -0.31357875466346741 -2.1969680786132813 -0.17113423347473145 -0.42374515533447266 -2.5022881031036377 -0.17718718945980072 -0.54491561651229858 -1.0517843961715698 0.12337985634803772 -0.71308189630508423 -0.75070875883102417 0.04314824566245079
1273.9081000238657 -0.15493957698345184 -1.3204613924026489 0.38675382733345032 0.32301437854766846 -2.2288601398468018 -0.036496877670288086 0.32675397396087646 -2.5177509784698486 -0.048426054418087006 -0.30447912216186523 -2.3072235584259033 -0.17571091651916504 -0.41759523749351501 -2.6207189559936523 -0.18192595243453979 -0.54201006889343262 -1.1313774585723877 0.12668883800506592 -0.7146790623664856 -0.82224053144454956 0.044309012591838837
1331.6867000162601 -0.14378795027732849 -1.2192656993865967 0.33176034688949585 0.32364234328269958 -2.1024832725524902 -0.11951486021280289 0.32128164172172546 -2.4036478996276855 -0.13202854990959167 -0.32423320412635803 -2.1879429817199707 -0.25286597013473511 -0.4507739245891571 -2.5207729339599609 -0.25955304503440857 -0.52578675746917725 -1.0507855415344238 0.077078260481357574 -0.7048986554145813 -0.74137216806411743 -0.0078982999548316002
1331.6867000162601 -0.20310251414775848 -1.3382604122161865 0.24377964437007904 0.3321879506111145 -2.1458065509796143 -0.24721710383892059 0.32872161269187927 -2.466170072555542 -0.27457481622695923 -0.36731186509132385 -2.1959245204925537 -0.37353739142417908 -0.50304234027862549 -2.5647587776184082 -0.39707505702972412 -0.61682754755020142 -1.2347400188446045 -0.06177225336432457 -0.65469783544540405 -0.72625583410263062 -0.064655862748622894
1387.7551000118256 -0.14970670640468597 -1.3745615482330322 0.25220173597335815 0.40406656265258789 -2.2099912166595459 -0.25574842095375061 0.40048056840896606 -2.5414161682128906 -0.28405076265335083 -0.31958600878715515 -2.2618393898010254 -0.38643041253089905 -0.46000301837921143 -2.643409252166748 -0.41078081727027893 -0.57771706581115723 -1.26746666431427 -0.063900433480739594 -0.61689502000808716 -0.74142533540725708 -0.066883616149425507
1387.7551000118256 -0.10882585495710373 -1.3182682991027832 0.24890631437301636 0.41677552461624146 -2.2037675380706787 -0.29978746175765991 0.43186381459236145 -2.5578641891479492 -0.32771393656730652 -0.31579852104187012 -2.252192497253418 -0.44533327221870422 -0.43635770678520203 -2.6634716987609863 -0.47066605091094971 -0.62908577919006348 -1.2983626127243042 -0.11109158396720886 -0.66296333074569702 -0.72762495279312134 -0.10576493293046951
1450.289400011301 -0.1035861000418663 -1.3135302066802979 0.19260300695896149 0.44463762640953064 -2.2298538684844971 -0.36980780959129333 0.46178871393203735 -2.587254524230957 -0.40797799825668335 -0.33239364624023438 -2.2312572002410889 -0.47922322154045105 -0.43599015474319458 -2.6473915576934814 -0.49984771013259888 -0.65842360258102417 -1.4371533393859863 -0.10169109702110291 -0.64331752061843872 -0.76010012626647949 -0.057311482727527618
1450.289400011301 -0.057029165327548981 -1.0194602012634277 -0.028161827474832535 0.4148600697517395 -2.0711078643798828 -0.51853650808334351 0.45524305105209351 -2.4088003635406494 -0.5827021598815918 -0.39385271072387695 -2.097830057144165 -0.59453493356704712 -0.50902682542800903 -2.5163238048553467 -0.65145456790924072 -0.55144548416137695 -1.1724263429641724 -0.14603632688522339 -0.66425609588623047 -0.77742016315460205 -0.14567810297012329
1509.1749000102282 0.068726681172847748 -0.79591357707977295 -0.026785328984260559 0.51741242408752441 -1.7958502769470215 -0.49304759502410889 0.55580973625183105 -2.1169378757476807 -0.55405807495117188 -0.25153475999832153 -1.821258544921875 -0.56530904769897461 -0.36104556918144226 -2.2191743850708008 -0.61942988634109497 -0.40137845277786255 -0.94135826826095581 -0.13886377215385437 -0.50864201784133911 -0.56577503681182861 -0.1385231614112854
1509.1749000102282 0.040839280933141708 -0.9117923378944397 -0.10621190816164017 0.50520676374435425 -2.0157923698425293 -0.70090568065643311 0.53003817796707153 -2.3936672210693359 -0.78456932306289673 -0.31080254912376404 -2.0208492279052734 -0.78625518083572388 -0.42453804612159729 -2.4698786735534668 -0.84276044368743896 -0.49428129196166992 -1.1287891864776611 -0.22044730186462402 -0.63590466976165771 -0.73888397216796875 -0.21912528574466705
1582.7749000042677 0.040047664195299149 -1.0786538124084473 -0.14274279773235321 0.41994518041610718 -2.01003098487854 -0.82419544458389282 0.38909098505973816 -2.4078764915466309 -0.93393069505691528 -0.37221205234527588 -1.9772937297821045 -0.91623407602310181 -0.53021258115768433 -2.443274974822998 -0.99377679824829102 -0.50561892986297607 -1.038707971572876 -0.28093868494033813 -0.74911481142044067 -0.82534503936767578 -0.3092380166053772
1582.7749000042677 -0.056235130876302719 -0.94960200786590576 -0.34975647926330566 0.53657633066177368 -1.9229252338409424 -1.1067097187042236 0.5668710470199585 -2.3066165447235107 -1.213142991065979 -0.46168792247772217 -1.8660420179367065 -1.0976661443710327 -0.68544524908065796 -2.3083693981170654 -1.1712759733200073 -0.58902978897094727 -0.94712918996810913 -0.38787975907325745 -0.65470123291015625 -0.54433131217956543 -0.40177929401397705
1644.9373000115156 0.042602580040693283 -1.2146037817001343 -0.41208109259605408 0.42564600706100464 -2.0912859439849854 -1.2375514507293701 0.39832457900047302 -2.4608566761016846 -1.3431452512741089 -0.53926318883895874 -2.0479793548583984 -1.1642467975616455 -0.74410641193389893 -2.4669499397277832 -1.2019188404083252 -0.52863222360610962 -1.1292672157287598 -0.36048492789268494 -0.7716219425201416 -0.90249955654144287 -0.35534414649009705
1644.9373000115156 0.022959573194384575 -0.96339976787567139 -0.35376995801925659 0.35179826617240906 -1.7160218954086304 -1.0624274015426636 0.32834306359291077 -2.0332944393157959 -1.153078556060791 -0.47656598687171936 -1.6788434982299805 -0.99949610233306885 -0.65242165327072144 -2.0385253429412842 -1.0318372249603271 -0.46743935346603394 -0.89013916254043579 -0.30947521328926086 -0.67604345083236694 -0.69546157121658325 -0.30506190657615662
1702.1812000125647 -0.034738320857286453 -1.1711288690567017 -0.47728580236434937 0.26889067888259888 -1.7044841051101685 -1.2200009822845459 0.23813094198703766 -2.04183030128479 -1.2953193187713623 -0.54120552539825439 -1.7513858079910278 -1.2082949876785278 -0.69711631536483765 -2.1072101593017578 -1.2514984607696533 -0.62467384338378906 -1.1048232316970825 -0.4979020357131958 -0.80044400691986084 -0.84689122438430786 -0.44369664788246155
1702.1812000125647 0.12274450808763504 -1.0454720258712769 -0.47999635338783264 0.37929061055183411 -1.4790838956832886 -1.2407469749450684 0.35514962673187256 -1.8054412603378296 -1.3082520961761475 -0.40195471048355103 -1.5294221639633179 -1.1626709699630737 -0.53526431322097778 -1.8476966619491577 -1.1607292890548706 -0.49078020453453064 -0.84051668643951416 -0.47118622064590454 -0.67631465196609497 -0.64130634069442749 -0.43461492657661438
1761.238700017333 0.22149255871772766 -1.0633080005645752 -0.47732451558113098 0.4766174852848053 -1.4945179224014282 -1.2338608503341675 0.45261022448539734 -1.8190674781799316 -1.3009918928146362 -0.30030006170272827 -1.5445774793624878 -1.1562173366546631 -0.43287116289138794 -1.8610886335372925 -1.1542863845825195 -0.38863351941108704 -0.85948818922042847 -0.46856319904327393 -0.57314008474349976 -0.6613813042640686 -0.43219447135925293
1892.8699000030756 -0.12684008479118347 -0.45872771739959717 0.80497634410858154 0.19656363129615784 -1.3776254653930664 0.27457123994827271 0.18396346271038055 -1.5479925870895386 0.36325421929359436 -0.58824414014816284 -1.3622317314147949 0.2195994108915329 -0.66574853658676147 -1.4877904653549194 0.33115744590759277 -0.8264458179473877 -0.41226351261138916 0.57558548450469971 -1.0039206743240356 -0.089007705450057983 0.46901947259902954
1892.8699000030756 -0.4470306932926178 -2.2979652881622314 0.81966680288314819 0.42404094338417053 -4.0013909339904785 -0.030167914927005768 0.43879431486129761 -4.4579558372497559 0.0090133994817733765 -0.92375195026397705 -4.1202950477600098 -0.30680811405181885 -1.154958963394165 -4.5941634178161621 -0.26107624173164368 -1.3341575860977173 -2.2988085746765137 0.46470886468887329 -1.6689767837524414 -1.6991503238677979 0.33941176533699036
1967.8756000101566 -0.19708594679832458 -1.222759485244751 0.37075355648994446 0.31110852956771851 -2.0216970443725586 -0.056332588195800781 0.30928078293800354 -2.260413646697998 -0.061577603220939636 -0.44858145713806152 -2.0979795455932617 -0.15465067327022552 -0.60606139898300171 -2.3460912704467773 -0.14523065090179443 -0.54514396190643311 -1.1590219736099243 0.19284525513648987 -0.68550026416778564 -0.86908638477325439 0.1388465017080307
1967.8756000101566 -0.12993869185447693 -1.4203788042068481 0.43990916013717651 0.33775579929351807 -2.2336204051971436 0.0082105193287134171 0.34583866596221924 -2.4757096767425537 0.0053913230076432228 -0.4290822446346283 -2.3163049221038818 -0.10279395431280136 -0.57193708419799805 -2.5790464878082275 -0.096801489591598511 -0.52565169334411621 -1.3178489208221436 0.21826209127902985 -0.67338711023330688 -1.0360294580459595 0.14866422116756439
