63.421899989247322 -0.59526211023330688 -0.8483116626739502 0.8882826566696167 -0.54343104362487793 -1.0906140804290771 0.85400694608688354 -0.71713972091674805 -1.042189359664917 0.8217812180519104 -0.72861242294311523 -1.0875566005706787 0.58526605367660522 -0.91194760799407959 -0.99254322052001953 0.54830950498580933 -1.0126875638961792 -0.97112387418746948 0.42195811867713928 -0.95807886123657227 -1.0048848390579224 0.20939081907272339
63.421899989247322 -0.59049981832504272 -0.87231302261352539 0.87752366065979004 -0.53929668664932251 -1.111680269241333 0.84366315603256226 -0.71090108156204224 -1.0638420581817627 0.81182777881622314 -0.72223478555679321 -1.1086598634719849 0.57817763090133667 -0.90334910154342651 -1.0147974491119385 0.54166877269744873 -1.0028687715530396 -0.99363750219345093 0.41684797406196594 -0.9489215612411499 -1.0269895792007446 0.20685566961765289
124.66989998519421 -0.55646407604217529 -0.84547972679138184 0.86432802677154541 -0.52285087108612061 -1.0662738084793091 0.83430320024490356 -0.70164960622787476 -1.024018406867981 0.79373794794082642 -0.69638967514038086 -1.0692787170410156 0.58325660228729248 -0.89024829864501953 -0.98215723037719727 0.53942447900772095 -0.98442447185516357 -0.95789021253585815 0.4252055287361145 -0.91679841279983521 -0.9914591908454895 0.22476521134376526
124.66989998519421 -0.56499695777893066 -0.85409200191497803 0.84854447841644287 -0.52606606483459473 -1.0872306823730469 0.82589626312255859 -0.68770194053649902 -1.0441831350326538 0.77649718523025513 -0.69379407167434692 -1.0835196971893311 0.56628298759460449 -0.87323296070098877 -0.99441838264465332 0.51259958744049072 -0.97225797176361084 -0.95244050025939941 0.40864577889442444 -0.91584575176239014 -0.99062418937683105 0.21912586688995361
186.04389999806881 -0.5452837347984314 -0.81739085912704468 0.82197308540344238 -0.50757193565368652 -1.0432291030883789 0.80003410577774048 -0.66414642333984375 -1.0015295743942261 0.75218188762664795 -0.67004776000976563 -1.0396343469619751 0.54855024814605713 -0.8438679575920105 -0.9533231258392334 0.49654781818389893 -0.93979215621948242 -0.91265976428985596 0.39584913849830627 -0.8851463794708252 -0.94964778423309326 0.21226364374160767
186.04389999806881 -0.57520872354507446 -0.83430314064025879 0.77864557504653931 -0.53044277429580688 -1.0662510395050049 0.76627469062805176 -0.70182859897613525 -1.0247334241867065 0.72512418031692505 -0.69261997938156128 -1.0606844425201416 0.52313035726547241 -0.8711351752281189 -0.97593241930007935 0.48106864094734192 -0.95998620986938477 -0.93762797117233276 0.37546247243881226 -0.89705038070678711 -0.95256805419921875 0.19132567942142487
248.63709999620914 -0.55461198091506958 -0.82894527912139893 0.80162060260772705 -0.55819511413574219 -1.0761988162994385 0.75425374507904053 -0.72947311401367188 -1.0376538038253784 0.71728765964508057 -0.72189033031463623 -1.0775469541549683 0.52688342332839966 -0.90901684761047363 -0.99824953079223633 0.50086885690689087 -1.0041582584381104 -0.96236354112625122 0.38833039999008179 -0.93598496913909912 -0.97723311185836792 0.19695614278316498
248.63709999620914 -0.49861797690391541 -0.81000822782516479 0.85864508152008057 -0.53088557720184326 -1.0961886644363403 0.76655548810958862 -0.70314526557922363 -1.0724875926971436 0.72361397743225098 -0.7108418345451355 -1.1004232168197632 0.54697626829147339 -0.92077749967575073 -1.03431236743927 0.522926926612854 -1.028171181678772 -1.0190157890319824 0.41168701648712158 -0.95396053791046143 -1.049605131149292 0.21288622915744781
314.96249997615814 -0.51361614465713501 -0.83124428987503052 0.88607382774353027 -0.54691451787948608 -1.1265667676925659 0.79104238748550415 -0.72467702627182007 -1.1021085977554321 0.74672913551330566 -0.7326195240020752 -1.1309366226196289 0.56444871425628662 -0.94926166534423828 -1.0627138614654541 0.53963106870651245 -1.0600858926773071 -1.0469286441802979 0.42483764886856079 -0.98350459337234497 -1.0784951448440552 0.21968619525432587
314.96249997615814 -0.51327502727508545 -0.83906292915344238 0.84071743488311768 -0.57095688581466675 -1.1207876205444336 0.75034809112548828 -0.75099414587020874 -1.0894163846969604 0.71000069379806519 -0.74427086114883423 -1.1109476089477539 0.52011352777481079 -0.96060431003570557 -1.0370994806289673 0.48963755369186401 -1.056270956993103 -1.0222378969192505 0.38705646991729736 -0.96270477771759033 -1.0580328702926636 0.18364296853542328
379.5802000015974 -0.55962991714477539 -0.83318477869033813 0.82440268993377686 -0.60227084159851074 -1.1266121864318848 0.7227165699005127 -0.78644722700119019 -1.0956568717956543 0.68774837255477905 -0.78917080163955688 -1.1139119863510132 0.49133709073066711 -1.0063979625701904 -1.0345734357833862 0.4729236364364624 -1.1022675037384033 -1.0163282155990601 0.36815494298934937 -1.0118097066879272 -1.0448813438415527 0.16396127641201019
379.5802000015974 -0.54375964403152466 -0.8459358811378479 0.84839427471160889 -0.61925458908081055 -1.1532487869262695 0.75045990943908691 -0.81745672225952148 -1.1265898942947388 0.72728252410888672 -0.82066863775253296 -1.1555629968643188 0.51713395118713379 -1.062447190284729 -1.0824304819107056 0.50630843639373779 -1.1709867715835571 -1.0746771097183228 0.4072134792804718 -1.0649799108505249 -1.0992852449417114 0.19401185214519501
444.71289999783039 -0.56725460290908813 -0.84895813465118408 0.86211627721786499 -0.6439705491065979 -1.1612412929534912 0.76259797811508179 -0.8453783392906189 -1.1341512203216553 0.73904573917388916 -0.84864211082458496 -1.1635929346084595 0.52549839019775391 -1.0943310260772705 -1.0892776250839233 0.51449781656265259 -1.2046260833740234 -1.0813988447189331 0.41380015015602112 -1.0969047546386719 -1.1064050197601318 0.19715037941932678
444.71289999783039 -0.60159289836883545 -0.85330206155776978 0.83647561073303223 -0.68501538038253784 -1.1591988801956177 0.70962917804718018 -0.87739825248718262 -1.1212213039398193 0.67561841011047363 -0.87399774789810181 -1.1571636199951172 0.49571496248245239 -1.1165212392807007 -1.0717155933380127 0.49097427725791931 -1.2183372974395752 -1.0779424905776978 0.38544434309005737 -1.1093100309371948 -1.1094342470169067 0.15897199511528015
512.90969997644424 -0.67405200004577637 -0.84665882587432861 0.81147152185440063 -0.71212822198867798 -1.1614366769790649 0.68915164470672607 -0.90529197454452515 -1.1291822195053101 0.6550946831703186 -0.90321886539459229 -1.1577996015548706 0.46581462025642395 -1.1540720462799072 -1.0712202787399292 0.45657092332839966 -1.2566989660263062 -1.0728952884674072 0.3754725456237793 -1.1369677782058716 -1.1076508760452271 0.16973456740379333
512.90969997644424 -0.81246340274810791 -0.79854053258895874 0.75875121355056763 -0.72143417596817017 -1.1017976999282837 0.64007478952407837 -0.92562770843505859 -1.0551161766052246 0.61036080121994019 -0.89995568990707397 -1.0921286344528198 0.40999564528465271 -1.140615701675415 -0.99252617359161377 0.39102998375892639 -1.2172015905380249 -0.98393815755844116 0.31312078237533569 -1.0770787000656128 -1.0020982027053833 0.14597086608409882
577.012899979949 -0.73648166656494141 -0.76211130619049072 0.74859738349914551 -0.73016053438186646 -1.0929436683654785 0.63106429576873779 -0.93377339839935303 -1.0631322860717773 0.61380308866500854 -0.9565233588218689 -1.0738422870635986 0.41422751545906067 -1.2099310159683228 -0.99012637138366699 0.41558372974395752 -1.3170551061630249 -0.9895361065864563 0.32246097922325134 -1.1785502433776855 -1.0003186464309692 0.14757965505123138
577.012899979949 -0.87702786922454834 -0.87679916620254517 0.71078157424926758 -0.8902205228805542 -1.2560840845108032 0.50206285715103149 -1.1099699735641479 -1.2180912494659424 0.48181930184364319 -1.1264593601226807 -1.2364025115966797 0.2657889723777771 -1.4231976270675659 -1.1347414255142212 0.26303523778915405 -1.5463358163833618 -1.1465736627578735 0.21579168736934662 -1.3963223695755005 -1.1668068170547485 0.042665377259254456
645.80889998376369 -0.83188676834106445 -0.82431507110595703 0.70010095834732056 -0.84488129615783691 -1.1979035139083862 0.49451696872711182 -1.0613303184509277 -1.1604812145233154 0.47457742691040039 -1.0775721073150635 -1.1785175800323486 0.26179167628288269 -1.3698536157608032 -1.0783833265304565 0.25907930731773376 -1.4911423921585083 -1.0900378227233887 0.21254532039165497 -1.3433820009231567 -1.1099672317504883 0.042019203305244446
645.80889998376369 -0.92964613437652588 -0.87037545442581177 0.67660194635391235 -0.91353327035903931 -1.2293606996536255 0.48234289884567261 -1.1515406370162964 -1.1918100118637085 0.45681402087211609 -1.1493232250213623 -1.1868300437927246 0.24983395636081696 -1.4705644845962524 -1.0817364454269409 0.23766256868839264 -1.5790517330169678 -1.0745697021484375 0.20264925062656403 -1.3869297504425049 -1.1025083065032959 0.045482579618692398
709.09180000424385 -0.98639011383056641 -0.88451474905014038 0.70703762769699097 -0.98765134811401367 -1.2931720018386841 0.53635519742965698 -1.2594687938690186 -1.2576140165328979 0.5253450870513916 -1.2225081920623779 -1.2701674699783325 0.28502374887466431 -1.5710564851760864 -1.187960147857666 0.28433355689048767 -1.6923764944076538 -1.195478081703186 0.21562434732913971 -1.5089651346206665 -1.1915357112884521 0.044952545315027237
709.09180000424385 -1.0135320425033569 -0.98594510555267334 0.57425743341445923 -1.0323147773742676 -1.3058373928070068 0.36124974489212036 -1.3224517107009888 -1.2822432518005371 0.33945021033287048 -1.2426450252532959 -1.2582389116287231 0.14078286290168762 -1.5934306383132935 -1.1847411394119263 0.1118571013212204 -1.6519702672958374 -1.1676352024078369 0.095670565962791443 -1.4253861904144287 -1.1448986530303955 -0.029797667637467384
772.32019999623299 -1.0541430711746216 -1.0430763959884644 0.77632534503936768 -1.0087727308273315 -1.3860398530960083 0.58779513835906982 -1.3148657083511353 -1.3518396615982056 0.54623353481292725 -1.2235352993011475 -1.3578234910964966 0.30305531620979309 -1.5909717082977295 -1.2584911584854126 0.24670015275478363 -1.6880238056182861 -1.2387205362319946 0.2151939868927002 -1.4649193286895752 -1.2608600854873657 0.049843486398458481
772.32019999623299 -0.99316263198852539 -0.98431879281997681 0.71444803476333618 -0.95140838623046875 -1.2999473810195923 0.54094409942626953 -1.2331050634384155 -1.2684730291366577 0.50269508361816406 -1.1490539312362671 -1.2739799022674561 0.27889862656593323 -1.4872047901153564 -1.1825646162033081 0.22703510522842407 -1.576521635055542 -1.1643698215484619 0.19804003834724426 -1.3711990118026733 -1.1847448348999023 0.045868329703807831
831.45029999315739 -0.91219615936279297 -0.9563138484954834 0.91565316915512085 -0.86455971002578735 -1.2989778518676758 0.77777343988418579 -1.1243172883987427 -1.2492847442626953 0.77221560478210449 -1.0820544958114624 -1.2967377901077271 0.48199036717414856 -1.3952727317810059 -1.1930445432662964 0.48264697194099426 -1.5077792406082153 -1.2059744596481323 0.37694874405860901 -1.3608330488204956 -1.2347968816757202 0.16471557319164276
831.45029999315739 -0.91105747222900391 -1.0010889768600464 0.92338967323303223 -0.83288228511810303 -1.3109636306762695 0.80694621801376343 -1.0969464778900146 -1.2865599393844604 0.78027999401092529 -1.0464992523193359 -1.3222306966781616 0.50460219383239746 -1.3526029586791992 -1.2331312894821167 0.47616738080978394 -1.4654238224029541 -1.2116763591766357 0.37714630365371704 -1.3171799182891846 -1.218693733215332 0.18707562983036041
900.01369999349117 -0.69943058490753174 -0.97320806980133057 1.0354328155517578 -0.66524535417556763 -1.274591326713562 0.9378124475479126 -0.89399093389511108 -1.2104201316833496 0.9334370493888855 -0.87424623966217041 -1.2953199148178101 0.6250576376914978 -1.1232796907424927 -1.1704552173614502 0.62078011035919189 -1.2230812311172485 -1.1754217147827148 0.48613527417182922 -1.1309903860092163 -1.2288413047790527 0.25010126829147339
900.01369999349117 -0.71476918458938599 -0.99309670925140381 0.83484995365142822 -0.73008042573928833 -1.242279052734375 0.76436930894851685 -0.95551168918609619 -1.1602323055267334 0.74338293075561523 -0.86490464210510254 -1.2266261577606201 0.49611034989356995 -1.0866432189941406 -1.0878393650054932 0.47391712665557861 -1.119143009185791 -1.0900263786315918 0.36779704689979553 -1.0092161893844604 -1.1513583660125732 0.17001773416996002
962.6414999961853 -0.70243996381759644 -0.95680689811706543 0.79408526420593262 -0.71700358390808105 -1.1938215494155884 0.72704613208770752 -0.93142682313919067 -1.115781307220459 0.7070845365524292 -0.84524422883987427 -1.1789330244064331 0.47188648581504822 -1.0561552047729492 -1.0469232797622681 0.45077696442604065 -1.0870679616928101 -1.0490034818649292 0.34983882308006287 -0.98250895738601685 -1.1073405742645264 0.16171719133853912
962.6414999961853 -0.72487109899520874 -1.0382089614868164 0.77320724725723267 -0.7571069598197937 -1.2316570281982422 0.71973150968551636 -0.95469176769256592 -1.1780657768249512 0.70021259784698486 -0.85789638757705688 -1.195115327835083 0.49228617548942566 -1.0316448211669922 -1.1006225347518921 0.46526414155960083 -1.0420392751693726 -1.0540099143981934 0.33861121535301208 -0.93359559774398804 -1.0949015617370605 0.14133739471435547
1038.851399987936 -0.53174513578414917 -0.94772619009017944 0.78795671463012695 -0.55649667978286743 -1.020520806312561 0.73530548810958862 -0.69262826442718506 -0.97870993614196777 0.71121484041213989 -0.65415054559707642 -0.98686319589614868 0.51068198680877686 -0.7617039680480957 -0.91368472576141357 0.45954835414886475 -0.79868090152740479 -0.8535798192024231 0.30299952626228333 -0.72899609804153442 -0.90642887353897095 0.11289083957672119
1038.851399987936 -0.57963269948959351 -0.89300525188446045 0.61029523611068726 -0.51671117544174194 -1.1139830350875854 0.61325716972351074 -0.65970492362976074 -1.0680180788040161 0.59888714551925659 -0.60807299613952637 -1.0863418579101563 0.41943949460983276 -0.73312276601791382 -0.99272578954696655 0.39585322141647339 -0.75481241941452026 -0.95411694049835205 0.25518590211868286 -0.6752895712852478 -0.97181904315948486 0.099355965852737427
1111.1534999907017 -0.58647847175598145 -0.94969213008880615 0.66084003448486328 -0.57984858751296997 -1.0802366733551025 0.59301602840423584 -0.69857257604598999 -1.0197597742080688 0.57061690092086792 -0.66206514835357666 -1.0522477626800537 0.44146022200584412 -0.77245169878005981 -0.96007180213928223 0.40680265426635742 -0.80446594953536987 -0.919575035572052 0.26832729578018188 -0.72688961029052734 -0.94647365808486938 0.11923039704561234
1111.1534999907017 -0.54559147357940674 -0.88081818819046021 0.66200685501098633 -0.55456393957138062 -1.0997354984283447 0.60902345180511475 -0.68836647272109985 -1.0425416231155396 0.60263651609420776 -0.66099739074707031 -1.0858887434005737 0.43934112787246704 -0.79120874404907227 -0.98944085836410522 0.42901125550270081 -0.84079456329345703 -1.0060229301452637 0.32075637578964233 -0.77854013442993164 -1.0541731119155884 0.16135537624359131
1166.6219999939203 -0.619190514087677 -0.85932022333145142 0.56222516298294067 -0.58159911632537842 -1.076146125793457 0.50380247831344604 -0.71524399518966675 -1.0363771915435791 0.49526938796043396 -0.67474526166915894 -1.0716832876205444 0.34128832817077637 -0.79656529426574707 -0.99485862255096436 0.32679417729377747 -0.81925177574157715 -0.98702389001846313 0.2140975147485733 -0.73238140344619751 -0.99137407541275024 0.075178720057010651
1166.6219999939203 -0.6478685736656189 -0.96800023317337036 0.45788073539733887 -0.66076332330703735 -1.2089920043945313 0.3409695029258728 -0.8179505467414856 -1.1650345325469971 0.31758806109428406 -0.72190380096435547 -1.2047040462493896 0.17599345743656158 -0.8762052059173584 -1.117727518081665 0.14327943325042725 -0.85717207193374634 -1.0855530500411987 0.058562666177749634 -0.71660155057907104 -1.0730330944061279 -0.071183919906616211
1227.344899982214 -0.67788559198379517 -1.0313994884490967 0.61322826147079468 -0.68251937627792358 -1.276653528213501 0.51228970289230347 -0.84205293655395508 -1.2236392498016357 0.48172339797019958 -0.7682005763053894 -1.2866753339767456 0.32614096999168396 -0.92666250467300415 -1.1867400407791138 0.27971881628036499 -0.92710858583450317 -1.1533577442169189 0.16887183487415314 -0.79145199060440063 -1.1624081134796143 0.025916334241628647
1227.344899982214 -0.65975439548492432 -0.95573204755783081 0.5801665186882019 -0.6641383171081543 -1.1877627372741699 0.48467031121253967 -0.81507033109664917 -1.1376068592071533 0.45575201511383057 -0.74519985914230347 -1.1972442865371704 0.30855816602706909 -0.89511793851852417 -1.1026971340179443 0.26463893055915833 -0.89553999900817871 -1.0711147785186768 0.15976853668689728 -0.76719760894775391 -1.0796772241592407 0.024520806968212128
1293.6215999871492 -0.65365254878997803 -0.98947614431381226 0.62890744209289551 -0.68320852518081665 -1.223274827003479 0.54380929470062256 -0.82909959554672241 -1.1519182920455933 0.5110887885093689 -0.76240319013595581 -1.2309510707855225 0.35957086086273193 -0.89260941743850708 -1.1159118413925171 0.31383025646209717 -0.88858729600906372 -1.0827220678329468 0.19905932247638702 -0.77417582273483276 -1.1073427200317383 0.061830449849367142
1293.6215999871492 -0.62777715921401978 -0.9519011378288269 0.26672342419624329 -0.69203585386276245 -1.2016624212265015 0.12163551151752472 -0.85944074392318726 -1.1258821487426758 0.10513465851545334 -0.71536868810653687 -1.2337639331817627 -0.025969412177801132 -0.89900195598602295 -1.1136393547058105 -0.049242258071899414 -0.8388141393661499 -1.1022125482559204 -0.12866292893886566 -0.66771960258483887 -1.1074726581573486 -0.25168797373771667
1423.3924999833107 -0.64398163557052612 -1.2426073551177979 0.82539194822311401 -0.63671445846557617 -1.5783253908157349 0.7092166543006897 -0.80641543865203857 -1.5466830730438232 0.70845353603363037 -0.9143376350402832 -1.4694764614105225 0.48975905776023865 -1.0892180204391479 -1.346899151802063 0.48415392637252808 -1.1829980611801147 -1.3038554191589355 0.3478584885597229 -1.1032922267913818 -1.3444087505340576 0.1476161777973175
1501.6413999944925 -0.4835965633392334 -0.57159078121185303 0.64103883504867554 -0.51117020845413208 -0.79630017280578613 0.5923839807510376 -0.63101375102996826 -0.76076841354370117 0.58276224136352539 -0.66983723640441895 -0.78572291135787964 0.39247432351112366 -0.81128257513046265 -0.70266294479370117 0.37528893351554871 -0.90589874982833862 -0.69677257537841797 0.29546031355857849 -0.85943502187728882 -0.74619001150131226 0.14312316477298737
1501.6413999944925 -0.48569005727767944 -0.64459985494613647 0.81533604860305786 -0.4915071427822113 -0.95395267009735107 0.78166717290878296 -0.63147586584091187 -0.92176198959350586 0.77548927068710327 -0.69672912359237671 -0.9373091459274292 0.51732641458511353 -0.87065428495407104 -0.8444938063621521 0.49526345729827881 -1.0012956857681274 -0.82856172323226929 0.38358113169670105 -0.95787370204925537 -0.90532433986663818 0.21587231755256653
1608.0641999840736 -0.6448637843132019 -0.70245128870010376 0.75068914890289307 -0.55772358179092407 -0.99908971786499023 0.70684546232223511 -0.77161431312561035 -0.97733300924301147 0.71321630477905273 -0.73688411712646484 -0.96122276782989502 0.44621726870536804 -0.96749311685562134 -0.87733244895935059 0.4441167414188385 -1.0487792491912842 -0.87551027536392212 0.29129111766815186 -0.96604984998703003 -0.90793651342391968 0.082883737981319427
1740.6486999839544 -0.86500555276870728 -1.1767889261245728 0.81591379642486572 -0.85951775312423706 -1.6028331518173218 0.61104649305343628 -1.1689344644546509 -1.5777478218078613 0.6074715256690979 -1.086943507194519 -1.6087327003479004 0.27364185452461243 -1.4594371318817139 -1.4966180324554443 0.26510113477706909 -1.5603641271591187 -1.4538812637329102 0.12309699505567551 -1.3955808877944946 -1.4448021650314331 -0.12379184365272522
1825.85499997437 -0.82254654169082642 -1.287628173828125 0.92311149835586548 -0.97504538297653198 -1.652766227722168 0.75557810068130493 -1.2523953914642334 -1.5846781730651855 0.71305125951766968 -1.1822340488433838 -1.6532120704650879 0.44656264781951904 -1.5113154649734497 -1.5363398790359497 0.41335269808769226 -1.5966986417770386 -1.5707489252090454 0.32674157619476318 -1.4166343212127686 -1.5899479389190674 0.072066277265548706
1825.85499997437 -0.55839282274246216 -0.94169414043426514 0.73253816366195679 -0.76927787065505981 -1.2371768951416016 0.55303013324737549 -0.97698348760604858 -1.169053316116333 0.5230790376663208 -0.93444991111755371 -1.2381045818328857 0.34849122166633606 -1.1754063367843628 -1.1314972639083862 0.33381748199462891 -1.2417459487915039 -1.1410129070281982 0.26213955879211426 -1.1075760126113892 -1.1636654138565063 0.074402704834938049
1895.1076999753714 -0.61985433101654053 -0.91061544418334961 0.62859201431274414 -0.75987273454666138 -1.2006065845489502 0.45250946283340454 -0.98203933238983154 -1.1535187959671021 0.42273712158203125 -0.92466139793395996 -1.1879335641860962 0.26500067114830017 -1.1768717765808105 -1.1043039560317993 0.2420918196439743 -1.2317718267440796 -1.0977777242660522 0.19519907236099243 -1.0832561254501343 -1.1086071729660034 0.044910959899425507
1895.1076999753714 -0.71508610248565674 -0.92825472354888916 0.59771633148193359 -0.77781325578689575 -1.2641534805297852 0.40664023160934448 -1.0188666582107544 -1.1998239755630493 0.37990066409111023 -0.9447864294052124 -1.2128559350967407 0.23713108897209167 -1.1984834671020508 -1.1064150333404541 0.21780990064144135 -1.2369359731674194 -1.0709297657012939 0.14645615220069885 -1.0748881101608276 -1.0571599006652832 -0.00670672208070755
1955.6076999902725 -0.91359561681747437 -1.005388617515564 0.58533161878585815 -0.92902970314025879 -1.336816668510437 0.43395882844924927 -1.2102198600769043 -1.267202615737915 0.40635702013969421 -1.089954137802124 -1.2557862997055054 0.26555228233337402 -1.3735573291778564 -1.1399606466293335 0.24498358368873596 -1.393531322479248 -1.0804651975631714 0.16319499909877777 -1.1897126436233521 -1.0739623308181763 -0.00080811965744942427
1955.6076999902725 -0.93983221054077148 -0.98340260982513428 0.57395768165588379 -0.95496630668640137 -1.3083888292312622 0.42552703619003296 -1.2306911945343018 -1.2401276826858521 0.3984617292881012 -1.1127628087997437 -1.2289334535598755 0.26039379835128784 -1.3908537626266479 -1.1153590679168701 0.24022486805915833 -1.4104394912719727 -1.0570199489593506 0.16002598404884338 -1.2105823755264282 -1.0506434440612793 -0.0007894521695561707
