16.509999990463257 -0.17293061316013336 -1.2939385175704956 0.47153419256210327 0.32708868384361267 -2.1094944477081299 -0.00857571791857481 0.33055546879768372 -2.3418939113616943 -0.020834960043430328 -0.40601399540901184 -2.14280104637146 -0.1008010134100914 -0.57687264680862427 -2.3790981769561768 -0.07792104035615921 -0.52660536766052246 -1.2751486301422119 0.32348614931106567 -0.61789053678512573 -0.9462011456489563 0.27260911464691162
16.509999990463257 -0.1377314031124115 -1.2058260440826416 0.46894770860671997 0.25110095739364624 -1.9906494617462158 0.0064575164578855038 0.24379315972328186 -2.214616060256958 -0.0072572445496916771 -0.39922904968261719 -2.0172889232635498 -0.065833479166030884 -0.55777686834335327 -2.2463958263397217 -0.044620200991630554 -0.52300345897674561 -1.2388612031936646 0.33389177918434143 -0.56100893020629883 -0.89093935489654541 0.30314531922340393
73.984999984502792 -0.1394762247800827 -1.2378311157226563 0.47889336943626404 0.25760191679000854 -2.0392978191375732 0.0065953871235251427 0.25013914704322815 -2.2680139541625977 -0.0074102161452174187 -0.40651935338973999 -2.0665020942687988 -0.067228645086288452 -0.56842935085296631 -2.3004674911499023 -0.045565512031316757 -0.53291863203048706 -1.2715667486190796 0.3409733772277832 -0.57173001766204834 -0.91626673936843872 0.30957487225532532
73.984999984502792 -0.15296334028244019 -1.2663984298706055 0.44879734516143799 0.28105440735816956 -2.0331144332885742 -0.080209381878376007 0.28294074535369873 -2.2659726142883301 -0.10447840392589569 -0.42930054664611816 -2.0517096519470215 -0.14935524761676788 -0.58310961723327637 -2.2833635807037354 -0.14082838594913483 -0.49101191759109497 -1.2063992023468018 0.27169284224510193 -0.58418405055999756 -0.91961628198623657 0.22183802723884583
137.41029998660088 -0.2287624329328537 -1.2546952962875366 0.42415934801101685 0.29223200678825378 -2.1017367839813232 -0.052781414240598679 0.30866959691047668 -2.3501894474029541 -0.083992786705493927 -0.41441112756729126 -2.1397454738616943 -0.18070738017559052 -0.57758241891860962 -2.3973112106323242 -0.19622844457626343 -0.51277256011962891 -1.214632511138916 0.24778872728347778 -0.61717486381530762 -0.92912817001342773 0.19866715371608734
137.41029998660088 -0.17979620397090912 -1.1720144748687744 0.50036728382110596 0.26922851800918579 -1.9824404716491699 0.020124709233641624 0.2772880494594574 -2.2096266746520996 0.0022882982157170773 -0.39183330535888672 -2.0331270694732666 -0.072121694684028625 -0.5380663275718689 -2.2644386291503906 -0.05832531675696373 -0.51816952228546143 -1.2144755125045776 0.35369026660919189 -0.57558131217956543 -0.86663663387298584 0.32375490665435791
199.87459999322891 -0.1849810928106308 -1.1918014287948608 0.49967068433761597 0.26341959834098816 -2.0011012554168701 0.020095463842153549 0.27146798372268677 -2.2279715538024902 0.0022838404402136803 -0.39672353863716125 -2.0517172813415527 -0.072022750973701477 -0.54275339841842651 -2.2827072143554688 -0.058245539665222168 -0.52288419008255005 -1.2342033386230469 0.35319751501083374 -0.5802161693572998 -0.88684791326522827 0.32330375909805298
199.87459999322891 -0.22924089431762695 -1.1928852796554565 0.50785946846008301 0.21779720485210419 -1.9841139316558838 0.084894359111785889 0.22735790908336639 -2.2015061378479004 0.067686751484870911 -0.43682295083999634 -2.0334875583648682 -0.020872225984930992 -0.5875014066696167 -2.2647836208343506 -0.018190586939454079 -0.5172346830368042 -1.1433987617492676 0.33630388975143433 -0.61961430311203003 -0.85996162891387939 0.2826075553894043
264.67729999125004 -0.22803105413913727 -1.1696712970733643 0.49551674723625183 0.22604432702064514 -1.9307248592376709 0.076640598475933075 0.22968864440917969 -2.1459596157073975 0.070265009999275208 -0.41751199960708618 -1.9790477752685547 -0.0074356133118271828 -0.56369763612747192 -2.2017102241516113 0.0096987700089812279 -0.50773406028747559 -1.1144618988037109 0.34679880738258362 -0.60363000631332397 -0.84655755758285522 0.29056069254875183
264.67729999125004 -0.23037184774875641 -1.1469175815582275 0.54292470216751099 0.19244782626628876 -1.9693235158920288 0.088459864258766174 0.19889847934246063 -2.1835727691650391 0.078971616923809052 -0.46664395928382874 -2.0390322208404541 -0.014200623147189617 -0.61084771156311035 -2.2770211696624756 0.00018744418048299849 -0.55259013175964355 -1.1538163423538208 0.3550550639629364 -0.65977019071578979 -0.87448596954345703 0.29406970739364624
331.53409999608994 -0.19550903141498566 -1.1015558242797852 0.53306311368942261 0.2196323424577713 -1.9090269804000854 0.086851209402084351 0.22596584260463715 -2.1193857192993164 0.077535271644592285 -0.4274904727935791 -1.9774699211120605 -0.013944988138973713 -0.56907552480697632 -2.211137056350708 0.00018179444305133075 -0.51187592744827271 -1.1083292961120605 0.34860512614250183 -0.61710965633392334 -0.8340715765953064 0.28872722387313843
331.53409999608994 -0.18897335231304169 -1.1252495050430298 0.60996901988983154 0.22524885833263397 -1.9489850997924805 0.17647330462932587 0.23321397602558136 -2.1522576808929443 0.17800049483776093 -0.46191775798797607 -2.0203425884246826 0.084162242710590363 -0.61208707094192505 -2.2457382678985596 0.11243333667516708 -0.56780421733856201 -1.2078313827514648 0.4048522412776947 -0.65017580986022949 -0.89614021778106689 0.33707937598228455
387.09039998054504 -0.16349591314792633 -1.0877317190170288 0.52639937400817871 0.25545984506607056 -1.879109263420105 0.036173097789287567 0.26964840292930603 -2.07881760597229 0.022243652492761612 -0.46157181262969971 -1.9580651521682739 -0.03773023933172226 -0.60510718822479248 -2.1856164932250977 -0.029053427278995514 -0.47823339700698853 -1.1229523420333862 0.33143547177314758 -0.59758561849594116 -0.87185078859329224 0.27634137868881226
387.09039998054504 -0.15133950114250183 -1.0880535840988159 0.52064013481140137 0.25713339447975159 -1.879948616027832 0.039719939231872559 0.27111124992370605 -2.083653450012207 0.027879644185304642 -0.45127096772193909 -1.9573956727981567 -0.056383628398180008 -0.58811306953430176 -2.1781532764434814 -0.050287380814552307 -0.52035325765609741 -1.1047888994216919 0.29393380880355835 -0.62973493337631226 -0.85297298431396484 0.22884355485439301
443.1896999925375 -0.12643478810787201 -1.1132453680038452 0.53342610597610474 0.2920687198638916 -1.9245864152908325 0.040696155279874802 0.30638983845710754 -2.133293628692627 0.028565112501382828 -0.43373149633407593 -2.0039353370666504 -0.057767372578382492 -0.57393395900726318 -2.2301139831542969 -0.051521420478820801 -0.50451022386550903 -1.1303917169570923 0.30115264654159546 -0.61657792329788208 -0.87239205837249756 0.23446398973464966
443.1896999925375 -0.12223270535469055 -1.1440989971160889 0.59269952774047852 0.26948121190071106 -1.9466044902801514 0.13652564585208893 0.28181171417236328 -2.1496279239654541 0.13794915378093719 -0.47602024674415588 -2.0081870555877686 0.043692540377378464 -0.62759912014007568 -2.2269828319549561 0.062464501708745956 -0.52479445934295654 -1.1457339525222778 0.3471105694770813 -0.62780910730361938 -0.87329232692718506 0.26256498694419861
510.21639999747276 -0.17282447218894958 -1.0890482664108276 0.53456121683120728 0.27606603503227234 -1.9243396520614624 0.038746397942304611 0.28375923633575439 -2.1246860027313232 0.025045368820428848 -0.45603576302528381 -2.0037894248962402 -0.061646021902561188 -0.59730702638626099 -2.223689079284668 -0.050873845815658569 -0.51077121496200562 -1.1187354326248169 0.28593644499778748 -0.62769114971160889 -0.83995938301086426 0.2295214831829071
510.21639999747276 -0.14209702610969543 -1.1518350839614868 0.49438032507896423 0.28065589070320129 -1.9414771795272827 -0.0057176598347723484 0.29576501250267029 -2.1529500484466553 -0.015426823869347572 -0.44773423671722412 -2.010974645614624 -0.079138576984405518 -0.58581739664077759 -2.2423927783966064 -0.060899898409843445 -0.4906584620475769 -1.1623110771179199 0.30072325468063354 -0.6051790714263916 -0.91331213712692261 0.24528311192989349
577.72249999642372 -0.1175224557518959 -1.1539386510848999 0.49364450573921204 0.30460318922996521 -1.9424090385437012 -0.0057114651426672935 0.31968992948532104 -2.1535682678222656 -0.015406223013997078 -0.42270618677139282 -2.0118036270141602 -0.079023443162441254 -0.56058448553085327 -2.2428784370422363 -0.060811828821897507 -0.4655667245388031 -1.164399266242981 0.30027475953102112 -0.57991737127304077 -0.91576957702636719 0.24491687119007111
577.72249999642372 -0.16416923701763153 -1.136436939239502 0.51702886819839478 0.27433028817176819 -1.9492155313491821 0.017168685793876648 0.29281026124954224 -2.1646361351013184 -0.003431911114603281 -0.41577419638633728 -2.0260028839111328 -0.099085479974746704 -0.54354995489120483 -2.2636041641235352 -0.10147025436162949 -0.48111799359321594 -1.1465862989425659 0.2765209972858429 -0.60531878471374512 -0.86788588762283325 0.2238195538520813
638.81309999525547 -0.17524230480194092 -1.1034995317459106 0.52669745683670044 0.27069562673568726 -1.88884437084198 0.025491558015346527 0.28382930159568787 -2.0969207286834717 0.0080447634682059288 -0.40900257229804993 -1.9498647451400757 -0.082038901746273041 -0.54359275102615356 -2.1745450496673584 -0.077532723546028137 -0.50146764516830444 -1.1550296545028687 0.28279316425323486 -0.60921233892440796 -0.86296945810317993 0.23099987208843231
638.81309999525547 -0.19102977216243744 -1.1451611518859863 0.55139577388763428 0.26588663458824158 -1.9887828826904297 0.058006472885608673 0.28150159120559692 -2.199636697769165 0.049792088568210602 -0.47739222645759583 -2.0473740100860596 -0.036776196211576462 -0.61160844564437866 -2.2799327373504639 -0.025411710143089294 -0.51650333404541016 -1.164091944694519 0.29898315668106079 -0.63324123620986938 -0.8777276873588562 0.2269739955663681
710.61209999024868 -0.18992838263511658 -1.0984370708465576 0.53296786546707153 0.25171634554862976 -1.9138621091842651 0.056069299578666687 0.26680940389633179 -2.117668628692627 0.048129469156265259 -0.46671962738037109 -1.9704951047897339 -0.035545412451028824 -0.59644991159439087 -2.1952807903289795 -0.024560766294598579 -0.50452351570129395 -1.1167353391647339 0.28899171948432922 -0.61735963821411133 -0.83994221687316895 0.21938934922218323
710.61209999024868 -0.22839906811714172 -1.1152410507202148 0.5557975172996521 0.22527387738227844 -1.9228535890579224 0.11441463232040405 0.24585942924022675 -2.1241931915283203 0.10813914239406586 -0.47952377796173096 -1.9871827363967896 0.012160560116171837 -0.60845118761062622 -2.2137203216552734 0.025455545634031296 -0.52955347299575806 -1.1467200517654419 0.33659237623214722 -0.63375985622406006 -0.86361467838287354 0.26607418060302734
769.26350000500679 -0.17897652089595795 -1.0994224548339844 0.53031325340270996 0.24160730838775635 -1.9063605070114136 0.083931483328342438 0.26375079154968262 -2.108112096786499 0.082786105573177338 -0.47659975290298462 -1.963819146156311 -0.019645765423774719 -0.60306870937347412 -2.1940391063690186 -0.012150528840720654 -0.51005011796951294 -1.1143423318862915 0.28287187218666077 -0.61814689636230469 -0.85344433784484863 0.20739419758319855
769.26350000500679 -0.18015004694461823 -1.0740407705307007 0.53753674030303955 0.27648314833641052 -1.8825559616088867 0.087759353220462799 0.30654165148735046 -2.0851318836212158 0.078256376087665558 -0.44977098703384399 -1.9496456384658813 -0.0082439342513680458 -0.57479965686798096 -2.174828052520752 -0.00083171011647209525 -0.45896893739700317 -1.1127912998199463 0.31674924492835999 -0.57173919677734375 -0.83820229768753052 0.24379725754261017
841.18840000033379 -0.19627624750137329 -1.0509936809539795 0.53133350610733032 0.23496946692466736 -1.8907455205917358 0.082660786807537079 0.25190362334251404 -2.0909335613250732 0.079491041600704193 -0.46136608719825745 -1.961957573890686 -0.0011531891068443656 -0.5788460373878479 -2.1820163726806641 0.016105964779853821 -0.51243865489959717 -1.1070396900177002 0.35007402300834656 -0.6291012167930603 -0.84865891933441162 0.28759881854057312
841.18840000033379 -0.19775709509849548 -1.0973243713378906 0.51116114854812622 0.20500108599662781 -1.915379524230957 0.065836906433105469 0.21423707902431488 -2.1139798164367676 0.061629872769117355 -0.46030235290527344 -1.9514294862747192 -0.02476203627884388 -0.57990026473999023 -2.1561155319213867 -0.0060271415859460831 -0.49921286106109619 -1.111875057220459 0.34901738166809082 -0.5973891019821167 -0.82957005500793457 0.28703117370605469
909.99599999189377 -0.21682615578174591 -1.0928479433059692 0.5118783712387085 0.18649300932884216 -1.9120426177978516 0.065933838486671448 0.19574187695980072 -2.110919713973999 0.061720944941043854 -0.47973713278770447 -1.9481428861618042 -0.024791294708848 -0.59950155019760132 -2.1531140804290771 -0.0060303052887320518 -0.51870185136795044 -1.1074188947677612 0.34950876235961914 -0.61701476573944092 -0.82472074031829834 0.28743618726730347
909.99599999189377 -0.19872589409351349 -1.149691104888916 0.48206478357315063 0.16463352739810944 -1.9344607591629028 -0.012569054029881954 0.16418351233005524 -2.1328690052032471 -0.02049795538187027 -0.47861367464065552 -1.9515300989151001 -0.09702039510011673 -0.59895473718643188 -2.1521732807159424 -0.077642127871513367 -0.51329469680786133 -1.1358509063720703 0.32694974541664124 -0.60912978649139404 -0.84302669763565063 0.27167075872421265
968.3236999809742 -0.23313528299331665 -1.1361554861068726 0.46222782135009766 0.21018002927303314 -1.9674422740936279 -0.020679719746112823 0.22234731912612915 -2.1821305751800537 -0.035051658749580383 -0.46304234862327576 -2.0129818916320801 -0.13835218548774719 -0.58396589756011963 -2.2345099449157715 -0.13623079657554626 -0.53048473596572876 -1.1522506475448608 0.26010730862617493 -0.6427767276763916 -0.84538751840591431 0.21215355396270752
968.3236999809742 -0.21524046361446381 -1.1208198070526123 0.48408672213554382 0.19464625418186188 -1.9391881227493286 -0.013431749306619167 0.20509444177150726 -2.1451382637023926 -0.025107996538281441 -0.45733919739723206 -1.9754221439361572 -0.12193980813026428 -0.57199960947036743 -2.1875801086425781 -0.11361393332481384 -0.51468509435653687 -1.1488801240921021 0.29811057448387146 -0.62532174587249756 -0.84123170375823975 0.25479927659034729
1033.5392999947071 -0.19911059737205505 -1.1653152704238892 0.4913807213306427 0.18720833957195282 -1.9573736190795898 -0.028883732855319977 0.18903812766075134 -2.1619172096252441 -0.034422118216753006 -0.46628105640411377 -1.9853347539901733 -0.14032094180583954 -0.58694630861282349 -2.1987724304199219 -0.12538328766822815 -0.53894084692001343 -1.1918247938156128 0.28401026129722595 -0.64088279008865356 -0.86590826511383057 0.24323016405105591
1033.5392999947071 -0.21664214134216309 -1.1884571313858032 0.49723544716835022 0.17427872121334076 -1.9899506568908691 -0.029226562008261681 0.17613030970096588 -2.1969308853149414 -0.03483092412352562 -0.48699519038200378 -2.0182449817657471 -0.14199124276638031 -0.60909789800643921 -2.2342250347137451 -0.12687563896179199 -0.56052052974700928 -1.2152824401855469 0.28739470243453979 -0.663676917552948 -0.8854835033416748 0.24612882733345032
1095.625 -0.19926391541957855 -1.263670802116394 0.51797950267791748 0.15774251520633698 -2.0283498764038086 0.040151428431272507 0.16711495816707611 -2.2290427684783936 0.04279644787311554 -0.51024007797241211 -2.0418052673339844 -0.065438762307167053 -0.62838947772979736 -2.2567191123962402 -0.049883674830198288 -0.53178054094314575 -1.1763186454772949 0.31878623366355896 -0.62829071283340454 -0.89213943481445313 0.25209596753120422
1095.625 -0.17788642644882202 -1.2181576490402222 0.46672236919403076 0.17454731464385986 -1.9470469951629639 -0.021990645676851273 0.1743062436580658 -2.1527252197265625 -0.026600152254104614 -0.45870500802993774 -1.9644603729248047 -0.15662778913974762 -0.57264930009841919 -2.1777620315551758 -0.15278761088848114 -0.52873104810714722 -1.129054069519043 0.24033543467521667 -0.63511520624160767 -0.84761762619018555 0.18675915896892548
1173.7586999833584 -0.19715528190135956 -1.1381036043167114 0.49602475762367249 0.20539578795433044 -1.9295486211776733 0.047459840774536133 0.22073148190975189 -2.1521813869476318 0.024789493530988693 -0.48692488670349121 -2.0189776420593262 -0.06176246702671051 -0.61974722146987915 -2.2717714309692383 -0.076322831213474274 -0.53664165735244751 -1.1152175664901733 0.2307622879743576 -0.66423004865646362 -0.86399871110916138 0.16396573185920715
1173.7586999833584 -0.1786106675863266 -1.0464973449707031 0.54079383611679077 0.25078624486923218 -1.899941086769104 0.13091817498207092 0.27179661393165588 -2.1159918308258057 0.11926407366991043 -0.41045397520065308 -2.0004987716674805 0.016981413587927818 -0.53457629680633545 -2.2434628009796143 0.016797155141830444 -0.521636962890625 -1.0992189645767212 0.28081300854682922 -0.63907772302627563 -0.85387265682220459 0.20853736996650696
1236.6886999905109 -0.22000420093536377 -1.1375601291656494 0.50213807821273804 0.1991741955280304 -1.8837600946426392 0.10260430723428726 0.20986564457416534 -2.0942614078521729 0.086380653083324432 -0.44539666175842285 -1.9632606506347656 -0.015467223711311817 -0.58152186870574951 -2.1994335651397705 -0.018751652911305428 -0.54619407653808594 -1.1329421997070313 0.26947504281997681 -0.65697848796844482 -0.86948752403259277 0.21385110914707184
1236.6886999905109 -0.18492975831031799 -1.1321945190429688 0.50235068798065186 0.23442661762237549 -1.8787112236022949 0.10264725983142853 0.24512262642383575 -2.0893020629882813 0.086416721343994141 -0.41041791439056396 -1.9582456350326538 -0.015474402345716953 -0.54660093784332275 -2.1945185661315918 -0.018760226666927338 -0.51125812530517578 -1.1275745630264282 0.26958885788917542 -0.62208956480026245 -0.86400800943374634 0.2139413058757782
1303.3610000014305 -0.17460682988166809 -1.1070374250411987 0.52537035942077637 0.24072673916816711 -1.907731294631958 0.086070090532302856 0.24568445980548859 -2.1230268478393555 0.072333067655563354 -0.42539477348327637 -1.9772324562072754 -0.020186414942145348 -0.56198811531066895 -2.2173957824707031 -0.020404471084475517 -0.51501375436782837 -1.1102457046508789 0.27505671977996826 -0.6215861439704895 -0.85655009746551514 0.21290747821331024
1303.3610000014305 -0.20452278852462769 -1.13102126121521 0.56848788261413574 0.2194862961769104 -1.9279216527938843 0.14044876396656036 0.22198724746704102 -2.1386475563049316 0.12372281402349472 -0.41842788457870483 -1.9930953979492188 0.022625753656029701 -0.55192703008651733 -2.2233922481536865 0.025668073445558548 -0.59517878293991089 -1.2248315811157227 0.3088013231754303 -0.6441417932510376 -0.85222268104553223 0.28011217713356018
1365.7853999882936 -0.16252605617046356 -1.106842041015625 0.52346354722976685 0.18045075237751007 -1.8717164993286133 0.10677327215671539 0.17580403387546539 -2.073103666305542 0.098987855017185211 -0.45475423336029053 -1.9175715446472168 0.0098500251770019531 -0.59129351377487183 -2.1370186805725098 0.020117480307817459 -0.55577749013900757 -1.144460916519165 0.30561375617980957 -0.62174898386001587 -0.84546977281570435 0.26002335548400879
1365.7853999882936 -0.14931294322013855 -1.2625226974487305 0.50245010852813721 0.19472275674343109 -1.9566864967346191 0.023083576932549477 0.18323312699794769 -2.1661193370819092 0.0071780942380428314 -0.45894834399223328 -1.9524390697479248 -0.06858612596988678 -0.60025691986083984 -2.1632494926452637 -0.06190963089466095 -0.52989202737808228 -1.1835775375366211 0.27507561445236206 -0.58502596616744995 -0.89799398183822632 0.22156251966953278
1428.0326000005007 -0.14161860942840576 -1.234620213508606 0.50742161273956299 0.20581796765327454 -1.9356459379196167 0.023316426202654839 0.19421479105949402 -2.1471490859985352 0.0072537129744887352 -0.45431482791900635 -1.9313565492630005 -0.069259457290172577 -0.59702026844024658 -2.1442508697509766 -0.062516964972019196 -0.52595978975296021 -1.1548945903778076 0.27779948711395264 -0.58163869380950928 -0.86648792028427124 0.22375738620758057
1428.0326000005007 -0.167597696185112 -1.2797524929046631 0.50311994552612305 0.22453616559505463 -2.025869607925415 0.034974277019500732 0.20877648890018463 -2.2409868240356445 0.026734724640846252 -0.46624326705932617 -2.0283079147338867 -0.072720378637313843 -0.62056845426559448 -2.2495412826538086 -0.058660600334405899 -0.56591230630874634 -1.2329838275909424 0.27485752105712891 -0.60738611221313477 -0.89269059896469116 0.23171478509902954
1502.5605999827385 -0.18738755583763123 -1.3024637699127197 0.4697544276714325 0.19670091569423676 -2.0665967464447021 0.0094910971820354462 0.17524507641792297 -2.2952804565429688 0.0023439114447683096 -0.4604489803314209 -2.0888705253601074 -0.11604633182287216 -0.60029375553131104 -2.3165206909179688 -0.10247920453548431 -0.57951498031616211 -1.2213220596313477 0.24106718599796295 -0.68019366264343262 -0.95584827661514282 0.18189240992069244
1502.5605999827385 -0.21517005562782288 -1.1682823896408081 0.4897175133228302 0.20297129452228546 -1.9205125570297241 0.064931377768516541 0.21619987487792969 -2.148862361907959 0.039434198290109634 -0.4979577362537384 -1.9944348335266113 -0.076330773532390594 -0.64394515752792358 -2.2405128479003906 -0.09726879745721817 -0.58444976806640625 -1.1121543645858765 0.18904267251491547 -0.71003353595733643 -0.87648957967758179 0.11226462572813034
1571.3448999971151 -0.20551671087741852 -1.1926742792129517 0.49358722567558289 0.20028278231620789 -1.9244177341461182 0.062806874513626099 0.21760201454162598 -2.1551277637481689 0.043743263930082321 -0.4914315938949585 -2.005434513092041 -0.064068779349327087 -0.62225288152694702 -2.2616124153137207 -0.081010401248931885 -0.56450629234313965 -1.1003780364990234 0.18106822669506073 -0.68718111515045166 -0.8914031982421875 0.089815258979797363
1571.3448999971151 -0.19875513017177582 -1.1510920524597168 0.46692216396331787 0.16715200245380402 -1.9002323150634766 0.030884131789207458 0.16418088972568512 -2.1242556571960449 0.014918818138539791 -0.48400738835334778 -1.9551631212234497 -0.079278886318206787 -0.61347448825836182 -2.2017514705657959 -0.085863344371318817 -0.53816395998001099 -1.0681693553924561 0.20479947328567505 -0.6478458046913147 -0.84492826461791992 0.12894317507743835
1654.16400000453 -0.20848803222179413 -1.1547850370407104 0.47392654418945313 0.16290865838527679 -1.9151642322540283 0.031346786767244339 0.1598929762840271 -2.1425487995147705 0.015141949988901615 -0.49801984429359436 -1.9709192514419556 -0.08046896755695343 -0.62942928075790405 -2.2212071418762207 -0.087152205407619476 -0.55298888683319092 -1.0706182718276978 0.20787131786346436 -0.66431617736816406 -0.8440278172492981 0.13087695837020874
1654.16400000453 -0.22522754967212677 -1.2539584636688232 0.51184362173080444 0.14220944046974182 -2.0265913009643555 0.07443932443857193 0.13798080384731293 -2.2458922863006592 0.075976550579071045 -0.54543250799179077 -2.0540030002593994 -0.040727078914642334 -0.67915505170822144 -2.2912886142730713 -0.032283034175634384 -0.58830833435058594 -1.1464602947235107 0.2495025098323822 -0.69004231691360474 -0.90008968114852905 0.16526183485984802
1715.4238999933004 -0.20969216525554657 -1.1226569414138794 0.4789411723613739 0.13412676751613617 -1.8456265926361084 0.069652318954467773 0.13016994297504425 -2.0508313179016113 0.071090735495090485 -0.50931507349014282 -1.8712763786315918 -0.038111437112092972 -0.63444221019744873 -2.0933098793029785 -0.030210154131054878 -0.54943495988845825 -1.0220685005187988 0.23346282541751862 -0.64462971687316895 -0.79153406620025635 0.15463696420192719
1715.4238999933004 -0.1556437760591507 -1.3073134422302246 0.50146603584289551 0.12480742484331131 -1.977276086807251 0.049647767096757889 0.13349810242652893 -2.1801784038543701 0.059681195765733719 -0.55295610427856445 -1.952523946762085 -0.043741233646869659 -0.65786582231521606 -2.1605548858642578 -0.035792704671621323 -0.52676898241043091 -1.0865217447280884 0.23352207243442535 -0.6278916597366333 -0.858775794506073 0.142743781208992
1790.2025999873877 -0.24260380864143372 -1.2932288646697998 0.42963805794715881 0.083092465996742249 -2.0016825199127197 0.0079552540555596352 0.065998822450637817 -2.2237327098846436 0.0089624365791678429 -0.5618547797203064 -2.0026681423187256 -0.14006854593753815 -0.69570088386535645 -2.235215425491333 -0.15061174333095551 -0.60642462968826294 -1.1220248937606812 0.14083734154701233 -0.70864760875701904 -0.89570087194442749 0.063949726521968842
1790.2025999873877 -0.24833449721336365 -1.2020179033279419 0.4107634425163269 0.12005610764026642 -1.9062912464141846 0.013948343694210052 0.12628650665283203 -2.1197540760040283 0.0013964225072413683 -0.53406703472137451 -1.9583808183670044 -0.090923510491847992 -0.65997684001922607 -2.1911022663116455 -0.099009014666080475 -0.57968693971633911 -1.1121261119842529 0.15290029346942902 -0.69122910499572754 -0.8984716534614563 0.073199369013309479
1849.3888999819756 -0.27231124043464661 -1.1559493541717529 0.41853010654449463 0.12989535927772522 -1.8954097032546997 0.037013784050941467 0.13518118858337402 -2.1068377494812012 0.026814809069037437 -0.53592455387115479 -1.9359009265899658 -0.057147771120071411 -0.66592836380004883 -2.1686384677886963 -0.058480270206928253 -0.55451506376266479 -1.102057933807373 0.19998301565647125 -0.65175062417984009 -0.85910326242446899 0.13722188770771027
1849.3888999819756 -0.25632357597351074 -1.1574156284332275 0.42129996418952942 0.14854395389556885 -1.9017682075500488 0.037259630858898163 0.15386474132537842 -2.1145949363708496 0.026993181556463242 -0.52168089151382446 -1.9425272941589355 -0.057524878531694412 -0.65254473686218262 -2.1768045425415039 -0.058866191655397415 -0.5403943657875061 -1.1031677722930908 0.2013070285320282 -0.63827323913574219 -0.85860574245452881 0.13813069462776184
1915.662299990654 -0.31147348880767822 -1.2251309156417847 0.43672338128089905 0.092240698635578156 -1.9714107513427734 0.020734652876853943 0.10181928426027298 -2.1793229579925537 0.01258759293705225 -0.59639716148376465 -1.9948470592498779 -0.063484221696853638 -0.72242134809494019 -2.2244484424591064 -0.059634584933519363 -0.58548974990844727 -1.1707011461257935 0.25251564383506775 -0.67912548780441284 -0.92511653900146484 0.19098398089408875
1915.662299990654 -0.29040157794952393 -1.1495320796966553 0.41723203659057617 0.080296598374843597 -1.8454903364181519 0.051183260977268219 0.085752062499523163 -2.0281982421875 0.056169718503952026 -0.58088469505310059 -1.846387505531311 -0.034954097121953964 -0.70674896240234375 -2.0406520366668701 -0.02132720872759819 -0.53949427604675293 -1.0754789113998413 0.27042168378829956 -0.61386972665786743 -0.81031858921051025 0.20959268510341644
1973.4067999869585 -0.33974552154541016 -1.2100450992584229 0.42208400368690491 0.10151366144418716 -1.9232956171035767 0.012182087637484074 0.10794678330421448 -2.1255660057067871 0.008044007234275341 -0.60406976938247681 -1.9303630590438843 -0.074072770774364471 -0.74584662914276123 -2.1448044776916504 -0.068736597895622253 -0.58109438419342041 -1.116955041885376 0.27365806698799133 -0.6667940616607666 -0.85863560438156128 0.23004764318466187
1973.4067999869585 -0.30873450636863708 -1.1883257627487183 0.41980934143066406 0.13014900684356689 -1.8977363109588623 0.012114278972148895 0.1365475058555603 -2.0989177227020264 0.0079984776675701141 -0.5716356635093689 -1.9047656059265137 -0.07367619127035141 -0.71264922618865967 -2.1180522441864014 -0.06836874783039093 -0.54878401756286621 -1.0957368612289429 0.27218249440193176 -0.6340222954750061 -0.83880817890167236 0.22880688309669495
