55.646099999547005 -1.0037541389465332 -1.0148777961730957 0.61304885149002075 -0.76296454668045044 -1.2621362209320068 0.69610846042633057 -0.99397057294845581 -1.3183531761169434 0.61836832761764526 -0.88788038492202759 -1.1774626970291138 0.28740411996841431 -1.1300656795501709 -1.154951810836792 0.1548963189125061 -0.94750583171844482 -0.92826747894287109 0.022754427045583725 -0.8207741379737854 -0.89609551429748535 -0.1712983250617981
55.646099999547005 -0.99894905090332031 -0.98054909706115723 0.61578214168548584 -0.75708657503128052 -1.2289093732833862 0.69921183586120605 -0.98912185430526733 -1.2853766679763794 0.62112534046173096 -0.88255894184112549 -1.1438584327697754 0.28868642449378967 -1.1258233785629272 -1.1212472915649414 0.15558819472789764 -0.94245004653930664 -0.89355283975601196 0.022857505828142166 -0.81515377759933472 -0.86123746633529663 -0.17205989360809326
121.53610000014305 -0.98310047388076782 -0.99196743965148926 0.96869051456451416 -0.76047223806381226 -1.2265150547027588 0.99620747566223145 -0.98129421472549438 -1.2426197528839111 0.92076432704925537 -0.97257095575332642 -1.1175282001495361 0.50174111127853394 -1.210516095161438 -1.0537017583847046 0.35674440860748291 -1.03818678855896 -0.86490362882614136 0.23945729434490204 -0.97188699245452881 -1.0083643198013306 0.015831176191568375
121.53610000014305 -1.0245316028594971 -0.9556012749671936 0.79466336965560913 -0.83029824495315552 -1.2006272077560425 0.86309915781021118 -1.0622156858444214 -1.2744801044464111 0.75322037935256958 -0.92262923717498779 -1.1699997186660767 0.42340806126594543 -1.1777539253234863 -1.1544510126113892 0.23185880482196808 -1.0362989902496338 -0.95492857694625854 0.083516478538513184 -0.88142019510269165 -0.90935403108596802 -0.0691642165184021
182.05680000782013 -1.1037797927856445 -0.97093296051025391 0.91791433095932007 -0.81033569574356079 -1.2703893184661865 0.98156589269638062 -1.052037239074707 -1.3207978010177612 0.91024577617645264 -0.97347861528396606 -1.21986985206604 0.48787528276443481 -1.2048959732055664 -1.1957684755325317 0.34531331062316895 -1.0936492681503296 -1.0163304805755615 0.15928895771503448 -0.95841264724731445 -0.94967919588088989 -0.055280212312936783
182.05680000782013 -1.0927129983901978 -0.89812695980072021 0.89660418033599854 -0.80608099699020386 -1.190631628036499 0.95877808332443237 -1.0421715974807739 -1.2398700714111328 0.88911360502243042 -0.96543663740158081 -1.1412849426269531 0.47654804587364197 -1.1914818286895752 -1.1177430152893066 0.33729556202888489 -1.0828176736831665 -0.94247055053710938 0.15558964014053345 -0.95072042942047119 -0.87736660242080688 -0.053998477756977081
259.92200000584126 -1.1890677213668823 -0.97337216138839722 0.89989930391311646 -0.88471871614456177 -1.2226172685623169 0.94494760036468506 -1.1420053243637085 -1.2886900901794434 0.85382020473480225 -1.0298513174057007 -1.1672161817550659 0.4759412407875061 -1.2802485227584839 -1.1561170816421509 0.3081682026386261 -1.1434623003005981 -0.95945334434509277 0.13876347243785858 -0.98593264818191528 -0.87140399217605591 -0.030760552734136581
259.92200000584126 -1.0689835548400879 -0.99501234292984009 0.024042168632149696 -1.0274066925048828 -1.1210232973098755 -0.30649429559707642 -1.2968854904174805 -1.1952869892120361 -0.54570800065994263 -1.0320773124694824 -1.1117333173751831 -0.64943569898605347 -1.327216625213623 -1.1334350109100342 -0.92654424905776978 -1.2286543846130371 -1.0105545520782471 -0.89550626277923584 -0.96116513013839722 -0.91980010271072388 -0.9970710277557373
397.72900000214577 -0.58899062871932983 -0.74192589521408081 1.3049029111862183 -0.61746704578399658 -0.95185089111328125 1.1241790056228638 -0.87131184339523315 -0.96573030948638916 1.0181863307952881 -0.86816352605819702 -0.80700784921646118 0.6413390040397644 -1.1127583980560303 -0.71631288528442383 0.47200840711593628 -1.1245018243789673 -0.53631186485290527 0.29717367887496948 -0.96776705980300903 -0.76493287086486816 0.034865006804466248
474.40090000629425 -1.4083014726638794 -1.3999269008636475 1.376960277557373 -1.3166875839233398 -1.7008038759231567 1.4129198789596558 -1.6650353670120239 -1.7740048170089722 1.3022565841674805 -1.4448373317718506 -1.7605686187744141 0.85291236639022827 -1.8198870420455933 -1.7536548376083374 0.67696630954742432 -1.8320786952972412 -1.6854515075683594 0.47467195987701416 -1.6227772235870361 -1.6744019985198975 0.17680846154689789
474.40090000629425 -0.7665894627571106 -0.79821264743804932 0.81239604949951172 -0.75606685876846313 -1.0127979516983032 0.79052484035491943 -0.99407380819320679 -1.0477712154388428 0.71059286594390869 -0.81306242942810059 -1.0727546215057373 0.46369016170501709 -1.0751469135284424 -1.0576839447021484 0.34457406401634216 -1.0587712526321411 -1.0374069213867188 0.21738794445991516 -0.90231537818908691 -1.0351021289825439 0.024624340236186981
536.58519999682903 -0.85850375890731812 -0.89555805921554565 0.89736783504486084 -0.84688061475753784 -1.1325864791870117 0.87320911884307861 -1.1097803115844727 -1.1712175607681274 0.78491723537445068 -0.90983718633651733 -1.198813796043396 0.51219141483306885 -1.199332594871521 -1.1821670532226563 0.38061714172363281 -1.1812442541122437 -1.1597691774368286 0.24012885987758636 -1.0084249973297119 -1.1572233438491821 0.027204478159546852
536.58519999682903 -0.8559490442276001 -0.93977725505828857 0.90761649608612061 -0.82049763202667236 -1.1303036212921143 0.93816143274307251 -1.0745193958282471 -1.1751391887664795 0.8540724515914917 -0.90727496147155762 -1.1670095920562744 0.54115450382232666 -1.1630127429962158 -1.1490888595581055 0.40018826723098755 -1.1145178079605103 -1.0695478916168213 0.27484896779060364 -0.97164547443389893 -1.0703479051589966 0.075900107622146606
615.28220000863075 -0.80388402938842773 -0.87302714586257935 0.84104311466217041 -0.80731749534606934 -1.0772246122360229 0.80938297510147095 -1.0528016090393066 -1.1147282123565674 0.72811216115951538 -0.8658103346824646 -1.1341005563735962 0.47660037875175476 -1.1303161382675171 -1.1221942901611328 0.3496100902557373 -1.1124100685119629 -1.0759620666503906 0.22218111157417297 -0.95069998502731323 -1.0639159679412842 0.026827571913599968
615.28220000863075 -0.85504269599914551 -0.9127233624458313 0.69709891080856323 -0.85384297370910645 -1.1123359203338623 0.68141293525695801 -1.1166892051696777 -1.1561580896377563 0.59747403860092163 -0.886252760887146 -1.1771498918533325 0.36033588647842407 -1.1694300174713135 -1.1643167734146118 0.23194192349910736 -1.1148035526275635 -1.1391561031341553 0.11199689656496048 -0.92107290029525757 -1.1602674722671509 -0.086544610559940338
688.33030000329018 -0.89404970407485962 -1.0019506216049194 0.97144711017608643 -0.87936705350875854 -1.1461107730865479 0.95067834854125977 -1.1342507600784302 -1.2080346345901489 0.86303383111953735 -0.97821784019470215 -1.1718014478683472 0.56305599212646484 -1.2390143871307373 -1.1792404651641846 0.41456091403961182 -1.1408722400665283 -1.0414729118347168 0.24375681579113007 -0.99024772644042969 -1.0309759378433228 0.039279937744140625
691.48929999768734 -0.85412436723709106 -0.90313303470611572 0.65273821353912354 -0.88059967756271362 -1.0441290140151978 0.62817937135696411 -1.1283049583435059 -1.0984816551208496 0.51997828483581543 -0.9162973165512085 -1.1220452785491943 0.2943393886089325 -1.1769444942474365 -1.1116726398468018 0.13512158393859863 -1.1256821155548096 -1.0676285028457642 0.037689898163080215 -0.9432414174079895 -1.0729817152023315 -0.11110173910856247
749.51040001213551 -0.92269086837768555 -0.99843811988830566 0.92708408832550049 -0.92046618461608887 -1.1926612854003906 0.90504270792007446 -1.1940228939056396 -1.2475371360778809 0.79941505193710327 -0.97389757633209229 -1.2833307981491089 0.52131205797195435 -1.269503116607666 -1.2816473245620728 0.35473564267158508 -1.2263625860214233 -1.1999084949493408 0.17356587946414948 -1.0371145009994507 -1.1498234272003174 0.012668583542108536
749.51040001213551 -0.84825694561004639 -0.89704549312591553 0.85767859220504761 -0.84619885683059692 -1.0767303705215454 0.83728700876235962 -1.0992789268493652 -1.1274986267089844 0.73956596851348877 -0.89563071727752686 -1.1606130599975586 0.48227989673614502 -1.1691093444824219 -1.1590555906295776 0.32817229628562927 -1.1291979551315308 -1.0834351778030396 0.16056364774703979 -0.95411562919616699 -1.0370991230010986 0.011710026301443577
808.16659998893738 -0.87821590900421143 -0.97903299331665039 0.83199828863143921 -0.82013046741485596 -1.1148344278335571 0.79902714490890503 -1.07756507396698 -1.1560033559799194 0.717559814453125 -0.89005696773529053 -1.147403359413147 0.43215790390968323 -1.1548936367034912 -1.1181727647781372 0.29880619049072266 -1.1102752685546875 -1.0453990697860718 0.16847755014896393 -0.94171327352523804 -1.0416246652603149 -0.026979595422744751
808.16659998893738 -0.97242313623428345 -1.0196924209594727 0.87711292505264282 -0.86522912979125977 -1.1889768838882446 0.89279139041900635 -1.1322096586227417 -1.2345466613769531 0.78536295890808105 -0.93749183416366577 -1.2393065690994263 0.47156324982643127 -1.2084586620330811 -1.2028788328170776 0.30046769976615906 -1.1695387363433838 -1.1076509952545166 0.15456138551235199 -1.0088459253311157 -1.0789474248886108 -0.0092327352613210678
875.72470000386238 -0.83289194107055664 -0.96140444278717041 0.92153316736221313 -0.74904239177703857 -1.1493347883224487 0.90813535451889038 -0.98764204978942871 -1.1945549249649048 0.84858947992324829 -0.86209595203399658 -1.1794079542160034 0.5186343789100647 -1.1324034929275513 -1.1750924587249756 0.41937384009361267 -1.1683754920959473 -1.1731021404266357 0.26225775480270386 -1.01758873462677 -1.1806267499923706 0.020145582035183907
875.72470000386238 -0.92602360248565674 -1.000460147857666 0.93821108341217041 -0.84065717458724976 -1.1917903423309326 0.92457091808319092 -1.0835733413696289 -1.2378286123275757 0.86394774913787842 -0.95575594902038574 -1.2224076986312866 0.52802348136901855 -1.2309536933898926 -1.218014121055603 0.42696717381477356 -1.2675764560699463 -1.2159876823425293 0.26700869202613831 -1.114061713218689 -1.2236484289169312 0.020516449585556984
938.90990000963211 -0.96620810031890869 -0.98787492513656616 0.79021501541137695 -0.84971219301223755 -1.1451655626296997 0.76162129640579224 -1.0906404256820679 -1.1651545763015747 0.67176365852355957 -0.9293057918548584 -1.1793042421340942 0.35371920466423035 -1.1778570413589478 -1.1287988424301147 0.20589478313922882 -1.1452369689941406 -1.1109102964401245 0.11772952228784561 -0.98368203639984131 -1.1356337070465088 -0.066678136587142944
938.90990000963211 -0.93876492977142334 -0.98180961608886719 0.70060336589813232 -0.89623671770095825 -1.1992812156677246 0.62995916604995728 -1.1425051689147949 -1.2457015514373779 0.5387309193611145 -0.95413851737976074 -1.2207421064376831 0.24349384009838104 -1.2009260654449463 -1.1957603693008423 0.099328421056270599 -1.1442488431930542 -1.111614465713501 -0.0044578234665095806 -0.95076173543930054 -1.0918987989425659 -0.16753198206424713
1000.6771000027657 -1.0169031620025635 -1.1021679639816284 0.53103339672088623 -0.99978244304656982 -1.2087465524673462 0.48311573266983032 -1.2573072910308838 -1.240618109703064 0.38538020849227905 -1.0034976005554199 -1.2068257331848145 0.096906453371047974 -1.257404088973999 -1.1491008996963501 -0.064702287316322327 -1.1439354419708252 -1.0850940942764282 -0.127081498503685 -0.92627924680709839 -1.1149876117706299 -0.28215724229812622
1000.6771000027657 -0.9974212646484375 -1.0066094398498535 0.51962316036224365 -0.9762566089630127 -1.1668910980224609 0.50092333555221558 -1.2195106744766235 -1.2176146507263184 0.38120180368423462 -0.97467190027236938 -1.1772087812423706 0.11174537986516953 -1.2142584323883057 -1.1482869386672974 -0.072815723717212677 -1.0982522964477539 -1.1103490591049194 -0.15118472278118134 -0.88560420274734497 -1.1488701105117798 -0.28652054071426392
1065.2932000011206 -1.1145937442779541 -1.0488481521606445 0.53558146953582764 -1.0927795171737671 -1.2140488624572754 0.51630771160125732 -1.3434989452362061 -1.2663290500640869 0.39291200041770935 -1.0911462306976318 -1.2246831655502319 0.11518607288599014 -1.3380855321884155 -1.1948736906051636 -0.075039133429527283 -1.2185192108154297 -1.1557716131210327 -0.15581324696540833 -0.99934500455856323 -1.1954747438430786 -0.29530245065689087
1065.2932000011206 -1.1399551630020142 -1.1195293664932251 0.22297585010528564 -1.2163987159729004 -1.1753283739089966 0.22238852083683014 -1.443595290184021 -1.227721095085144 0.05513714998960495 -1.1019235849380493 -1.2016314268112183 -0.14145779609680176 -1.3156133890151978 -1.1584312915802002 -0.37652099132537842 -1.1186971664428711 -1.0946387052536011 -0.44444760680198669 -0.85030215978622437 -1.1021018028259277 -0.50917476415634155
1171.046599984169 -0.93057668209075928 -0.86047643423080444 0.79594683647155762 -0.85791927576065063 -1.1648941040039063 0.91460120677947998 -1.1052687168121338 -1.2549761533737183 0.89074450731277466 -0.94729751348495483 -1.0528662204742432 0.53795242309570313 -1.1748824119567871 -1.0176011323928833 0.45854592323303223 -1.0030982494354248 -0.75000739097595215 0.21144865453243256 -0.87597960233688354 -0.84384411573410034 -0.013605942018330097
1250.0760000050068 -1.1631655693054199 -1.385594367980957 0.67996376752853394 -1.2178288698196411 -1.5384176969528198 0.66385257244110107 -1.5113246440887451 -1.6190739870071411 0.53105300664901733 -1.1867778301239014 -1.6580226421356201 0.33386847376823425 -1.5063087940216064 -1.6577672958374023 0.13702975213527679 -1.3922784328460693 -1.6195013523101807 -0.0089426124468445778 -1.1370316743850708 -1.6574463844299316 -0.19496431946754456
1250.0760000050068 -0.78533667325973511 -0.84017813205718994 0.49745705723762512 -0.80344527959823608 -0.94197708368301392 0.48244267702102661 -0.99564635753631592 -0.9759368896484375 0.40870216488838196 -0.78923004865646362 -0.99402123689651489 0.25045850872993469 -0.99292337894439697 -0.9727293848991394 0.13513052463531494 -0.94304829835891724 -0.94758516550064087 0.036127295345067978 -0.79370748996734619 -0.95802414417266846 -0.092489518225193024
1319.5546000003815 -0.96732920408248901 -1.1679223775863647 0.61849004030227661 -0.98984354734420776 -1.2944879531860352 0.59982281923294067 -1.2288050651550293 -1.3367099761962891 0.50814205408096313 -0.97216981649398804 -1.3591940402984619 0.31139940023422241 -1.2254196405410767 -1.3327219486236572 0.1680133193731308 -1.1634105443954468 -1.3014603853225708 0.044923678040504456 -0.97773665189743042 -1.3144391775131226 -0.11498423665761948
1319.5546000003815 -0.87260276079177856 -1.0516129732131958 0.45474734902381897 -0.90882968902587891 -1.1284563541412354 0.46765723824501038 -1.1346466541290283 -1.1838357448577881 0.37162208557128906 -0.88744580745697021 -1.1872063875198364 0.18723233044147491 -1.1250864267349243 -1.1703085899353027 0.037261612713336945 -1.0369173288345337 -1.1261218786239624 -0.067090503871440887 -0.84777593612670898 -1.1259833574295044 -0.17398104071617126
1393.8060000091791 -0.87671917676925659 -1.0571796894073486 0.37458157539367676 -0.97571897506713867 -1.1594847440719604 0.36619535088539124 -1.1988818645477295 -1.211738109588623 0.25832191109657288 -0.91821944713592529 -1.248619556427002 0.097611434757709503 -1.1608569622039795 -1.2507342100143433 -0.073421292006969452 -1.0364315509796143 -1.2457194328308105 -0.18655849993228912 -0.83020007610321045 -1.2475078105926514 -0.3001742959022522
1393.8060000091791 -0.85256993770599365 -1.045473575592041 0.26658797264099121 -0.95410025119781494 -1.2216565608978271 0.1723613440990448 -1.2042961120605469 -1.2906782627105713 0.073510274291038513 -0.94441533088684082 -1.3014124631881714 -0.077992528676986694 -1.2245888710021973 -1.3309056758880615 -0.22582694888114929 -1.1131759881973267 -1.2933973073959351 -0.347237229347229 -0.88120543956756592 -1.2378016710281372 -0.50489068031311035
1452.7085999846458 -0.99569201469421387 -1.1702134609222412 0.23264601826667786 -1.0097501277923584 -1.2466757297515869 0.19040465354919434 -1.2313027381896973 -1.313931941986084 0.075689412653446198 -0.9429246187210083 -1.2405914068222046 -0.075845323503017426 -1.1654751300811768 -1.2382506132125854 -0.23718710243701935 -1.0191318988800049 -1.1247869729995728 -0.35717082023620605 -0.82190650701522827 -1.1520662307739258 -0.51045125722885132
1452.7085999846458 -0.96750068664550781 -1.1445817947387695 0.2537044882774353 -0.9844590425491333 -1.2325229644775391 0.28956902027130127 -1.1761891841888428 -1.3253508806228638 0.203539177775383 -0.91721659898757935 -1.1958823204040527 -0.01182273868471384 -1.0949312448501587 -1.2280676364898682 -0.14877927303314209 -0.73614746332168579 -0.75270605087280273 -0.22591376304626465 -0.64963847398757935 -0.99345827102661133 -0.44295290112495422
1512.8505000025034 -0.97254729270935059 -1.1589055061340332 0.26813945174217224 -0.9904710054397583 -1.2518525123596191 0.30604550242424011 -1.1931148767471313 -1.3499643802642822 0.21511858701705933 -0.91940087080001831 -1.2131261825561523 -0.012502312660217285 -1.1072313785552979 -1.2471436262130737 -0.15725480020046234 -0.72802472114562988 -0.74472314119338989 -0.23878000676631927 -0.63659149408340454 -0.99917960166931152 -0.46817359328269958
1634.8766999989748 -0.85872030258178711 -1.128610372543335 0.65082067251205444 -0.9015999436378479 -1.3100134134292603 0.66012728214263916 -1.1071664094924927 -1.3799586296081543 0.5954287052154541 -0.94263291358947754 -1.2482752799987793 0.2996363639831543 -1.1374650001525879 -1.2324457168579102 0.17660914361476898 -1.0154507160186768 -0.93606632947921753 -0.0031294873915612698 -0.85942184925079346 -0.91810041666030884 -0.14603176712989807
1634.8766999989748 -1.1163907051086426 -1.4227789640426636 0.5806194543838501 -1.0858767032623291 -1.5042896270751953 0.54578167200088501 -1.3680245876312256 -1.5558373928070068 0.44985908269882202 -1.0740729570388794 -1.4953364133834839 0.20952562987804413 -1.3423614501953125 -1.4421727657318115 0.058708280324935913 -1.1903231143951416 -1.3131595849990845 -0.058577995747327805 -1.0113697052001953 -1.3537173271179199 -0.23268359899520874
1714.0420999974012 -0.8548780083656311 -1.1813242435455322 0.53891259431838989 -0.78895461559295654 -1.1901615858078003 0.51939964294433594 -0.96609419584274292 -1.2195224761962891 0.45561808347702026 -0.8030315637588501 -1.105299711227417 0.21169941127300262 -0.96981799602508545 -1.0474812984466553 0.10519302636384964 -0.92366939783096313 -0.95102965831756592 0.048226393759250641 -0.86222285032272339 -1.1465910673141479 -0.16933663189411163
1714.0420999974012 -0.74434757232666016 -1.0120441913604736 0.41334909200668335 -0.80286651849746704 -1.1107447147369385 0.40129169821739197 -1.0167129039764404 -1.1627596616744995 0.29338273406028748 -0.785988450050354 -1.1557717323303223 0.15501673519611359 -1.0283709764480591 -1.1418381929397583 0.0025322523433715105 -0.93503004312515259 -1.0817714929580688 -0.10462882369756699 -0.72801059484481812 -1.0748108625411987 -0.26376920938491821
1780.1220999956131 -0.73980093002319336 -1.0635696649551392 0.34218603372573853 -0.83803266286849976 -1.1822047233581543 0.27560997009277344 -1.0777584314346313 -1.2144579887390137 0.1356465071439743 -0.8052937388420105 -1.253690242767334 0.032200541347265244 -1.082677960395813 -1.2272597551345825 -0.15239012241363525 -0.96310889720916748 -1.2009921073913574 -0.24081064760684967 -0.71389323472976685 -1.1972892284393311 -0.40574958920478821
1780.1220999956131 -0.7666359543800354 -1.1414873600006104 0.73670452833175659 -0.78891980648040771 -1.2798687219619751 0.6637834906578064 -1.0086387395858765 -1.333950400352478 0.60052138566970825 -0.85834819078445435 -1.2825765609741211 0.30324116349220276 -1.0977470874786377 -1.2678964138031006 0.19716224074363708 -1.0180537700653076 -1.2011526823043823 0.1092521995306015 -0.83208966255187988 -1.2385618686676025 -0.13960051536560059
1847.3408000171185 -0.77972489595413208 -1.0942846536636353 0.7227332592010498 -0.80158621072769165 -1.2300423383712769 0.65119475126266479 -1.0171395540237427 -1.283098578453064 0.58913201093673706 -0.86969834566116333 -1.232698917388916 0.29748791456222534 -1.1045585870742798 -1.2182971239089966 0.19342012703418732 -1.0263761281967163 -1.1528186798095703 0.10717674344778061 -0.84393769502639771 -1.1895186901092529 -0.13695800304412842
1847.3408000171185 -0.7592654824256897 -1.1416198015213013 0.78002828359603882 -0.71192651987075806 -1.2436466217041016 0.81555676460266113 -0.93774545192718506 -1.2823334932327271 0.77627533674240112 -0.82971632480621338 -1.2060247659683228 0.44887998700141907 -1.0627561807632446 -1.1920347213745117 0.37864822149276733 -1.0231287479400635 -1.1703008413314819 0.23106491565704346 -0.84043866395950317 -1.202455997467041 -0.071079187095165253
1910.801499992609 -0.7892075777053833 -1.1521865129470825 0.67589938640594482 -0.77463847398757935 -1.2263046503067017 0.70825016498565674 -0.99118524789810181 -1.2375659942626953 0.66929280757904053 -0.87194675207138062 -1.1668031215667725 0.3313349187374115 -1.0867633819580078 -1.1177915334701538 0.25101444125175476 -1.0077990293502808 -1.1019235849380493 0.16096745431423187 -0.8336978554725647 -1.1661171913146973 -0.10820327699184418
1910.801499992609 -0.8378676176071167 -1.1824040412902832 0.41391450166702271 -0.77103781700134277 -1.2173635959625244 0.44302549958229065 -0.98737651109695435 -1.2224967479705811 0.36782205104827881 -0.84111779928207397 -1.1380784511566162 0.14167547225952148 -1.0481637716293335 -1.0891269445419312 0.057728610932826996 -0.95347082614898682 -1.086860179901123 0.01595819927752018 -0.77551710605621338 -1.1667581796646118 -0.20612941682338715
1969.0111999958754 -0.8315809965133667 -1.1860772371292114 0.38062059879302979 -0.81287848949432373 -1.2162926197052002 0.32611331343650818 -1.0356525182723999 -1.2192894220352173 0.22402842342853546 -0.82765680551528931 -1.1413873434066772 0.078663557767868042 -1.0245101451873779 -1.0909856557846069 -0.030840078368782997 -0.87970250844955444 -1.0484359264373779 -0.068482011556625366 -0.68580871820449829 -1.1144783496856689 -0.25331354141235352
1969.0111999958754 -0.87424051761627197 -1.1721771955490112 0.37858158349990845 -0.85563820600509644 -1.2022309303283691 0.32436621189117432 -1.0772192478179932 -1.2052116394042969 0.22282800078392029 -0.87033736705780029 -1.1277269124984741 0.078241609036922455 -1.0661365985870361 -1.0775948762893677 -0.030675610527396202 -0.92210441827774048 -1.0352731943130493 -0.068115957081317902 -0.72924900054931641 -1.1009619235992432 -0.25195765495300293
