14.901999995112419 -0.49097400903701782 -1.142503023147583 0.7595781683921814 -0.65512043237686157 -1.2849451303482056 0.49429559707641602 -0.88806730508804321 -1.2810254096984863 0.42991390824317932 -0.75680845975875854 -1.2308409214019775 0.27303591370582581 -1.0046720504760742 -1.2016624212265015 0.20179688930511475 -0.94256901741027832 -1.0934640169143677 0.1466061919927597 -0.78668707609176636 -1.127469539642334 -0.092349939048290253
14.901999995112419 -0.52225959300994873 -1.1854736804962158 0.77997469902038574 -0.69081252813339233 -1.3317395448684692 0.50757062435150146 -0.93001288175582886 -1.3277146816253662 0.44146063923835754 -0.79523032903671265 -1.276183009147644 0.2803712785243988 -1.0497478246688843 -1.2462211847305298 0.20721982419490814 -0.9859776496887207 -1.1351180076599121 0.15054754912853241 -0.82591110467910767 -1.1700365543365479 -0.094823315739631653
68.16219998896122 -0.48766165971755981 -1.1141335964202881 0.91704851388931274 -0.64966470003128052 -1.2831543684005737 0.71686750650405884 -0.8747515082359314 -1.2553871870040894 0.64483523368835449 -0.76461416482925415 -1.2513790130615234 0.46908652782440186 -0.98606598377227783 -1.1988130807876587 0.39757809042930603 -0.96956634521484375 -1.1489659547805786 0.29548972845077515 -0.83484083414077759 -1.1968276500701904 0.026190640404820442
68.16219998896122 -0.5317225456237793 -1.0193438529968262 0.95932978391647339 -0.61783343553543091 -1.1485408544540405 0.79674702882766724 -0.81728208065032959 -1.1294101476669312 0.72117090225219727 -0.73292988538742065 -1.1153167486190796 0.52279967069625854 -0.9376981258392334 -1.0597953796386719 0.44201019406318665 -0.94130223989486694 -1.0137604475021362 0.34897097945213318 -0.81606703996658325 -1.060258150100708 0.11566951870918274
125.82090000808239 -0.53462737798690796 -1.0605536699295044 0.98982065916061401 -0.62347561120986938 -1.1938575506210327 0.82206958532333374 -0.82926452159881592 -1.1741186380386353 0.74409103393554688 -0.74223077297210693 -1.1595772504806519 0.53941386938095093 -0.95350837707519531 -1.1022909879684448 0.456056147813797 -0.95722705125808716 -1.0547926425933838 0.36005935072898865 -0.82801085710525513 -1.1027685403823853 0.11934155970811844
125.82090000808239 -0.5200122594833374 -1.0486599206924438 0.92268121242523193 -0.63650727272033691 -1.1717402935028076 0.76466584205627441 -0.85171365737915039 -1.161084771156311 0.69798022508621216 -0.73133480548858643 -1.1193798780441284 0.47076526284217834 -0.93262982368469238 -1.0662698745727539 0.3811991810798645 -0.87822854518890381 -0.96334570646286011 0.27454188466072083 -0.74154430627822876 -1.0250974893569946 0.055660806596279144
189.54899999499321 -0.49032539129257202 -1.1009316444396973 0.83883571624755859 -0.65972179174423218 -1.226804256439209 0.60737752914428711 -0.87918394804000854 -1.1824753284454346 0.54812884330749512 -0.73932391405105591 -1.1684718132019043 0.3503497838973999 -0.93730509281158447 -1.0895345211029053 0.27122464776039124 -0.85756176710128784 -0.98211342096328735 0.17263598740100861 -0.71329104900360107 -1.0273846387863159 -0.047886814922094345
189.54899999499321 -0.52338594198226929 -1.0553014278411865 0.74605196714401245 -0.6197584867477417 -1.2060688734054565 0.59091758728027344 -0.82869040966033936 -1.1891415119171143 0.51721209287643433 -0.70981007814407349 -1.1790283918380737 0.3317531943321228 -0.93064963817596436 -1.1285820007324219 0.24480035901069641 -0.90232527256011963 -1.0676225423812866 0.17772437632083893 -0.74175763130187988 -1.09553062915802 -0.038282603025436401
250.700100004673 -0.56730687618255615 -1.1283942461013794 0.78412109613418579 -0.66859662532806396 -1.2868542671203613 0.62107139825820923 -0.88818883895874023 -1.2690633535385132 0.54360520839691162 -0.76324290037155151 -1.2584342956542969 0.34868371486663818 -0.99535030126571655 -1.2054139375686646 0.25729432702064514 -0.96558070182800293 -1.1413440704345703 0.18679593503475189 -0.79682046175003052 -1.1706759929656982 -0.040232293307781219
250.700100004673 -0.49079227447509766 -1.0560306310653687 0.64572501182556152 -0.6580161452293396 -1.2814928293228149 0.42569378018379211 -0.88468998670578003 -1.246585488319397 0.34751549363136292 -0.74337458610534668 -1.2860974073410034 0.19503982365131378 -0.99673455953598022 -1.2200472354888916 0.11219505965709686 -0.97793179750442505 -1.1803278923034668 0.0622994564473629 -0.798370361328125 -1.1746863126754761 -0.14701800048351288
312.14339999854565 -0.57460105419158936 -1.1716334819793701 0.77430260181427002 -0.70321530103683472 -1.3812699317932129 0.58359420299530029 -0.9319610595703125 -1.3570290803909302 0.50781971216201782 -0.80287176370620728 -1.3673481941223145 0.30624893307685852 -1.0512347221374512 -1.3102190494537354 0.21418625116348267 -1.0038844347000122 -1.2277979850769043 0.1315985769033432 -0.82636773586273193 -1.2400462627410889 -0.086558438837528229
312.14339999854565 -0.52974367141723633 -1.1431701183319092 0.80446088314056396 -0.66127866506576538 -1.2864646911621094 0.59968751668930054 -0.87402915954589844 -1.2578655481338501 0.52338802814483643 -0.75267285108566284 -1.2435779571533203 0.33566179871559143 -0.95996135473251343 -1.1808143854141235 0.24439771473407745 -0.92718416452407837 -1.1061502695083618 0.17747510969638824 -0.77315688133239746 -1.1394429206848145 -0.046939127147197723
371.88840000331402 -0.48969835042953491 -1.0790832042694092 0.78039193153381348 -0.61729782819747925 -1.2180904150009155 0.58174538612365723 -0.82368284463882446 -1.1903469562530518 0.50772875547409058 -0.70595747232437134 -1.1764868497848511 0.32561922073364258 -0.9070439338684082 -1.1156011819839478 0.23708575963973999 -0.87524741888046265 -1.0431710481643677 0.17216546833515167 -0.72582864761352539 -1.0754673480987549 -0.045534320175647736
371.88840000331402 -0.52582854032516479 -1.1104886531829834 0.93742239475250244 -0.61038810014724731 -1.2488332986831665 0.79020637273788452 -0.8126823902130127 -1.2233082056045532 0.7336125373840332 -0.71060210466384888 -1.2183898687362671 0.47742292284965515 -0.9033469557762146 -1.1527363061904907 0.39969858527183533 -0.88264346122741699 -1.0678607225418091 0.2775861918926239 -0.73881196975708008 -1.0889163017272949 0.057609338313341141
454.24049998819828 -0.56715577840805054 -1.2019804716110229 0.80420011281967163 -0.66834819316864014 -1.3084017038345337 0.64710146188735962 -0.85182887315750122 -1.285692572593689 0.58763116598129272 -0.72946983575820923 -1.2655280828475952 0.38251838088035583 -0.90703397989273071 -1.2003682851791382 0.3021380603313446 -0.84938406944274902 -1.0910495519638062 0.1772327721118927 -0.69818294048309326 -1.1168911457061768 -0.020924028009176254
454.24049998819828 -0.42047423124313354 -1.1647671461105347 0.78008651733398438 -0.52111661434173584 -1.2867274284362793 0.65102416276931763 -0.73565983772277832 -1.3066425323486328 0.60186958312988281 -0.63817191123962402 -1.2489173412322998 0.36050364375114441 -0.85298115015029907 -1.2240487337112427 0.30230763554573059 -0.79714524745941162 -1.140994668006897 0.22770297527313232 -0.65834224224090576 -1.1813534498214722 -0.017307080328464508
519.54610000550747 -0.49878987669944763 -1.0810153484344482 0.66352450847625732 -0.62868601083755493 -1.2285408973693848 0.52207887172698975 -0.85116517543792725 -1.2563364505767822 0.46452736854553223 -0.70453429222106934 -1.2061610221862793 0.25625529885292053 -0.91339313983917236 -1.1846120357513428 0.1873711496591568 -0.82999736070632935 -1.0821622610092163 0.10619315505027771 -0.67410361766815186 -1.0953601598739624 -0.10427809506654739
519.54610000550747 -0.53561848402023315 -1.2268929481506348 0.83762151002883911 -0.6421966552734375 -1.3331797122955322 0.65199518203735352 -0.86347782611846924 -1.3347622156143188 0.59212124347686768 -0.75558984279632568 -1.2987805604934692 0.33388432860374451 -0.96869498491287231 -1.2502307891845703 0.2586035430431366 -0.90770941972732544 -1.1613465547561646 0.18116007745265961 -0.7434048056602478 -1.204153299331665 -0.05212055891752243
579.24680000543594 -0.53006833791732788 -1.1824498176574707 0.81396943330764771 -0.6336369514465332 -1.2857351303100586 0.63358479738235474 -0.84866952896118164 -1.2872731685638428 0.57540160417556763 -0.74382811784744263 -1.2523074150085449 0.32445675134658813 -0.95091557502746582 -1.2051286697387695 0.25130176544189453 -0.89165216684341431 -1.1187543869018555 0.17604513466358185 -0.73198705911636353 -1.160352349281311 -0.050648089498281479
579.24680000543594 -0.60019814968109131 -1.2558873891830444 0.75531482696533203 -0.67295187711715698 -1.3220063447952271 0.58329910039901733 -0.86721456050872803 -1.3281048536300659 0.51253372430801392 -0.77504527568817139 -1.2617862224578857 0.26720291376113892 -0.96836984157562256 -1.2213188409805298 0.17233268916606903 -0.87785589694976807 -1.0943434238433838 0.10617361217737198 -0.71018785238265991 -1.1377254724502563 -0.11858703941106796
643.32640001177788 -0.53663146495819092 -1.1862741708755493 0.760170578956604 -0.62258237600326538 -1.3070424795150757 0.59070283174514771 -0.80148333311080933 -1.295559287071228 0.55457001924514771 -0.70509916543960571 -1.258598804473877 0.32155314087867737 -0.89702606201171875 -1.2053954601287842 0.27246418595314026 -0.83750605583190918 -1.1227703094482422 0.13981698453426361 -0.67156982421875 -1.180070161819458 -0.087205648422241211
643.32640001177788 -0.59105074405670166 -1.145576000213623 0.7242504358291626 -0.65638107061386108 -1.2339770793914795 0.53967666625976563 -0.83214455842971802 -1.2149646282196045 0.50658619403839111 -0.72204881906509399 -1.1699161529541016 0.29362607002258301 -0.89319640398025513 -1.1167315244674683 0.25057739019393921 -0.84162956476211548 -1.0362762212753296 0.13949619233608246 -0.70230692625045776 -1.0948183536529541 -0.11124039441347122
713.94030000269413 -0.44451647996902466 -1.0316177606582642 0.68746626377105713 -0.55430549383163452 -1.1940314769744873 0.53437304496765137 -0.74463450908660889 -1.2152565717697144 0.48892739415168762 -0.65517675876617432 -1.1934831142425537 0.32607036828994751 -0.84841889142990112 -1.1825951337814331 0.28589147329330444 -0.85528433322906494 -1.1440106630325317 0.19283819198608398 -0.71536725759506226 -1.1393167972564697 -0.027238743379712105
717.43179999291897 -0.50749450922012329 -1.0577465295791626 0.78516620397567749 -0.63695979118347168 -1.2411279678344727 0.62174230813980103 -0.85117834806442261 -1.2434017658233643 0.57760423421859741 -0.72998762130737305 -1.2249956130981445 0.37280425429344177 -0.93193346261978149 -1.1891727447509766 0.32849782705307007 -0.90987330675125122 -1.1225193738937378 0.21657513082027435 -0.75990551710128784 -1.1123013496398926 -0.022472957149147987
774.93479999899864 -0.62379360198974609 -1.2722786664962769 0.77239900827407837 -0.72243309020996094 -1.3918617963790894 0.56631124019622803 -0.91696494817733765 -1.3726428747177124 0.50357711315155029 -0.81764400005340576 -1.3381303548812866 0.26236259937286377 -1.0112217664718628 -1.2765425443649292 0.18653352558612823 -0.94164425134658813 -1.1690437793731689 0.09639265388250351 -0.75968599319458008 -1.2111064195632935 -0.15061593055725098
884.92040000855923 -0.37867483496665955 -1.159888744354248 0.66942685842514038 -0.50874269008636475 -1.3869996070861816 0.44050586223602295 -0.67467910051345825 -1.3494908809661865 0.39950737357139587 -0.66777276992797852 -1.2955358028411865 0.23416630923748016 -0.81379616260528564 -1.2012526988983154 0.17630393803119659 -0.83067667484283447 -1.1446449756622314 0.064869627356529236 -0.75458478927612305 -1.3544913530349731 -0.11270858347415924
884.92040000855923 -0.42266225814819336 -0.91034066677093506 0.67932426929473877 -0.54110264778137207 -1.0313656330108643 0.52299243211746216 -0.67254459857940674 -1.0370848178863525 0.4810737669467926 -0.66655534505844116 -0.9594452977180481 0.3028695285320282 -0.80883157253265381 -0.93014967441558838 0.24177278578281403 -0.76956301927566528 -0.82024955749511719 0.14462910592556 -0.69885528087615967 -1.0328754186630249 -0.089454077184200287
945.04320001602173 -0.51055413484573364 -1.0378788709640503 0.7643282413482666 -0.57881045341491699 -1.1598484516143799 0.64567220211029053 -0.73494672775268555 -1.1643620729446411 0.59951698780059814 -0.67062950134277344 -1.1116654872894287 0.3870873749256134 -0.82247114181518555 -1.0916217565536499 0.33058807253837585 -0.79033291339874268 -0.99383699893951416 0.21278423070907593 -0.67747533321380615 -1.0263371467590332 -0.060457702726125717
945.04320001602173 -0.55914229154586792 -1.0321937799453735 0.5895422101020813 -0.64527666568756104 -1.2563686370849609 0.45654070377349854 -0.83096456527709961 -1.2516461610794067 0.41217529773712158 -0.70836800336837769 -1.2313693761825562 0.23430082201957703 -0.89696937799453735 -1.2049084901809692 0.18854281306266785 -0.86933797597885132 -1.1387062072753906 0.059704042971134186 -0.71247732639312744 -1.0947252511978149 -0.18795426189899445
1017.6324999928474 -0.67075455188751221 -1.1748267412185669 0.72844451665878296 -0.66955393552780151 -1.2818195819854736 0.64400899410247803 -0.85877597332000732 -1.3220280408859253 0.61107683181762695 -0.77184838056564331 -1.247262716293335 0.3429698646068573 -0.97552269697189331 -1.2369439601898193 0.27309578657150269 -0.84928864240646362 -1.1038196086883545 0.17096400260925293 -0.70738273859024048 -1.1150424480438232 -0.020303087309002876
1017.6324999928474 -0.63419681787490845 -1.0903291702270508 0.75916755199432373 -0.59958094358444214 -1.2180939912796021 0.691642165184021 -0.77648484706878662 -1.2585047483444214 0.66722869873046875 -0.68969684839248657 -1.1956126689910889 0.38939839601516724 -0.87653416395187378 -1.1882380247116089 0.32514145970344543 -0.75560927391052246 -1.0355867147445679 0.20710346102714539 -0.63555347919464111 -1.042636513710022 0.018099203705787659
1080.2875999957323 -0.62887352705001831 -1.1418442726135254 0.81282728910446167 -0.66705507040023804 -1.2425947189331055 0.67313665151596069 -0.84913015365600586 -1.258001446723938 0.62640649080276489 -0.72978442907333374 -1.2010565996170044 0.35288667678833008 -0.90110784769058228 -1.1747350692749023 0.25280898809432983 -0.76609408855438232 -1.0038256645202637 0.1415572464466095 -0.61325985193252563 -1.0161948204040527 -0.038742352277040482
1080.2875999957323 -0.60624241828918457 -1.0641368627548218 0.78302979469299316 -0.64302414655685425 -1.1611934900283813 0.64846080541610718 -0.81842362880706787 -1.1760352849960327 0.60344392061233521 -0.70345354080200195 -1.121178150177002 0.33995234966278076 -0.8684956431388855 -1.095821738243103 0.2435438483953476 -0.73843199014663696 -0.93117856979370117 0.13637101650238037 -0.59120124578475952 -0.94309419393539429 -0.037318132817745209
1155.8414999991655 -0.64111781120300293 -1.0993639230728149 0.70564192533493042 -0.62656158208847046 -1.2204573154449463 0.61196959018707275 -0.7863420844078064 -1.2317317724227905 0.60513436794281006 -0.70812958478927612 -1.1691864728927612 0.31315630674362183 -0.88982534408569336 -1.1399887800216675 0.26997959613800049 -0.79752641916275024 -1.0349792242050171 0.1642010360956192 -0.6494450569152832 -1.0900490283966064 -0.036310486495494843
1155.8414999991655 -0.61411720514297485 -1.1175284385681152 0.68642717599868774 -0.63775861263275146 -1.2694851160049438 0.60949325561523438 -0.81624716520309448 -1.2786070108413696 0.57709026336669922 -0.69160038232803345 -1.2463014125823975 0.36524689197540283 -0.865043044090271 -1.215836763381958 0.31486862897872925 -0.79838079214096069 -1.1282331943511963 0.185347780585289 -0.63717567920684814 -1.1148158311843872 -0.051092434674501419
1225.7933000028133 -0.57925146818161011 -1.14875328540802 0.98768335580825806 -0.53101038932800293 -1.3056291341781616 0.86919271945953369 -0.69713085889816284 -1.3262302875518799 0.82134771347045898 -0.64534562826156616 -1.2847979068756104 0.52019315958023071 -0.82340747117996216 -1.2803452014923096 0.43751174211502075 -0.78275978565216064 -1.1357061862945557 0.2651551365852356 -0.67522221803665161 -1.1302887201309204 0.055476836860179901
1225.7933000028133 -0.55930972099304199 -0.97229886054992676 0.62619709968566895 -0.56250745058059692 -1.13067626953125 0.61970663070678711 -0.74081021547317505 -1.1669590473175049 0.56672245264053345 -0.63431620597839355 -1.1477044820785522 0.39169839024543762 -0.81631010770797729 -1.1471430063247681 0.3086608350276947 -0.70544916391372681 -1.0214120149612427 0.15359517931938171 -0.60155594348907471 -0.98743307590484619 -0.007896125316619873
1284.8201000094414 -0.64003050327301025 -1.0141140222549438 0.69152110815048218 -0.64356184005737305 -1.1890158653259277 0.68435341119766235 -0.84046804904937744 -1.2290843725204468 0.62584102153778076 -0.7228628396987915 -1.2078208923339844 0.43255558609962463 -0.92384529113769531 -1.2072007656097412 0.34085419774055481 -0.80141752958297729 -1.0683515071868896 0.16960957646369934 -0.68668448925018311 -1.0308272838592529 -0.0087311500683426857
1284.8201000094414 -0.68056833744049072 -1.0783451795578003 0.73532015085220337 -0.68432331085205078 -1.2643249034881592 0.72769850492477417 -0.89370095729827881 -1.3069311380386353 0.66548013687133789 -0.76864701509475708 -1.2843209505081177 0.45995247364044189 -0.98235917091369629 -1.2836614847183228 0.36244300007820129 -0.85217714309692383 -1.1360180377960205 0.18035218119621277 -0.73017722368240356 -1.0961170196533203 -0.0092841573059558868
1346.5183999985456 -0.6843532919883728 -1.0950545072555542 0.91354840993881226 -0.64901620149612427 -1.2709052562713623 0.89671415090560913 -0.86208629608154297 -1.3123522996902466 0.83425313234329224 -0.75280499458312988 -1.2855056524276733 0.54474800825119019 -0.96795809268951416 -1.2802679538726807 0.42406189441680908 -0.85685849189758301 -1.1142144203186035 0.25961101055145264 -0.7436564564704895 -1.1166247129440308 0.054748822003602982
1346.5183999985456 -0.60883587598800659 -1.0718799829483032 0.86159509420394897 -0.60191631317138672 -1.2072368860244751 0.77132987976074219 -0.78438901901245117 -1.2478406429290771 0.70421481132507324 -0.69719409942626953 -1.2037985324859619 0.44527801871299744 -0.90301710367202759 -1.2043484449386597 0.34545153379440308 -0.87657928466796875 -1.1282471418380737 0.25560110807418823 -0.73306745290756226 -1.130851149559021 0.079569101333618164
1427.245600014925 -0.61473596096038818 -1.1547435522079468 0.91868650913238525 -0.59126043319702148 -1.2270907163619995 0.84070158004760742 -0.74971890449523926 -1.2483252286911011 0.81960517168045044 -0.66261148452758789 -1.2075190544128418 0.54804140329360962 -0.81512546539306641 -1.1924289464950562 0.49257320165634155 -0.73742151260375977 -1.0093995332717896 0.29658320546150208 -0.61899483203887939 -1.0286335945129395 0.11008594185113907
1431.1108999997377 -0.53274410963058472 -0.97385936975479126 0.71807730197906494 -0.55296289920806885 -1.1445865631103516 0.68847775459289551 -0.75303894281387329 -1.1839126348495483 0.62367713451385498 -0.60899001359939575 -1.1730716228485107 0.45214694738388062 -0.80167198181152344 -1.169427752494812 0.36512231826782227 -0.76836556196212769 -1.0891216993331909 0.22310839593410492 -0.6419835090637207 -1.048417329788208 0.054994408041238785
1489.6714999973774 -0.56953626871109009 -1.0504347085952759 0.8443150520324707 -0.54389703273773193 -1.1982218027114868 0.76313966512680054 -0.70136874914169312 -1.2379715442657471 0.71782618761062622 -0.64849573373794556 -1.1824363470077515 0.45615407824516296 -0.82833749055862427 -1.1844979524612427 0.37535792589187622 -0.76260852813720703 -1.0452467203140259 0.25036010146141052 -0.65466880798339844 -1.0599980354309082 0.057114910334348679
1489.6714999973774 -0.5897371768951416 -1.015689492225647 0.82399982213973999 -0.56471502780914307 -1.1599195003509521 0.74477815628051758 -0.71839672327041626 -1.1987123489379883 0.70055532455444336 -0.66679626703262329 -1.1445139646530151 0.44518116116523743 -0.84230953454971313 -1.1465259790420532 0.3663296103477478 -0.77816253900527954 -1.0106263160705566 0.24434025585651398 -0.67282074689865112 -1.0250226259231567 0.055746112018823624
1547.0317000001669 -0.62860667705535889 -1.1060134172439575 0.81489062309265137 -0.57667887210845947 -1.1912045478820801 0.75915080308914185 -0.73401987552642822 -1.226544976234436 0.7370186448097229 -0.66621226072311401 -1.1730222702026367 0.48610538244247437 -0.82590430974960327 -1.1901627779006958 0.41556528210639954 -0.69564884901046753 -0.93927186727523804 0.19755621254444122 -0.62077325582504272 -0.94755661487579346 0.019112773239612579
1547.0317000001669 -0.59604078531265259 -1.043476939201355 0.8000451922416687 -0.56835871934890747 -1.1189287900924683 0.79691362380981445 -0.7183833122253418 -1.1496500968933105 0.77838826179504395 -0.6335483193397522 -1.1213514804840088 0.52934664487838745 -0.78086769580841064 -1.1231579780578613 0.46159818768501282 -0.70418041944503784 -0.91740542650222778 0.19382935762405396 -0.60977852344512939 -0.90844815969467163 0.039751380681991577
1617.3888000100851 -0.5514635443687439 -1.0572414398193359 0.85737943649291992 -0.57127165794372559 -1.1068321466445923 0.66890585422515869 -0.73035818338394165 -1.1040289402008057 0.65393894910812378 -0.63795125484466553 -1.0568726062774658 0.40375286340713501 -0.77313715219497681 -1.0304765701293945 0.35183271765708923 -0.63511598110198975 -0.83583372831344604 0.24483588337898254 -0.55460309982299805 -0.9060136079788208 0.024737479165196419
1617.3888000100851 -0.53532755374908447 -1.0047820806503296 0.78309136629104614 -0.5495719313621521 -1.135345458984375 0.70318049192428589 -0.69409370422363281 -1.1693553924560547 0.66252827644348145 -0.63490349054336548 -1.1276626586914063 0.42255336046218872 -0.78806865215301514 -1.1209211349487305 0.34524062275886536 -0.6868821382522583 -0.94650709629058838 0.26700210571289063 -0.61856824159622192 -1.0569008588790894 0.066924184560775757
1673.3003000020981 -0.58023917675018311 -0.98907804489135742 0.7025291919708252 -0.54296869039535522 -1.1258220672607422 0.69830083847045898 -0.70949643850326538 -1.1771811246871948 0.65200942754745483 -0.61028152704238892 -1.1514869928359985 0.43763047456741333 -0.7913932204246521 -1.1590726375579834 0.34991413354873657 -0.73480361700057983 -1.0392369031906128 0.18290545046329498 -0.62786006927490234 -1.0243632793426514 0.032100662589073181
1673.3003000020981 -0.6235164999961853 -1.0159943103790283 0.73535680770874023 -0.58450412750244141 -1.1591291427612305 0.7309308648109436 -0.75881457328796387 -1.2128883600234985 0.68247604370117188 -0.65496283769607544 -1.1859934329986572 0.45807814598083496 -0.84453874826431274 -1.1939336061477661 0.36626240611076355 -0.78530436754226685 -1.0684973001480103 0.19144861400127411 -0.6733628511428833 -1.0529285669326782 0.033595997840166092
1730.4943999946117 -0.61819016933441162 -1.0164031982421875 0.74576407670974731 -0.59326517581939697 -1.2120767831802368 0.71790534257888794 -0.77790826559066772 -1.2557204961776733 0.66720539331436157 -0.68049722909927368 -1.2168062925338745 0.44586509466171265 -0.87732142210006714 -1.2181529998779297 0.3634076714515686 -0.78045940399169922 -1.0366470813751221 0.19385704398155212 -0.66619068384170532 -1.0082837343215942 0.024935256689786911
1730.4943999946117 -0.697226881980896 -1.023923397064209 0.75706422328948975 -0.6719244122505188 -1.2225602865219116 0.72878360748291016 -0.85936367511749268 -1.2668647766113281 0.67731595039367676 -0.76047748327255249 -1.2273613214492798 0.45262381434440613 -0.96028214693069458 -1.2287284135818481 0.36891773343086243 -0.86195343732833862 -1.0444738864898682 0.1967996209859848 -0.74595427513122559 -1.0156811475753784 0.025319846346974373
1789.8646000027657 -0.70939964056015015 -1.1635323762893677 0.74178898334503174 -0.67799836397171021 -1.2270489931106567 0.6975213885307312 -0.8492855429649353 -1.2744089365005493 0.64726793766021729 -0.74463385343551636 -1.2298940420150757 0.41157934069633484 -0.93638759851455688 -1.2314751148223877 0.31440484523773193 -0.79077225923538208 -0.97479701042175293 0.17339402437210083 -0.67792105674743652 -0.98874753713607788 0.024958483874797821
1789.8646000027657 -0.61019980907440186 -1.0862362384796143 0.79789793491363525 -0.59220468997955322 -1.1284022331237793 0.73559838533401489 -0.76259422302246094 -1.1539902687072754 0.70511120557785034 -0.64974749088287354 -1.1359150409698486 0.46799072623252869 -0.81197458505630493 -1.1229746341705322 0.38858884572982788 -0.68007957935333252 -0.90298402309417725 0.23834019899368286 -0.60551166534423828 -0.93224698305130005 0.093626335263252258
1865.45609998703 -0.64055508375167847 -1.0111857652664185 0.69717466831207275 -0.578438401222229 -1.1602466106414795 0.67267888784408569 -0.76538461446762085 -1.2304527759552002 0.60621654987335205 -0.66256779432296753 -1.1761159896850586 0.3882271945476532 -0.87818300724029541 -1.19209885597229 0.28895920515060425 -0.830311119556427 -1.1023663282394409 0.16128967702388763 -0.69255441427230835 -1.0983619689941406 0.01203449908643961
1865.45609998703 -0.69033968448638916 -1.0326519012451172 0.70265460014343262 -0.63139009475708008 -1.1535036563873291 0.71767377853393555 -0.8187786340713501 -1.2179983854293823 0.6758008599281311 -0.72398412227630615 -1.1643812656402588 0.43663346767425537 -0.93414247035980225 -1.1834715604782104 0.35191991925239563 -0.76843208074569702 -0.95806729793548584 0.16951785981655121 -0.68117791414260864 -0.95344948768615723 0.012321642599999905
1922.3625000119209 -0.72944629192352295 -1.0252571105957031 0.71736830472946167 -0.66926246881484985 -1.1486390829086304 0.73270195722579956 -0.86057424545288086 -1.2144840955734253 0.68995237350463867 -0.76379507780075073 -1.1597443819046021 0.44577765464782715 -0.97835344076156616 -1.1792343854904175 0.35929051041603088 -0.80917364358901978 -0.94911098480224609 0.17306961119174957 -0.72009259462356567 -0.94439643621444702 0.012582257390022278
1922.3625000119209 -0.75895106792449951 -1.1302602291107178 0.79443174600601196 -0.67929536104202271 -1.2060095071792603 0.72777819633483887 -0.86657494306564331 -1.2612655162811279 0.69329208135604858 -0.74822330474853516 -1.2057760953903198 0.42718541622161865 -0.93307465314865112 -1.2183932065963745 0.34599137306213379 -0.77443075180053711 -0.95834851264953613 0.21953515708446503 -0.69404786825180054 -0.98619294166564941 0.044390406459569931
1984.7291000038385 -0.67394208908081055 -1.0331270694732666 0.80468660593032837 -0.63494807481765747 -1.1344765424728394 0.75799590349197388 -0.81365180015563965 -1.1840367317199707 0.71600198745727539 -0.7266089916229248 -1.1509289741516113 0.45800682902336121 -0.92171543836593628 -1.1594064235687256 0.37697532773017883 -0.79921990633010864 -0.96370971202850342 0.24444974958896637 -0.70845931768417358 -1.0134705305099487 0.065870530903339386
1984.7291000038385 -0.71833598613739014 -1.0455290079116821 0.74558866024017334 -0.65090823173522949 -1.1525770425796509 0.71501672267913818 -0.84725350141525269 -1.2044827938079834 0.67470961809158325 -0.74345654249191284 -1.1406887769699097 0.44289767742156982 -0.94693213701248169 -1.1601494550704956 0.359047532081604 -0.81098634004592896 -0.90420389175415039 0.19971460103988647 -0.7449566125869751 -0.93379670381546021 0.042772825807332993
