32.528200000524521 -0.067683808505535126 -1.2181252241134644 0.42662638425827026 0.33113685250282288 -1.9659751653671265 -0.057324182242155075 0.34103086590766907 -2.1952459812164307 -0.067531831562519073 -0.28654035925865173 -2.0812034606933594 -0.19872896373271942 -0.39308682084083557 -2.3231148719787598 -0.19603548943996429 -0.47231164574623108 -1.164900541305542 0.1502133309841156 -0.61147719621658325 -0.95770597457885742 0.077432021498680115
32.528200000524521 -0.10291677713394165 -1.1844161748886108 0.34810101985931396 0.32337132096290588 -1.9666030406951904 -0.11998289078474045 0.31055831909179688 -2.205589771270752 -0.1402946412563324 -0.23448708653450012 -2.0631794929504395 -0.22966213524341583 -0.35786271095275879 -2.2987039089202881 -0.21599981188774109 -0.57350462675094604 -1.2525184154510498 0.12557506561279297 -0.70283150672912598 -0.99921649694442749 0.059517450630664825
93.362399995326996 -0.16575343906879425 -1.2966798543930054 0.48237127065658569 0.30813485383987427 -2.1998164653778076 0.0057837171480059624 0.31790763139724731 -2.4356670379638672 -0.0064664585515856743 -0.42932474613189697 -2.3310055732727051 -0.10485997796058655 -0.56279182434082031 -2.5860433578491211 -0.090441145002841949 -0.58949708938598633 -1.3956831693649292 0.22795078158378601 -0.73766225576400757 -1.1313391923904419 0.13917811214923859
93.362399995326996 -0.12217605859041214 -1.0649881362915039 0.41249966621398926 0.28306832909584045 -1.8373031616210938 0.0049470015801489353 0.29142552614212036 -2.0389902591705322 -0.0055287056602537632 -0.34756842255592346 -1.9494892358779907 -0.089669674634933472 -0.46170243620872498 -2.1675841808319092 -0.077339448034763336 -0.4845394492149353 -1.1496506929397583 0.19493262469768524 -0.61124241352081299 -0.92359757423400879 0.11901888996362686
152.94640000164509 -0.12881040573120117 -1.1331095695495605 0.39148074388504028 0.2767278254032135 -1.8948924541473389 -0.063069038093090057 0.28223434090614319 -2.1157159805297852 -0.08398844301700592 -0.37925571203231812 -2.008542537689209 -0.17829550802707672 -0.50629031658172607 -2.2367784976959229 -0.1791863739490509 -0.53167581558227539 -1.1754531860351563 0.13304783403873444 -0.66458374261856079 -0.93443268537521362 0.064282625913619995
152.94640000164509 -0.13360264897346497 -1.2008538246154785 0.4821765124797821 0.29906010627746582 -2.0138473510742188 0.087075293064117432 0.31414636969566345 -2.2240364551544189 0.083137236535549164 -0.40731555223464966 -2.1389749050140381 -0.028411995619535446 -0.53192412853240967 -2.3781495094299316 -0.026538237929344177 -0.49325951933860779 -1.2155494689941406 0.2198348194360733 -0.64869570732116699 -0.96508777141571045 0.13185876607894897
217.8505000025034 -0.12230978906154633 -1.0775071382522583 0.42601534724235535 0.28530347347259521 -1.8417196273803711 0.035309877246618271 0.29123973846435547 -2.0482828617095947 0.0287066251039505 -0.36304435133934021 -1.965463399887085 -0.089430764317512512 -0.49071308970451355 -2.1859469413757324 -0.086572535336017609 -0.49876147508621216 -1.0956903696060181 0.17143984138965607 -0.64116370677947998 -0.86334395408630371 0.086282946169376373
217.8505000025034 -0.087994664907455444 -1.2121745347976685 0.45993185043334961 0.35206893086433411 -2.0372264385223389 0.038122102618217468 0.35847777128219604 -2.2602341175079346 0.030993163585662842 -0.34789425134658813 -2.1708214282989502 -0.09654921293258667 -0.4857267439365387 -2.408858060836792 -0.093463443219661713 -0.49441587924957275 -1.2318053245544434 0.18508946895599365 -0.64815479516983032 -0.98096174001693726 0.093153171241283417
281.50699999928474 -0.10292231291532516 -1.13482666015625 0.43774649500846863 0.30525928735733032 -1.9599878787994385 0.027299068868160248 0.31099927425384521 -2.168231725692749 0.021782707422971725 -0.37568682432174683 -2.0885214805603027 -0.087472543120384216 -0.49448004364967346 -2.314028263092041 -0.08964528888463974 -0.50447696447372437 -1.1584399938583374 0.14647403359413147 -0.66922998428344727 -0.94332873821258545 0.049109585583209991
281.50699999928474 -0.09080236405134201 -1.0689390897750854 0.36450263857841492 0.33785384893417358 -1.8838752508163452 -0.054510746151208878 0.34436845779418945 -2.1017649173736572 -0.068877406418323517 -0.33838260173797607 -2.0248253345489502 -0.17648839950561523 -0.46226713061332703 -2.2590301036834717 -0.18995778262615204 -0.47864982485771179 -1.1118607521057129 0.087490111589431763 -0.64503872394561768 -0.91805487871170044 0.0058497823774814606
348.0164999961853 -0.1077452227473259 -1.1276142597198486 0.39378362894058228 0.35952451825141907 -1.9627865552902222 -0.023764627054333687 0.36409643292427063 -2.1900200843811035 -0.03776203840970993 -0.33151176571846008 -2.1060965061187744 -0.15071357786655426 -0.46173632144927979 -2.3512716293334961 -0.15901155769824982 -0.49222072958946228 -1.149510383605957 0.12452544271945953 -0.6634141206741333 -0.93238556385040283 0.042185734957456589
348.0164999961853 -0.10617310553789139 -1.143354058265686 0.39382475614547729 0.3611462414264679 -1.9786151647567749 -0.023767838254570961 0.36571863293647766 -2.2058725357055664 -0.037766732275485992 -0.32996338605880737 -2.1219401359558105 -0.15073026716709137 -0.46020177006721497 -2.3671414852142334 -0.15902911126613617 -0.49068942666053772 -1.165252685546875 0.12453796714544296 -0.66190093755722046 -0.94810473918914795 0.042189527302980423
408.61339999735355 -0.11655724048614502 -1.1080831289291382 0.3763086199760437 0.33442980051040649 -1.9535605907440186 -0.061998710036277771 0.34216532111167908 -2.1838724613189697 -0.078838922083377838 -0.33677580952644348 -2.0788555145263672 -0.18266896903514862 -0.45590254664421082 -2.320500373840332 -0.19769178330898285 -0.51060652732849121 -1.1487407684326172 0.085505984723567963 -0.6833571195602417 -0.93617504835128784 0.0080390674993395805
408.61339999735355 -0.068121761083602905 -1.187263011932373 0.39135828614234924 0.32160663604736328 -2.0170705318450928 -0.04831400141119957 0.33705097436904907 -2.2352843284606934 -0.056197408586740494 -0.35358315706253052 -2.1376731395721436 -0.14439059793949127 -0.45689016580581665 -2.3733041286468506 -0.15078514814376831 -0.4705958366394043 -1.1856025457382202 0.13331136107444763 -0.64433121681213379 -0.97847551107406616 0.053478065878152847
471.66459999978542 -0.11071543395519257 -1.1581110954284668 0.42141810059547424 0.28764945268630981 -1.9279528856277466 -0.0013468383112922311 0.30177724361419678 -2.1426279544830322 -0.0098527604714035988 -0.3965798020362854 -2.0166015625 -0.10760416090488434 -0.5118374228477478 -2.249748706817627 -0.11514707654714584 -0.47718483209609985 -1.1218608617782593 0.16829061508178711 -0.62772023677825928 -0.91527843475341797 0.072128042578697205
471.66459999978542 -0.095989532768726349 -1.238783597946167 0.3775084912776947 0.29130372405052185 -1.9569060802459717 -0.093143902719020844 0.31277483701705933 -2.1634502410888672 -0.10353368520736694 -0.41745510697364807 -2.0310308933258057 -0.20024754106998444 -0.52811944484710693 -2.2530319690704346 -0.20836944878101349 -0.45311793684959412 -1.1482869386672974 0.13219080865383148 -0.5924028754234314 -0.93945741653442383 0.047424130141735077
529.51559999585152 -0.086576998233795166 -1.1658556461334229 0.36852419376373291 0.29149925708770752 -1.8668879270553589 -0.090927362442016602 0.31245937943458557 -2.068516731262207 -0.10106988251209259 -0.40039217472076416 -1.93924880027771 -0.19548209011554718 -0.50842279195785522 -2.1559665203094482 -0.20341069996356964 -0.43520629405975342 -1.0775127410888672 0.12904471158981323 -0.57117646932601929 -0.87365305423736572 0.046295356005430222
529.51559999585152 -0.10901318490505219 -1.2319451570510864 0.38466307520866394 0.31181919574737549 -1.9493368864059448 -0.083816014230251312 0.34537369012832642 -2.1691744327545166 -0.1028997078537941 -0.41205105185508728 -2.0405404567718506 -0.21277238428592682 -0.52704578638076782 -2.2776479721069336 -0.23812942206859589 -0.48174965381622314 -1.1452928781509399 0.088574141263961792 -0.61728084087371826 -0.95924681425094604 -0.0051040626130998135
609.28739999234676 -0.11099925637245178 -1.1033151149749756 0.42945295572280884 0.31134963035583496 -1.9229044914245605 -0.0082158436998724937 0.34203061461448669 -2.1374266147613525 -0.015797935426235199 -0.3842121958732605 -2.0235724449157715 -0.12307595461606979 -0.4841340184211731 -2.2583189010620117 -0.13542288541793823 -0.46451950073242188 -1.0977145433425903 0.19188994169235229 -0.61159795522689819 -0.9098891019821167 0.1036730632185936
609.28739999234676 -0.029223278164863586 -1.1788575649261475 0.49807551503181458 0.32512199878692627 -1.9269282817840576 0.10356215387582779 0.35488995909690857 -2.1513395309448242 0.099137626588344574 -0.34199407696723938 -2.0803813934326172 -0.0039449576288461685 -0.44722813367843628 -2.3491532802581787 -0.0091743255034089088 -0.47821071743965149 -1.1556621789932251 0.20282633602619171 -0.64570963382720947 -1.0770879983901978 0.11026684194803238
671.44650000333786 -0.072987757623195648 -1.1684302091598511 0.46436962485313416 0.33955571055412292 -1.857054591178894 0.10481894016265869 0.36347219347953796 -2.0772652626037598 0.095737621188163757 -0.30851137638092041 -2.004824161529541 -0.00037988464464433491 -0.42724499106407166 -2.2638370990753174 -0.004475845955312252 -0.46061861515045166 -1.1376243829727173 0.20310065150260925 -0.60645908117294312 -1.0416198968887329 0.12179894000291824
671.44650000333786 -0.052611105144023895 -1.1642262935638428 0.46023210883140564 0.35625737905502319 -1.8467162847518921 0.10388433933258057 0.37996083498001099 -2.0649650096893311 0.094883911311626434 -0.28603667020797729 -1.9931694269180298 -0.00037736800732091069 -0.40371257066726685 -2.2498750686645508 -0.0044368421658873558 -0.43678891658782959 -1.1336947679519653 0.20129053294658661 -0.58133018016815186 -1.0385456085205078 0.12071307003498077
727.63500000536442 -0.023650823161005974 -1.1726939678192139 0.45107018947601318 0.35097026824951172 -1.8425643444061279 0.066903270781040192 0.37475776672363281 -2.0582230091094971 0.055731538683176041 -0.2770988941192627 -1.9804054498672485 -0.030202990397810936 -0.38634216785430908 -2.2329795360565186 -0.036834504455327988 -0.42697995901107788 -1.1172434091567993 0.18767085671424866 -0.57379281520843506 -1.0769109725952148 0.11396891623735428
727.63500000536442 -0.06289246678352356 -1.1472535133361816 0.45226126909255981 0.33456861972808838 -1.8547866344451904 0.071474939584732056 0.35372006893157959 -2.0695271492004395 0.065281026065349579 -0.31005579233169556 -1.9927117824554443 -0.018426746129989624 -0.41840332746505737 -2.2429993152618408 -0.01501370407640934 -0.4374026358127594 -1.1424440145492554 0.22103893756866455 -0.57545483112335205 -0.9836304783821106 0.14123731851577759
794.33240000903606 -0.082329258322715759 -1.2118192911148071 0.41431519389152527 0.31557583808898926 -1.8420610427856445 0.040362682193517685 0.33395197987556458 -2.0539448261260986 0.034469395875930786 -0.31765380501747131 -1.9705274105072021 -0.054703950881958008 -0.42836448550224304 -2.225581169128418 -0.058058749884366989 -0.46009951829910278 -1.1504906415939331 0.1802733987569809 -0.58783870935440063 -1.0052734613418579 0.10730018466711044
794.33240000903606 -0.065613754093647003 -1.1726268529891968 0.41076734662055969 0.32888415455818176 -1.7974720001220703 0.040016930550336838 0.34710294008255005 -2.0075416564941406 0.034174107015132904 -0.29892328381538391 -1.9248383045196533 -0.054235666990280151 -0.40868595242500305 -2.1777083873748779 -0.057561740279197693 -0.44014924764633179 -1.111823558807373 0.17872962355613708 -0.56679469347000122 -0.9678497314453125 0.10638125240802765
870.47349999845028 -0.065653085708618164 -1.2353307008743286 0.41649910807609558 0.33316722512245178 -1.9235543012619019 0.059948112815618515 0.34730821847915649 -2.1441259384155273 0.061312306672334671 -0.29667791724205017 -2.0499310493469238 -0.060644444078207016 -0.4019605815410614 -2.3058812618255615 -0.063196487724781036 -0.46676087379455566 -1.1544756889343262 0.14609163999557495 -0.61545681953430176 -0.99786794185638428 0.065888650715351105
870.47349999845028 -0.040903367102146149 -1.1092028617858887 0.4086492657661438 0.3500053882598877 -1.8128933906555176 0.071984618902206421 0.38513287901878357 -2.0200817584991455 0.06148119643330574 -0.24054545164108276 -1.9640581607818604 -0.016864055767655373 -0.34446042776107788 -2.2223436832427979 -0.02016030065715313 -0.37812000513076782 -1.1055651903152466 0.18743495643138885 -0.51208329200744629 -0.92339569330215454 0.10775499045848846
935.19419999420643 -0.069070056080818176 -1.1288728713989258 0.39996492862701416 0.35730203986167908 -1.8457455635070801 0.053767256438732147 0.40830749273300171 -2.0618977546691895 0.038327876478433609 -0.27081921696662903 -2.0215985774993896 -0.041875213384628296 -0.36407014727592468 -2.3003685474395752 -0.054883424192667007 -0.40721496939659119 -1.1117616891860962 0.14975020289421082 -0.55429816246032715 -0.95522230863571167 0.067545175552368164
935.19419999420643 -0.062601275742053986 -1.1310955286026001 0.38194325566291809 0.34570765495300293 -1.804173469543457 0.051227275282144547 0.39115056395530701 -2.0137674808502197 0.034811902791261673 -0.27481004595756531 -1.965425968170166 -0.046521510928869247 -0.38048923015594482 -2.2344961166381836 -0.06111513078212738 -0.39026597142219543 -1.0928143262863159 0.15106426179409027 -0.51534205675125122 -0.92715245485305786 0.069028526544570923
998.36100000143051 -0.054282531142234802 -1.1644061803817749 0.38624534010887146 0.36714774370193481 -1.8543728590011597 0.079949013888835907 0.40929418802261353 -2.0612812042236328 0.069874666631221771 -0.26009172201156616 -2.00390625 -0.012354106642305851 -0.36301606893539429 -2.2702567577362061 -0.022158311679959297 -0.36619707942008972 -1.1018054485321045 0.172621950507164 -0.49602591991424561 -0.93142563104629517 0.093920029699802399
998.36100000143051 -0.054277539253234863 -1.115300178527832 0.37348872423171997 0.35323339700698853 -1.7824779748916626 0.077309027314186096 0.39398777484893799 -1.9825525283813477 0.067567430436611176 -0.25328910350799561 -1.9270724058151245 -0.011945424601435661 -0.3528139591217041 -2.1846256256103516 -0.021425807848572731 -0.35588991641998291 -1.0547671318054199 0.16692109405994415 -0.48143064975738525 -0.8900146484375 0.090818598866462708
1058.5131999850273 -0.063679039478302002 -1.12668776512146 0.39857584238052368 0.35975953936576843 -1.8016109466552734 0.094634823501110077 0.4049040675163269 -2.008418083190918 0.083165973424911499 -0.26500818133354187 -1.9727983474731445 -0.0022621848620474339 -0.36129879951477051 -2.2551097869873047 -0.012399900704622269 -0.36013922095298767 -1.0603342056274414 0.15971122682094574 -0.49945700168609619 -0.91001933813095093 0.07522023469209671
1058.5131999850273 -0.051477126777172089 -1.1193912029266357 0.38260218501091003 0.34023243188858032 -1.780835747718811 0.090441890060901642 0.37690052390098572 -1.9825233221054077 0.081481136381626129 -0.24746999144554138 -1.9280133247375488 0.0016604680567979813 -0.33602821826934814 -2.1973960399627686 -0.0059807309880852699 -0.33113259077072144 -1.0328596830368042 0.16547875106334686 -0.4586637020111084 -0.88222795724868774 0.087009787559509277
1119.9328000098467 -0.058203890919685364 -1.0986922979354858 0.44065165519714355 0.35029518604278564 -1.7725105285644531 0.17100884020328522 0.38736692070960999 -1.974094033241272 0.17083030939102173 -0.25374123454093933 -1.9392894506454468 0.080212190747261047 -0.35258415341377258 -2.2091605663299561 0.084330908954143524 -0.35754412412643433 -1.0743016004562378 0.2225872129201889 -0.48239967226982117 -0.90841460227966309 0.13642118871212006
1119.9328000098467 -0.033006265759468079 -1.1141057014465332 0.4375741183757782 0.37264150381088257 -1.7832207679748535 0.16981342434883118 0.40945449471473694 -1.9833972454071045 0.16963614523410797 -0.22717878222465515 -1.9488356113433838 0.079650513827800751 -0.32533177733421326 -2.2168231010437012 0.083740487694740295 -0.33025714755058289 -1.0898853540420532 0.2210317850112915 -0.45424124598503113 -0.92515617609024048 0.13546720147132874
1192.0703999996185 -0.033702962100505829 -1.0900105237960815 0.4275435209274292 0.36294549703598022 -1.7421190738677979 0.16233818233013153 0.4021751880645752 -1.935698390007019 0.16158652305603027 -0.22604461014270782 -1.913882851600647 0.067397370934486389 -0.31891953945159912 -2.1755025386810303 0.068965785205364227 -0.32199838757514954 -1.0643044710159302 0.1985253244638443 -0.44787377119064331 -0.91219544410705566 0.11186284571886063
1192.0703999996185 -0.017637670040130615 -1.0707801580429077 0.42523500323295593 0.37337931990623474 -1.7240045070648193 0.17824463546276093 0.41558349132537842 -1.9166210889816284 0.18022006750106812 -0.21284286677837372 -1.8950921297073364 0.091042183339595795 -0.30535444617271423 -2.1565899848937988 0.096981614828109741 -0.31013604998588562 -1.0574216842651367 0.21325927972793579 -0.43329894542694092 -0.90843391418457031 0.12741336226463318
1256.6523000150919 -0.02248510904610157 -1.1259640455245972 0.40552824735641479 0.37678554654121399 -1.7438268661499023 0.13528533279895782 0.41795122623443604 -1.9378714561462402 0.13108153641223907 -0.21527285873889923 -1.9020824432373047 0.044882755726575851 -0.30125889182090759 -2.1612083911895752 0.038600601255893707 -0.32045575976371765 -1.0758742094039917 0.17597955465316772 -0.44036626815795898 -0.93294441699981689 0.094910353422164917
1256.6523000150919 -0.022406492382287979 -1.0886317491531372 0.40173667669296265 0.37313017249107361 -1.7007163763046265 0.13402105867862701 0.41391089558601379 -1.8929462432861328 0.12985657155513763 -0.21339128911495209 -1.8574918508529663 0.044463936239480972 -0.29857316613197327 -2.1141946315765381 0.038240529596805573 -0.31759053468704224 -1.0390104055404663 0.17433470487594604 -0.43637964129447937 -0.89741718769073486 0.094023674726486206
1323.3801999986172 -0.022982001304626465 -1.1165932416915894 0.41205525398254395 0.38271403312683105 -1.7443991899490356 0.13746337592601776 0.42454218864440918 -1.9415665864944458 0.13319192826747894 -0.21887223422527313 -1.9052015542984009 0.045605991035699844 -0.30624201893806458 -2.1684975624084473 0.039222735911607742 -0.32574781775474548 -1.0656973123550415 0.17881248891353607 -0.44758802652359009 -0.9204673171043396 0.096438668668270111
1323.3801999986172 -0.043329086154699326 -1.1178672313690186 0.42481023073196411 0.38854855298995972 -1.7470909357070923 0.15672823786735535 0.43178343772888184 -1.9466050863265991 0.15584330260753632 -0.2144351601600647 -1.9185647964477539 0.059447180479764938 -0.30495017766952515 -2.1782121658325195 0.057434942573308945 -0.34908708930015564 -1.1112573146820068 0.20204877853393555 -0.47086250782012939 -0.9473799467086792 0.12463068217039108
1388.6196999996901 -0.0064354091882705688 -1.1279464960098267 0.40948635339736938 0.38016617298126221 -1.7501797676086426 0.13129323720932007 0.41714140772819519 -1.947698712348938 0.13201154768466949 -0.19987079501152039 -1.9039033651351929 0.040556792169809341 -0.28354662656784058 -2.1587076187133789 0.037705160677433014 -0.33977994322776794 -1.0769481658935547 0.16132365167140961 -0.45697784423828125 -1.0253698825836182 0.08319399505853653
1388.6196999996901 -0.023668695241212845 -1.1354986429214478 0.40269595384597778 0.36612913012504578 -1.7572017908096313 0.11359306424856186 0.39877456426620483 -1.9566358327865601 0.11234036087989807 -0.21724538505077362 -1.9091634750366211 0.020132964476943016 -0.30464687943458557 -2.1636087894439697 0.016393847763538361 -0.3644593358039856 -1.1004588603973389 0.16618108749389648 -0.47952163219451904 -0.989615797996521 0.091009862720966339
1446.0415000021458 -0.045461650937795639 -1.1681967973709106 0.42660996317863464 0.38713514804840088 -1.7945274114608765 0.16072581708431244 0.4246501624584198 -1.991850733757019 0.16581350564956665 -0.19783277809619904 -1.9527695178985596 0.058250974863767624 -0.29078632593154907 -2.2013537883758545 0.061812419444322586 -0.35080534219741821 -1.1451998949050903 0.20596358180046082 -0.46365779638290405 -0.98373323678970337 0.12571088969707489
1446.0415000021458 -0.069319933652877808 -1.1164752244949341 0.41079902648925781 0.34724247455596924 -1.7195905447006226 0.15477000176906586 0.38336700201034546 -1.9095999002456665 0.15966911613941193 -0.21604336798191071 -1.8719673156738281 0.056093432009220123 -0.30555152893066406 -2.1113376617431641 0.059522867202758789 -0.3633459210395813 -1.0943307876586914 0.19833099842071533 -0.47201544046401978 -0.93884891271591187 0.12105291336774826
1510.060500010848 -0.042748201638460159 -1.1356744766235352 0.39976614713668823 0.33882847428321838 -1.7461756467819214 0.13468469679355621 0.37262147665023804 -1.9350680112838745 0.14056327939033508 -0.22249194979667664 -1.8861202001571655 0.041615959256887436 -0.30502784252166748 -2.1212573051452637 0.042566947638988495 -0.36052709817886353 -1.0851519107818604 0.17702431976795197 -0.47068509459495544 -0.94592338800430298 0.09577903151512146
1510.060500010848 -0.0144993020221591 -1.145632266998291 0.37882530689239502 0.3595796525478363 -1.7112348079681396 0.11976385116577148 0.39304989576339722 -1.9001359939575195 0.12039778381586075 -0.18492566049098969 -1.8544950485229492 0.022216606885194778 -0.26977241039276123 -2.0901904106140137 0.019636807963252068 -0.35266804695129395 -1.0676727294921875 0.16544137895107269 -0.45969843864440918 -0.91545248031616211 0.095132455229759216
1571.9641000032425 -0.088484995067119598 -1.1331727504730225 0.3723759651184082 0.36740115284919739 -1.724237322807312 0.10872140526771545 0.40726277232170105 -1.9255093336105347 0.10216761380434036 -0.19927418231964111 -1.8750550746917725 0.0010386891663074493 -0.29761084914207458 -2.1291027069091797 -0.0082924338057637215 -0.39273169636726379 -1.0767719745635986 0.14844276010990143 -0.50551241636276245 -0.91382849216461182 0.078937865793704987
1571.9641000032425 -0.11756134778261185 -1.1766320466995239 0.38357192277908325 0.35203269124031067 -1.7854692935943604 0.11198964715003967 0.39309287071228027 -1.992793083190918 0.10523880273103714 -0.23168183863162994 -1.9408218860626221 0.0010690612252801657 -0.33297532796859741 -2.2025084495544434 -0.0085426364094018936 -0.43095636367797852 -1.1185355186462402 0.15290537476539612 -0.54712826013565063 -0.95069247484207153 0.081310570240020752
1633.5057999938726 -0.087017707526683807 -1.1881198883056641 0.36318942904472351 0.35846775770187378 -1.7723244428634644 0.089223228394985199 0.3987031877040863 -1.9761157035827637 0.081175722181797028 -0.2140658050775528 -1.927214503288269 -0.022782798856496811 -0.31045976281166077 -2.1807775497436523 -0.033260658383369446 -0.40342360734939575 -1.0965503454208374 0.14765447378158569 -0.51603513956069946 -0.93883079290390015 0.079961493611335754
1633.5057999938726 -0.12516821920871735 -1.1635997295379639 0.38821610808372498 0.35427209734916687 -1.7513221502304077 0.14080846309661865 0.39854550361633301 -1.949951171875 0.13612623512744904 -0.21555006504058838 -1.9298620223999023 0.030788887292146683 -0.31085172295570374 -2.1855599880218506 0.024408329278230667 -0.42454758286476135 -1.0887331962585449 0.17438745498657227 -0.54571473598480225 -0.92714661359786987 0.10879722982645035
1691.3702000081539 -0.065753422677516937 -1.1365774869918823 0.36440914869308472 0.36989876627922058 -1.7053980827331543 0.086423680186271667 0.41697165369987488 -1.9042222499847412 0.076323732733726501 -0.18598665297031403 -1.8727297782897949 -0.013856052421033382 -0.26529878377914429 -2.133101224899292 -0.025893541052937508 -0.37828108668327332 -1.0454208850860596 0.14460861682891846 -0.49633151292800903 -0.9060903787612915 0.077884159982204437
1691.3702000081539 -0.072220608592033386 -1.1673355102539063 0.37438428401947021 0.37535783648490906 -1.7517280578613281 0.08878876268863678 0.4237193763256073 -1.9559950828552246 0.078412324190139771 -0.1957453191280365 -1.9236404895782471 -0.01423619594424963 -0.27722865343093872 -2.1911396980285645 -0.026603220030665398 -0.39330393075942993 -1.0736833810806274 0.14856654405593872 -0.51458609104156494 -0.9305385947227478 0.080015465617179871
1753.6397999972105 -0.027049766853451729 -1.2089346647262573 0.37423720955848694 0.36944881081581116 -1.7625226974487305 0.097985826432704926 0.41034430265426636 -1.9658709764480591 0.089707635343074799 -0.21641567349433899 -1.9123039245605469 -0.010456258431077003 -0.3163665235042572 -2.1721923351287842 -0.021240726113319397 -0.38263875246047974 -1.0781844854354858 0.15875197947025299 -0.49447348713874817 -0.92121601104736328 0.091839224100112915
1753.6397999972105 -0.041999999433755875 -1.2377796173095703 0.36571145057678223 0.35532933473587036 -1.7996858358383179 0.067682363092899323 0.3983517587184906 -2.0065672397613525 0.056110899895429611 -0.21863596141338348 -1.9637869596481323 -0.03672337532043457 -0.31011411547660828 -2.230729341506958 -0.052045769989490509 -0.39540129899978638 -1.1037715673446655 0.1345844566822052 -0.51448160409927368 -0.96197134256362915 0.068137802183628082
1817.9223999977112 -0.043259616941213608 -1.1633555889129639 0.38181450963020325 0.38581204414367676 -1.761224627494812 0.12977650761604309 0.41879349946975708 -1.955713152885437 0.13438570499420166 -0.17411322891712189 -1.9324004650115967 0.025454537943005562 -0.2671770453453064 -2.1876180171966553 0.03037155419588089 -0.35920274257659912 -1.0669195652008057 0.1945498138666153 -0.48487728834152222 -0.91755902767181396 0.12053055316209793
1817.9223999977112 -0.048853840678930283 -1.1888679265975952 0.38160151243209839 0.37998363375663757 -1.7864104509353638 0.12970110774040222 0.41294711828231812 -1.9807928800582886 0.13430778682231903 -0.17963603138923645 -1.9574929475784302 0.025436067953705788 -0.27264907956123352 -2.2125711441040039 0.030350401997566223 -0.3646245002746582 -1.0924845933914185 0.19443906843662262 -0.49023047089576721 -0.94320541620254517 0.12046019732952118
1881.244800016284 -0.054961986839771271 -1.1336896419525146 0.37490862607955933 0.35851642489433289 -1.7408030033111572 0.11650438606739044 0.39287671446800232 -1.9300167560577393 0.11638712137937546 -0.18690760433673859 -1.9025864601135254 0.019156677648425102 -0.27156528830528259 -2.1542389392852783 0.019011959433555603 -0.33529934287071228 -1.0443549156188965 0.18299758434295654 -0.45725587010383606 -0.90206235647201538 0.1119435653090477
1881.244800016284 -0.06579020619392395 -1.1512703895568848 0.36709627509117126 0.34580838680267334 -1.7500773668289185 0.11268604546785355 0.37922382354736328 -1.9405075311660767 0.11178270727396011 -0.18993188440799713 -1.9108613729476929 0.0065313801169395447 -0.279112309217453 -2.1596112251281738 0.0035681526642292738 -0.3573589026927948 -1.0562361478805542 0.17476476728916168 -0.47142094373703003 -0.91213500499725342 0.10489175468683243
1938.3729999959469 -0.051226299256086349 -1.1321423053741455 0.36821120977401733 0.36545884609222412 -1.7268298864364624 0.11003405600786209 0.3993878960609436 -1.9199105501174927 0.10674679279327393 -0.16539293527603149 -1.8841335773468018 -0.011553587391972542 -0.25809288024902344 -2.128774881362915 -0.016156980767846107 -0.34896561503410339 -1.0491440296173096 0.15847551822662354 -0.4638790488243103 -0.89218431711196899 0.086248934268951416
1938.3729999959469 -0.07446993887424469 -1.1778948307037354 0.3804435133934021 0.35605514049530029 -1.7923344373703003 0.11369118094444275 0.39111107587814331 -1.9918282032012939 0.11029472947120667 -0.19242854416370392 -1.9548629522323608 -0.011934918351471424 -0.28820744156837463 -2.2076296806335449 -0.016691211611032486 -0.38209846615791321 -1.0921398401260376 0.1637415885925293 -0.50082868337631226 -0.92996680736541748 0.08911605179309845
