14.268099993467331 -0.19578865170478821 -1.1260470151901245 0.35666507482528687 0.20703604817390442 -1.8660296201705933 0.10657061636447906 0.23043082654476166 -2.0546901226043701 0.11070908606052399 -0.43219289183616638 -1.9227478504180908 0.046083066612482071 -0.54616004228591919 -2.1334712505340576 0.056301794946193695 -0.49138450622558594 -1.1181844472885132 0.20637869834899902 -0.56904792785644531 -0.86508321762084961 0.142411008477211
14.268099993467331 -0.17923228442668915 -1.1727832555770874 0.35957419872283936 0.19509360194206238 -1.8921991586685181 0.093427017331123352 0.21862362325191498 -2.0844008922576904 0.095192462205886841 -0.44581633806228638 -1.9428822994232178 0.032015547156333923 -0.55642431974411011 -2.160548210144043 0.037013668566942215 -0.46516096591949463 -1.1152323484420776 0.20564781129360199 -0.54497283697128296 -0.89023041725158691 0.13668456673622131
70.247800007462502 -0.16332860291004181 -1.1399871110916138 0.3543403148651123 0.2055477499961853 -1.8489295244216919 0.092067785561084747 0.22873519361019135 -2.0383331775665283 0.093807525932788849 -0.42603164911270142 -1.8988748788833618 0.03155035525560379 -0.53502941131591797 -2.1133718490600586 0.036475714296102524 -0.44509467482566833 -1.0832741260528564 0.20265483856201172 -0.52374458312988281 -0.86154776811599731 0.13469557464122772
70.247800007462502 -0.1975271999835968 -1.0602405071258545 0.32445266842842102 0.25599229335784912 -1.8028134107589722 0.010146562941372395 0.30670735239982605 -2.0163099765777588 -0.0063287890516221523 -0.40149962902069092 -1.8826932907104492 -0.025132786482572556 -0.49613064527511597 -2.1198799610137939 -0.035088539123535156 -0.50766837596893311 -1.1309139728546143 0.17692042887210846 -0.58363723754882813 -0.8908156156539917 0.13429431617259979
128.44669999182224 -0.18276116251945496 -1.1660434007644653 0.33349859714508057 0.26797151565551758 -1.9134156703948975 -0.0051760650239884853 0.31889376044273376 -2.1356816291809082 -0.025633228942751884 -0.41355198621749878 -1.9556581974029541 -0.042213942855596542 -0.5092732310295105 -2.1935982704162598 -0.055843818932771683 -0.53679007291793823 -1.2768926620483398 0.16862945258617401 -0.53257614374160767 -0.91222000122070313 0.15037333965301514
130.86860001087189 -0.16921417415142059 -1.1678746938705444 0.33417031168937683 0.28242191672325134 -1.9167447090148926 -0.0051831468008458614 0.333446204662323 -2.1394562721252441 -0.025681313127279282 -0.40046751499176025 -1.9590722322463989 -0.042295258492231369 -0.49638065695762634 -2.1974890232086182 -0.055952448397874832 -0.5239526629447937 -1.2789461612701416 0.16897071897983551 -0.51973026990890503 -0.91354262828826904 0.15067802369594574
188.77699999511242 -0.19784748554229736 -1.1638963222503662 0.33535900712013245 0.27433407306671143 -1.9107637405395508 0.016338616609573364 0.33739563822746277 -2.135467529296875 -0.0033526835031807423 -0.4145672619342804 -1.964274525642395 -0.022039914503693581 -0.50725400447845459 -2.2119090557098389 -0.035394623875617981 -0.53803664445877075 -1.2845872640609741 0.19080434739589691 -0.51183861494064331 -0.89840656518936157 0.18000821769237518
188.77699999511242 -0.15305344760417938 -1.1230881214141846 0.33829104900360107 0.2834571897983551 -1.8749746084213257 0.023124709725379944 0.34467953443527222 -2.0971777439117432 0.0056999539956450462 -0.39857122302055359 -1.9303150177001953 -0.017701590433716774 -0.48573708534240723 -2.1812880039215088 -0.031271196901798248 -0.50932830572128296 -1.2309192419052124 0.19066371023654938 -0.4847349226474762 -0.8548017144203186 0.17588478326797485
242.16009999811649 -0.15752999484539032 -1.1178412437438965 0.33679616451263428 0.27705010771751404 -1.8664025068283081 0.023023722693324089 0.33800166845321655 -2.0876228809356689 0.0056760306470096111 -0.40196192264556885 -1.9214980602264404 -0.017622018232941628 -0.48874229192733765 -2.171360969543457 -0.03113161213696003 -0.51222926378250122 -1.2251954078674316 0.1898217648267746 -0.48774453997612 -0.85074132680892944 0.1751081794500351
242.16009999811649 -0.185805544257164 -1.1204414367675781 0.30643463134765625 0.27508071064949036 -1.8472963571548462 -0.013984271325170994 0.33597716689109802 -2.0772910118103027 -0.035460911691188812 -0.39790773391723633 -1.9081522226333618 -0.049968600273132324 -0.48860380053520203 -2.1642515659332275 -0.066682875156402588 -0.48542323708534241 -1.1832699775695801 0.17301920056343079 -0.50578951835632324 -0.8781275749206543 0.14580506086349487
300.74309998750687 -0.1467006653547287 -1.2213852405548096 0.30551064014434814 0.23394575715065002 -1.9243088960647583 -0.017685392871499062 0.27900588512420654 -2.1507887840270996 -0.035817466676235199 -0.38318833708763123 -1.9540251493453979 -0.05451575294137001 -0.45896238088607788 -2.1971168518066406 -0.065277859568595886 -0.49046048521995544 -1.2639598846435547 0.17148378491401672 -0.46862277388572693 -0.87405312061309814 0.16588124632835388
300.74309998750687 -0.1328214704990387 -1.2294405698776245 0.3082936704158783 0.25128623843193054 -1.938755989074707 -0.017841244116425514 0.29675614833831787 -2.1672952175140381 -0.036138191819190979 -0.37145957350730896 -1.9687423706054688 -0.055006507784128189 -0.44792264699935913 -2.2140445709228516 -0.065866477787494659 -0.47970718145370483 -1.272402286529541 0.17304809391498566 -0.45767086744308472 -0.87894994020462036 0.16739460825920105
355.92040000855923 -0.094481475651264191 -1.2547578811645508 0.29685145616531372 0.25981160998344421 -1.9266568422317505 -0.042970683425664902 0.30411660671234131 -2.1661794185638428 -0.063849292695522308 -0.37641561031341553 -1.9490563869476318 -0.085791327059268951 -0.45678049325942993 -2.1992099285125732 -0.099404320120811462 -0.46887579560279846 -1.241593599319458 0.14930717647075653 -0.46589508652687073 -0.85284042358398438 0.14202131330966949
355.92040000855923 -0.13135802745819092 -1.2686622142791748 0.29851531982421875 0.28573989868164063 -2.0148928165435791 -0.059263955801725388 0.34464117884635925 -2.2671980857849121 -0.083036482334136963 -0.38349688053131104 -2.0586564540863037 -0.10512275248765945 -0.46153366565704346 -2.3295519351959229 -0.12371952831745148 -0.45570015907287598 -1.2566403150558472 0.15892922878265381 -0.48838365077972412 -0.92199867963790894 0.13856750726699829
411.52300000190735 -0.11989397555589676 -1.2576813697814941 0.28040269017219543 0.26238015294075012 -1.9662928581237793 -0.039679020643234253 0.3075692355632782 -2.2130389213562012 -0.066561713814735413 -0.36004188656806946 -1.982141375541687 -0.086807392537593842 -0.43589749932289124 -2.2435736656188965 -0.11060786247253418 -0.4352547824382782 -1.1928861141204834 0.14093837141990662 -0.46897998452186584 -0.83869779109954834 0.13043275475502014
411.52300000190735 -0.12777821719646454 -1.2896977663040161 0.28733322024345398 0.26394253969192505 -2.0158202648162842 -0.040658269077539444 0.31024837493896484 -2.2686636447906494 -0.068205282092094421 -0.37386056780815125 -2.0320603847503662 -0.088951259851455688 -0.45159074664115906 -2.2999532222747803 -0.11333987861871719 -0.45093211531639099 -1.2233014106750488 0.1444225013256073 -0.48549070954322815 -0.86036038398742676 0.13365727663040161
466.13920000195503 -0.064662843942642212 -1.2731586694717407 0.27978026866912842 0.24940876662731171 -1.9960790872573853 -0.068725116550922394 0.30521318316459656 -2.2481944561004639 -0.096032537519931793 -0.40525922179222107 -2.0162944793701172 -0.1163516640663147 -0.47533068060874939 -2.2880635261535645 -0.14271795749664307 -0.43682253360748291 -1.172063946723938 0.12803880870342255 -0.48992234468460083 -0.87132614850997925 0.10269732028245926
469.38570000231266 -0.023807656019926071 -1.2392392158508301 0.2609449028968811 0.24408352375030518 -1.9513883590698242 -0.083421029150485992 0.29725947976112366 -2.1962792873382568 -0.10891188681125641 -0.38596156239509583 -1.9622452259063721 -0.1295289546251297 -0.45387262105941772 -2.2278501987457275 -0.15101106464862823 -0.46663126349449158 -1.2059159278869629 0.10874075442552567 -0.44532507658004761 -0.80834388732910156 0.11682725697755814
533.86769999563694 -0.005735272541642189 -1.323586106300354 0.27038055658340454 0.27184227108955383 -2.0614850521087646 -0.08643689751625061 0.32694098353385925 -2.3152308464050293 -0.11284945905208588 -0.3809838593006134 -2.0727343559265137 -0.13421198725700378 -0.45135042071342468 -2.3479430675506592 -0.15647085011005402 -0.46457046270370483 -1.2890579700469971 0.11267303675413132 -0.44249382615089417 -0.87711054086685181 0.12105192989110947
533.86769999563694 -0.06815522164106369 -1.2618216276168823 0.22748741507530212 0.29936638474464417 -1.9584470987319946 -0.11225959658622742 0.35391044616699219 -2.2101373672485352 -0.13874965906143188 -0.3361612856388092 -1.9894819259643555 -0.16267707943916321 -0.41366398334503174 -2.2623045444488525 -0.18483974039554596 -0.47912421822547913 -1.2668793201446533 0.07176576554775238 -0.44852033257484436 -0.84620207548141479 0.088980786502361298
590.61679999530315 0.035772409290075302 -1.3191322088241577 0.18819834291934967 0.23807518184185028 -1.9467029571533203 -0.19512103497982025 0.26708590984344482 -2.2108914852142334 -0.22362774610519409 -0.3435060977935791 -1.9323508739471436 -0.25073361396789551 -0.41762727499008179 -2.2104461193084717 -0.27455654740333557 -0.46366015076637268 -1.1999092102050781 0.0053594284690916538 -0.48032838106155396 -0.83280998468399048 0.0069705448113381863
590.61679999530315 0.09154936671257019 -1.3943893909454346 0.2277185320854187 0.22765867412090302 -2.0477707386016846 -0.18367642164230347 0.25975769758224487 -2.3333103656768799 -0.21078406274318695 -0.39178568124771118 -2.0273313522338867 -0.24909064173698425 -0.47485733032226563 -2.328956127166748 -0.27151516079902649 -0.55070292949676514 -1.2940686941146851 -0.0072203679010272026 -0.52918994426727295 -0.8690260648727417 -0.0029191202484071255
644.85769999027252 0.11687992513179779 -1.4460859298706055 0.2362392395734787 0.25808101892471313 -2.1239099502563477 -0.19054584205150604 0.29138085246086121 -2.4201316833496094 -0.21866756677627563 -0.38453647494316101 -2.102705717086792 -0.25840717554092407 -0.47071579098701477 -2.4156143665313721 -0.28167057037353516 -0.54939877986907959 -1.3420121669769287 -0.0074886386282742023 -0.5270809531211853 -0.90106898546218872 -0.0030264831148087978
644.85769999027252 0.15812991559505463 -1.3690294027328491 0.19025050103664398 0.20881213247776031 -2.0880730152130127 -0.26092317700386047 0.21545436978340149 -2.3907432556152344 -0.29308339953422546 -0.39933738112449646 -2.0262444019317627 -0.32787364721298218 -0.48684561252593994 -2.3459250926971436 -0.35106715559959412 -0.53527486324310303 -1.3676803112030029 -0.061501733958721161 -0.52667820453643799 -0.9418647289276123 -0.06488548219203949
702.29259999096394 0.099422194063663483 -1.3373448848724365 0.13016384840011597 0.2456250786781311 -2.1650111675262451 -0.30562496185302734 0.25782883167266846 -2.4979979991912842 -0.33582776784896851 -0.48765677213668823 -2.1395034790039063 -0.36561718583106995 -0.60811471939086914 -2.5070385932922363 -0.39015591144561768 -0.64981353282928467 -1.5291922092437744 -0.0060189384967088699 -0.54434841871261597 -0.94904732704162598 0.070491321384906769
702.29259999096394 0.14950565993785858 -1.3343561887741089 0.12523066997528076 0.29017078876495361 -2.1306726932525635 -0.29405167698860168 0.30191230773925781 -2.4510471820831299 -0.32311046123504639 -0.41533637046813965 -2.1061315536499023 -0.35177153348922729 -0.53123170137405396 -2.4597451686859131 -0.37538081407546997 -0.57135111093521118 -1.5189368724822998 -0.0057938774116337299 -0.46988067030906677 -0.9607662558555603 0.067818395793437958
759.07460001111031 0.23325136303901672 -1.2706151008605957 0.095767684280872345 0.27633336186408997 -2.0173618793487549 -0.33045637607574463 0.28698790073394775 -2.3351645469665527 -0.36568179726600647 -0.37241712212562561 -2.0075738430023193 -0.38528150320053101 -0.46502736210823059 -2.3524966239929199 -0.41657274961471558 -0.58818191289901733 -1.5406873226165771 -0.070384122431278229 -0.44659745693206787 -0.91186916828155518 0.033063806593418121
759.07460001111031 0.20947463810443878 -1.4040465354919434 0.095512606203556061 0.32294943928718567 -2.0826735496520996 -0.36740481853485107 0.32890427112579346 -2.4101922512054443 -0.40097945928573608 -0.39179691672325134 -2.067094087600708 -0.4473540186882019 -0.49148967862129211 -2.4229316711425781 -0.47363430261611938 -0.50995004177093506 -1.4654537439346313 -0.066752932965755463 -0.53508132696151733 -1.0288950204849243 -0.023391265422105789
812.08139999210835 0.21387572586536407 -1.4163882732391357 0.095708221197128296 0.32758656144142151 -2.0964264869689941 -0.36817198991775513 0.33355376124382019 -2.4246268272399902 -0.40181645750999451 -0.38864630460739136 -2.0808148384094238 -0.44828745722770691 -0.4885464608669281 -2.4373924732208252 -0.47462239861488342 -0.50704514980316162 -1.4779231548309326 -0.066894792020320892 -0.53222870826721191 -1.0404565334320068 -0.023442944511771202
812.08139999210835 0.25036531686782837 -1.3905130624771118 0.05779455229640007 0.25991255044937134 -2.0353894233703613 -0.43057915568351746 0.24617065489292145 -2.3719499111175537 -0.47510740160942078 -0.40550753474235535 -1.9097079038619995 -0.42650547623634338 -0.46996685862541199 -2.204641580581665 -0.44196465611457825 -0.44217208027839661 -1.2986080646514893 -0.088812656700611115 -0.59085655212402344 -1.0318427085876465 -0.11395619809627533
879.32550001144409 -0.1064772829413414 -0.9623030424118042 0.17189584672451019 0.32503482699394226 -1.8908236026763916 -0.23580968379974365 0.33403870463371277 -2.1750409603118896 -0.24566169083118439 -0.45541992783546448 -1.9706275463104248 -0.29952946305274963 -0.59655475616455078 -2.3003470897674561 -0.29997429251670837 -0.54637575149536133 -1.0765315294265747 0.0583982914686203 -0.55953216552734375 -0.59821569919586182 0.082019031047821045
879.32550001144409 -0.092505708336830139 -1.441003680229187 0.047115195542573929 0.4234851598739624 -2.3183810710906982 -0.53152543306350708 0.42900958657264709 -2.6589188575744629 -0.56920915842056274 -0.41109085083007813 -2.312100887298584 -0.52708905935287476 -0.5873793363571167 -2.6868975162506104 -0.51224106550216675 -0.58761650323867798 -1.4659011363983154 0.045309435576200485 -0.51221704483032227 -0.90393173694610596 0.11521337181329727
936.26619999110699 0.0099062994122505188 -1.1672830581665039 0.040607430040836334 0.45464232563972473 -1.9235005378723145 -0.45812681317329407 0.45940384268760681 -2.2170124053955078 -0.49060669541358948 -0.26468437910079956 -1.9180877208709717 -0.45430305600166321 -0.41662865877151489 -2.2411274909973145 -0.44150549173355103 -0.41683304309844971 -1.1887423992156982 0.039051033556461334 -0.35184577107429504 -0.70437711477279663 0.099301710724830627
936.26619999110699 0.1149614006280899 -1.3362382650375366 -0.020730968564748764 0.26889723539352417 -1.9142117500305176 -0.57382881641387939 0.23454548418521881 -2.2242236137390137 -0.63139891624450684 -0.4195784330368042 -1.8059449195861816 -0.6353532075881958 -0.55094969272613525 -2.1241259574890137 -0.67068278789520264 -0.65427356958389282 -1.3858811855316162 -0.23868083953857422 -0.54855293035507202 -0.85367375612258911 -0.15468902885913849
1011.6737000048161 0.060477614402770996 -0.64435499906539917 -0.26756158471107483 0.4746469259262085 -1.7378690242767334 -0.88907963037490845 0.49303138256072998 -2.071744441986084 -0.9546656608581543 -0.44620728492736816 -1.6942185163497925 -0.89990758895874023 -0.60775232315063477 -2.0685245990753174 -0.93493860960006714 -0.40893131494522095 -0.8245733380317688 -0.23293779790401459 -0.48693099617958069 -0.47273272275924683 -0.19613735377788544
1011.6737000048161 0.12448739260435104 -0.86792182922363281 -0.35753551125526428 0.43275398015975952 -1.9402798414230347 -0.94013863801956177 0.46255326271057129 -2.274411678314209 -1.0138218402862549 -0.49599981307983398 -1.8168832063674927 -0.96916455030441284 -0.68549948930740356 -2.189486026763916 -1.0216434001922607 -0.4148830771446228 -0.88807809352874756 -0.23514445126056671 -0.59645235538482666 -0.74505025148391724 -0.20171943306922913
1067.6328999996185 0.17089776694774628 -1.0316040515899658 -0.37821617722511292 0.29594972729682922 -1.7276787757873535 -0.97586160898208618 0.28385394811630249 -2.020596981048584 -1.0501432418823242 -0.48865252733230591 -1.5734583139419556 -0.97926807403564453 -0.65224677324295044 -1.8722683191299438 -1.0066218376159668 -0.46849048137664795 -0.81904739141464233 -0.25436586141586304 -0.67173999547958374 -0.69808340072631836 -0.24796932935714722
1069.654599994421 0.30195850133895874 -0.95153433084487915 -0.38679647445678711 0.42984148859977722 -1.6633675098419189 -0.99797207117080688 0.41747188568115234 -1.9629169702529907 -1.0739353895187378 -0.37252339720726013 -1.5056556463241577 -1.0014556646347046 -0.5398213267326355 -1.8112304210662842 -1.0294286012649536 -0.35190489888191223 -0.73416554927825928 -0.26014232635498047 -0.55975580215454102 -0.61046314239501953 -0.25360095500946045
1163.2388000041246 -0.20269200205802917 -0.36885219812393188 0.70277094841003418 0.2733457088470459 -1.5078287124633789 0.1033310741186142 0.27216452360153198 -1.7293845415115356 0.15524058043956757 -0.62383991479873657 -1.4750399589538574 0.10881612449884415 -0.75595301389694214 -1.6640453338623047 0.17676697671413422 -0.70916938781738281 -0.35431969165802002 0.53719818592071533 -0.8524552583694458 -0.040044102817773819 0.45585513114929199
1239.4522999972105 -0.30039817094802856 -1.7200381755828857 0.66518580913543701 0.57588541507720947 -3.1087675094604492 -0.14426597952842712 0.58657634258270264 -3.4741418361663818 -0.13916000723838806 -0.82007592916488647 -3.165349006652832 -0.23090305924415588 -1.0706696510314941 -3.5122120380401611 -0.16495820879936218 -0.70201706886291504 -1.6140958070755005 0.44493979215621948 -0.93763643503189087 -1.0308805704116821 0.32754436135292053
1239.4522999972105 -0.17738544940948486 -1.2338643074035645 0.2991887629032135 0.32992246747016907 -2.287203311920166 -0.24806606769561768 0.36496913433074951 -2.5908796787261963 -0.26165080070495605 -0.68638914823532104 -2.3210916519165039 -0.29720968008041382 -0.86504530906677246 -2.6471054553985596 -0.30120617151260376 -0.5537036657333374 -1.1818461418151855 0.17797999083995819 -0.6852155327796936 -0.81056255102157593 0.13068936765193939
1296.5803000032902 -0.13153226673603058 -1.2991578578948975 0.14150635898113251 0.48344084620475769 -2.2106084823608398 -0.43671762943267822 0.51315164566040039 -2.5266768932342529 -0.4726695716381073 -0.49827471375465393 -2.2472434043884277 -0.4867420494556427 -0.67436009645462036 -2.5836772918701172 -0.49740767478942871 -0.41130194067955017 -1.2810572385787964 0.074088186025619507 -0.50403767824172974 -0.85423988103866577 0.077544964849948883
1296.5803000032902 -0.15381801128387451 -1.1418771743774414 -0.13502223789691925 0.43788576126098633 -1.9259119033813477 -0.65206462144851685 0.4722265899181366 -2.2396035194396973 -0.70697712898254395 -0.39550626277923584 -1.8401950597763062 -0.67903268337249756 -0.57751959562301636 -2.1575493812561035 -0.70835107564926147 -0.55666369199752808 -1.2854844331741333 -0.17169982194900513 -0.35314461588859558 -0.66349732875823975 -0.0019751125946640968
1371.9956000000238 0.17127779126167297 -1.0813858509063721 -0.20632980763912201 0.53311669826507568 -1.6749527454376221 -0.83468550443649292 0.53390353918075562 -2.0084559917449951 -0.92240875959396362 -0.28594836592674255 -1.6954456567764282 -0.89508217573165894 -0.44038808345794678 -2.0423812866210938 -0.98176276683807373 -0.42230170965194702 -1.1686285734176636 -0.31967595219612122 -0.36926797032356262 -0.70589137077331543 -0.21316376328468323
1371.9956000000238 0.1043931320309639 -1.0068609714508057 -0.22611096501350403 0.50136083364486694 -1.6332137584686279 -0.9428592324256897 0.49761790037155151 -1.9233630895614624 -0.96925485134124756 -0.39415434002876282 -1.6343042850494385 -0.83318603038787842 -0.56343239545822144 -1.9206804037094116 -0.7975953221321106 -0.42237800359725952 -1.1332610845565796 -0.14024733006954193 -0.4211973249912262 -0.85997545719146729 -0.050374902784824371
1429.1984000056982 0.18497748672962189 -1.6195173263549805 -0.49249267578125 0.45037290453910828 -1.9688599109649658 -1.2780798673629761 0.38913106918334961 -2.2844629287719727 -1.3207755088806152 -0.48221319913864136 -1.9638346433639526 -0.98986130952835083 -0.62922978401184082 -2.2979271411895752 -0.92271941900253296 -0.65512651205062866 -1.7583402395248413 -0.3183424174785614 -0.64455103874206543 -1.4437309503555298 -0.1818801611661911
1540.689099997282 -0.11270531266927719 -0.37556692957878113 0.77554255723953247 0.47072136402130127 -1.3733735084533691 0.19605731964111328 0.50856614112854004 -1.6200448274612427 0.22995935380458832 -0.35549062490463257 -1.411060094833374 0.14370948076248169 -0.4413565993309021 -1.6339918375015259 0.20331314206123352 -0.5375131368637085 -0.44587138295173645 0.6266554594039917 -0.69897806644439697 -0.11045453697443008 0.5369488000869751
1540.689099997282 -0.15917065739631653 -1.9026975631713867 0.62847959995269775 0.74795842170715332 -3.3951184749603271 -0.24630603194236755 0.81409549713134766 -3.8309581279754639 -0.2302970290184021 -0.61495441198348999 -3.5278451442718506 -0.29658582806587219 -0.82608973979949951 -3.9686596393585205 -0.21037401258945465 -0.73227530717849731 -1.8729712963104248 0.52436739206314087 -0.97334951162338257 -1.4384021759033203 0.38221800327301025
1609.380700007081 0.032647833228111267 -1.3629961013793945 0.36325293779373169 0.62804853916168213 -2.2700278759002686 -0.19232137501239777 0.64374762773513794 -2.5854549407958984 -0.20671480894088745 -0.22648561000823975 -2.375309944152832 -0.22652103006839752 -0.37578016519546509 -2.6791427135467529 -0.19650956988334656 -0.32925018668174744 -1.2993336915969849 0.26166635751724243 -0.48478591442108154 -0.99350905418395996 0.18393772840499878
1609.380700007081 -0.097727477550506592 -1.4854351282119751 0.26130726933479309 0.5207068920135498 -2.3287711143493652 -0.22095265984535217 0.53108799457550049 -2.6403501033782959 -0.2380182296037674 -0.27634942531585693 -2.4012384414672852 -0.28362652659416199 -0.44012773036956787 -2.6955811977386475 -0.25904867053031921 -0.39870667457580566 -1.4633848667144775 0.21621246635913849 -0.48100793361663818 -1.0781104564666748 0.17803068459033966
1665.0622999966145 -0.13960632681846619 -1.3037891387939453 0.23256757855415344 0.41080665588378906 -2.0543668270111084 -0.19664876163005829 0.42004591226577759 -2.3316757678985596 -0.2118372917175293 -0.29858171939849854 -2.118863582611084 -0.25242915749549866 -0.4443461000919342 -2.3808317184448242 -0.23055459558963776 -0.40748095512390137 -1.2841640710830688 0.19243273138999939 -0.48072993755340576 -0.94126594066619873 0.15845054388046265
1665.0622999966145 -0.091624394059181213 -1.2151361703872681 0.24759252369403839 0.51170295476913452 -2.041020393371582 -0.21082828938961029 0.55029916763305664 -2.3131678104400635 -0.22920827567577362 -0.18372152745723724 -2.131885290145874 -0.28288227319717407 -0.30860733985900879 -2.4086084365844727 -0.27179163694381714 -0.38271218538284302 -1.3121151924133301 0.1970546543598175 -0.46847206354141235 -1.0129661560058594 0.13175937533378601
1729.5862999856472 -0.12759263813495636 -1.2627477645874023 0.22777959704399109 0.42464208602905273 -2.0775415897369385 -0.24384090304374695 0.44261825084686279 -2.3500185012817383 -0.25084629654884338 -0.25488260388374329 -2.1503937244415283 -0.24972823262214661 -0.37169215083122253 -2.4079298973083496 -0.20776794850826263 -0.4150734543800354 -1.3314056396484375 0.19277718663215637 -0.52873694896697998 -1.0473829507827759 0.11152088642120361
1729.5862999856472 -0.14358428120613098 -1.3133111000061035 0.23562285304069519 0.42767035961151123 -2.15616774559021 -0.25224107503890991 0.44626563787460327 -2.4380295276641846 -0.25948774814605713 -0.27525833249092102 -2.2315289974212646 -0.25833117961883545 -0.39609101414680481 -2.4979350566864014 -0.21492570638656616 -0.44096642732620239 -1.3843334913253784 0.19941490888595581 -0.55854475498199463 -1.0905287265777588 0.11535999178886414
1787.2037999927998 -0.067966803908348083 -1.3297158479690552 0.32006427645683289 0.51929032802581787 -2.1335198879241943 -0.20050743222236633 0.55198478698730469 -2.4173195362091064 -0.21055254340171814 -0.25141233205795288 -2.2192783355712891 -0.21823969483375549 -0.39205700159072876 -2.4965653419494629 -0.17944708466529846 -0.37478384375572205 -1.3424503803253174 0.24680148065090179 -0.49672526121139526 -1.0612545013427734 0.16482056677341461
1787.2037999927998 -0.08081720769405365 -1.3517496585845947 0.28382793068885803 0.49729526042938232 -2.1451020240783691 -0.25912430882453918 0.51895958185195923 -2.4370388984680176 -0.27528101205825806 -0.26438483595848083 -2.2391579151153564 -0.29842156171798706 -0.41370865702629089 -2.532757043838501 -0.27078637480735779 -0.39798298478126526 -1.3676234483718872 0.20507165789604187 -0.49245995283126831 -1.0542409420013428 0.15302158892154694
1862.7594999969006 -0.10568570345640182 -1.303972601890564 0.22165004909038544 0.43924322724342346 -2.0569717884063721 -0.27892777323722839 0.4544646143913269 -2.3343312740325928 -0.29195824265480042 -0.28743916749954224 -2.1384861469268799 -0.30383744835853577 -0.42342492938041687 -2.3943846225738525 -0.27314847707748413 -0.40196061134338379 -1.2784568071365356 0.16349171102046967 -0.52701801061630249 -0.97927683591842651 0.12287352234125137
1862.7594999969006 -0.038973383605480194 -1.2171686887741089 0.35228505730628967 0.43230035901069641 -1.9646774530410767 -0.10855183005332947 0.44930484890937805 -2.2121217250823975 -0.11568307131528854 -0.22676227986812592 -2.0621733665466309 -0.13791725039482117 -0.33065968751907349 -2.2983958721160889 -0.098434671759605408 -0.40032672882080078 -1.1814033985137939 0.24846848845481873 -0.53123265504837036 -0.90955126285552979 0.1786770224571228
1918.9519000053406 -0.033778779208660126 -1.3994501829147339 0.29387193918228149 0.56810486316680908 -2.2101514339447021 -0.2101818323135376 0.60261344909667969 -2.5047671794891357 -0.23944540321826935 -0.18780821561813354 -2.3042302131652832 -0.28716421127319336 -0.3291054368019104 -2.590717077255249 -0.27501383423805237 -0.39395096898078918 -1.4317269325256348 0.17963272333145142 -0.4742092490196228 -1.0499145984649658 0.14561556279659271
1918.9519000053406 -0.15430009365081787 -1.2410882711410522 0.26901888847351074 0.44046309590339661 -2.0314350128173828 -0.17696341872215271 0.4782261848449707 -2.2973549365997314 -0.19356735050678253 -0.24266761541366577 -2.1378767490386963 -0.2502095103263855 -0.36331525444984436 -2.4046535491943359 -0.22874751687049866 -0.4631446897983551 -1.3198802471160889 0.18550936877727509 -0.56993210315704346 -0.98556786775588989 0.1341317892074585
1976.354699999094 -0.19943943619728088 -1.2328578233718872 0.27124744653701782 0.40377503633499146 -2.0581457614898682 -0.20079228281974792 0.44629383087158203 -2.3236496448516846 -0.2199893444776535 -0.30074471235275269 -2.1865713596343994 -0.26097968220710754 -0.4203779399394989 -2.4576511383056641 -0.24801938235759735 -0.50236773490905762 -1.2788294553756714 0.16484515368938446 -0.64359599351882935 -1.0238596200942993 0.1010122075676918
1976.354699999094 -0.11797957122325897 -1.2545491456985474 0.23825517296791077 0.47191765904426575 -2.0688512325286865 -0.23470525443553925 0.50267255306243896 -2.3405544757843018 -0.24897317588329315 -0.20863604545593262 -2.1660358905792236 -0.27746301889419556 -0.33243158459663391 -2.4451403617858887 -0.24874377250671387 -0.42824408411979675 -1.2506210803985596 0.20004133880138397 -0.56993961334228516 -1.0160223245620728 0.10503814369440079
