9.7356999963521957 -0.77023524045944214 -1.1725666522979736 0.30393019318580627 -0.6640591025352478 -1.5272852182388306 0.14354726672172546 -0.89878261089324951 -1.5143594741821289 0.087026402354240417 -0.78917473554611206 -1.4997227191925049 -0.13254056870937347 -1.0983922481536865 -1.4338270425796509 -0.1850333958864212 -1.1387757062911987 -1.3564239740371704 -0.24846436083316803 -0.9475858211517334 -1.229377269744873 -0.38129070401191711
9.7356999963521957 -0.75638234615325928 -1.204825758934021 0.31067359447479248 -0.64785104990005493 -1.5674124956130981 0.1467331200838089 -0.88778102397918701 -1.5541999340057373 0.08895854651927948 -0.77574193477630615 -1.5392385721206665 -0.13547872006893158 -1.0918182134628296 -1.4718811511993408 -0.18913590908050537 -1.1330974102020264 -1.39276123046875 -0.25397384166717529 -0.93766671419143677 -1.2628965377807617 -0.38974645733833313
67.07930001616478 -0.79543077945709229 -1.2059683799743652 0.38630884885787964 -0.66471022367477417 -1.5506027936935425 0.27488943934440613 -0.8919338583946228 -1.5146414041519165 0.21489344537258148 -0.79669338464736938 -1.5135507583618164 0.0027892689686268568 -1.0712165832519531 -1.4149332046508789 -0.05283781886100769 -1.1020816564559937 -1.3160676956176758 -0.14222441613674164 -0.92965805530548096 -1.1966234445571899 -0.29071518778800964
67.07930001616478 -0.78062522411346436 -1.2440979480743408 0.45814061164855957 -0.62863636016845703 -1.5794036388397217 0.3647860586643219 -0.8505595326423645 -1.5543298721313477 0.31605681777000427 -0.79859775304794312 -1.5061887502670288 0.091580398380756378 -1.0626643896102905 -1.4131449460983276 0.045666959136724472 -1.1053346395492554 -1.3108607530593872 -0.028045155107975006 -0.93953806161880493 -1.2243920564651489 -0.17948122322559357
121.76809999346733 -0.74924159049987793 -1.1520252227783203 0.43551188707351685 -0.60475867986679077 -1.4707721471786499 0.34676757454872131 -0.81572222709655762 -1.4469366073608398 0.30044478178024292 -0.76632654666900635 -1.4011729955673218 0.087053999304771423 -1.0173525810241699 -1.3127239942550659 0.043407965451478958 -1.0579154491424561 -1.2154910564422607 -0.026663921773433685 -0.9003065824508667 -1.1332924365997314 -0.17062142491340637
121.76809999346733 -0.82542967796325684 -1.209051251411438 0.42876315116882324 -0.6578441858291626 -1.5053595304489136 0.34936514496803284 -0.88492488861083984 -1.4593201875686646 0.29935455322265625 -0.80102890729904175 -1.4373663663864136 0.085061736404895782 -1.0487209558486938 -1.3223572969436646 0.038295984268188477 -1.0713132619857788 -1.2087924480438232 -0.047108761966228485 -0.9125744104385376 -1.1170051097869873 -0.19935351610183716
178.13840000331402 -0.82577359676361084 -1.1360340118408203 0.49921628832817078 -0.622688889503479 -1.45075523853302 0.44733193516731262 -0.83339405059814453 -1.4155731201171875 0.40441042184829712 -0.78642559051513672 -1.3905744552612305 0.17367224395275116 -1.029909610748291 -1.2844418287277222 0.12883839011192322 -1.078944206237793 -1.1927534341812134 0.039889570325613022 -0.93610590696334839 -1.1188217401504517 -0.11689160764217377
178.13840000331402 -0.82395094633102417 -1.1429898738861084 0.50225645303726196 -0.61962884664535522 -1.459628701210022 0.45005595684051514 -0.83161777257919312 -1.4242321252822876 0.40687292814254761 -0.78436315059661865 -1.3990811109542847 0.17472891509532928 -1.0293307304382324 -1.2923017740249634 0.12962187826633453 -1.0786641836166382 -1.2000548839569092 0.040131103247404099 -0.93495553731918335 -1.1256726980209351 -0.11760532110929489
235.64560002088547 -0.76984506845474243 -1.1847234964370728 0.43940302729606628 -0.62146568298339844 -1.4785200357437134 0.33353334665298462 -0.84079515933990479 -1.4488373994827271 0.28608730435371399 -0.77902090549468994 -1.4160547256469727 0.065959692001342773 -1.0332767963409424 -1.3176130056381226 0.021183691918849945 -1.076549768447876 -1.2177971601486206 -0.067281343042850494 -0.92175853252410889 -1.1323325634002686 -0.22058448195457458
235.64560002088547 -0.83382385969161987 -1.2141908407211304 0.37858611345291138 -0.64824634790420532 -1.5080007314682007 0.27494966983795166 -0.87734812498092651 -1.4778786897659302 0.22590292990207672 -0.80469882488250732 -1.439497709274292 -0.00058600702323019505 -1.0619966983795166 -1.3343231678009033 -0.043424066156148911 -1.0947881937026978 -1.2280524969100952 -0.12484139204025269 -0.93342691659927368 -1.136756420135498 -0.28446081280708313
293.35450001060963 -0.83699119091033936 -1.2575879096984863 0.3821873664855957 -0.64964783191680908 -1.5541934967041016 0.27756476402282715 -0.88092958927154541 -1.5237847566604614 0.22805133461952209 -0.80758905410766602 -1.4850386381149292 -0.00059268856421113014 -1.0673351287841797 -1.3788633346557617 -0.043838359415531158 -1.1004387140274048 -1.2715815305709839 -0.12603038549423218 -0.93754196166992188 -1.1794167757034302 -0.28716862201690674
293.35450001060963 -0.79150271415710449 -1.2213270664215088 0.39008021354675293 -0.62002146244049072 -1.5048782825469971 0.32755947113037109 -0.83638566732406616 -1.4937866926193237 0.28207993507385254 -0.77466028928756714 -1.4444296360015869 0.050675753504037857 -1.0266151428222656 -1.3581221103668213 0.0081451451405882835 -1.0750086307525635 -1.254694938659668 -0.082961805164813995 -0.92639589309692383 -1.1715133190155029 -0.25447782874107361
349.7492999881506 -0.74230974912643433 -1.2015713453292847 0.33044004440307617 -0.61633759737014771 -1.4926300048828125 0.22054988145828247 -0.83019524812698364 -1.482323169708252 0.17137311398983002 -0.76378029584884644 -1.4512964487075806 -0.054602719843387604 -1.020904541015625 -1.3736271858215332 -0.10269709676504135 -1.065808892250061 -1.2787528038024902 -0.18975885212421417 -0.9115414023399353 -1.1790928840637207 -0.34496438503265381
349.7492999881506 -0.79757529497146606 -1.192691445350647 0.41291257739067078 -0.61756324768066406 -1.4780950546264648 0.30330729484558105 -0.83160269260406494 -1.4547920227050781 0.25333264470100403 -0.77643430233001709 -1.4091759920120239 0.028573006391525269 -1.0228028297424316 -1.3135685920715332 -0.014831794425845146 -1.0669162273406982 -1.2140202522277832 -0.10185635089874268 -0.91765254735946655 -1.1273564100265503 -0.2623809278011322
410.4421000033617 -0.78336060047149658 -1.164948582649231 0.4105164110660553 -0.6043928861618042 -1.448696494102478 0.30154699087142944 -0.81719064712524414 -1.4255287647247314 0.25186225771903992 -0.76234227418899536 -1.3801771402359009 0.02840658463537693 -1.0072815418243408 -1.2851245403289795 -0.014746407046914101 -1.0511389970779419 -1.186153769493103 -0.10126609355211258 -0.9027411937713623 -1.0999925136566162 -0.26085942983627319
410.4421000033617 -0.75011396408081055 -1.1650662422180176 0.40926545858383179 -0.58684229850769043 -1.4674582481384277 0.29153603315353394 -0.7998470664024353 -1.4526876211166382 0.24673002958297729 -0.76776140928268433 -1.4079148769378662 0.0043963054195046425 -1.0175806283950806 -1.3253172636032104 -0.037008628249168396 -1.068604588508606 -1.2515072822570801 -0.11920762807130814 -0.92336815595626831 -1.1673529148101807 -0.27800020575523376
474.03830000758171 -0.75539541244506836 -1.1084449291229248 0.38362529873847961 -0.60294973850250244 -1.4260568618774414 0.26928523182868958 -0.81185227632522583 -1.394795298576355 0.21950258314609528 -0.76305025815963745 -1.3741021156311035 -0.012384860776364803 -1.0090100765228271 -1.2737488746643066 -0.057542797178030014 -1.0472515821456909 -1.2028217315673828 -0.13338467478752136 -0.89429086446762085 -1.1302741765975952 -0.28979304432868958
474.03830000758171 -0.81559807062149048 -1.1549153327941895 0.40502569079399109 -0.60285115242004395 -1.4893689155578613 0.29894334077835083 -0.80889999866485596 -1.479606032371521 0.25579851865768433 -0.76858478784561157 -1.4201239347457886 0.0023446651175618172 -1.0133166313171387 -1.3384404182434082 -0.03471413254737854 -1.0558494329452515 -1.2423830032348633 -0.13381753861904144 -0.90374505519866943 -1.1472548246383667 -0.29525324702262878
528.72810000181198 -0.83157950639724731 -1.2039395570755005 0.41511774063110352 -0.61353063583374023 -1.546728253364563 0.30639165639877319 -0.82471448183059692 -1.5367220640182495 0.26217159628868103 -0.78339457511901855 -1.4757575988769531 0.0024012732319533825 -1.0342255830764771 -1.3920383453369141 -0.035581089556217194 -1.0778183937072754 -1.2935870885848999 -0.13715431094169617 -0.92192322015762329 -1.1960881948471069 -0.30261322855949402
528.72810000181198 -0.83113062381744385 -1.1704843044281006 0.42857766151428223 -0.60552096366882324 -1.5104076862335205 0.32688030600547791 -0.81773096323013306 -1.4949723482131958 0.28184524178504944 -0.76126587390899658 -1.4607703685760498 0.031512293964624405 -1.0039464235305786 -1.3791111707687378 -0.0094874678179621696 -1.0431684255599976 -1.2953560352325439 -0.11417169123888016 -0.89514464139938354 -1.1955156326293945 -0.28136035799980164
584.34450000524521 -0.85183537006378174 -1.1879427433013916 0.33000895380973816 -0.65340298414230347 -1.4834482669830322 0.17644473910331726 -0.87368106842041016 -1.442007303237915 0.12633928656578064 -0.79415404796600342 -1.423109769821167 -0.10112671554088593 -1.0389151573181152 -1.3112940788269043 -0.14044220745563507 -1.056399941444397 -1.2187192440032959 -0.21789334714412689 -0.89494895935058594 -1.1193510293960571 -0.37609133124351501
584.34450000524521 -0.84619581699371338 -1.1960102319717407 0.333088219165802 -0.64591127634048462 -1.4942739009857178 0.17809063196182251 -0.86824536323547363 -1.4524462223052979 0.12751750648021698 -0.78797614574432373 -1.4333722591400146 -0.10207163542509079 -1.0350217819213867 -1.3205128908157349 -0.14175409078598022 -1.052669882774353 -1.2270739078521729 -0.21992814540863037 -0.88971179723739624 -1.1267783641815186 -0.37960270047187805
635.89650000631809 -0.88147658109664917 -1.2001734972000122 0.38987079262733459 -0.64920681715011597 -1.5116612911224365 0.27912965416908264 -0.87223565578460693 -1.4889556169509888 0.23180018365383148 -0.78476256132125854 -1.4360369443893433 0.0069963056594133377 -1.0230516195297241 -1.3435375690460205 -0.026098024100065231 -1.0448824167251587 -1.2573258876800537 -0.11043877154588699 -0.89991813898086548 -1.1641484498977661 -0.28482618927955627
635.89650000631809 -0.79980373382568359 -1.1229970455169678 0.4154636561870575 -0.60010093450546265 -1.4205644130706787 0.33325815200805664 -0.80738615989685059 -1.3975238800048828 0.28780671954154968 -0.74812990427017212 -1.3609975576400757 0.067885816097259521 -0.97104734182357788 -1.2741478681564331 0.027195597067475319 -0.99566864967346191 -1.1994462013244629 -0.055781595408916473 -0.85546189546585083 -1.1187821626663208 -0.22534464299678802
693.4573999941349 -0.82248961925506592 -1.1215490102767944 0.42298617959022522 -0.61917072534561157 -1.4245045185089111 0.33929213881492615 -0.83020937442779541 -1.4010467529296875 0.29301771521568298 -0.76988005638122559 -1.3638590574264526 0.069114655256271362 -0.9968339204788208 -1.2754367589950562 0.027687640860676765 -1.02190101146698 -1.1993824243545532 -0.056792039424180984 -0.87915557622909546 -1.1172575950622559 -0.22942541539669037
693.4573999941349 -0.76164799928665161 -1.1375473737716675 0.53010404109954834 -0.54091912508010864 -1.4946945905685425 0.47500318288803101 -0.73593175411224365 -1.5001112222671509 0.43951544165611267 -0.76207840442657471 -1.4042003154754639 0.22839328646659851 -0.9687613844871521 -1.3334816694259644 0.20320905745029449 -1.018799901008606 -1.2392528057098389 0.083535239100456238 -0.90465337038040161 -1.1508252620697021 -0.098359227180480957
748.92400000989437 -0.78602910041809082 -1.0307642221450806 0.53860002756118774 -0.56417208909988403 -1.4003419876098633 0.5605466365814209 -0.7663419246673584 -1.4157532453536987 0.51681691408157349 -0.72935187816619873 -1.3690204620361328 0.29405751824378967 -0.94528603553771973 -1.3326276540756226 0.25016254186630249 -0.98881375789642334 -1.2033168077468872 0.14056342840194702 -0.89836674928665161 -1.116695761680603 -0.039210408926010132
748.92400000989437 -0.76432079076766968 -0.96162307262420654 0.52231907844543457 -0.54916828870773315 -1.3200323581695557 0.54360246658325195 -0.74522852897644043 -1.3349778652191162 0.50119423866271973 -0.70935636758804321 -1.2896573543548584 0.28516653180122375 -0.91876512765884399 -1.2543643712997437 0.2425980269908905 -0.96097743511199951 -1.1289612054824829 0.13631096482276917 -0.87326371669769287 -1.0449577569961548 -0.038030181080102921
808.17370000481606 -0.77764922380447388 -1.0645676851272583 0.3527367115020752 -0.62380599975585938 -1.4155353307723999 0.24477696418762207 -0.84253466129302979 -1.4058132171630859 0.20630200207233429 -0.75780683755874634 -1.3652772903442383 -0.006557075772434473 -0.98456865549087524 -1.2989956140518188 -0.035558689385652542 -0.98995959758758545 -1.1839919090270996 -0.12808100879192352 -0.83514070510864258 -1.0994627475738525 -0.3206019401550293
808.17370000481606 -0.79830425977706909 -1.1778090000152588 0.36399108171463013 -0.73351013660430908 -1.5577961206436157 0.15596939623355865 -0.97107034921646118 -1.5066999197006226 0.09660658985376358 -0.82015401124954224 -1.5259684324264526 -0.08254549652338028 -1.0818910598754883 -1.4251265525817871 -0.13021960854530334 -1.0658371448516846 -1.3085343837738037 -0.23290842771530151 -0.87148857116699219 -1.1769101619720459 -0.41276735067367554
882.67940001189709 -0.69368517398834229 -1.2725831270217896 0.44750174880027771 -0.68678110837936401 -1.5956219434738159 0.27501168847084045 -0.93819111585617065 -1.593462347984314 0.23987880349159241 -0.84998506307601929 -1.5546036958694458 0.029697675257921219 -1.1299644708633423 -1.5125072002410889 -0.00021868459589313716 -1.1586601734161377 -1.4267319440841675 -0.10482142865657806 -0.97412866353988647 -1.2992627620697021 -0.27616575360298157
882.67940001189709 -0.72991955280303955 -1.142465353012085 0.3703656792640686 -0.67718619108200073 -1.467937707901001 0.22625817358493805 -0.91557538509368896 -1.462485671043396 0.18081368505954742 -0.75551307201385498 -1.4503344297409058 0.0065410682000219822 -1.0095398426055908 -1.4028648138046265 -0.031421609222888947 -0.98216032981872559 -1.3054040670394897 -0.13630287349224091 -0.78771889209747314 -1.1878162622451782 -0.30715501308441162
941.12219999730587 -0.77774101495742798 -1.169342041015625 0.38970103859901428 -0.72225469350814819 -1.5118057727813721 0.23807033896446228 -0.97308897972106934 -1.5060691833496094 0.19025340676307678 -0.80467057228088379 -1.4932835102081299 0.0068828342482447624 -1.0719590187072754 -1.4433357715606689 -0.033061698079109192 -1.0431500673294067 -1.3407870531082153 -0.1434183269739151 -0.83855783939361572 -1.2170605659484863 -0.32318982481956482
944.11820001900196 -0.75060003995895386 -1.2892909049987793 0.39287921786308289 -0.83999747037887573 -1.635057806968689 0.19201378524303436 -1.0993151664733887 -1.6189659833908081 0.13805052638053894 -0.9440799355506897 -1.5825958251953125 -0.0067240088246762753 -1.2101603746414185 -1.5341315269470215 -0.051145285367965698 -1.1791350841522217 -1.4057817459106445 -0.1322813481092453 -0.95071405172348022 -1.2900686264038086 -0.31345778703689575
999.64090000092983 -0.63721710443496704 -1.1095963716506958 0.43663859367370605 -0.73883748054504395 -1.3833191394805908 0.28007382154464722 -0.96819865703582764 -1.3473770618438721 0.23947228491306305 -0.79553496837615967 -1.3444249629974365 0.10407423228025436 -0.99909579753875732 -1.2698594331741333 0.068081900477409363 -0.95732313394546509 -1.1369137763977051 -0.017139125615358353 -0.78724706172943115 -1.0664880275726318 -0.20037510991096497
999.64090000092983 -0.6420520544052124 -1.2113124132156372 0.46105584502220154 -0.74935466051101685 -1.500340461730957 0.29573667049407959 -0.99154061079025269 -1.4623886346817017 0.25286486744880676 -0.80922240018844604 -1.4592714309692383 0.1098959818482399 -1.0241653919219971 -1.3805364370346069 0.07189110666513443 -0.9800570011138916 -1.2401571273803711 -0.018095087260007858 -0.80047094821929932 -1.1657935380935669 -0.21157678961753845
1071.0659999996424 -0.55168402194976807 -1.1803715229034424 0.32061010599136353 -0.73713839054107666 -1.4821622371673584 0.15507368743419647 -0.96849370002746582 -1.3728233575820923 0.1234317272901535 -0.78096318244934082 -1.4910546541213989 0.04113856703042984 -1.0001897811889648 -1.3538627624511719 0.012776755727827549 -0.95085668563842773 -1.3306870460510254 -0.074439600110054016 -0.78709143400192261 -1.3162885904312134 -0.22824770212173462
1071.0659999996424 -0.51177889108657837 -1.2017019987106323 0.33296170830726624 -0.6464506983757019 -1.4551111459732056 0.17118759453296661 -0.86973583698272705 -1.4292987585067749 0.15612013638019562 -0.73456329107284546 -1.4459407329559326 0.0059430580586194992 -0.96499526500701904 -1.3877321481704712 0.00017144475714303553 -0.94258224964141846 -1.3395379781723022 -0.078496471047401428 -0.76553189754486084 -1.3075747489929199 -0.23511296510696411
1124.3408000022173 -0.53512287139892578 -1.0753409862518311 0.37011018395423889 -0.66075766086578369 -1.3244781494140625 0.20450617372989655 -0.8649066686630249 -1.277567982673645 0.18101166188716888 -0.73120039701461792 -1.3188426494598389 0.050166662782430649 -0.93103623390197754 -1.2351855039596558 0.030218908563256264 -0.89658814668655396 -1.1881271600723267 -0.037179786711931229 -0.72118890285491943 -1.187480092048645 -0.19350291788578033
1238.2150000035763 -0.54132652282714844 -1.1568604707717896 0.64573490619659424 -0.56370037794113159 -1.4026025533676147 0.53007733821868896 -0.71947181224822998 -1.3599175214767456 0.50452500581741333 -0.7348131537437439 -1.3177602291107178 0.32704979181289673 -0.88402009010314941 -1.2165099382400513 0.2888542115688324 -0.92578554153442383 -1.1405297517776489 0.17988519370555878 -0.84043455123901367 -1.1898798942565918 -0.0034108245745301247
1238.2150000035763 -0.52268695831298828 -0.75268906354904175 0.38476446270942688 -0.50860226154327393 -0.95662981271743774 0.30998960137367249 -0.65646004676818848 -0.94572681188583374 0.28347432613372803 -0.56692385673522949 -0.94392633438110352 0.14787875115871429 -0.70658427476882935 -0.89740341901779175 0.11554320901632309 -0.68309229612350464 -0.78953707218170166 0.029287738725543022 -0.58452922105789185 -0.74979996681213379 -0.10021422803401947
1312.6529000103474 -0.63618826866149902 -1.0142402648925781 0.68248927593231201 -0.65150320529937744 -1.2978980541229248 0.55269849300384521 -0.84146285057067871 -1.2304452657699585 0.52033811807632446 -0.73678648471832275 -1.2715989351272583 0.30607816576957703 -0.91511815786361694 -1.1587260961532593 0.26022717356681824 -0.90297603607177734 -1.0637229681015015 0.13484896719455719 -0.76455968618392944 -1.0331478118896484 -0.057595204561948776
1312.6529000103474 -0.69469881057739258 -1.0358772277832031 0.51618599891662598 -0.7356981635093689 -1.3559279441833496 0.39833807945251465 -0.95913517475128174 -1.3329346179962158 0.35483947396278381 -0.81442195177078247 -1.3497313261032104 0.17142823338508606 -1.0520775318145752 -1.2869830131530762 0.12376146018505096 -1.0567229986190796 -1.2325952053070068 0.050628066062927246 -0.90200686454772949 -1.194972038269043 -0.11960505694150925
1366.5991000086069 -0.65038526058197021 -0.97800570726394653 0.64313018321990967 -0.70963811874389648 -1.2532311677932739 0.51878386735916138 -0.91015529632568359 -1.2160013914108276 0.48087280988693237 -0.80996686220169067 -1.2352977991104126 0.2945692241191864 -1.0105928182601929 -1.1527466773986816 0.25342848896980286 -1.0199612379074097 -1.085985541343689 0.1681876927614212 -0.87953710556030273 -1.0657775402069092 -0.017769983038306236
1366.5991000086069 -0.65947824716567993 -1.0168089866638184 0.66499322652816772 -0.72074562311172485 -1.3013918399810791 0.53641927242279053 -0.92808002233505249 -1.2628961801528931 0.49721929430961609 -0.8244854211807251 -1.2828488349914551 0.30458167195320129 -1.0319324731826782 -1.1974910497665405 0.26204219460487366 -1.0416193008422852 -1.128460168838501 0.17390333116054535 -0.89642095565795898 -1.10756516456604 -0.018376646563410759
1434.5999999940395 -0.64302146434783936 -1.0276148319244385 0.65128546953201294 -0.74248075485229492 -1.3252037763595581 0.49767759442329407 -0.93297260999679565 -1.2590326070785522 0.45874708890914917 -0.81948524713516235 -1.314599871635437 0.27780631184577942 -1.0175484418869019 -1.2038987874984741 0.23076309263706207 -1.0056254863739014 -1.1578288078308105 0.14768077433109283 -0.8394126296043396 -1.156267523765564 -0.03459196537733078
1434.5999999940395 -0.65891599655151367 -1.0467212200164795 0.41225704550743103 -0.79879313707351685 -1.303596019744873 0.24459755420684814 -1.0196064710617065 -1.2740432024002075 0.19048300385475159 -0.83015882968902588 -1.315550684928894 0.057707984000444412 -1.0605065822601318 -1.2458093166351318 -0.0079481983557343483 -1.0119134187698364 -1.2069993019104004 -0.05881446972489357 -0.81920075416564941 -1.1874901056289673 -0.20029248297214508
1490.5926000028849 -0.61512547731399536 -1.0224765539169312 0.51925772428512573 -0.73746585845947266 -1.3067326545715332 0.35697224736213684 -0.93607962131500244 -1.2454955577850342 0.30440962314605713 -0.79754316806793213 -1.2971329689025879 0.1456497460603714 -1.0053211450576782 -1.1869091987609863 0.077106475830078125 -0.96991240978240967 -1.1487237215042114 0.020350372418761253 -0.77844411134719849 -1.1451325416564941 -0.12601354718208313
1490.5926000028849 -0.64350622892379761 -0.97970396280288696 0.5101083517074585 -0.76369059085845947 -1.2589507102966309 0.3506828248500824 -0.95880424976348877 -1.1987928152084351 0.29904651641845703 -0.82270926237106323 -1.2495203018188477 0.14308439195156097 -1.0268255472183228 -1.1412389278411865 0.075749032199382782 -0.99204087257385254 -1.1037263870239258 0.019993115216493607 -0.80394673347473145 -1.10019850730896 -0.12379147857427597
1547.2529000043869 -0.67167878150939941 -1.0242053270339966 0.55946600437164307 -0.76769667863845825 -1.2986767292022705 0.41935276985168457 -0.96992123126983643 -1.2424817085266113 0.36325901746749878 -0.85085862874984741 -1.2836383581161499 0.21963031589984894 -1.0719629526138306 -1.1798135042190552 0.15684525668621063 -1.0594019889831543 -1.1657320261001587 0.092147216200828552 -0.87250381708145142 -1.1784477233886719 -0.077292397618293762
1547.2529000043869 -0.6257438063621521 -1.0132731199264526 0.57936555147171021 -0.75850570201873779 -1.2747304439544678 0.42537233233451843 -0.94701468944549561 -1.2010674476623535 0.37973585724830627 -0.828116774559021 -1.2596454620361328 0.2155156135559082 -1.024221658706665 -1.1419854164123535 0.16084977984428406 -0.99533337354660034 -1.1146042346954346 0.087575078010559082 -0.81704312562942505 -1.1271766424179077 -0.08374401181936264
1616.7035000026226 -0.59943711757659912 -1.0277076959609985 0.57805794477462769 -0.73316675424575806 -1.2512013912200928 0.47468510270118713 -0.94006800651550293 -1.2094779014587402 0.42770904302597046 -0.80763602256774902 -1.2730684280395508 0.28978604078292847 -1.0213028192520142 -1.1891287565231323 0.23336772620677948 -1.0068116188049316 -1.1736537218093872 0.15624728798866272 -0.83766806125640869 -1.1713485717773438 0.014494238421320915
1619.0473999977112 -0.58895796537399292 -0.95905214548110962 0.54814994335174561 -0.72038257122039795 -1.1393051147460938 0.45061224699020386 -0.93717694282531738 -1.1118826866149902 0.40872886776924133 -0.79019522666931152 -1.155475378036499 0.26583793759346008 -1.0030562877655029 -1.0790681838989258 0.21034827828407288 -0.97662031650543213 -1.0486751794815063 0.13488110899925232 -0.80206453800201416 -1.0582250356674194 -0.0044061271473765373
1676.7574000060558 -0.61467981338500977 -1.0284183025360107 0.59232443571090698 -0.7566949725151062 -1.2231966257095337 0.48692691326141357 -0.99095934629440308 -1.1935642957687378 0.44166842103004456 -0.83213329315185547 -1.240669846534729 0.28726294636726379 -1.0621473789215088 -1.158105731010437 0.22730176150798798 -1.0335811376571655 -1.1252634525299072 0.14575323462486267 -0.8449590802192688 -1.1355828046798706 -0.0047581722028553486
1676.7574000060558 -0.6495431661605835 -1.0398443937301636 0.51457774639129639 -0.78764349222183228 -1.2543233633041382 0.38825714588165283 -1.0102225542068481 -1.1755549907684326 0.33589747548103333 -0.82966524362564087 -1.2701557874679565 0.19309550523757935 -1.050383448600769 -1.1338506937026978 0.12372185289859772 -1.0030527114868164 -1.1133050918579102 0.067539900541305542 -0.80827480554580688 -1.1529641151428223 -0.083356007933616638
1732.0285999923944 -0.6782417893409729 -1.0869085788726807 0.40282362699508667 -0.83581209182739258 -1.315516471862793 0.27465501427650452 -1.0544602870941162 -1.2423845529556274 0.22556515038013458 -0.86908668279647827 -1.3176935911178589 0.10887410491704941 -1.0913658142089844 -1.193556547164917 0.042852289974689484 -1.0351009368896484 -1.1554739475250244 -0.01137115340679884 -0.82480955123901367 -1.1679953336715698 -0.15860186517238617
1732.0285999923944 -0.65643644332885742 -1.0280412435531616 0.38889005780220032 -0.80855655670166016 -1.2487417459487915 0.265154629945755 -1.0196419954299927 -1.1781394481658936 0.21776273846626282 -0.84068024158477783 -1.2508435249328613 0.10510791093111038 -1.0552710294723511 -1.131000280380249 0.0413697250187397 -1.0009522438049316 -1.0942349433898926 -0.01097819022834301 -0.79793453216552734 -1.1063233613967896 -0.15311636030673981
1788.7680999934673 -0.6659894585609436 -1.022307276725769 0.5519331693649292 -0.7742772102355957 -1.2856682538986206 0.45004931092262268 -0.99214577674865723 -1.2378312349319458 0.4004797637462616 -0.83651536703109741 -1.2836072444915771 0.24125894904136658 -1.0521745681762695 -1.1818356513977051 0.17800892889499664 -1.0217347145080566 -1.1117315292358398 0.090926222503185272 -0.84073162078857422 -1.0897911787033081 -0.051274135708808899
1788.7680999934673 -0.68554645776748657 -1.0139632225036621 0.51887142658233643 -0.79922544956207275 -1.2386765480041504 0.39412972331047058 -1.0004509687423706 -1.1861237287521362 0.35694807767868042 -0.85450237989425659 -1.2199509143829346 0.1865549236536026 -1.0486104488372803 -1.1168807744979858 0.13418510556221008 -1.007210373878479 -1.0533461570739746 0.060021452605724335 -0.82078450918197632 -1.058537483215332 -0.091726675629615784
1845.1613000035286 -0.67549526691436768 -0.99207091331481934 0.5106276273727417 -0.78736817836761475 -1.2132141590118408 0.38786780834197998 -0.98539674282073975 -1.1614962816238403 0.35127687454223633 -0.84176689386367798 -1.1947860717773438 0.18359085917472839 -1.0327910184860229 -1.0933533906936646 0.13205306231975555 -0.99204874038696289 -1.0308282375335693 0.059067677706480026 -0.80858474969863892 -1.0359370708465576 -0.090269558131694794
1845.1613000035286 -0.64915895462036133 -1.0466543436050415 0.58100211620330811 -0.76901823282241821 -1.2285810708999634 0.46479791402816772 -0.94667589664459229 -1.1594324111938477 0.42653366923332214 -0.83836549520492554 -1.1874600648880005 0.25066393613815308 -0.99355131387710571 -1.0706901550292969 0.19765883684158325 -0.95707553625106812 -0.98103231191635132 0.10576846450567245 -0.78848010301589966 -0.9882044792175293 -0.047613136470317841
1915.8504000008106 -0.54562145471572876 -0.94812566041946411 0.58578771352767944 -0.66872650384902954 -1.1376079320907593 0.48662137985229492 -0.87228405475616455 -1.0977733135223389 0.44212281703948975 -0.75325745344161987 -1.1579302549362183 0.31113079190254211 -0.9620017409324646 -1.0764174461364746 0.26056897640228271 -0.96779841184616089 -1.0657817125320435 0.19362950325012207 -0.82655596733093262 -1.06355881690979 0.05822024866938591
1915.8504000008106 -0.58029055595397949 -0.91959750652313232 0.59004050493240356 -0.69525259733200073 -1.1258467435836792 0.48940294981002808 -0.91920018196105957 -1.0953607559204102 0.44480064511299133 -0.7918742299079895 -1.1224695444107056 0.30874255299568176 -1.0132555961608887 -1.0514208078384399 0.26500967144966125 -1.010493278503418 -1.0243854522705078 0.18350179493427277 -0.85871428251266479 -1.0209798812866211 0.019553830847144127
1947.4918999969959 -0.61256694793701172 -0.99769651889801025 0.59127938747406006 -0.74432373046875 -1.2262511253356934 0.49034208059310913 -0.98122918605804443 -1.1868561506271362 0.44303011894226074 -0.82257258892059326 -1.237768292427063 0.30999353528022766 -1.0505651235580444 -1.1565526723861694 0.25949060916900635 -1.0348384380340576 -1.1153733730316162 0.16967053711414337 -0.86980175971984863 -1.0955852270126343 -0.0023845930118113756
