8.5403999835252762 -0.18318307399749756 -0.98092037439346313 0.0073587591759860516 0.29371774196624756 -1.9907848834991455 -0.5001111626625061 0.26208594441413879 -2.2934665679931641 -0.52718204259872437 -0.45318540930747986 -2.0266766548156738 -0.59268647432327271 -0.61805588006973267 -2.3323483467102051 -0.61134105920791626 -0.53021162748336792 -0.95573180913925171 -0.10272880643606186 -0.7341315746307373 -0.67951321601867676 -0.16262298822402954
8.5403999835252762 -0.16940747201442719 -1.0293536186218262 0.080605372786521912 0.29922616481781006 -2.0002613067626953 -0.44243121147155762 0.27633464336395264 -2.3123383522033691 -0.46514943242073059 -0.47416356205940247 -2.0348954200744629 -0.56289571523666382 -0.64910495281219482 -2.3491826057434082 -0.57069528102874756 -0.53907907009124756 -0.95781093835830688 -0.032624557614326477 -0.7410469651222229 -0.67824888229370117 -0.11898791790008545
84.999699994921684 -0.17433099448680878 -1.0545705556869507 0.081350222229957581 0.29864984750747681 -2.0344846248626709 -0.44653823971748352 0.27554598450660706 -2.3494565486907959 -0.46946719288825989 -0.48191410303115845 -2.0694398880004883 -0.56812018156051636 -0.65847831964492798 -2.3866424560546875 -0.57599210739135742 -0.54743176698684692 -0.98236411809921265 -0.032930072396993637 -0.75127327442169189 -0.70020878314971924 -0.12009456753730774
84.999699994921684 -0.20603333413600922 -1.0016367435455322 0.040766742080450058 0.31551113724708557 -2.0110032558441162 -0.423513263463974 0.28973245620727539 -2.3153746128082275 -0.43520602583885193 -0.45224595069885254 -2.0493953227996826 -0.52662688493728638 -0.61784327030181885 -2.3523666858673096 -0.51826834678649902 -0.55519580841064453 -0.96771711111068726 -0.054051738232374191 -0.75864970684051514 -0.67572152614593506 -0.14282894134521484
149.99279999732971 -0.22197543084621429 -0.99949967861175537 0.040247209370136261 0.29294082522392273 -1.9960383176803589 -0.41813233494758606 0.26748979091644287 -2.296541690826416 -0.42967650294303894 -0.46505895256996155 -2.033942699432373 -0.5199354887008667 -0.62855172157287598 -2.3330636024475098 -0.51168316602706909 -0.56670045852661133 -0.96601128578186035 -0.053366240113973618 -0.76756870746612549 -0.6777266263961792 -0.1410151869058609
149.99279999732971 -0.23932886123657227 -1.0414696931838989 -0.025873405858874321 0.27677816152572632 -1.9792160987854004 -0.52432024478912354 0.25366568565368652 -2.2810804843902588 -0.55395269393920898 -0.46362358331680298 -2.0114274024963379 -0.62804585695266724 -0.62004595994949341 -2.3071327209472656 -0.63929575681686401 -0.55363279581069946 -0.95768487453460693 -0.12057290226221085 -0.74630081653594971 -0.68510133028030396 -0.17976097762584686
206.03139999508858 -0.2460300475358963 -0.96564656496047974 0.0086914729326963425 0.28666001558303833 -1.9860719442367554 -0.43760502338409424 0.27019745111465454 -2.2826857566833496 -0.45925271511077881 -0.43020477890968323 -2.0412554740905762 -0.5303804874420166 -0.58488476276397705 -2.3399026393890381 -0.53704863786697388 -0.5570991039276123 -0.94709938764572144 -0.084711305797100067 -0.73742687702178955 -0.66176652908325195 -0.14910642802715302
206.03139999508858 -0.25120946764945984 -1.0348070859909058 0.034102760255336761 0.29144003987312317 -2.0079033374786377 -0.39642104506492615 0.26923179626464844 -2.3142967224121094 -0.41163408756256104 -0.43601968884468079 -2.0437698364257813 -0.51745843887329102 -0.59033536911010742 -2.3513674736022949 -0.51347154378890991 -0.56167125701904297 -0.93333554267883301 -0.054610684514045715 -0.76555192470550537 -0.65891396999359131 -0.13304248452186584
270.50969998538494 -0.25739771127700806 -1.0084981918334961 0.033464986830949783 0.2750096321105957 -1.9632279872894287 -0.38893294334411621 0.25322052836418152 -2.2638382911682129 -0.40385887026786804 -0.43871971964836121 -1.9984173774719238 -0.50768584012985229 -0.59012281894683838 -2.3002092838287354 -0.50377416610717773 -0.56199973821640015 -0.90894192457199097 -0.053574047982692719 -0.76203227043151855 -0.63969993591308594 -0.13052549958229065
270.50969998538494 -0.19659745693206787 -1.1202034950256348 0.061336874961853027 0.26228997111320496 -2.013092041015625 -0.48914185166358948 0.21297430992126465 -2.301910400390625 -0.50716722011566162 -0.42173168063163757 -1.9897294044494629 -0.63797885179519653 -0.59870517253875732 -2.2574737071990967 -0.61918449401855469 -0.63274097442626953 -0.96918034553527832 -0.088468432426452637 -0.78787064552307129 -0.68186312913894653 -0.16038922965526581
326.26889999210835 -0.22096511721611023 -1.106122612953186 0.078860744833946228 0.21862554550170898 -1.999201774597168 -0.41564702987670898 0.17976951599121094 -2.2706952095031738 -0.4268723726272583 -0.47206407785415649 -1.9911528825759888 -0.60000252723693848 -0.64794671535491943 -2.2311651706695557 -0.57583713531494141 -0.67175924777984619 -1.0512814521789551 -0.095007188618183136 -0.81436806917190552 -0.69087547063827515 -0.12885871529579163
326.26889999210835 -0.26687374711036682 -1.1352521181106567 0.14627547562122345 0.2075006514787674 -2.0078401565551758 -0.33908107876777649 0.18693338334560394 -2.2825276851654053 -0.35857409238815308 -0.45592275261878967 -2.0043971538543701 -0.58414101600646973 -0.63383114337921143 -2.2573010921478271 -0.57595938444137573 -0.76396209001541138 -1.1231867074966431 -0.092451341450214386 -0.86998939514160156 -0.69617623090744019 -0.10887956619262695
389.16659998893738 -0.28192391991615295 -1.1235842704772949 0.14219409227371216 0.17921985685825348 -1.9718350172042847 -0.32962557673454285 0.15922622382640839 -2.2388615608215332 -0.3485749363899231 -0.46570023894309998 -1.968488335609436 -0.56785058975219727 -0.63864672183990479 -2.2143385410308838 -0.55989718437194824 -0.76514816284179688 -1.1118552684783936 -0.089874483644962311 -0.86821830272674561 -0.69675439596176147 -0.10584451258182526
389.16659998893738 -0.28531238436698914 -1.082655668258667 0.07641533762216568 0.17287459969520569 -1.9270138740539551 -0.39840912818908691 0.14229370653629303 -2.1858794689178467 -0.41275960206985474 -0.4707379937171936 -1.9365601539611816 -0.57705444097518921 -0.63342708349227905 -2.1764705181121826 -0.55647808313369751 -0.71507793664932251 -1.0522222518920898 -0.094499170780181885 -0.84561657905578613 -0.69443655014038086 -0.12006229162216187
451.15289999544621 -0.22540725767612457 -1.1233677864074707 0.16893012821674347 0.21409107744693756 -1.9604572057723999 -0.34717896580696106 0.18093033134937286 -2.2162787914276123 -0.35437378287315369 -0.41752403974533081 -1.9643987417221069 -0.55609530210494995 -0.56906276941299438 -2.1956222057342529 -0.52471846342086792 -0.72349071502685547 -1.0250130891799927 -0.066886134445667267 -0.83919167518615723 -0.64911752939224243 -0.10841888189315796
451.15289999544621 -0.28020429611206055 -1.0782123804092407 0.082637608051300049 0.21811901032924652 -1.9700928926467896 -0.43215972185134888 0.19639039039611816 -2.2545397281646729 -0.45805659890174866 -0.46511372923851013 -1.9803727865219116 -0.60727560520172119 -0.62704485654830933 -2.2422447204589844 -0.60028153657913208 -0.69576263427734375 -1.0208495855331421 -0.066408105194568634 -0.84334653615951538 -0.7107623815536499 -0.11709409952163696
514.20669999718666 -0.25401648879051208 -1.0362776517868042 0.081799499690532684 0.23926989734172821 -1.9191431999206543 -0.42779439687728882 0.21776090562343597 -2.2007148265838623 -0.45342954993247986 -0.43705689907073975 -1.9293191432952881 -0.60114026069641113 -0.59735125303268433 -2.1885440349578857 -0.59421688318252563 -0.6653745174407959 -0.97949451208114624 -0.065739706158638 -0.81146669387817383 -0.67254155874252319 -0.11591336876153946
514.20669999718666 -0.2955670952796936 -1.0317339897155762 0.053329702466726303 0.22629944980144501 -1.9287464618682861 -0.41945448517799377 0.19915607571601868 -2.2147586345672607 -0.43623244762420654 -0.44402152299880981 -1.9763369560241699 -0.5714074969291687 -0.58961069583892822 -2.2585382461547852 -0.56023633480072021 -0.63352203369140625 -0.93598949909210205 -0.092974409461021423 -0.82325512170791626 -0.65188515186309814 -0.17333821952342987
574.6393000036478 -0.28393650054931641 -0.9223969578742981 -0.020024493336677551 0.30111944675445557 -1.914555549621582 -0.43629094958305359 0.27887764573097229 -2.2135777473449707 -0.45715853571891785 -0.40986078977584839 -2.0048274993896484 -0.54785007238388062 -0.53661274909973145 -2.3111889362335205 -0.55280709266662598 -0.59067672491073608 -0.96505141258239746 -0.1527189314365387 -0.77687489986419678 -0.62343794107437134 -0.21284161508083344
574.6393000036478 -0.24016858637332916 -1.0095096826553345 -0.032282441854476929 0.29781150817871094 -1.9346977472305298 -0.53973716497421265 0.27979150414466858 -2.2428960800170898 -0.56712985038757324 -0.44297251105308533 -1.9923878908157349 -0.66503685712814331 -0.58232033252716064 -2.306556224822998 -0.68194079399108887 -0.55834603309631348 -0.91501915454864502 -0.20855124294757843 -0.76139426231384277 -0.62800902128219604 -0.27945899963378906
637.80689997971058 -0.19554579257965088 -1.0172258615493774 -0.032889798283576965 0.35261720418930054 -1.9599260091781616 -0.54994964599609375 0.33425614237785339 -2.2739579677581787 -0.57786083221435547 -0.40218842029571533 -2.0187079906463623 -0.67762100696563721 -0.54417383670806885 -2.3388228416442871 -0.69484490156173706 -0.51974570751190186 -0.92094683647155762 -0.21249504387378693 -0.72663724422454834 -0.62850415706634521 -0.28474494814872742
637.80689997971058 -0.1878233402967453 -1.0081635713577271 0.010964834131300449 0.33948209881782532 -1.9590715169906616 -0.48534911870956421 0.32225343585014343 -2.2782406806945801 -0.5184285044670105 -0.40131351351737976 -2.0458858013153076 -0.60659980773925781 -0.54304343461990356 -2.3780453205108643 -0.63565361499786377 -0.54612332582473755 -0.97328639030456543 -0.19163930416107178 -0.74850034713745117 -0.65386384725570679 -0.24615134298801422
698.91749998927116 -0.16948328912258148 -1.0134385824203491 -0.025853909552097321 0.34372597932815552 -2.0334396362304688 -0.55038905143737793 0.3189471960067749 -2.3748393058776855 -0.58906435966491699 -0.35021400451660156 -2.158858060836792 -0.69063931703567505 -0.48678150773048401 -2.5212328433990479 -0.7247694730758667 -0.54511821269989014 -0.99826103448867798 -0.2475145161151886 -0.74409425258636475 -0.66301852464675903 -0.3131600022315979
698.91749998927116 -0.18150372803211212 -1.0259029865264893 0.1215432733297348 0.32610210776329041 -1.9714838266372681 -0.42703345417976379 0.31303083896636963 -2.2772915363311768 -0.4488842785358429 -0.32476431131362915 -2.0748789310455322 -0.57305294275283813 -0.4406076967716217 -2.3859891891479492 -0.57583558559417725 -0.60040491819381714 -1.136731743812561 -0.13816742599010468 -0.68679696321487427 -0.7002531886100769 -0.16505689918994904
759.19410000741482 -0.19105063378810883 -1.0714576244354248 0.124001145362854 0.32680448889732361 -2.0361311435699463 -0.43565216660499573 0.3134692907333374 -2.3481135368347168 -0.45794418454170227 -0.33720386028289795 -2.1416137218475342 -0.58461999893188477 -0.45538631081581116 -2.4590060710906982 -0.58745884895324707 -0.61841005086898804 -1.1845241785049438 -0.14095349609851837 -0.70654654502868652 -0.73923242092132568 -0.16838590800762177
759.19410000741482 -0.2835947573184967 -0.9800904393196106 0.09230407327413559 0.33100882172584534 -1.9869606494903564 -0.41524773836135864 0.325644850730896 -2.287186861038208 -0.42648911476135254 -0.3166276216506958 -2.1013636589050293 -0.54786664247512817 -0.42134371399879456 -2.4156076908111572 -0.54421675205230713 -0.62269532680511475 -1.1847469806671143 -0.18729306757450104 -0.70281487703323364 -0.68713867664337158 -0.21621833741664886
821.69460000097752 -0.27227884531021118 -1.0502065420150757 0.052181880921125412 0.33207845687866211 -2.0454733371734619 -0.48955053091049194 0.31623777747154236 -2.3650484085083008 -0.51161319017410278 -0.33387836813926697 -2.1088588237762451 -0.66051322221755981 -0.44733640551567078 -2.44850754737854 -0.67727833986282349 -0.61341017484664917 -1.1916358470916748 -0.23377774655818939 -0.66648185253143311 -0.67374527454376221 -0.24814429879188538
821.69460000097752 -0.23332974314689636 -1.0035761594772339 0.083866685628890991 0.36696797609329224 -2.0004160404205322 -0.45028740167617798 0.37332674860954285 -2.3233823776245117 -0.47700443863868713 -0.32884135842323303 -2.0570998191833496 -0.61996197700500488 -0.43327009677886963 -2.3941576480865479 -0.64536547660827637 -0.62604397535324097 -1.2407077550888062 -0.2397424578666687 -0.6728661060333252 -0.69346809387207031 -0.23844799399375916
885.89790000021458 -0.18970489501953125 -0.9512479305267334 0.083731576800346375 0.40959137678146362 -1.9464247226715088 -0.44953140616416931 0.41593959927558899 -2.2688524723052979 -0.47620391845703125 -0.2850571870803833 -2.003014087677002 -0.61892294883728027 -0.38931167125701904 -2.3395094871520996 -0.64428406953811646 -0.58176398277282715 -1.1879838705062866 -0.23933771252632141 -0.62850803136825562 -0.64165717363357544 -0.23804540932178497
885.89790000021458 -0.24504302442073822 -1.0967389345169067 0.069932907819747925 0.36394780874252319 -1.9767842292785645 -0.53699260950088501 0.36632579565048218 -2.2945618629455566 -0.56700199842453003 -0.35918575525283813 -2.0284922122955322 -0.66576123237609863 -0.43728139996528625 -2.382392406463623 -0.71684467792510986 -0.47436454892158508 -1.0831625461578369 -0.27219080924987793 -0.66030573844909668 -0.67420661449432373 -0.28586670756340027
943.978900000453 -0.23824271559715271 -0.99993830919265747 0.19828449189662933 0.43716070055961609 -1.9324209690093994 -0.3145650327205658 0.45462623238563538 -2.254103422164917 -0.32815074920654297 -0.24506120383739471 -2.0022797584533691 -0.48015788197517395 -0.32908841967582703 -2.3540956974029541 -0.51770728826522827 -0.56072384119033813 -1.3831086158752441 -0.2998085618019104 -0.60885912179946899 -0.51826989650726318 -0.18315018713474274
943.978900000453 -0.25404897332191467 -1.0208078622817993 0.10241885483264923 0.52605229616165161 -2.1371493339538574 -0.50817126035690308 0.56051307916641235 -2.5006961822509766 -0.53970205783843994 -0.28752118349075317 -2.2180333137512207 -0.65594512224197388 -0.37576895952224731 -2.6240684986114502 -0.71262872219085693 -0.55871033668518066 -1.2767162322998047 -0.26385301351547241 -0.63378167152404785 -0.64338034391403198 -0.21513386070728302
1005.7696999907494 -0.21231061220169067 -0.97319203615188599 0.098605841398239136 0.5387730598449707 -2.0480086803436279 -0.48927199840545654 0.57195198535919189 -2.3980326652526855 -0.51962995529174805 -0.24453774094581604 -2.1258838176727295 -0.63154911994934082 -0.32950296998023987 -2.5168159008026123 -0.68612420558929443 -0.50563943386077881 -1.2195812463760376 -0.25404173135757446 -0.57791829109191895 -0.60980379581451416 -0.20713479816913605
1005.7696999907494 -0.12527690827846527 -1.0646355152130127 0.13373750448226929 0.49184340238571167 -2.0462775230407715 -0.46597480773925781 0.50267273187637329 -2.3760683536529541 -0.48781558871269226 -0.28740403056144714 -2.0835943222045898 -0.57161247730255127 -0.3566795289516449 -2.4596600532531738 -0.62370532751083374 -0.48166254162788391 -1.1317064762115479 -0.24856607615947723 -0.56269365549087524 -0.59572803974151611 -0.23002809286117554
1064.7474000006914 -0.12428972125053406 -1.0577443838119507 0.068053461611270905 0.46663996577262878 -2.0367887020111084 -0.58316844701766968 0.49715334177017212 -2.4044404029846191 -0.63605707883834839 -0.25580126047134399 -2.0241572856903076 -0.69955623149871826 -0.32465174794197083 -2.4266433715820313 -0.77474027872085571 -0.47635802626609802 -1.0724573135375977 -0.23336490988731384 -0.57266378402709961 -0.62564706802368164 -0.23020657896995544
1064.7474000006914 -0.070863805711269379 -1.1848936080932617 0.083624102175235748 0.41822606325149536 -2.0835764408111572 -0.71778172254562378 0.40116739273071289 -2.4427783489227295 -0.77241712808609009 -0.24078162014484406 -1.9968794584274292 -0.80883854627609253 -0.30857768654823303 -2.3637800216674805 -0.84721779823303223 -0.61076164245605469 -1.3264600038528442 -0.34495341777801514 -0.56164747476577759 -0.68331378698348999 -0.27286124229431152
1145.2269999831915 -0.0020169008057564497 -0.94545555114746094 0.38695681095123291 0.41628783941268921 -1.9063632488250732 -0.51466715335845947 0.37699922919273376 -2.2225687503814697 -0.54544359445571899 -0.29744881391525269 -1.9836339950561523 -0.71818089485168457 -0.41557392477989197 -2.3340744972229004 -0.76963013410568237 -0.45919153094291687 -0.79354023933410645 -0.21115913987159729 -0.7099449634552002 -0.48293182253837585 -0.31633937358856201
1145.2269999831915 -0.21882534027099609 -1.1201562881469727 0.16352677345275879 0.24276697635650635 -1.9747465848922729 -0.79258424043655396 0.18591329455375671 -2.3093056678771973 -0.86296933889389038 -0.50029671192169189 -1.9891804456710815 -0.8827742338180542 -0.59415829181671143 -2.3331782817840576 -0.93373960256576538 -0.56134986877441406 -0.87970095872879028 -0.25717881321907043 -0.81896495819091797 -0.58118718862533569 -0.30257841944694519
1204.6980999857187 -0.11152777820825577 -0.99769103527069092 0.14832606911659241 0.30714160203933716 -1.7728139162063599 -0.71887725591659546 0.25557467341423035 -2.0762629508972168 -0.78271734714508057 -0.36682543158531189 -1.7859058380126953 -0.80068063735961914 -0.45195895433425903 -2.0979154109954834 -0.84690678119659424 -0.42220130562782288 -0.77959549427032471 -0.23325859010219574 -0.65586113929748535 -0.50884002447128296 -0.27443653345108032
1204.6980999857187 -0.093335241079330444 -1.1650516986846924 0.077873438596725464 0.24514186382293701 -1.77515709400177 -0.78961455821990967 0.1819927841424942 -2.0939292907714844 -0.86622893810272217 -0.41603362560272217 -1.7301690578460693 -0.82374840974807739 -0.54184967279434204 -2.0388758182525635 -0.86724197864532471 -0.43976801633834839 -0.75184732675552368 -0.19801598787307739 -0.62246930599212646 -0.51204442977905273 -0.23807856440544128
1263.9052000045776 -0.077641218900680542 -1.0374048948287964 0.10039908438920975 0.3180769681930542 -1.7630285024642944 -0.83153694868087769 0.28137105703353882 -2.0892529487609863 -0.93662571907043457 -0.375104159116745 -1.7535316944122314 -0.89843517541885376 -0.48033258318901062 -2.1034524440765381 -0.97041189670562744 -0.48377612233161926 -0.85032600164413452 -0.33382686972618103 -0.64725357294082642 -0.48959386348724365 -0.30495518445968628
1263.9052000045776 -0.018771369010210037 -1.0235234498977661 0.099127627909183502 0.3719559907913208 -1.7399955987930298 -0.82105475664138794 0.33571299910545349 -2.062105655670166 -0.92481815814971924 -0.31248268485069275 -1.7306184768676758 -0.88710927963256836 -0.41638395190238953 -2.0761260986328125 -0.95817822217941284 -0.41978403925895691 -0.83880406618118286 -0.329621821641922 -0.58119970560073853 -0.48262161016464233 -0.30111426115036011
1322.0819000005722 -0.10341322422027588 -0.9149901270866394 -0.08514799177646637 0.31353744864463806 -1.7344975471496582 -0.82453048229217529 0.30835926532745361 -2.0078508853912354 -0.9147956371307373 -0.38616412878036499 -1.6379221677780151 -0.90166085958480835 -0.48289400339126587 -1.9294158220291138 -0.95711880922317505 -0.48497435450553894 -0.87724500894546509 -0.30729478597640991 -0.52835679054260254 -0.43169870972633362 -0.23230172693729401
1322.0819000005722 -0.0091677522286772728 -0.77306413650512695 -0.13428163528442383 0.37582582235336304 -1.5398471355438232 -0.88212049007415771 0.36935988068580627 -1.8025484085083008 -0.98671472072601318 -0.28059676289558411 -1.4784309864044189 -0.97821062803268433 -0.35439735651016235 -1.7619311809539795 -1.050623893737793 -0.37554559111595154 -0.69432729482650757 -0.3784465491771698 -0.46834027767181396 -0.30505737662315369 -0.32267287373542786
1401.9267999976873 0.17485885322093964 -0.92787855863571167 -0.16481903195381165 0.3650745153427124 -1.4999512434005737 -1.0282062292098999 0.34621551632881165 -1.7771037817001343 -1.1320915222167969 -0.23331519961357117 -1.4497377872467041 -1.1087753772735596 -0.30462023615837097 -1.7254704236984253 -1.205599308013916 -0.35955145955085754 -0.71988862752914429 -0.58994835615158081 -0.52652895450592041 -0.406293123960495 -0.55544865131378174
1401.9267999976873 0.045276544988155365 -0.56007373332977295 -0.6094481348991394 0.28010284900665283 -1.2578182220458984 -1.119080662727356 0.24375806748867035 -1.5265994071960449 -1.199215292930603 -0.36517003178596497 -1.2320475578308105 -1.1338889598846436 -0.4667188823223114 -1.5039887428283691 -1.2167251110076904 -0.2769635021686554 -0.33445465564727783 -0.58878237009048462 -0.51376831531524658 -0.3197079598903656 -0.59953707456588745
1461.4087999910116 -0.0079054143279790878 -0.62355399131774902 -0.61353695392608643 0.33155363798141479 -1.4014140367507935 -1.213137149810791 0.3347400426864624 -1.6578797101974487 -1.3222247362136841 -0.38809356093406677 -1.3308027982711792 -1.3136329650878906 -0.50882357358932495 -1.5967093706130981 -1.4522621631622314 -0.33434084057807922 -0.42016756534576416 -0.56756561994552612 -0.55479592084884644 -0.37101569771766663 -0.5700259804725647
1461.4087999910116 0.039940562099218369 -0.62928640842437744 -0.6035342812538147 0.37386283278465271 -1.3944590091705322 -1.193354606628418 0.37699726223945618 -1.6467417478561401 -1.3006627559661865 -0.33404648303985596 -1.3249995708465576 -1.2922111749649048 -0.45280730724334717 -1.5865689516067505 -1.4285793304443359 -0.28117048740386963 -0.42921730875968933 -0.55831271409988403 -0.49802979826927185 -0.38086715340614319 -0.56073296070098877
1534.0170999914408 0.058168668299913406 -0.71601468324661255 -0.59663361310958862 0.29837033152580261 -1.3365812301635742 -1.3221586942672729 0.29806059598922729 -1.5775461196899414 -1.4567488431930542 -0.28650552034378052 -1.2633650302886963 -1.4665435552597046 -0.39138615131378174 -1.5071033239364624 -1.6076691150665283 -0.33719506859779358 -0.5685315728187561 -0.61510217189788818 -0.47468835115432739 -0.39424166083335876 -0.54898154735565186
1534.0170999914408 0.0052492502145469189 -0.78312921524047852 -0.80117887258529663 0.26813381910324097 -1.1216338872909546 -1.5748107433319092 0.23515553772449493 -1.3552291393280029 -1.7001883983612061 -0.38586622476577759 -1.0572487115859985 -1.471875786781311 -0.53553998470306396 -1.2712694406509399 -1.5824127197265625 -0.27140331268310547 -0.44319990277290344 -0.53360766172409058 -0.34821465611457825 -0.3285793662071228 -0.52602308988571167
1598.4488999843597 -0.050181291997432709 -0.75879675149917603 -0.67770713567733765 0.18567201495170593 -1.1072491407394409 -1.2903499603271484 0.1597631424665451 -1.3007272481918335 -1.3912084102630615 -0.4158308207988739 -1.0553770065307617 -1.3311125040054321 -0.52110373973846436 -1.2427947521209717 -1.5258705615997314 -0.26001599431037903 -0.43797826766967773 -0.67845243215560913 -0.37700122594833374 -0.29292908310890198 -0.56829571723937988
1598.4488999843597 -0.044322893023490906 -0.68266981840133667 -0.90535199642181396 0.23542369902133942 -1.1200730800628662 -1.6851147413253784 0.22668240964412689 -1.3473784923553467 -1.8153324127197266 -0.41808673739433289 -1.0802620649337769 -1.6909723281860352 -0.53308159112930298 -1.2999812364578247 -1.8377269506454468 -0.29439499974250793 -0.43487748503684998 -0.82525551319122314 -0.4538348913192749 -0.31419333815574646 -0.77793562412261963
1656.6171000003815 -0.019493730738759041 -0.62070184946060181 -0.79073697328567505 0.22483856976032257 -1.0027323961257935 -1.4717862606048584 0.21720387041568756 -1.2012622356414795 -1.5855190753936768 -0.34594127535820007 -0.96796119213104248 -1.4769022464752197 -0.4463784396648407 -1.159865140914917 -1.6050785779953003 -0.23790815472602844 -0.40427857637405396 -0.72078025341033936 -0.37716388702392578 -0.29887238144874573 -0.67945075035095215
1779.881899997592 -0.25075861811637878 -0.33178526163101196 0.42635908722877502 0.11035788804292679 -0.89283788204193115 -0.13114988803863525 0.1163724884390831 -1.0686219930648804 -0.14266741275787354 -0.40882870554924011 -0.90201342105865479 -0.33436030149459839 -0.48227745294570923 -1.0760442018508911 -0.32883235812187195 -0.48822319507598877 -0.16724155843257904 0.19105280935764313 -0.60188192129135132 0.063601411879062653 0.10401147603988647
1779.881899997592 -0.45142695307731628 -1.335820198059082 0.91052854061126709 0.22440116107463837 -2.286393404006958 0.22809919714927673 0.25341451168060303 -2.5523278713226318 0.20908068120479584 -0.53018438816070557 -2.454620361328125 0.0081473598256707191 -0.65123122930526733 -2.7502524852752686 0.037653565406799316 -0.73568832874298096 -1.3305423259735107 0.53847551345825195 -0.9221879243850708 -1.0120108127593994 0.39688938856124878
1840.0937000066042 -0.24972787499427795 -1.1942352056503296 0.61316120624542236 0.25150889158248901 -1.8619985580444336 0.020451666787266731 0.24651804566383362 -2.0857141017913818 -0.0022899201139807701 -0.35527142882347107 -1.9528729915618896 -0.14862485229969025 -0.48075851798057556 -2.1753389835357666 -0.13506326079368591 -0.51461368799209595 -1.0866085290908813 0.28136944770812988 -0.64807391166687012 -0.822806715965271 0.18402011692523956
1840.0937000066042 -0.21774771809577942 -1.2463318109512329 0.67942506074905396 0.30271473526954651 -1.9684616327285767 0.053779348731040955 0.3119976818561554 -2.183809757232666 0.039417270570993423 -0.34817561507225037 -2.0759000778198242 -0.09181608259677887 -0.45376881957054138 -2.3048505783081055 -0.06230439618229866 -0.45671623945236206 -1.1796236038208008 0.37502920627593994 -0.60699784755706787 -0.91512578725814819 0.27067610621452332
1904.67729999125 -0.17147809267044067 -1.1355746984481812 0.63893014192581177 0.31796276569366455 -1.8146626949310303 0.050575349479913712 0.32669240236282349 -2.0171751976013184 0.037069305777549744 -0.29413196444511414 -1.915697455406189 -0.086342021822929382 -0.39343142509460449 -2.1310017108917236 -0.058589354157447815 -0.39620319008827209 -1.0728424787521362 0.35267743468284607 -0.53752738237380981 -0.82410985231399536 0.25454422831535339
1904.67729999125 -0.23237532377243042 -1.2038775682449341 0.45951119065284729 0.26614019274711609 -1.8467179536819458 -0.27746245265007019 0.2524229884147644 -2.0769705772399902 -0.33766737580299377 -0.32423630356788635 -1.9193673133850098 -0.42834979295730591 -0.43974229693412781 -2.1527767181396484 -0.45220652222633362 -0.47791561484336853 -1.0623735189437866 0.086754888296127319 -0.60273993015289307 -0.81910419464111328 0.018980644643306732
1963.1723999977112 -0.27579167485237122 -1.1522775888442993 0.61661487817764282 0.27535045146942139 -1.9113832712173462 -0.0020881174132227898 0.27996921539306641 -2.1374144554138184 -0.041236735880374908 -0.31734821200370789 -2.0037438869476318 -0.18846383690834045 -0.43547773361206055 -2.2423193454742432 -0.1816430389881134 -0.47616028785705566 -1.110538125038147 0.32017537951469421 -0.61341041326522827 -0.79835039377212524 0.2263985276222229
1963.1723999977112 -0.29569095373153687 -1.1907500028610229 0.60921025276184082 0.24041397869586945 -1.9834225177764893 -0.052739515900611877 0.24784143269062042 -2.2117886543273926 -0.094993971288204193 -0.35836702585220337 -2.0791754722595215 -0.21553143858909607 -0.45408660173416138 -2.3194127082824707 -0.2233661413192749 -0.50233101844787598 -1.1300824880599976 0.22782117128372192 -0.64463233947753906 -0.83145654201507568 0.13217006623744965
