18.282700009644032 -0.86682873964309692 -0.60646867752075195 1.233249306678772 -0.7240302562713623 -1.103879451751709 1.8357787132263184 -0.80288171768188477 -1.0968315601348877 2.0790166854858398 -0.77350622415542603 -0.96594440937042236 1.4161785840988159 -0.85748922824859619 -0.96361726522445679 1.5346471071243286 -0.73048216104507446 -0.38241174817085266 0.96742087602615356 -0.68416118621826172 -0.20413295924663544 0.86605477333068848
145.50019999593496 -0.52962446212768555 -0.84909802675247192 1.9349534511566162 -0.65944916009902954 -1.4678934812545776 1.7979953289031982 -0.77495110034942627 -1.5252118110656738 2.1540360450744629 -0.94331943988800049 -1.248907208442688 1.6067351102828979 -0.99986249208450317 -1.2818790674209595 1.9696247577667236 -1.0665202140808105 -0.51654261350631714 1.5312879085540771 -1.081591010093689 -0.11114049702882767 1.318285346031189
269.23370000720024 -0.71348333358764648 -0.45183083415031433 2.1936347484588623 -0.44357502460479736 -1.7310851812362671 1.2259187698364258 -0.47601872682571411 -1.9187150001525879 1.4580740928649902 -1.2160420417785645 -1.6707494258880615 0.91129463911056519 -1.2628098726272583 -1.8174667358398438 1.1357210874557495 -1.3771495819091797 -0.093669891357421875 1.5293759107589722 -1.5691312551498413 0.34428107738494873 1.2898367643356323
350.46030000597239 -0.31009891629219055 -1.2839621305465698 1.7155611515045166 0.010033057071268559 -2.5968892574310303 0.78163588047027588 -0.021526316180825233 -2.8896505832672119 0.92177647352218628 -0.92181694507598877 -2.72048020362854 0.66192024946212769 -1.0860434770584106 -3.1032514572143555 0.84760433435440063 -0.9361262321472168 -1.1362653970718384 1.0539505481719971 -1.1694296598434448 -0.69076627492904663 0.69639408588409424
350.46030000597239 -0.019583255052566528 -1.2560440301895142 0.92967867851257324 0.38421353697776794 -2.3827159404754639 -0.17413632571697235 0.39761203527450562 -2.6756525039672852 -0.14250896871089935 -0.51491343975067139 -2.5036702156066895 -0.33427578210830688 -0.65199536085128784 -2.8328232765197754 -0.29761835932731628 -0.54914379119873047 -1.1351233720779419 0.27488550543785095 -0.74798029661178589 -0.81236898899078369 0.028672631829977036
417.14200000464916 -0.065255172550678253 -1.1032657623291016 0.72288370132446289 0.36612579226493835 -2.0887105464935303 -0.11158633232116699 0.38729086518287659 -2.3344194889068604 -0.077734619379043579 -0.39066269993782043 -2.2325379848480225 -0.14405655860900879 -0.49700257182121277 -2.5392129421234131 -0.10001158714294434 -0.4349580705165863 -1.0090800523757935 0.25175243616104126 -0.62163704633712769 -0.77035528421401978 0.040340498089790344
417.14200000464916 -0.0029229831416159868 -0.99197161197662354 0.33760997653007507 0.45156475901603699 -2.100862979888916 -0.45415490865707397 0.46213766932487488 -2.3522634506225586 -0.43448469042778015 -0.33188563585281372 -2.227799654006958 -0.52243238687515259 -0.43316647410392761 -2.5114598274230957 -0.52675133943557739 -0.37968215346336365 -0.96121460199356079 -0.18296678364276886 -0.56243175268173218 -0.66492998600006104 -0.3289971649646759
475.70380000025034 0.005205059889703989 -1.1788454055786133 0.82361423969268799 0.41036725044250488 -2.0810887813568115 0.052223678678274155 0.43323200941085815 -2.3092074394226074 0.10878513008356094 -0.3173753023147583 -2.2090544700622559 0.04899972677230835 -0.42724132537841797 -2.4965925216674805 0.14374467730522156 -0.365460604429245 -1.0421456098556519 0.48999541997909546 -0.52855342626571655 -0.78430455923080444 0.31620436906814575
475.70380000025034 0.052861053496599197 -1.0622564554214478 0.70895510911941528 0.49998775124549866 -2.0934019088745117 -0.19110359251499176 0.52203977108001709 -2.3433845043182373 -0.15693894028663635 -0.26460641622543335 -2.2254929542541504 -0.2827613353729248 -0.37321615219116211 -2.5282139778137207 -0.23279136419296265 -0.34299325942993164 -1.0047715902328491 0.27867409586906433 -0.53281617164611816 -0.73349010944366455 0.11728237569332123
539.39920000731945 0.036497317254543304 -1.0776901245117188 0.71295541524887085 0.48614540696144104 -2.1146502494812012 -0.19217871129512787 0.50832176208496094 -2.3660423755645752 -0.1578214168548584 -0.2827603816986084 -2.2474861145019531 -0.2843533456325531 -0.39198258519172668 -2.5519142150878906 -0.2341015636920929 -0.36158928275108337 -1.019881010055542 0.28024807572364807 -0.55248254537582397 -0.74706989526748657 0.11794625967741013
539.39920000731945 -0.0010993744945153594 -1.0859482288360596 0.86880862712860107 0.43318021297454834 -2.1174557209014893 0.074571318924427032 0.45533284544944763 -2.3472878932952881 0.12197769433259964 -0.29089170694351196 -2.2318670749664307 0.15298323333263397 -0.38522535562515259 -2.5215165615081787 0.23705920577049255 -0.36197701096534729 -0.98397469520568848 0.45026889443397522 -0.50323843955993652 -0.73144698143005371 0.28423315286636353
600.30840000510216 0.086441121995449066 -1.1345723867416382 0.63591402769088745 0.47962197661399841 -2.0777513980865479 -0.094442293047904968 0.5153653621673584 -2.3231730461120605 -0.083244107663631439 -0.28343349695205688 -2.2050666809082031 -0.016267243772745132 -0.37763136625289917 -2.511263370513916 0.014839029870927334 -0.32228335738182068 -0.97142410278320313 0.26023197174072266 -0.48982447385787964 -0.73506850004196167 0.093288786709308624
600.30840000510216 0.07462184876203537 -1.1931811571121216 1.1219292879104614 0.57864171266555786 -2.2244133949279785 0.50850987434387207 0.59999281167984009 -2.4558074474334717 0.59950953722000122 -0.19901144504547119 -2.3776009082794189 0.45388701558113098 -0.3209000825881958 -2.6411294937133789 0.58186811208724976 -0.31646612286567688 -1.1711639165878296 0.67391806840896606 -0.48363319039344788 -0.80154699087142944 0.43581244349479675
665.5747000053525 -0.023788286373019218 -1.0551196336746216 1.0312404632568359 0.4394841194152832 -2.0029819011688232 0.46741282939910889 0.4591090977191925 -2.2156689167022705 0.5510556697845459 -0.27529972791671753 -2.1437849998474121 0.41720595955848694 -0.38733425736427307 -2.3860085010528564 0.53484040498733521 -0.38325878977775574 -1.0348824262619019 0.61944860219955444 -0.5369112491607666 -0.69514715671539307 0.4005926251411438
665.5747000053525 0.061639390885829926 -1.1138701438903809 1.1116402149200439 0.42518150806427002 -2.0885677337646484 0.29400134086608887 0.43503284454345703 -2.310142993927002 0.35763135552406311 -0.32652145624160767 -2.2318594455718994 0.26388195157051086 -0.43527370691299438 -2.5288181304931641 0.36888042092323303 -0.37126681208610535 -0.99061775207519531 0.67996591329574585 -0.5673987865447998 -0.72900044918060303 0.46612069010734558
725.48759999871254 0.0088340761139988899 -1.1373636722564697 0.80211889743804932 0.4715084433555603 -2.1418166160583496 -0.036480534821748734 0.49931672215461731 -2.3916740417480469 0.004782424308359623 -0.30861616134643555 -2.260183572769165 -0.14157664775848389 -0.41629981994628906 -2.5506458282470703 -0.082408316433429718 -0.35099315643310547 -1.0280431509017944 0.36597594618797302 -0.5412793755531311 -0.72502326965332031 0.17054952681064606
725.48759999871254 0.066366538405418396 -1.1206235885620117 0.93164652585983276 0.50928205251693726 -2.1367902755737305 0.10802672803401947 0.53619349002838135 -2.3855195045471191 0.14153820276260376 -0.27584463357925415 -2.3054022789001465 0.016123296692967415 -0.37946167588233948 -2.6093740463256836 0.080426611006259918 -0.33342531323432922 -1.0197982788085938 0.44864562153816223 -0.51563721895217896 -0.77043700218200684 0.21214786171913147
789.43460000306368 0.07700183242559433 -1.1260333061218262 0.92561966180801392 0.51704591512680054 -2.1356122493743896 0.10733946412801743 0.54378288984298706 -2.3827288150787354 0.14063368737697601 -0.26299077272415161 -2.3031308650970459 0.016031842678785324 -0.3659360408782959 -2.6051321029663086 0.079918280243873596 -0.32019814848899841 -1.0258617401123047 0.44575011730194092 -0.50122874975204468 -0.77811700105667114 0.21078555285930634
789.43460000306368 0.030632836744189262 -1.1712373495101929 0.94512641429901123 0.47402387857437134 -2.1489906311035156 0.20645239949226379 0.49511265754699707 -2.3745644092559814 0.28441718220710754 -0.28212913870811462 -2.2605056762695313 0.18329004943370819 -0.38422328233718872 -2.5346047878265381 0.29589399695396423 -0.32140752673149109 -1.0707159042358398 0.57384192943572998 -0.49938935041427612 -0.78919410705566406 0.36224371194839478
860.01300000399351 0.0075363684445619583 -1.090671181678772 0.79219621419906616 0.42424562573432922 -2.042569637298584 0.083196409046649933 0.44547209143638611 -2.2658331394195557 0.14180196821689606 -0.28224819898605347 -2.1870372295379639 0.04370451346039772 -0.37911763787269592 -2.4718899726867676 0.13331221044063568 -0.34684303402900696 -0.9693560004234314 0.43745669722557068 -0.51517832279205322 -0.71060472726821899 0.24965715408325195
860.01300000399351 0.060454566031694412 -1.0486854314804077 0.65778273344039917 0.55845147371292114 -2.0912210941314697 -0.15687549114227295 0.59405088424682617 -2.3456170558929443 -0.13016229867935181 -0.2120538055896759 -2.2468211650848389 -0.19888705015182495 -0.31754261255264282 -2.5491416454315186 -0.15240512788295746 -0.29669225215911865 -1.024971604347229 0.28563040494918823 -0.47345894575119019 -0.73705565929412842 0.12958650290966034
924.59019999951124 0.062636375427246094 -1.0859006643295288 0.73620313405990601 0.5758671760559082 -2.1859524250030518 0.0046184374950826168 0.60648298263549805 -2.4403283596038818 0.064994990825653076 -0.23122531175613403 -2.3709735870361328 -0.019865188747644424 -0.33897358179092407 -2.6857163906097412 0.048178602010011673 -0.33214685320854187 -1.0596532821655273 0.33319640159606934 -0.52346616983413696 -0.75558018684387207 0.14984051883220673
924.59019999951124 0.070962607860565186 -1.0760718584060669 0.71535289287567139 0.56965404748916626 -2.1449601650238037 0.0044933794997632504 0.59940248727798462 -2.3921298980712891 0.0631595179438591 -0.21457424759864807 -2.324739933013916 -0.019296647980809212 -0.31927007436752319 -2.6305661201477051 0.046819522976875305 -0.31263679265975952 -1.0505679845809937 0.32376301288604736 -0.49853613972663879 -0.75510901212692261 0.14560145139694214
991.30970000475645 0.12056309729814529 -1.154358983039856 0.83063226938247681 0.52351278066635132 -2.126124382019043 0.10027511417865753 0.54854220151901245 -2.3485376834869385 0.19660143554210663 -0.20820024609565735 -2.2454299926757813 0.063669763505458832 -0.30206829309463501 -2.5309171676635742 0.17439694702625275 -0.26253300905227661 -1.0162729024887085 0.44952461123466492 -0.44170886278152466 -0.70972776412963867 0.27645707130432129
991.30970000475645 -0.012480801902711391 -0.98334729671478271 0.61036759614944458 0.48547294735908508 -2.0806732177734375 -0.16332603991031647 0.51644366979598999 -2.3276669979095459 -0.099602214992046356 -0.29626402258872986 -2.2310600280761719 -0.27395123243331909 -0.41313937306404114 -2.5091061592102051 -0.20180897414684296 -0.39385539293289185 -1.0194274187088013 0.28666475415229797 -0.57429462671279907 -0.71342188119888306 0.15557000041007996
1059.2226000055671 0.04320724681019783 -1.035463809967041 0.48425474762916565 0.52192848920822144 -2.1218993663787842 -0.43631702661514282 0.54181516170501709 -2.3772280216217041 -0.39091500639915466 -0.2952764630317688 -2.2322697639465332 -0.55553919076919556 -0.3970566987991333 -2.5395088195800781 -0.51961052417755127 -0.32509633898735046 -0.93709325790405273 0.028277624398469925 -0.5328335165977478 -0.64154118299484253 -0.069406688213348389
1059.2226000055671 -0.04213365912437439 -0.90090596675872803 0.22340381145477295 0.53075462579727173 -1.997099757194519 -0.60439759492874146 0.55903077125549316 -2.2550652027130127 -0.59784609079360962 -0.30695238709449768 -2.1668956279754639 -0.67507386207580566 -0.42574119567871094 -2.4617578983306885 -0.68828588724136353 -0.36313852667808533 -0.98932033777236938 -0.16234061121940613 -0.57043355703353882 -0.69799035787582397 -0.24252453446388245
1123.4613000005484 -0.061841797083616257 -0.84847784042358398 0.14349719882011414 0.50917214155197144 -1.8959187269210815 -0.56735610961914063 0.55328691005706787 -2.1546866893768311 -0.56738454103469849 -0.31907680630683899 -2.0148637294769287 -0.57240599393844604 -0.42972621321678162 -2.3075189590454102 -0.58007866144180298 -0.34578263759613037 -0.8301728367805481 -0.21421365439891815 -0.52470165491104126 -0.57042747735977173 -0.32842108607292175
1123.4613000005484 -0.050362907350063324 -0.92313504219055176 0.15295915305614471 0.55828976631164551 -2.0396187305450439 -0.60475039482116699 0.60531234741210938 -2.3154435157775879 -0.60478067398071289 -0.32455366849899292 -2.1664037704467773 -0.61013317108154297 -0.44249659776687622 -2.4783494472503662 -0.61831152439117432 -0.35301989316940308 -0.90362340211868286 -0.22833040356636047 -0.5437324047088623 -0.62675690650939941 -0.35006588697433472
1188.1761000007391 -0.047554712742567062 -0.90877616405487061 -0.089902915060520172 0.54294198751449585 -2.0006463527679443 -0.61994779109954834 0.58198827505111694 -2.2785592079162598 -0.63888072967529297 -0.30026429891586304 -2.1029090881347656 -0.60818803310394287 -0.40443620085716248 -2.4033467769622803 -0.63853591680526733 -0.30650848150253296 -0.81801766157150269 -0.40094032883644104 -0.50329011678695679 -0.5486723780632019 -0.53497284650802612
1188.1761000007391 -0.020822750404477119 -0.91611939668655396 0.1944049596786499 0.54033607244491577 -1.9507012367248535 -0.7078283429145813 0.56753253936767578 -2.2334504127502441 -0.718486487865448 -0.25997567176818848 -2.0763688087463379 -0.81936997175216675 -0.38894367218017578 -2.3952350616455078 -0.82665115594863892 -0.36622917652130127 -0.98149400949478149 -0.2199857085943222 -0.54467236995697021 -0.66917973756790161 -0.353059321641922
1254.7333000004292 0.086038470268249512 -0.96531069278717041 0.22617964446544647 0.48434096574783325 -1.8547192811965942 -0.76647359132766724 0.48593947291374207 -2.1278622150421143 -0.80583697557449341 -0.30548641085624695 -1.9036848545074463 -0.91325026750564575 -0.42608678340911865 -2.1822686195373535 -0.98037737607955933 -0.30590587854385376 -0.88081562519073486 -0.40142905712127686 -0.47388282418251038 -0.58751273155212402 -0.47997599840164185
1254.7333000004292 0.071017473936080933 -0.87205910682678223 0.24947285652160645 0.41121146082878113 -1.6974003314971924 -0.56302154064178467 0.40668419003486633 -1.9372482299804688 -0.5745815634727478 -0.19607947766780853 -1.7572225332260132 -0.66713005304336548 -0.28656908869743347 -2.0006692409515381 -0.70351040363311768 -0.35209637880325317 -1.0913534164428711 -0.41066598892211914 -0.35244575142860413 -0.56516444683074951 -0.35689833760261536
1320.2822000011802 0.11700098216533661 -0.96313518285751343 0.28063666820526123 0.49966102838516235 -1.891502857208252 -0.63328057527542114 0.49456861615180969 -2.1612908840179443 -0.64628362655639648 -0.18343740701675415 -1.9587925672531128 -0.75038480758666992 -0.28522276878356934 -2.2326285839080811 -0.79130649566650391 -0.35892975330352783 -1.2098037004470825 -0.46190661191940308 -0.35932275652885437 -0.61793118715286255 -0.40142720937728882
1320.2822000011802 0.22497692704200745 -1.0936572551727295 0.41019532084465027 0.48618647456169128 -1.8606363534927368 -0.71516913175582886 0.4721406102180481 -2.1359798908233643 -0.75895828008651733 -0.11375416070222855 -1.9341721534729004 -0.83920502662658691 -0.19104921817779541 -2.2168271541595459 -0.91465461254119873 -0.38950625061988831 -1.4336915016174316 -0.75084769725799561 -0.36771619319915771 -0.72764027118682861 -0.67057687044143677
1392.5979000031948 0.21797426044940948 -1.0450860261917114 0.41889616847038269 0.37209019064903259 -1.6787209510803223 -0.74544084072113037 0.34843805432319641 -1.939827561378479 -0.78865349292755127 -0.21527552604675293 -1.7188751697540283 -0.93832200765609741 -0.30635681748390198 -1.9815139770507813 -1.0302474498748779 -0.38182809948921204 -1.2033438682556152 -0.63390296697616577 -0.4390617311000824 -0.69726431369781494 -0.60402983427047729
1392.5979000031948 0.098615258932113647 -1.0127334594726563 0.21404267847537994 0.3836611807346344 -1.6389387845993042 -0.88997966051101685 0.35037118196487427 -1.8948197364807129 -0.9563789963722229 -0.23570914566516876 -1.629428505897522 -0.9685404896736145 -0.32546231150627136 -1.8716893196105957 -1.0470179319381714 -0.45327231287956238 -1.2070050239562988 -0.8032456636428833 -0.41299474239349365 -0.59305685758590698 -0.70074790716171265
1507.146099999547 -0.021373806521296501 -0.4534727931022644 1.2721765041351318 0.40717852115631104 -1.399517297744751 0.57624715566635132 0.41370749473571777 -1.616931676864624 0.66389703750610352 -0.30037859082221985 -1.4600387811660767 0.45952102541923523 -0.39758667349815369 -1.7001321315765381 0.57162141799926758 -0.39309316873550415 -0.40721923112869263 0.94661808013916016 -0.56574821472167969 -0.13015866279602051 0.77282947301864624
1589.938299998641 -0.10245601832866669 -1.7856311798095703 1.3731844425201416 0.6059834361076355 -3.1054244041442871 0.41985604166984558 0.61081534624099731 -3.4714193344116211 0.48862141370773315 -0.44091266393661499 -3.2488534450531006 0.26942503452301025 -0.60412496328353882 -3.6768114566802979 0.37341690063476563 -0.62906867265701294 -1.5289490222930908 0.83784180879592896 -0.87541735172271729 -1.1039575338363647 0.57880204916000366
1589.938299998641 -0.041253779083490372 -1.3100419044494629 0.94258409738540649 0.40143781900405884 -2.1750698089599609 0.23858021199703217 0.41504451632499695 -2.4313452243804932 0.27239212393760681 -0.28761968016624451 -2.2465217113494873 0.15102124214172363 -0.38218829035758972 -2.5495235919952393 0.21136555075645447 -0.42288815975189209 -1.0542229413986206 0.48695081472396851 -0.59070742130279541 -0.76832008361816406 0.28764894604682922
1654.8854999989271 -0.039330799132585526 -1.1350477933883667 0.86595064401626587 0.3761838972568512 -2.0379600524902344 0.18949024379253387 0.38493192195892334 -2.2918975353240967 0.22166936099529266 -0.24320274591445923 -2.1592540740966797 0.044257625937461853 -0.33943453431129456 -2.4570600986480713 0.10639006644487381 -0.40294164419174194 -1.032944917678833 0.53251361846923828 -0.57627582550048828 -0.7343335747718811 0.35156357288360596
1654.8854999989271 -0.023199630901217461 -1.2124631404876709 0.90066719055175781 0.4089735746383667 -2.1515743732452393 0.19708658754825592 0.41807234287261963 -2.4156925678253174 0.23055580258369446 -0.23524506390094757 -2.27773118019104 0.046031400561332703 -0.3353348970413208 -2.5874764919281006 0.11065482348203659 -0.40138813853263855 -1.1062667369842529 0.55386227369308472 -0.58167147636413574 -0.79568362236022949 0.36565765738487244
1719.743100002408 -0.010631971061229706 -1.1874195337295532 0.70395398139953613 0.3911864161491394 -2.0854580402374268 -0.028486352413892746 0.39141958951950073 -2.3450188636779785 -0.0092612579464912415 -0.27366507053375244 -2.1715669631958008 -0.09444592148065567 -0.38519006967544556 -2.4898507595062256 -0.049546878784894943 -0.37776517868041992 -1.0389107465744019 0.40397322177886963 -0.55213344097137451 -0.77476149797439575 0.24800902605056763
1719.743100002408 0.040007967501878738 -1.1429742574691772 0.72675156593322754 0.47454068064689636 -2.0867953300476074 -0.13084457814693451 0.49796000123023987 -2.3574368953704834 -0.12045755982398987 -0.26255631446838379 -2.1699178218841553 -0.24352069199085236 -0.36524829268455505 -2.4864232540130615 -0.22180521488189697 -0.34374803304672241 -1.034091591835022 0.31137236952781677 -0.51318210363388062 -0.72504836320877075 0.12762203812599182
1782.5241000056267 0.03207947313785553 -0.98873454332351685 0.44149032235145569 0.47332543134689331 -2.0406622886657715 -0.44745466113090515 0.49798738956451416 -2.3308532238006592 -0.45808076858520508 -0.26667577028274536 -2.1709520816802979 -0.57388424873352051 -0.3624517023563385 -2.5030298233032227 -0.58096832036972046 -0.42350184917449951 -1.0798946619033813 0.035085614770650864 -0.58112025260925293 -0.7649683952331543 -0.10835529118776321
1782.5241000056267 0.08395732194185257 -0.93904232978820801 0.47613218426704407 0.43417036533355713 -1.9173804521560669 -0.35359472036361694 0.43875876069068909 -2.1780238151550293 -0.36105301976203918 -0.20317970216274261 -1.9578242301940918 -0.48059731721878052 -0.28098034858703613 -2.2501556873321533 -0.47508567571640015 -0.39333659410476685 -1.1183615922927856 0.092676922678947449 -0.42147350311279297 -0.65172898769378662 0.10540668666362762
1847.575900003314 0.04047369584441185 -0.96730500459671021 0.49673014879226685 0.40582245588302612 -1.9879255294799805 -0.36885645985603333 0.41060915589332581 -2.2598333358764648 -0.37663707137107849 -0.25907301902770996 -2.0301172733306885 -0.50134795904159546 -0.34023609757423401 -2.3350830078125 -0.49559807777404785 -0.45744821429252625 -1.154374361038208 0.096702449023723602 -0.4868011474609375 -0.66757446527481079 0.10998237133026123
1847.575900003314 0.0030722285155206919 -0.84086453914642334 0.16735468804836273 0.40972039103507996 -1.9527641534805298 -0.50335729122161865 0.42662551999092102 -2.2395687103271484 -0.52932924032211304 -0.25740048289299011 -2.043067455291748 -0.5989949107170105 -0.35666939616203308 -2.3507800102233887 -0.60955202579498291 -0.49274232983589172 -1.3123815059661865 -0.128920778632164 -0.44941365718841553 -0.69915145635604858 -0.058593884110450745
1907.8847000002861 0.088140875101089478 -0.89677292108535767 0.22898903489112854 0.47389701008796692 -1.9579441547393799 -0.64730173349380493 0.4863838255405426 -2.2567541599273682 -0.68399584293365479 -0.16508238017559052 -2.0382089614868164 -0.80044960975646973 -0.24180601537227631 -2.369417667388916 -0.83068060874938965 -0.42195406556129456 -1.2410473823547363 -0.13096508383750916 -0.45333591103553772 -0.76618474721908569 -0.10639850050210953
1907.8847000002861 0.060433894395828247 -0.83300727605819702 -0.072415411472320557 0.39875569939613342 -1.752078652381897 -0.97075372934341431 0.41512739658355713 -2.0520670413970947 -1.0560002326965332 -0.19718118011951447 -1.7880996465682983 -1.1445990800857544 -0.25771951675415039 -2.1209228038787842 -1.2575300931930542 -0.42473125457763672 -1.0470511913299561 -0.4660278856754303 -0.4935126006603241 -0.61014968156814575 -0.3892117440700531
1973.0295000076294 0.015858829021453857 -0.61871457099914551 -0.066231377422809601 0.32529115676879883 -1.4593058824539185 -0.88786011934280396 0.34026485681533813 -1.7336783409118652 -0.96582746505737305 -0.21975836157798767 -1.4922510385513306 -1.0468606948852539 -0.27512732148170471 -1.7966544628143311 -1.1501486301422119 -0.42787787318229675 -0.81448107957839966 -0.42623308300971985 -0.49078589677810669 -0.41488686203956604 -0.35597631335258484
