19.889599993824959 -0.82826405763626099 -1.1305738687515259 0.68215590715408325 -0.78554463386535645 -1.1717795133590698 0.63021671772003174 -0.97804439067840576 -1.2091270685195923 0.52087235450744629 -0.83984482288360596 -1.1602742671966553 0.29350832104682922 -1.0422757863998413 -1.1177937984466553 0.12703272700309753 -0.9503743052482605 -1.052990198135376 0.058403167873620987 -0.78447240591049194 -1.1008970737457275 -0.055167611688375473
19.889599993824959 -0.8647381067276001 -1.1427768468856812 0.69599354267120361 -0.82115191221237183 -1.1848185062408447 0.64300042390823364 -1.0175576210021973 -1.2229238748550415 0.53143733739852905 -0.87655389308929443 -1.1730798482894897 0.29945987462997437 -1.0830923318862915 -1.129737377166748 0.12960635125637054 -0.9893261194229126 -1.0636188983917236 0.059584230184555054 -0.82005792856216431 -1.1124976873397827 -0.056291002780199051
80.392499968409538 -0.89790314435958862 -1.1555206775665283 0.67172402143478394 -0.84601747989654541 -1.1753605604171753 0.6298946738243103 -1.0369493961334229 -1.210419774055481 0.49987521767616272 -0.86169213056564331 -1.1815390586853027 0.28076377511024475 -1.0658482313156128 -1.1282510757446289 0.08958115428686142 -0.96844619512557983 -1.0833475589752197 0.039766274392604828 -0.7825435996055603 -1.1452553272247314 -0.068178482353687286
80.392499968409538 -0.85977363586425781 -1.1399742364883423 0.58398497104644775 -0.8172982931137085 -1.2000086307525635 0.52366888523101807 -1.0159287452697754 -1.2506157159805298 0.40128085017204285 -0.83895039558410645 -1.1948823928833008 0.19191820919513702 -1.0501582622528076 -1.1676633358001709 0.013163181021809578 -0.94398748874664307 -1.0882295370101929 -0.035479661077260971 -0.74464964866638184 -1.1163876056671143 -0.14325417578220367
144.56529998779297 -0.90784686803817749 -1.2004846334457397 0.60967928171157837 -0.86350226402282715 -1.2631609439849854 0.54670876264572144 -1.0708742141723633 -1.3159952163696289 0.41893464326858521 -0.88610720634460449 -1.2578091621398926 0.20035828649997711 -1.1066100597381592 -1.2293921709060669 0.013736541382968426 -0.99576681852340698 -1.1464626789093018 -0.037046995013952255 -0.78765648603439331 -1.1758599281311035 -0.14956448972225189
144.56529998779297 -0.85837966203689575 -1.165339469909668 0.77639144659042358 -0.84910124540328979 -1.2219696044921875 0.72072148323059082 -1.0562885999679565 -1.2632139921188354 0.60127156972885132 -0.87938535213470459 -1.2396367788314819 0.36268925666809082 -1.0906523466110229 -1.1964572668075562 0.18936043977737427 -0.99737060070037842 -1.1308900117874146 0.099373236298561096 -0.81611758470535278 -1.1819605827331543 -0.039703644812107086
202.08329999446869 -0.83838462829589844 -1.1191122531890869 0.74301916360855103 -0.82950496673583984 -1.1733086109161377 0.68974179029464722 -1.0277876853942871 -1.2127803564071655 0.57542556524276733 -0.85848754644393921 -1.1902165412902832 0.34709712862968445 -1.0606746673583984 -1.1488926410675049 0.18121765553951263 -0.97140192985534668 -1.0861433744430542 0.095097936689853668 -0.79793888330459595 -1.1350191831588745 -0.038001671433448792
202.08329999446869 -0.82360011339187622 -1.1173962354660034 0.76122492551803589 -0.78763657808303833 -1.1767607927322388 0.72215211391448975 -0.97999298572540283 -1.2200579643249512 0.61918067932128906 -0.82521617412567139 -1.1815176010131836 0.39685961604118347 -1.0189167261123657 -1.1506210565567017 0.24562263488769531 -0.92984437942504883 -1.0785020589828491 0.17343306541442871 -0.78048622608184814 -1.1294283866882324 0.035608284175395966
264.93389998376369 -0.79421085119247437 -1.0836799144744873 0.75154459476470947 -0.7587047815322876 -1.142289400100708 0.71296876668930054 -0.94861465692520142 -1.1850359439849854 0.61130702495574951 -0.79580634832382202 -1.1469855308532715 0.39181366562843323 -0.98704338073730469 -1.116482138633728 0.24250026047229767 -0.89910387992858887 -1.0452804565429688 0.17122887074947357 -0.75164544582366943 -1.0955590009689331 0.035157080739736557
264.93389998376369 -0.82381713390350342 -1.103594183921814 0.7617838978767395 -0.78229343891143799 -1.1667938232421875 0.75755792856216431 -0.97010087966918945 -1.2194275856018066 0.65538394451141357 -0.81311994791030884 -1.1677165031433105 0.41029509902000427 -1.0117306709289551 -1.1349352598190308 0.25168368220329285 -0.91189479827880859 -1.0425295829772949 0.14081120491027832 -0.74603533744812012 -1.0796830654144287 0.021318916231393814
325.27159997820854 -0.78977292776107788 -1.0890885591506958 0.69155853986740112 -0.78866565227508545 -1.1723544597625732 0.55933171510696411 -0.99491167068481445 -1.2129256725311279 0.43092155456542969 -0.84185099601745605 -1.1792349815368652 0.21738405525684357 -1.0671322345733643 -1.1464844942092896 0.045583661645650864 -1.0070610046386719 -1.0947805643081665 -0.014001044444739819 -0.80929619073867798 -1.1232876777648926 -0.15147857367992401
325.27159997820854 -0.90625619888305664 -1.221327543258667 0.69621717929840088 -0.86404651403427124 -1.3044341802597046 0.60728514194488525 -1.094287633895874 -1.3515186309814453 0.47690892219543457 -0.90870970487594604 -1.3013100624084473 0.25756990909576416 -1.1421182155609131 -1.2681581974029541 0.077480286359786987 -1.047778844833374 -1.1850354671478271 0.0049889152869582176 -0.85226696729660034 -1.203747034072876 -0.13358129560947418
381.74509999155998 -0.85805648565292358 -1.1382579803466797 0.66618728637695313 -0.81766730546951294 -1.2177803516387939 0.58109086751937866 -1.0379781723022461 -1.2628340721130371 0.45633772015571594 -0.86040419340133667 -1.214790940284729 0.24645869433879852 -1.0837459564208984 -1.1830687522888184 0.074136264622211456 -0.99347531795501709 -1.1035311222076416 0.0047714118845760822 -0.8063957691192627 -1.1214357614517212 -0.12782233953475952
381.74509999155998 -0.85090160369873047 -1.1757965087890625 0.62356948852539063 -0.86070495843887329 -1.2630070447921753 0.48322585225105286 -1.0818825960159302 -1.3126833438873291 0.3478197455406189 -0.88807415962219238 -1.2487852573394775 0.17463578283786774 -1.1142938137054443 -1.2204923629760742 0.0057166884653270245 -1.0118284225463867 -1.1269495487213135 -0.062210492789745331 -0.81644773483276367 -1.1550995111465454 -0.20785865187644958
458.60040000081062 -0.92073780298233032 -1.2192002534866333 0.63866347074508667 -0.95021170377731323 -1.2878342866897583 0.51723814010620117 -1.1587555408477783 -1.3398205041885376 0.38239806890487671 -0.94138193130493164 -1.2651997804641724 0.18706025183200836 -1.1536587476730347 -1.2328572273254395 0.013347810134291649 -1.0166610479354858 -1.1396399736404419 -0.083862632513046265 -0.82967215776443481 -1.1904772520065308 -0.22828143835067749
458.60040000081062 -0.93936699628829956 -1.047133207321167 0.4069811999797821 -0.88282793760299683 -1.1397724151611328 0.36581659317016602 -1.0976146459579468 -1.1674987077713013 0.27953633666038513 -0.87795895338058472 -1.1767846345901489 0.066039733588695526 -1.1227132081985474 -1.151726245880127 -0.078731566667556763 -1.0421426296234131 -1.135132908821106 -0.15165850520133972 -0.83590012788772583 -1.1439852714538574 -0.27247020602226257
524.25909999012947 -0.9500662088394165 -0.95986372232437134 0.34476631879806519 -0.89122879505157471 -1.0364043712615967 0.40940418839454651 -1.1154452562332153 -1.0860507488250732 0.31194877624511719 -0.86768406629562378 -1.1135512590408325 0.096739992499351501 -1.1204396486282349 -1.1091018915176392 -0.065439969301223755 -1.0161206722259521 -1.12028968334198 -0.17291440069675446 -0.80019909143447876 -1.1330585479736328 -0.29130291938781738
524.25909999012947 -0.9762498140335083 -0.98163884878158569 0.39352858066558838 -0.97668147087097168 -1.0589307546615601 0.32686907052993774 -1.1963638067245483 -1.1082965135574341 0.16023994982242584 -0.94916826486587524 -1.147667407989502 0.023214884102344513 -1.1982887983322144 -1.1410742998123169 -0.19966690242290497 -1.0718115568161011 -1.1851780414581299 -0.27950868010520935 -0.83947521448135376 -1.2138580083847046 -0.39047881960868835
583.17369998991489 -1.0058432817459106 -0.96786463260650635 0.40063521265983582 -1.0062828063964844 -1.0465531349182129 0.33277115225791931 -1.2299346923828125 -1.0968109369277954 0.16313105821609497 -0.97827237844467163 -1.1368933916091919 0.023629955947399139 -1.2318946123123169 -1.1301810741424561 -0.20327930152416229 -1.103131890296936 -1.1750816106796265 -0.28456383943557739 -0.86659723520278931 -1.204279899597168 -0.39753919839859009
583.17369998991489 -1.0383915901184082 -0.99918395280838013 0.41359946131706238 -1.0388453006744385 -1.0804188251495361 0.34353935718536377 -1.2697343826293945 -1.1323028802871704 0.16840985417366028 -1.0099284648895264 -1.1736823320388794 0.024394601583480835 -1.2717577219009399 -1.166752815246582 -0.2098572701215744 -1.1388283967971802 -1.2131063938140869 -0.29377210140228271 -0.89463961124420166 -1.2432495355606079 -0.41040325164794922
643.66789999604225 -0.93901216983795166 -1.0136876106262207 0.39812877774238586 -1.0034960508346558 -1.1437832117080688 0.24920310080051422 -1.2380485534667969 -1.1701924800872803 0.084870226681232452 -0.99216336011886597 -1.2297548055648804 -0.035068482160568237 -1.2497036457061768 -1.2170301675796509 -0.24894046783447266 -1.1328696012496948 -1.2435240745544434 -0.34485375881195068 -0.87455838918685913 -1.2449610233306885 -0.49406567215919495
643.66789999604225 -1.0129790306091309 -1.0478167533874512 0.38916513323783875 -1.0411731004714966 -1.1138733625411987 0.2554735541343689 -1.2730147838592529 -1.1376242637634277 0.057732462882995605 -1.007917046546936 -1.2094582319259644 -0.027660515159368515 -1.2361305952072144 -1.1842926740646362 -0.26499050855636597 -1.0984770059585571 -1.192547082901001 -0.33000370860099792 -0.85466605424880981 -1.2032814025878906 -0.45760864019393921
725.48749998211861 -1.0500891208648682 -0.99648952484130859 0.22948770225048065 -1.0640304088592529 -1.0772210359573364 0.28143531084060669 -1.2874679565429688 -1.10478675365448 0.11502911150455475 -1.0073301792144775 -1.1920325756072998 -0.043950177729129791 -1.2560194730758667 -1.1557199954986572 -0.28286424279212952 -1.1004319190979004 -1.1758360862731934 -0.3975016176700592 -0.85969161987304688 -1.1559716463088989 -0.47957500815391541
725.48749998211861 -0.98066967725753784 -0.97298145294189453 0.16271251440048218 -1.0042381286621094 -1.0218949317932129 0.19249527156352997 -1.2349735498428345 -1.0395346879959106 0.031343791633844376 -0.94802987575531006 -1.1252750158309937 -0.096027687191963196 -1.1988959312438965 -1.0829532146453857 -0.33102038502693176 -1.0435745716094971 -1.1143280267715454 -0.4209941029548645 -0.81318867206573486 -1.1285356283187866 -0.50871717929840088
786.39759999513626 -1.0954769849777222 -0.98278635740280151 0.24577011168003082 -1.067141056060791 -1.0592391490936279 0.26438802480697632 -1.2876124382019043 -1.0790473222732544 0.04042588546872139 -0.97533857822418213 -1.1871292591094971 -0.052389558404684067 -1.2000467777252197 -1.1251242160797119 -0.33474075794219971 -1.0061695575714111 -1.1439566612243652 -0.41808804869651794 -0.73602539300918579 -1.1469993591308594 -0.51109349727630615
786.39759999513626 -1.0550844669342041 -0.88068032264709473 0.49998742341995239 -1.0553991794586182 -1.0128769874572754 0.48483109474182129 -1.2828521728515625 -1.0276647806167603 0.31281033158302307 -1.0326782464981079 -1.1233257055282593 0.15600705146789551 -1.269233226776123 -1.0957926511764526 -0.080542556941509247 -1.1328281164169312 -1.1135650873184204 -0.23113982379436493 -0.88218474388122559 -1.1191829442977905 -0.37471780180931091
867.98879998922348 -1.2013695240020752 -0.97205299139022827 -0.29451033473014832 -1.1354013681411743 -0.99980711936950684 -0.093964084982872009 -1.3541890382766724 -1.0384763479232788 -0.26530727744102478 -1.0561027526855469 -1.0882338285446167 -0.40642815828323364 -1.2804288864135742 -1.0179483890533447 -0.64342093467712402 -0.95947223901748657 -0.92875444889068604 -0.58558440208435059 -0.71970880031585693 -0.91720306873321533 -0.58047866821289063
867.98879998922348 -1.0560401678085327 -0.86104309558868408 -0.031126709654927254 -1.0704679489135742 -0.95044445991516113 -0.046132922172546387 -1.3018615245819092 -0.96566617488861084 -0.25336697697639465 -0.98825997114181519 -1.0501619577407837 -0.35638776421546936 -1.2211366891860962 -0.99285691976547241 -0.63107234239578247 -1.0014476776123047 -0.99361234903335571 -0.70713657140731812 -0.702767014503479 -0.97598254680633545 -0.72947627305984497
933.70819999277592 -1.0299663543701172 -0.93797111511230469 0.012692674994468689 -1.0973143577575684 -1.0237046480178833 0.20704920589923859 -1.3367798328399658 -1.0177158117294312 0.041263017803430557 -1.1561435461044312 -1.0961389541625977 0.021192438900470734 -1.392418384552002 -1.0359663963317871 -0.19979944825172424 -1.330855131149292 -1.0326300859451294 -0.26649338006973267 -1.0954244136810303 -1.048401951789856 -0.31011205911636353
933.70819999277592 -1.2696125507354736 -0.93847477436065674 0.21935261785984039 -1.3330116271972656 -0.95943313837051392 0.24919281899929047 -1.5485998392105103 -0.97165143489837646 0.035583522170782089 -1.2289172410964966 -1.1353621482849121 -0.0046597984619438648 -1.4381922483444214 -1.0816447734832764 -0.26832735538482666 -1.2346372604370117 -1.1464003324508667 -0.37090522050857544 -0.96766245365142822 -1.1464837789535522 -0.45942738652229309
1028.4951999932528 -1.2516829967498779 -0.9300457239151001 -0.81860494613647461 -1.2631906270980835 -1.0165561437606812 -0.74555844068527222 -1.5103107690811157 -1.0257295370101929 -0.95376056432723999 -1.150937557220459 -1.1311953067779541 -0.95311158895492554 -1.4133594036102295 -1.0475629568099976 -1.2057892084121704 -1.1536613702774048 -1.0012725591659546 -1.1805163621902466 -0.80364912748336792 -0.9429168701171875 -1.1906485557556152
1028.4951999932528 -0.94003957509994507 -0.83772754669189453 0.024419516324996948 -0.98968499898910522 -0.87979167699813843 0.0015953463735058904 -1.210623025894165 -0.86720544099807739 -0.18835006654262543 -0.95629161596298218 -0.99181210994720459 -0.2240365594625473 -1.185818076133728 -0.9198489785194397 -0.47777020931243896 -1.036040186882019 -0.95075678825378418 -0.4857865571975708 -0.78607374429702759 -0.98506855964660645 -0.51992833614349365
1106.0434999763966 -0.79841452836990356 -0.74937111139297485 -0.00017067122098524123 -1.0979228019714355 -0.89556550979614258 0.28700414299964905 -1.3308075666427612 -0.96682584285736084 0.16276450455188751 -1.1246535778045654 -1.0595602989196777 0.129344642162323 -1.3619910478591919 -1.0857203006744385 -0.047227229923009872 -1.2230116128921509 -1.0990349054336548 -0.26900821924209595 -0.96282821893692017 -1.0860805511474609 -0.28858596086502075
1106.0434999763966 -1.0706110000610352 -0.52930808067321777 -0.72091835737228394 -1.123546838760376 -0.80279099941253662 -0.94834065437316895 -1.3613650798797607 -0.8270379900932312 -1.1513141393661499 -1.0928895473480225 -0.8677217960357666 -1.134181022644043 -1.3775328397750854 -0.8492971658706665 -1.3902266025543213 -1.1988147497177124 -0.80100756883621216 -1.3751615285873413 -0.8166881799697876 -0.72670918703079224 -1.3539232015609741
1203.7278999835253 -0.92356163263320923 -0.74508863687515259 0.61306768655776978 -0.78374087810516357 -0.86584371328353882 0.57401388883590698 -0.99712860584259033 -0.88313674926757813 0.53327524662017822 -0.84668856859207153 -0.79390972852706909 0.24669307470321655 -1.0455189943313599 -0.72794944047927856 0.14159290492534637 -0.93791019916534424 -0.58681732416152954 0.10476130992174149 -0.82690584659576416 -0.69514656066894531 -0.094372808933258057
1292.7232999801636 -1.7260304689407349 -1.8560389280319214 0.24398478865623474 -1.7988529205322266 -1.9704632759094238 0.27813741564750671 -2.098888635635376 -2.0668540000915527 -0.097221329808235168 -1.6585958003997803 -2.1578307151794434 -0.20727710425853729 -2.01350998878479 -2.1390211582183838 -0.66655623912811279 -1.6977623701095581 -2.1405136585235596 -0.79372525215148926 -1.2675406932830811 -2.1504151821136475 -0.93388032913208008
1292.7232999801636 -0.98596799373626709 -0.82561707496643066 -0.042732417583465576 -0.9268648624420166 -0.93488138914108276 -0.02678302675485611 -1.097758412361145 -0.96748846769332886 -0.19119052588939667 -0.82694864273071289 -1.0400794744491577 -0.23966680467128754 -0.9925464391708374 -1.019199013710022 -0.45710599422454834 -0.81787204742431641 -1.0538733005523682 -0.50448328256607056 -0.60594266653060913 -1.0582447052001953 -0.5296897292137146
1351.1367999762297 -1.0899564027786255 -0.81883668899536133 0.16204240918159485 -0.9924004077911377 -0.90615284442901611 0.21192380785942078 -1.1897672414779663 -0.94596755504608154 0.049207810312509537 -0.86988765001296997 -1.0252320766448975 -0.057274997234344482 -1.0692785978317261 -0.99173402786254883 -0.28611388802528381 -0.86544626951217651 -1.0183917284011841 -0.36458051204681396 -0.61766797304153442 -1.0149333477020264 -0.41092345118522644
1351.1367999762297 -1.1259578466415405 -0.96278572082519531 0.30950295925140381 -1.1653546094894409 -1.0428371429443359 0.42628255486488342 -1.3916479349136353 -1.1016783714294434 0.24272680282592773 -1.0652076005935669 -1.2072271108627319 0.11298292130231857 -1.2971252202987671 -1.2012683153152466 -0.13827666640281677 -1.0919512510299683 -1.2599533796310425 -0.30367568135261536 -0.81044524908065796 -1.2734354734420776 -0.41603520512580872
1426.6877999901772 -1.3196266889572144 -1.0230669975280762 -0.2373490035533905 -1.1474695205688477 -1.0452414751052856 -0.041813861578702927 -1.3781247138977051 -1.1085884571075439 -0.24214586615562439 -1.0065046548843384 -1.1673401594161987 -0.25297284126281738 -1.2261111736297607 -1.137906551361084 -0.50302630662918091 -0.99414068460464478 -1.1305989027023315 -0.5286145806312561 -0.70710700750350952 -1.1145681142807007 -0.52759832143783569
1426.6877999901772 -1.1065318584442139 -0.90500819683074951 -0.069195829331874847 -1.0719020366668701 -0.9198499321937561 0.026923660188913345 -1.2956398725509644 -0.98178911209106445 -0.18209904432296753 -0.96316409111022949 -1.0534051656723022 -0.25278738141059875 -1.1880366802215576 -1.025276780128479 -0.51641386747360229 -0.96735209226608276 -1.0294091701507568 -0.50537830591201782 -0.68185389041900635 -1.027656078338623 -0.51520580053329468
1486.0117999911308 -1.252051830291748 -0.9483112096786499 -0.074643239378929138 -1.2146975994110107 -0.96432065963745117 0.029038524255156517 -1.4560381174087524 -1.0311329364776611 -0.19642919301986694 -1.0974044799804688 -1.1083834171295166 -0.27267897129058838 -1.3399691581726074 -1.0780419111251831 -0.55704641342163086 -1.1019221544265747 -1.0824995040893555 -0.54514265060424805 -0.79396206140518188 -1.0806084871292114 -0.55574339628219604
1486.0117999911308 -1.3338658809661865 -0.7682570219039917 -0.30082666873931885 -1.2083641290664673 -1.102552056312561 -0.15311905741691589 -1.4386131763458252 -1.1491973400115967 -0.37924373149871826 -1.0928981304168701 -1.260102391242981 -0.38654837012290955 -1.3409601449966431 -1.2502033710479736 -0.65881520509719849 -1.1230099201202393 -1.2781187295913696 -0.76078176498413086 -0.77931010723114014 -1.2215021848678589 -0.83232402801513672
1561.8791999816895 -1.2124388217926025 -0.89245808124542236 -0.38027772307395935 -1.2259299755096436 -1.0468329191207886 -0.32618933916091919 -1.4631624221801758 -1.0963078737258911 -0.49314063787460327 -1.1312450170516968 -1.1846446990966797 -0.45729809999465942 -1.3845425844192505 -1.2017877101898193 -0.67492371797561646 -1.1722747087478638 -1.2418620586395264 -0.80896860361099243 -0.85257488489151001 -1.1986385583877563 -0.90029430389404297
1561.8791999816895 -1.0063114166259766 -0.62372350692749023 -0.326386958360672 -1.0729511976242065 -0.75337785482406616 -0.25762280821800232 -1.2844312191009521 -0.8031502366065979 -0.43402457237243652 -0.99119448661804199 -0.87975406646728516 -0.42826929688453674 -1.2159304618835449 -0.88478559255599976 -0.6490517258644104 -1.0484497547149658 -0.90564602613449097 -0.74699574708938599 -0.72602766752243042 -0.87288385629653931 -0.77936440706253052
1641.9727999866009 -1.2245022058486938 -0.80624210834503174 -0.33786416053771973 -1.3514585494995117 -0.89939510822296143 -0.33817020058631897 -1.6171227693557739 -0.95087069272994995 -0.57181531190872192 -1.2850552797317505 -1.0560216903686523 -0.55464631319046021 -1.5802699327468872 -1.029111385345459 -0.84931343793869019 -1.3498475551605225 -1.037314772605896 -0.86821514368057251 -1.0072888135910034 -1.0213855504989624 -0.93298327922821045
1641.9727999866009 -1.2177250385284424 -0.8395078182220459 -0.69963526725769043 -1.3251594305038452 -0.99346178770065308 -0.74409753084182739 -1.572216272354126 -1.0521746873855591 -0.96406745910644531 -1.245787501335144 -1.1189067363739014 -0.92376589775085449 -1.5265140533447266 -1.1081060171127319 -1.1928023099899292 -1.2672690153121948 -1.1270409822463989 -1.1639070510864258 -0.87666183710098267 -1.0794773101806641 -1.1748744249343872
1699.0942999869585 -1.1481530666351318 -0.86496168375015259 -0.26047858595848083 -1.1725339889526367 -0.91457343101501465 -0.1306900829076767 -1.4042067527770996 -1.0001400709152222 -0.34210163354873657 -1.0616409778594971 -1.0560754537582397 -0.38570982217788696 -1.3019201755523682 -1.0503058433532715 -0.64303320646286011 -1.0762660503387451 -1.0098586082458496 -0.62762176990509033 -0.77235323190689087 -0.97349452972412109 -0.63611400127410889
1699.0942999869585 -1.211146354675293 -0.90257960557937622 -0.28062674403190613 -1.2374136447906494 -0.95602977275848389 -0.14079678058624268 -1.4870104789733887 -1.048216700553894 -0.36856481432914734 -1.1179409027099609 -1.1084796190261841 -0.41554689407348633 -1.3768101930618286 -1.1022636890411377 -0.69277888536453247 -1.133697509765625 -1.0586869716644287 -0.67617511749267578 -0.80627161264419556 -1.0195095539093018 -0.68532437086105347
1776.6378999948502 -1.278873085975647 -0.97909367084503174 -0.32903966307640076 -1.288543701171875 -1.0992285013198853 -0.15725333988666534 -1.5333569049835205 -1.2180256843566895 -0.41016298532485962 -1.139809250831604 -1.2610633373260498 -0.41006532311439514 -1.3966798782348633 -1.2736814022064209 -0.70060837268829346 -1.128600001335144 -1.2055563926696777 -0.74207949638366699 -0.79496890306472778 -1.130681037902832 -0.75176656246185303
1776.6378999948502 -1.0877248048782349 -0.8902285099029541 -0.59928750991821289 -1.26493239402771 -1.0216188430786133 -0.52834051847457886 -1.5016461610794067 -1.0977174043655396 -0.7724616527557373 -1.1066464185714722 -1.1615039110183716 -0.72563999891281128 -1.3563013076782227 -1.1551002264022827 -1.0208418369293213 -1.0950052738189697 -1.1008305549621582 -1.1464531421661377 -0.68232846260070801 -0.98556739091873169 -1.1340939998626709
1841.4590999782085 -1.0954654216766357 -0.75375759601593018 -0.046439487487077713 -1.2046025991439819 -0.81925773620605469 0.11421298235654831 -1.4163987636566162 -0.86919248104095459 -0.074457444250583649 -1.110453724861145 -0.97041290998458862 -0.17733073234558105 -1.3353791236877441 -0.9521477222442627 -0.42827865481376648 -1.1283644437789917 -0.98206609487533569 -0.60367906093597412 -0.84091770648956299 -0.96135199069976807 -0.68365329504013062
1841.4590999782085 -1.3824905157089233 -0.88132333755493164 -0.012237840332090855 -1.3536084890365601 -1.0046924352645874 0.21713760495185852 -1.6386566162109375 -1.1076463460922241 0.050472117960453033 -1.2127426862716675 -1.168035626411438 -0.04323389008641243 -1.4979792833328247 -1.2179552316665649 -0.28105640411376953 -1.2399266958236694 -1.2460520267486572 -0.60032612085342407 -0.90487831830978394 -1.2267777919769287 -0.71277439594268799
1917.3618999868631 -1.1795333623886108 -0.87536627054214478 -0.18292243778705597 -1.391797661781311 -1.1029676198959351 -0.27007827162742615 -1.6804943084716797 -1.1730172634124756 -0.48314163088798523 -1.2937660217285156 -1.2684664726257324 -0.4608977735042572 -1.6064728498458862 -1.3011108636856079 -0.73457741737365723 -1.3599903583526611 -1.346994161605835 -0.95980161428451538 -0.98981344699859619 -1.3158642053604126 -1.0544729232788086
1917.3618999868631 -1.0341993570327759 -0.75282502174377441 0.37060761451721191 -1.0837258100509644 -0.82739114761352539 0.59812086820602417 -1.3359575271606445 -0.91621983051300049 0.48816904425621033 -1.0544829368591309 -0.96944260597229004 0.29184320569038391 -1.327690601348877 -1.0055738687515259 0.10683532804250717 -1.1664332151412964 -1.0183007717132568 -0.12208203971385956 -0.87596559524536133 -0.99053752422332764 -0.24745085835456848
1977.8234999775887 -1.1941088438034058 -0.89932411909103394 0.43196141719818115 -1.2518351078033447 -0.9862358570098877 0.69714313745498657 -1.5458277463912964 -1.0897715091705322 0.56898707151412964 -1.2177506685256958 -1.151806116104126 0.34015634655952454 -1.5361922979354858 -1.1939195394515991 0.12451748549938202 -1.348236083984375 -1.2087537050247192 -0.14230075478553772 -1.0096769332885742 -1.1763937473297119 -0.28842636942863464
1977.8234999775887 -1.2899290323257446 -0.83221155405044556 0.13880342245101929 -1.3132961988449097 -1.007982611656189 0.39611157774925232 -1.6163681745529175 -1.0881311893463135 0.26969414949417114 -1.2016088962554932 -1.19350266456604 0.14130581915378571 -1.527745246887207 -1.221078634262085 -0.046735126525163651 -1.2888331413269043 -1.2391402721405029 -0.3492547869682312 -0.94616001844406128 -1.167253851890564 -0.50560766458511353
