49.733199998736382 -0.64211899042129517 -0.93349093198776245 0.60980945825576782 -0.65320718288421631 -1.1445491313934326 0.6099429726600647 -0.83836555480957031 -1.130990743637085 0.6042323112487793 -0.74827909469604492 -1.1480675935745239 0.41360530257225037 -0.93282502889633179 -1.1055999994277954 0.40002173185348511 -0.95098596811294556 -1.0705858469009399 0.26610144972801208 -0.83955961465835571 -1.0577754974365234 0.088639557361602783
52.733799993991852 -0.6572035551071167 -0.972145676612854 0.60483092069625854 -0.70552694797515869 -1.1909955739974976 0.54876816272735596 -0.88208526372909546 -1.1570060253143311 0.53267651796340942 -0.7790263295173645 -1.1837788820266724 0.37260040640830994 -0.95189923048019409 -1.1056766510009766 0.34237003326416016 -0.94341838359832764 -1.0565060377120972 0.21365171670913696 -0.80084168910980225 -1.0517690181732178 0.050307817757129669
130.16240000724792 -0.73325258493423462 -1.0187262296676636 0.45211905241012573 -0.71318084001541138 -1.2329366207122803 0.41807633638381958 -0.92485314607620239 -1.2447181940078735 0.40466421842575073 -0.77834385633468628 -1.2253440618515015 0.25918924808502197 -0.99213200807571411 -1.1960707902908325 0.22758388519287109 -0.97380638122558594 -1.1273078918457031 0.11994549632072449 -0.81924271583557129 -1.0907660722732544 -0.022054057568311691
130.16240000724792 -0.63945966958999634 -0.92889076471328735 0.51600754261016846 -0.64129537343978882 -1.1391726732254028 0.5001986026763916 -0.85092455148696899 -1.1498570442199707 0.48440685868263245 -0.71114742755889893 -1.1305099725723267 0.32730495929718018 -0.90988826751708984 -1.0940446853637695 0.29135206341743469 -0.88993507623672485 -1.0196405649185181 0.16373002529144287 -0.74151766300201416 -0.98856306076049805 0.018046926707029343
189.38950000703335 -0.70712310075759888 -0.99875420331954956 0.55583816766738892 -0.70971482992172241 -1.2156484127044678 0.52591651678085327 -0.93228113651275635 -1.2095674276351929 0.50639712810516357 -0.78561156988143921 -1.2223585844039917 0.33759933710098267 -1.0088480710983276 -1.1755434274673462 0.2942027747631073 -0.99410337209701538 -1.1151132583618164 0.17128989100456238 -0.8291289210319519 -1.0822451114654541 0.019213497638702393
189.38950000703335 -0.70400011539459229 -0.95968204736709595 0.53887838125228882 -0.68134874105453491 -1.1764578819274902 0.51820152997970581 -0.89557254314422607 -1.1730626821517944 0.50189840793609619 -0.75214427709579468 -1.1932162046432495 0.33732366561889648 -0.96954631805419922 -1.1444499492645264 0.297833651304245 -0.96332556009292603 -1.1027023792266846 0.18068966269493103 -0.80753427743911743 -1.0927227735519409 0.02692013792693615
253.48620001971722 -0.71229910850524902 -0.9803088903427124 0.54263263940811157 -0.68949002027511597 -1.1985937356948853 0.521811842918396 -0.90520519018173218 -1.1951749324798584 0.50539523363113403 -0.76077842712402344 -1.2154687643051147 0.33967474102973938 -0.97969400882720947 -1.1663631200790405 0.2999098002910614 -0.97342985868453979 -1.1243249177932739 0.18195031583309174 -0.81655400991439819 -1.1142758131027222 0.027110278606414795
253.48620001971722 -0.69615763425827026 -0.89102977514266968 0.67164552211761475 -0.58813804388046265 -1.1154401302337646 0.68842530250549316 -0.7934301495552063 -1.1290467977523804 0.67846155166625977 -0.74358659982681274 -1.1065150499343872 0.47202923893928528 -0.96678668260574341 -1.067074179649353 0.45244774222373962 -1.0203952789306641 -1.0459551811218262 0.31949743628501892 -0.89907270669937134 -1.0466759204864502 0.13282747566699982
320.4307000041008 -0.6853669285774231 -0.90864843130111694 0.73906058073043823 -0.66913938522338867 -1.1015127897262573 0.73141676187515259 -0.86739605665206909 -1.0850149393081665 0.70838010311126709 -0.84175795316696167 -1.0825439691543579 0.4913487434387207 -1.0714975595474243 -1.0124748945236206 0.45747664570808411 -1.1482981443405151 -0.98474901914596558 0.34254160523414612 -1.0359762907028198 -1.0051246881484985 0.15520866215229034
320.4307000041008 -0.65735894441604614 -0.90085315704345703 0.78131932020187378 -0.61249089241027832 -1.0886286497116089 0.81183987855911255 -0.79804855585098267 -1.0634658336639404 0.79664820432662964 -0.80519229173660278 -1.0610157251358032 0.55550795793533325 -1.0352261066436768 -0.98423320055007935 0.52947121858596802 -1.1652038097381592 -0.98635119199752808 0.40766963362693787 -1.084754467010498 -1.0473260879516602 0.20522722601890564
390.62759999930859 -0.64057093858718872 -0.86997050046920776 0.73858386278152466 -0.59815686941146851 -1.0474754571914673 0.76743513345718384 -0.77356541156768799 -1.0236890316009521 0.75307440757751465 -0.78031843900680542 -1.02137291431427 0.52512329816818237 -0.99777066707611084 -0.94878995418548584 0.50051063299179077 -1.1206390857696533 -0.95079207420349121 0.38537096977233887 -1.0445899963378906 -1.0084320306777954 0.19400122761726379
390.62759999930859 -0.65634924173355103 -0.79767388105392456 0.57149630784988403 -0.63665997982025146 -1.0249732732772827 0.5094788670539856 -0.81754297018051147 -1.0154039859771729 0.50097769498825073 -0.79773521423339844 -1.0042108297348022 0.29113894701004028 -1.0066477060317993 -0.93818122148513794 0.27331957221031189 -1.0655809640884399 -0.91192352771759033 0.19257225096225739 -0.9503624439239502 -0.93120533227920532 0.033441144973039627
455.70660001039505 -0.72342610359191895 -0.88982713222503662 0.64263319969177246 -0.68281245231628418 -1.1804840564727783 0.53608936071395874 -0.87947744131088257 -1.1668322086334229 0.52818769216537476 -0.89338785409927368 -1.1557275056838989 0.28956365585327148 -1.1428866386413574 -1.0773841142654419 0.27672892808914185 -1.2443219423294067 -1.0723812580108643 0.19675396382808685 -1.1128077507019043 -1.0977064371109009 0.013288481160998344
455.70660001039505 -0.71621501445770264 -0.86434143781661987 0.51348417997360229 -0.68808770179748535 -1.1619099378585815 0.47310656309127808 -0.88648110628128052 -1.1872183084487915 0.45845314860343933 -0.94684755802154541 -1.0644242763519287 0.2548162043094635 -1.205694317817688 -1.0060672760009766 0.2282484769821167 -1.1440962553024292 -0.93320667743682861 0.14118528366088867 -1.0232645273208618 -1.0880140066146851 -0.032817691564559937
537.62430001795292 -0.95564031600952148 -0.80770307779312134 0.72671926021575928 -0.84062296152114868 -1.0817313194274902 0.7240106463432312 -1.0795972347259521 -1.1036504507064819 0.6751244068145752 -1.0152877569198608 -1.1065739393234253 0.45202571153640747 -1.3064141273498535 -1.0761786699295044 0.39046642184257507 -1.1489895582199097 -1.0013444423675537 0.26348552107810974 -1.0511969327926636 -0.96922808885574341 0.092772364616394043
537.62430001795292 -1.0261960029602051 -0.88000631332397461 0.72454571723937988 -0.82340848445892334 -1.2093302011489868 0.67330962419509888 -1.0893485546112061 -1.2272711992263794 0.63472175598144531 -1.0373183488845825 -1.1860952377319336 0.40447908639907837 -1.3529276847839355 -1.1408753395080566 0.35887640714645386 -1.146259069442749 -1.0467268228530884 0.25939148664474487 -1.0200345516204834 -1.0288459062576294 0.062631279230117798
608.74190001189709 -1.1383349895477295 -0.88749790191650391 0.76573002338409424 -0.81604665517807007 -1.2125513553619385 0.70279890298843384 -1.0925545692443848 -1.226037859916687 0.65462708473205566 -1.0574920177459717 -1.183891773223877 0.43433904647827148 -1.3804172277450562 -1.1365139484405518 0.38257899880409241 -1.1353449821472168 -1.0062346458435059 0.28638976812362671 -1.000990629196167 -0.99016767740249634 0.090791292488574982
608.74190001189709 -1.1123034954071045 -0.84889155626296997 0.59645235538482666 -0.87738174200057983 -1.1407930850982666 0.49218505620956421 -1.173356294631958 -1.1739624738693237 0.42629280686378479 -1.0850508213043213 -1.0931751728057861 0.25366297364234924 -1.4363540410995483 -1.0722519159317017 0.17067337036132813 -1.0825001001358032 -0.89089465141296387 0.14091446995735168 -0.93015342950820923 -0.88375693559646606 -0.01670299656689167
675.3011000007391 -1.2370022535324097 -0.92395758628845215 0.66750985383987427 -0.97409433126449585 -1.2506335973739624 0.55082112550735474 -1.305328369140625 -1.2877544164657593 0.47707909345626831 -1.20650315284729 -1.1973429918289185 0.28388375043869019 -1.599657416343689 -1.1739269495010376 0.19100753962993622 -1.2036484479904175 -0.97096461057662964 0.15770344436168671 -1.03315269947052 -0.96297645568847656 -0.018691062927246094
675.3011000007391 -1.0494910478591919 -1.0197491645812988 0.55351400375366211 -1.0393030643463135 -1.260428786277771 0.35839509963989258 -1.4041608572006226 -1.2940385341644287 0.25187677145004272 -1.1945564746856689 -1.281225323677063 0.15424306690692902 -1.642175555229187 -1.2476263046264648 0.0081705246120691299 -1.2069531679153442 -1.0977030992507935 0.017614183947443962 -0.98493260145187378 -1.0713798999786377 -0.11941076070070267
737.94810000061989 -1.1500846147537231 -1.1262394189834595 0.72116416692733765 -1.0184758901596069 -1.4382530450820923 0.60038661956787109 -1.3599262237548828 -1.4104375839233398 0.53879314661026001 -1.180293083190918 -1.443381667137146 0.34089076519012451 -1.5845941305160522 -1.3567405939102173 0.26454609632492065 -1.2702615261077881 -1.2383359670639038 0.14862185716629028 -1.0814553499221802 -1.2014269828796387 -0.071198046207427979
737.94810000061989 -0.9441646933555603 -1.2146776914596558 0.45731282234191895 -1.0187016725540161 -1.3480910062789917 0.38596883416175842 -1.3449243307113647 -1.3354027271270752 0.32444247603416443 -1.0976393222808838 -1.349725604057312 0.21119683980941772 -1.4906551837921143 -1.2703207731246948 0.11695089191198349 -1.1580758094787598 -1.1067378520965576 0.092629574239253998 -0.94751012325286865 -1.1033568382263184 -0.02335084043443203
806.32720001041889 -0.86046105623245239 -1.1069711446762085 0.84882628917694092 -0.79518973827362061 -1.3972201347351074 0.83423817157745361 -1.0820931196212769 -1.3879063129425049 0.82601213455200195 -1.0046837329864502 -1.3753870725631714 0.53564190864562988 -1.350770115852356 -1.3256317377090454 0.51426219940185547 -1.1803228855133057 -1.2214080095291138 0.36482632160186768 -1.0679426193237305 -1.1919983625411987 0.11921785771846771
806.32720001041889 -0.84965783357620239 -0.94791167974472046 0.76210856437683105 -0.79105430841445923 -1.208510160446167 0.74901068210601807 -1.0486489534378052 -1.2001477479934692 0.74162495136260986 -0.97914737462997437 -1.1889076232910156 0.48091757297515869 -1.2898792028427124 -1.1442350149154663 0.46172192692756653 -1.1368440389633179 -1.050658106803894 0.32755169272422791 -1.0359439849853516 -1.0242528915405273 0.10703340917825699
874.63680000603199 -0.90218472480773926 -1.104806661605835 0.70528966188430786 -0.88919442892074585 -1.3483328819274902 0.67632728815078735 -1.1438959836959839 -1.3585758209228516 0.62701040506362915 -0.97782272100448608 -1.3444477319717407 0.41364860534667969 -1.2713133096694946 -1.3077433109283447 0.36460188031196594 -1.2467997074127197 -1.2525073289871216 0.26409071683883667 -1.0730955600738525 -1.2619682550430298 0.070292182266712189
876.64550000429153 -0.83830046653747559 -1.1094354391098022 0.83599138259887695 -0.79015034437179565 -1.2943260669708252 0.84364354610443115 -0.97070777416229248 -1.3003331422805786 0.81041055917739868 -0.88288253545761108 -1.2945901155471802 0.57570898532867432 -1.0917330980300903 -1.2567566633224487 0.53028738498687744 -1.0802886486053467 -1.1942161321640015 0.37231093645095825 -0.96987015008926392 -1.2262613773345947 0.1587003618478775
954.81310001015663 -0.75401192903518677 -0.95833504199981689 0.66071796417236328 -0.67563718557357788 -1.1202921867370605 0.69580888748168945 -0.84853750467300415 -1.1096487045288086 0.69376564025878906 -0.76454168558120728 -1.1040586233139038 0.45203009247779846 -0.94115585088729858 -1.0491665601730347 0.43119898438453674 -0.95350968837738037 -1.0198283195495605 0.29765892028808594 -0.83887773752212524 -1.042086124420166 0.10636856406927109
954.81310001015663 -0.67919200658798218 -0.95161771774291992 0.65380674600601196 -0.64498567581176758 -1.0834479331970215 0.63376903533935547 -0.78065741062164307 -1.0427460670471191 0.63284027576446533 -0.7259896993637085 -1.0579402446746826 0.42338123917579651 -0.87266522645950317 -0.97554999589920044 0.4024021327495575 -0.88060194253921509 -0.95953154563903809 0.27914276719093323 -0.76401770114898682 -1.0144232511520386 0.11270464211702347
1057.78370000422 -0.7313506007194519 -0.95716363191604614 0.65922588109970093 -0.66831135749816895 -1.1713781356811523 0.72964322566986084 -0.82284551858901978 -1.1526902914047241 0.73927044868469238 -0.76842248439788818 -1.1835891008377075 0.51932734251022339 -0.92958122491836548 -1.1283409595489502 0.51239627599716187 -0.96825504302978516 -1.1059691905975342 0.35033869743347168 -0.86988723278045654 -1.1122646331787109 0.17648924887180328
1061.1455000042915 -0.69844388961791992 -0.79342538118362427 0.5510857105255127 -0.60624778270721436 -0.97726529836654663 0.64362078905105591 -0.76973551511764526 -1.0028603076934814 0.63617146015167236 -0.68732142448425293 -1.0030471086502075 0.44059106707572937 -0.87612342834472656 -0.987876296043396 0.41264042258262634 -0.91723203659057617 -0.96589511632919312 0.27075743675231934 -0.81484925746917725 -0.96325665712356567 0.11012190580368042
1117.7657999992371 -0.73941332101821899 -0.87647843360900879 0.53100705146789551 -0.66353845596313477 -1.0851668119430542 0.59414136409759521 -0.83214157819747925 -1.0944541692733765 0.59021252393722534 -0.74386978149414063 -1.0765516757965088 0.38845744729042053 -0.92308145761489868 -1.0387580394744873 0.36391338706016541 -0.94703412055969238 -0.97182077169418335 0.20821076631546021 -0.82702130079269409 -0.96167188882827759 0.035234864801168442
1117.7657999992371 -0.73686271905899048 -0.87956959009170532 0.68951153755187988 -0.65366566181182861 -1.1148043870925903 0.80196249485015869 -0.81280910968780518 -1.1074460744857788 0.80847018957138062 -0.74746674299240112 -1.1250139474868774 0.57962095737457275 -0.91423147916793823 -1.071500301361084 0.56260460615158081 -0.94717299938201904 -1.0096148252487183 0.3690306544303894 -0.83917456865310669 -1.0047131776809692 0.20109206438064575
1192.8608000129461 -0.77566719055175781 -0.80701726675033569 0.72923493385314941 -0.65071290731430054 -1.0243364572525024 0.7658994197845459 -0.78179049491882324 -0.98808252811431885 0.76504057645797729 -0.72192895412445068 -0.98506426811218262 0.58396899700164795 -0.84798651933670044 -0.92105501890182495 0.57378965616226196 -0.84450209140777588 -0.8443223237991333 0.36281511187553406 -0.75121915340423584 -0.84109830856323242 0.18872757256031036
1192.8608000129461 -0.80523777008056641 -0.84952825307846069 0.64342492818832397 -0.67511141300201416 -1.1089580059051514 0.73363244533538818 -0.86249130964279175 -1.1007760763168335 0.71651899814605713 -0.79521363973617554 -1.1112543344497681 0.50800961256027222 -0.99013584852218628 -1.0618417263031006 0.47896149754524231 -1.0017504692077637 -0.96382611989974976 0.26883497834205627 -0.90162402391433716 -0.89410138130187988 0.063875563442707062
1248.7381000071764 -0.73624354600906372 -0.73789352178573608 0.68530863523483276 -0.62887328863143921 -0.96210563182830811 0.81924939155578613 -0.8016277551651001 -0.97056788206100464 0.83629775047302246 -0.74314117431640625 -0.98823553323745728 0.59030520915985107 -0.93692249059677124 -0.95040816068649292 0.59407293796539307 -1.0023818016052246 -0.89150077104568481 0.40184280276298523 -0.91058331727981567 -0.88351964950561523 0.22076359391212463
1248.7381000071764 -0.77205580472946167 -0.83718067407608032 0.74830710887908936 -0.65481644868850708 -1.0820019245147705 0.89455938339233398 -0.84345000982284546 -1.0912419557571411 0.91317468881607056 -0.77958744764328003 -1.1105334758758545 0.64457118511199951 -0.9911806583404541 -1.0692291259765625 0.64868521690368652 -1.0626568794250488 -1.0049071311950684 0.43878582119941711 -0.96242046356201172 -0.99619239568710327 0.24106231331825256
1306.8736000061035 -0.74909758567810059 -0.81228584051132202 0.7260550856590271 -0.63534450531005859 -1.0498268604278564 0.86795824766159058 -0.81836873292922974 -1.0587921142578125 0.88602006435394287 -0.75640523433685303 -1.0775099992752075 0.62540388107299805 -0.96170634031295776 -1.0374339818954468 0.62939560413360596 -1.0310571193695068 -0.97502464056015015 0.42573785781860352 -0.93380141258239746 -0.96656906604766846 0.23389396071434021
1306.8736000061035 -0.56996053457260132 -0.69241166114807129 0.88336586952209473 -0.59355020523071289 -0.9078223705291748 0.85974740982055664 -0.7402489185333252 -0.8663862943649292 0.87802410125732422 -0.77480751276016235 -0.90785866975784302 0.57477670907974243 -0.95449995994567871 -0.81480693817138672 0.57871907949447632 -1.089959979057312 -0.79151266813278198 0.41907164454460144 -1.0348080396652222 -0.81677567958831787 0.22194629907608032
1413.1210000067949 -0.70376348495483398 -0.66499733924865723 0.78567773103713989 -0.7468225359916687 -0.98473155498504639 0.68968880176544189 -0.998271644115448 -0.96700328588485718 0.70251953601837158 -0.96528488397598267 -0.92263561487197876 0.44130873680114746 -1.2356841564178467 -0.82683390378952026 0.45176136493682861 -1.3298481702804565 -0.83536320924758911 0.29191455245018005 -1.205193042755127 -0.89612013101577759 0.061690922826528549
1486.4013000130653 -1.2129697799682617 -1.3652670383453369 0.44163402915000916 -1.2497361898422241 -1.5903991460800171 0.35554853081703186 -1.5120390653610229 -1.5630123615264893 0.34236997365951538 -1.3720653057098389 -1.5547124147415161 0.1986083984375 -1.6819413900375366 -1.4336779117584229 0.16595828533172607 -1.6925455331802368 -1.4101300239562988 0.11714529991149902 -1.5282351970672607 -1.4754489660263062 0.0022673076018691063
1621.5749000161886 -0.61292016506195068 -0.67493432760238647 0.59877651929855347 -0.67114937305450439 -0.94132095575332642 0.55125916004180908 -0.92838478088378906 -0.97250312566757202 0.52997612953186035 -0.8418230414390564 -0.90312874317169189 0.33490437269210815 -1.1462196111679077 -0.88033300638198853 0.31457462906837463 -1.2232964038848877 -0.85430234670639038 0.21962927281856537 -1.0724685192108154 -0.87355178594589233 0.027066076174378395
1621.5749000161886 -1.1421079635620117 -1.4068731069564819 0.79041361808776855 -1.1282392740249634 -1.8272875547409058 0.6928412914276123 -1.4966591596603394 -1.833030104637146 0.65976619720458984 -1.3602579832077026 -1.7814488410949707 0.3579908013343811 -1.7786983251571655 -1.7161797285079956 0.3277256190776825 -1.7960878610610962 -1.6721978187561035 0.22682598233222961 -1.568597674369812 -1.6636955738067627 -0.0311147291213274
1683.806400001049 -0.79939097166061401 -1.1828341484069824 0.53986662626266479 -0.78310573101043701 -1.4196085929870605 0.49835646152496338 -1.0544073581695557 -1.4571342468261719 0.46808043122291565 -1.0001295804977417 -1.3764656782150269 0.28504511713981628 -1.3272939920425415 -1.3567166328430176 0.24741640686988831 -1.2090648412704468 -1.2784172296524048 0.18245743215084076 -1.0542145967483521 -1.2826820611953735 0.012752293609082699
1683.806400001049 -0.78916823863983154 -1.1579984426498413 0.44568023085594177 -0.83156782388687134 -1.3204010725021362 0.38794776797294617 -1.1198604106903076 -1.3351534605026245 0.34409630298614502 -0.95226520299911499 -1.2827140092849731 0.20716443657875061 -1.2662914991378784 -1.235845685005188 0.14280372858047485 -1.0528736114501953 -1.0895293951034546 0.095372237265110016 -0.88287627696990967 -1.0893939733505249 -0.038893166929483414
1746.8206999897957 -0.85085052251815796 -1.1826399564743042 0.2175792008638382 -0.83990132808685303 -1.3693267107009888 0.23087498545646667 -1.1217981576919556 -1.3811699151992798 0.20473013818264008 -0.91804587841033936 -1.3386766910552979 0.11299195140600204 -1.2398687601089478 -1.2889487743377686 0.063131019473075867 -1.0161370038986206 -1.1589754819869995 0.054000075906515121 -0.83294856548309326 -1.1653270721435547 -0.049069624394178391
1746.8206999897957 -0.81732714176177979 -1.1470950841903687 0.24465648829936981 -0.82805085182189941 -1.3316972255706787 0.2163669764995575 -1.0964769124984741 -1.3278194665908813 0.17782813310623169 -0.88806682825088501 -1.2991914749145508 0.064828917384147644 -1.2040976285934448 -1.2408841848373413 0.005403218325227499 -1.07309889793396 -1.1716736555099487 -0.0095246843993663788 -0.87770539522171021 -1.1987746953964233 -0.12769921123981476
1804.439099997282 -0.78324854373931885 -1.0271375179290771 0.23238317668437958 -0.79343432188034058 -1.202478289604187 0.20551292598247528 -1.048393726348877 -1.1987950801849365 0.1689075231552124 -0.85043936967849731 -1.1716034412384033 0.06157737597823143 -1.1506150960922241 -1.1162213087081909 0.0051330146379768848 -1.0261884927749634 -1.0504829883575439 -0.009045969694852829 -0.84059768915176392 -1.0762243270874023 -0.12129178643226624
1926.5474000126123 -0.57906877994537354 -1.2150799036026001 0.58296328783035278 -0.57443094253540039 -1.4568755626678467 0.54681861400604248 -0.79666805267333984 -1.4341472387313843 0.53800845146179199 -0.71223241090774536 -1.4278677701950073 0.33271801471710205 -0.93806183338165283 -1.3436775207519531 0.31953853368759155 -0.99177944660186768 -1.3273706436157227 0.23401355743408203 -0.90756678581237793 -1.3809236288070679 0.049242623150348663
1926.5474000126123 -0.58921957015991211 -0.87941098213195801 0.5020635724067688 -0.65062344074249268 -1.0248931646347046 0.48703214526176453 -0.81289476156234741 -1.016727089881897 0.46701741218566895 -0.71700507402420044 -1.0117703676223755 0.33043953776359558 -0.87366414070129395 -0.97534137964248657 0.30992475152015686 -0.8726116418838501 -0.9183802604675293 0.21183174848556519 -0.76863819360733032 -0.92637550830841064 0.05546385794878006
