17.819900020956993 0.0038245434407144785 -1.4565539360046387 0.25043919682502747 0.50493031740188599 -2.1443629264831543 -0.21358692646026611 0.52337819337844849 -2.4208455085754395 -0.24818450212478638 -0.087836690247058868 -2.242405891418457 -0.31332704424858093 -0.19897571206092834 -2.5115232467651367 -0.31350654363632202 -0.43300032615661621 -1.4771231412887573 0.030875993892550468 -0.53555810451507568 -1.1053615808486938 0.015005310066044331
17.819900020956993 -0.0081053581088781357 -1.4572778940200806 0.25180241465568542 0.49573442339897156 -2.1488397121429443 -0.21475541591644287 0.5142829418182373 -2.4268307685852051 -0.2495417594909668 -0.10026668757200241 -2.247417688369751 -0.31503969430923462 -0.21201208233833313 -2.518002986907959 -0.3152201771736145 -0.44731351733207703 -1.4779593944549561 0.031041275709867477 -0.55043083429336548 -1.104169487953186 0.015084000304341316
75.535500019788742 -0.0071007381193339825 -1.4617375135421753 0.25202518701553345 0.52660244703292847 -2.1475942134857178 -0.17278723418712616 0.54984509944915771 -2.4276735782623291 -0.205050989985466 -0.068501383066177368 -2.2557013034820557 -0.27851411700248718 -0.17943295836448669 -2.5363631248474121 -0.27651798725128174 -0.44624650478363037 -1.5350455045700073 0.061381537467241287 -0.50508683919906616 -1.0777269601821899 0.074051171541213989
75.535500019788742 0.010896278545260429 -1.4886609315872192 0.20514185726642609 0.53692322969436646 -2.1573441028594971 -0.22613689303398132 0.55003350973129272 -2.441885232925415 -0.2644246518611908 -0.039274163544178009 -2.2530627250671387 -0.33620104193687439 -0.14960107207298279 -2.5373468399047852 -0.34187343716621399 -0.41197547316551208 -1.4877129793167114 0.01301354356110096 -0.48594436049461365 -1.065106987953186 0.022064937278628349
142.65670001506805 0.0003192662843503058 -1.4638082981109619 0.2641613781452179 0.53297132253646851 -2.1784994602203369 -0.17269805073738098 0.55160844326019287 -2.4554297924041748 -0.20488394796848297 -0.071683607995510101 -2.2581546306610107 -0.28078848123550415 -0.17967683076858521 -2.531247615814209 -0.27906274795532227 -0.41415590047836304 -1.418917179107666 0.069858923554420471 -0.51869136095046997 -1.0549396276473999 0.045204263180494308
142.65670001506805 -0.014154741540551186 -1.460827112197876 0.2754763662815094 0.51281416416168213 -2.162971019744873 -0.13614866137504578 0.52317744493484497 -2.4355261325836182 -0.16528439521789551 -0.077634662389755249 -2.2528767585754395 -0.23297527432441711 -0.18653978407382965 -2.5225226879119873 -0.22626268863677979 -0.40356260538101196 -1.4009270668029785 0.1114080548286438 -0.51707226037979126 -1.0462373495101929 0.089621864259243011
201.79060001671314 -0.012054929509758949 -1.4343999624252319 0.2698637843132019 0.50417435169219971 -2.1222343444824219 -0.13337232172489166 0.51432645320892334 -2.3892345428466797 -0.16191428899765015 -0.074241138994693756 -2.2103073596954346 -0.22822563350200653 -0.18092678487300873 -2.4744582176208496 -0.22164985537528992 -0.39352670311927795 -1.3757208585739136 0.10913921147584915 -0.50472301244735718 -1.0282595157623291 0.087797015905380249
201.79060001671314 -0.0014991689240559936 -1.4595574140548706 0.20902338624000549 0.51094478368759155 -2.1112525463104248 -0.23343393206596375 0.51867663860321045 -2.3800423145294189 -0.26500794291496277 -0.078050941228866577 -2.1890316009521484 -0.30789175629615784 -0.18275885283946991 -2.4485657215118408 -0.3038443922996521 -0.35518479347229004 -1.3398405313491821 0.031884491443634033 -0.48099523782730103 -1.0276308059692383 -0.0046364660374820232
261.75570002198219 0.019681692123413086 -1.4262548685073853 0.26393130421638489 0.55211353302001953 -2.1159501075744629 -0.20134899020195007 0.57902634143829346 -2.3992245197296143 -0.24104724824428558 -0.060171324759721756 -2.2191095352172852 -0.30139333009719849 -0.16568320989608765 -2.5148859024047852 -0.30964472889900208 -0.38981866836547852 -1.4162136316299438 0.058654889464378357 -0.45794621109962463 -1.01519775390625 0.057395651936531067
261.75570002198219 -0.023079060018062592 -1.4399915933609009 0.26594889163970947 0.51342624425888062 -2.1349632740020752 -0.20289111137390137 0.54054498672485352 -2.4204051494598389 -0.24289306998252869 -0.1035430058836937 -2.2389121055603027 -0.30370083451271057 -0.2098621129989624 -2.5369513034820557 -0.31201538443565369 -0.43571233749389648 -1.4298734664916992 0.059101972728967667 -0.50436115264892578 -1.0257894992828369 0.057833101600408554
322.34820000827312 -0.052469722926616669 -1.4288557767868042 0.2766667902469635 0.54071009159088135 -2.1129012107849121 -0.18455474078655243 0.57549899816513062 -2.3900103569030762 -0.22028052806854248 -0.11168359220027924 -2.2428648471832275 -0.28422671556472778 -0.22638417780399323 -2.5358569622039795 -0.29288297891616821 -0.44157779216766357 -1.4081401824951172 0.046541023999452591 -0.52565521001815796 -1.0357092618942261 0.032716158777475357
322.34820000827312 -0.051776781678199768 -1.3916188478469849 0.27726879715919495 0.51484769582748413 -2.0930821895599365 -0.14411656558513641 0.52980613708496094 -2.3676121234893799 -0.1744367927312851 -0.084803871810436249 -2.1969764232635498 -0.24804718792438507 -0.20205837488174438 -2.4846055507659912 -0.24715425074100494 -0.45979669690132141 -1.4682159423828125 0.079429261386394501 -0.49063155055046082 -1.0001746416091919 0.091174200177192688
385.04560002684593 -0.10911116749048233 -1.44324791431427 0.27628767490386963 0.53308194875717163 -2.1694936752319336 -0.093903444707393646 0.55922621488571167 -2.4498097896575928 -0.1246471181511879 -0.13174118101596832 -2.2875616550445557 -0.23630897700786591 -0.2810484766960144 -2.5833504199981689 -0.24475473165512085 -0.51217478513717651 -1.489737868309021 0.066326670348644257 -0.56489312648773193 -1.0436675548553467 0.058948975056409836
385.04560002684593 -0.095754034817218781 -1.3613622188568115 0.26216956973075867 0.51362377405166626 -2.0504977703094482 -0.089105188846588135 0.53843212127685547 -2.3164899349212646 -0.1182778924703598 -0.11722768098115921 -2.1625328063964844 -0.22423398494720459 -0.25890552997589111 -2.443206787109375 -0.23224817216396332 -0.47822153568267822 -1.4054766893386841 0.062937356531620026 -0.52824610471725464 -0.98219996690750122 0.055936653167009354
443.43060003221035 -0.042722795158624649 -1.4380191564559937 0.32359951734542847 0.50683319568634033 -2.1273729801177979 -0.069442704319953918 0.52216291427612305 -2.3877618312835693 -0.087232485413551331 -0.12919706106185913 -2.2388768196105957 -0.18194061517715454 -0.26405268907546997 -2.5142374038696289 -0.17208299040794373 -0.40876221656799316 -1.359432578086853 0.16211411356925964 -0.53462350368499756 -1.1019481420516968 0.099527955055236816
443.43060003221035 -0.061152573674917221 -1.404066801071167 0.26224863529205322 0.42700287699699402 -2.004608154296875 -0.13048891723155975 0.43458414077758789 -2.2558977603912354 -0.15687808394432068 -0.13841493427753448 -2.1005051136016846 -0.22763505578041077 -0.25871232151985168 -2.3603131771087646 -0.22569239139556885 -0.42723503708839417 -1.302473783493042 0.1028665229678154 -0.53201371431350708 -1.0703791379928589 0.059207256883382797
502.81760001182556 -0.096474841237068176 -1.3706260919570923 0.2821938693523407 0.43127420544624329 -2.0077519416809082 -0.06845179945230484 0.44393229484558105 -2.2603435516357422 -0.09188234806060791 -0.12076046317815781 -2.1096775531768799 -0.186899334192276 -0.25107741355895996 -2.383676290512085 -0.18536882102489471 -0.421089768409729 -1.2763491868972778 0.15358145534992218 -0.52850997447967529 -1.0537818670272827 0.099410258233547211
502.81760001182556 -0.13258998095989227 -1.3362350463867188 0.27853074669837952 0.38830310106277466 -1.9650839567184448 -0.067559666931629181 0.40079677104949951 -2.2143938541412354 -0.090685829520225525 -0.15656009316444397 -2.0656852722167969 -0.18446846306324005 -0.2851841151714325 -2.3361246585845947 -0.18295782804489136 -0.45298781991004944 -1.2431827783584595 0.15158915519714355 -0.55901253223419189 -1.0235068798065186 0.098121695220470428
566.40520000457764 -0.17123185098171234 -1.3216314315795898 0.28162720799446106 0.38589411973953247 -2.0219845771789551 -0.09297817200422287 0.41106849908828735 -2.2679059505462646 -0.11798737943172455 -0.1748155951499939 -2.1371598243713379 -0.20451419055461884 -0.28497806191444397 -2.4171836376190186 -0.2086009681224823 -0.45537844300270081 -1.2693647146224976 0.16834916174411774 -0.57034629583358765 -1.0707809925079346 0.11628749221563339
566.40520000457764 -0.11466868221759796 -1.3130002021789551 0.31947028636932373 0.36145535111427307 -1.9593467712402344 -0.052642360329627991 0.36909037828445435 -2.1836326122283936 -0.067191280424594879 -0.17954398691654205 -2.0387437343597412 -0.13649836182594299 -0.28375047445297241 -2.2780420780181885 -0.11944544315338135 -0.43022966384887695 -1.2448240518569946 0.20544521510601044 -0.52016168832778931 -1.020780086517334 0.15631592273712158
627.05940000712872 -0.15910346806049347 -1.3984668254852295 0.336263507604599 0.33508205413818359 -2.0108113288879395 -0.035179004073143005 0.34015360474586487 -2.2289295196533203 -0.043896231800317764 -0.16812348365783691 -2.1015665531158447 -0.10352089256048203 -0.24873428046703339 -2.3249645233154297 -0.070312649011611938 -0.44707518815994263 -1.3683708906173706 0.21149736642837524 -0.53027611970901489 -1.1327714920043945 0.166420578956604
627.05940000712872 -0.15608760714530945 -1.2478737831115723 0.31638979911804199 0.30888673663139343 -1.8240227699279785 -0.033096827566623688 0.31365850567817688 -2.0292482376098633 -0.04129878431558609 -0.16457442939281464 -1.9094135761260986 -0.097399041056632996 -0.24042034149169922 -2.1196064949035645 -0.066153734922409058 -0.42703738808631897 -1.2195568084716797 0.19899855554103851 -0.50532031059265137 -0.99788373708724976 0.15658625960350037
699.22180001437664 -0.12984175980091095 -1.425834059715271 0.3257046639919281 0.28700900077819824 -2.0204775333404541 -0.072901792824268341 0.27756458520889282 -2.2331357002258301 -0.074133321642875671 -0.19767230749130249 -2.0812599658966064 -0.13407565653324127 -0.26621577143669128 -2.2974274158477783 -0.098491489887237549 -0.41546964645385742 -1.3532657623291016 0.18011632561683655 -0.48699280619621277 -1.1205316781997681 0.12925122678279877
699.22180001437664 -0.067302137613296509 -1.2548400163650513 0.3375164270401001 0.33416295051574707 -1.8881028890609741 -0.065916672348976135 0.35563367605209351 -2.1041803359985352 -0.090841948986053467 -0.19922991096973419 -2.0047364234924316 -0.1517358124256134 -0.28244861960411072 -2.2468740940093994 -0.1521904468536377 -0.43408083915710449 -1.2346185445785522 0.12232306599617004 -0.52859282493591309 -1.0260598659515381 0.06679777055978775
762.39910002052784 -0.11517267674207687 -1.328158974647522 0.31521952152252197 0.333555668592453 -1.9322974681854248 -0.078527212142944336 0.35045275092124939 -2.1505634784698486 -0.10252293199300766 -0.23167982697486877 -2.0052096843719482 -0.17051389813423157 -0.32545536756515503 -2.239534854888916 -0.17199844121932983 -0.42986610531806946 -1.3287421464920044 0.11131186038255692 -0.47789019346237183 -1.0112646818161011 0.087357871234416962
762.39910002052784 -0.11058525741100311 -1.3398245573043823 0.36892825365066528 0.3292812705039978 -1.9712976217269897 0.024681555107235909 0.33435392379760742 -2.1806409358978271 0.020157203078269958 -0.19069771468639374 -2.0486783981323242 -0.068411104381084442 -0.27768757939338684 -2.2609241008758545 -0.04662545770406723 -0.43813130259513855 -1.350791335105896 0.17554628849029541 -0.52494388818740845 -1.0921527147293091 0.1209552064538002
831.58020001649857 -0.1353914737701416 -1.2786259651184082 0.35700458288192749 0.29025790095329285 -1.8896890878677368 0.023884464055299759 0.29516661167144775 -2.0922660827636719 0.019506346434354782 -0.21291457116603851 -1.9645686149597168 -0.066199295222759247 -0.29709279537200928 -2.1699542999267578 -0.045117795467376709 -0.45235070586204529 -1.289238452911377 0.16987301409244537 -0.5363573431968689 -1.0389593839645386 0.11704639345407486
831.58020001649857 -0.13287560641765594 -1.3630203008651733 0.37046733498573303 0.3090660572052002 -2.0382852554321289 0.049658965319395065 0.30972620844841003 -2.2420029640197754 0.051748994737863541 -0.20821522176265717 -2.1111595630645752 -0.072294943034648895 -0.2940974235534668 -2.3304233551025391 -0.055445041507482529 -0.42285984754562378 -1.302435040473938 0.17016096413135529 -0.51771903038024902 -1.0784815549850464 0.10584406554698944
906.86250001192093 -0.10189186036586761 -1.1602051258087158 0.32823672890663147 0.30235791206359863 -1.7812573909759521 0.05131366103887558 0.33466827869415283 -1.9742519855499268 0.042621906846761703 -0.19055405259132385 -1.8929036855697632 -0.031248124316334724 -0.26540616154670715 -2.1286280155181885 -0.028536844998598099 -0.3792634904384613 -1.1081809997558594 0.15274342894554138 -0.47671204805374146 -0.92340892553329468 0.093871608376502991
906.86250001192093 -0.12655510008335114 -1.1892904043197632 0.31972268223762512 0.31023487448692322 -1.8170990943908691 0.034243524074554443 0.34218853712081909 -2.0176420211791992 0.025917865335941315 -0.19911420345306396 -1.9348728656768799 -0.069440990686416626 -0.28224974870681763 -2.1760931015014648 -0.066837914288043976 -0.41719335317611694 -1.1113177537918091 0.12645097076892853 -0.51545721292495728 -0.92309433221817017 0.063662201166152954
970.38240000605583 -0.10604043304920197 -1.2568409442901611 0.33318254351615906 0.30935436487197876 -1.8808146715164185 0.028565408661961555 0.31831395626068115 -2.0787203311920166 0.029728809371590614 -0.19412769377231598 -1.9634090662002563 -0.068963080644607544 -0.28335964679718018 -2.1767098903656006 -0.049674663692712784 -0.41444814205169678 -1.1807065010070801 0.14302627742290497 -0.49365580081939697 -0.98142504692077637 0.074901789426803589
970.38240000605583 -0.18694163858890533 -1.3143728971481323 0.35687628388404846 0.27252504229545593 -1.9896743297576904 0.11226034164428711 0.27376428246498108 -2.1922872066497803 0.11732460558414459 -0.17451512813568115 -2.0799479484558105 -0.0026329027023166418 -0.26803448796272278 -2.3103971481323242 0.015269692987203598 -0.43749246001243591 -1.2566745281219482 0.21483418345451355 -0.54085195064544678 -1.0493277311325073 0.16028213500976563
1025.8827000111341 -0.1871909499168396 -1.1439876556396484 0.32453271746635437 0.23063881695270538 -1.7580932378768921 0.10208391398191452 0.23176576197147369 -1.9423452615737915 0.10668924450874329 -0.17589053511619568 -1.8401862382888794 -0.0023976941592991352 -0.26093512773513794 -2.0497522354125977 0.01388256624341011 -0.41503685712814331 -1.0915180444717407 0.19536249339580536 -0.50902986526489258 -0.90296107530593872 0.14575394988059998
1025.8827000111341 -0.19334134459495544 -1.2844722270965576 0.33877155184745789 0.24423100054264069 -1.8868256807327271 0.11510024964809418 0.23202438652515411 -2.0856387615203857 0.11438105255365372 -0.13741101324558258 -1.9643915891647339 0.0077507356181740761 -0.21523794531822205 -2.2025461196899414 0.023739758878946304 -0.38321027159690857 -1.2352918386459351 0.1511586606502533 -0.48388460278511047 -1.0346064567565918 0.083808109164237976
1103.7166000157595 -0.16374275088310242 -1.1683404445648193 0.32351797819137573 0.282967209815979 -1.7945897579193115 0.033535409718751907 0.32579168677330017 -2.0036778450012207 0.016294157132506371 -0.1979999840259552 -1.9129525423049927 -0.053116146475076675 -0.27667456865310669 -2.1690163612365723 -0.061943624168634415 -0.4004862904548645 -1.1047900915145874 0.13172239065170288 -0.51719355583190918 -0.942726731300354 0.069530658423900604
1103.7166000157595 -0.12346521764993668 -1.1124116182327271 0.34961029887199402 0.31051507592201233 -1.7939971685409546 0.085786968469619751 0.35383769869804382 -2.0086638927459717 0.073271535336971283 -0.16800613701343536 -1.9223816394805908 -0.010179756209254265 -0.25270861387252808 -2.1821932792663574 -0.013167591765522957 -0.4058414101600647 -1.1085509061813354 0.16318196058273315 -0.51760101318359375 -0.92865097522735596 0.097086139023303986
1166.9604000151157 -0.14140118658542633 -1.1489462852478027 0.36219885945320129 0.30820527672767639 -1.8550733327865601 0.088876090943813324 0.35308784246444702 -2.0774698257446289 0.075910016894340515 -0.18754588067531586 -1.988080620765686 -0.010546073317527771 -0.27529820799827576 -2.2572474479675293 -0.013641491532325745 -0.43394485116004944 -1.1449465751647949 0.16905783116817474 -0.54972845315933228 -0.95856904983520508 0.10058211535215378
1166.9604000151157 -0.16396464407444 -1.278104305267334 0.32668676972389221 0.27615270018577576 -1.9507501125335693 0.028402935713529587 0.29255834221839905 -2.1584231853485107 0.022317208349704742 -0.2075105607509613 -2.0348658561706543 -0.049690470099449158 -0.28625103831291199 -2.2721664905548096 -0.038853295147418976 -0.43017560243606567 -1.1896909475326538 0.17206349968910217 -0.52255445718765259 -1.0038638114929199 0.11753856390714645
1236.6460000127554 -0.19714003801345825 -1.1975336074829102 0.3114544153213501 0.22245171666145325 -1.8388094902038574 0.027081521227955818 0.23809227347373962 -2.0367975234985352 0.021279612556099892 -0.23865512013435364 -1.9190026521682739 -0.047369875013828278 -0.31372341513633728 -2.1452360153198242 -0.037038110196590424 -0.45093584060668945 -1.113243579864502 0.16404224932193756 -0.53900641202926636 -0.93608289957046509 0.11206018179655075
1236.6460000127554 -0.14981287717819214 -1.285486102104187 0.31679612398147583 0.22954767942428589 -1.9214096069335938 -0.0011061523109674454 0.233165442943573 -2.1186215877532959 -0.0072752838023006916 -0.2517581582069397 -1.981123685836792 -0.091245852410793304 -0.33132776618003845 -2.1990787982940674 -0.080669619143009186 -0.43336975574493408 -1.1666315793991089 0.13432319462299347 -0.52056556940078735 -0.9807664155960083 0.073146075010299683
1301.7397000193596 -0.17916402220726013 -1.2567788362503052 0.34567499160766602 0.20881038904190063 -1.9163442850112915 0.095040425658226013 0.19997446238994598 -2.1103165149688721 0.096971184015274048 -0.17873822152614594 -1.9846264123916626 -0.008495754562318325 -0.26353713870048523 -2.2018554210662842 0.0070063425227999687 -0.42269006371498108 -1.2170542478561401 0.17988984286785126 -0.50876492261886597 -1.0252130031585693 0.12204486876726151
1301.7397000193596 -0.20330724120140076 -1.159268856048584 0.34553837776184082 0.17213314771652222 -1.7925641536712646 0.079339101910591125 0.16601978242397308 -1.984764575958252 0.076266534626483917 -0.21583361923694611 -1.864301323890686 -0.019961416721343994 -0.29975342750549316 -2.0878140926361084 -0.0067503619939088821 -0.44615891575813293 -1.1477619409561157 0.15394528210163116 -0.53485161066055298 -0.9729076623916626 0.085807301104068756
1389.7800000160933 -0.16531452536582947 -1.2077676057815552 0.35109889507293701 0.22157439589500427 -1.8884419202804565 0.062590055167675018 0.25138518214225769 -2.0985267162322998 0.052070166915655136 -0.27255958318710327 -1.9946362972259521 -0.006098912563174963 -0.34991148114204407 -2.2539308071136475 -0.010461331345140934 -0.43115705251693726 -1.1520817279815674 0.17967589199542999 -0.54263871908187866 -0.97896385192871094 0.11531372368335724
1389.7800000160933 -0.12456326186656952 -1.1540580987930298 0.31902813911437988 0.2560977041721344 -1.7834987640380859 0.069542981684207916 0.28518643975257874 -1.9807572364807129 0.065002560615539551 -0.24718926846981049 -1.8831032514572144 -0.007144611794501543 -0.34241804480552673 -2.1244604587554932 -0.0037888642400503159 -0.3917706310749054 -1.0783723592758179 0.14857813715934753 -0.48234346508979797 -0.92502063512802124 0.07643204927444458
1460.5258000195026 -0.15700888633728027 -1.1708967685699463 0.32136201858520508 0.23478233814239502 -1.8269217014312744 0.095793485641479492 0.259002685546875 -2.0256354808807373 0.09687679260969162 -0.27783292531967163 -1.940754771232605 0.01478142011910677 -0.38922712206840515 -2.1774599552154541 0.026276057586073875 -0.43493106961250305 -1.1061700582504272 0.17179155349731445 -0.51680755615234375 -0.9443851113319397 0.10100290179252625
1460.5258000195026 -0.15709683299064636 -1.1559876203536987 0.31820744276046753 0.23085075616836548 -1.8055765628814697 0.094851814210414886 0.25483348965644836 -2.0023410320281982 0.095924489200115204 -0.27673554420471191 -1.9182928800582886 0.014634514227509499 -0.38703688979148865 -2.1526758670806885 0.026016384363174438 -0.43229246139526367 -1.0918958187103271 0.17010430991649628 -0.51336574554443359 -0.93169808387756348 0.10001012682914734
1523.7091000080109 -0.16657698154449463 -1.1653074026107788 0.31549549102783203 0.22882460057735443 -1.8228726387023926 0.099185340106487274 0.24960561096668243 -2.0215129852294922 0.1015106663107872 -0.26957908272743225 -1.9318873882293701 0.012147548608481884 -0.37968176603317261 -2.1660981178283691 0.023726582527160645 -0.43318706750869751 -1.1095260381698608 0.15998804569244385 -0.52169346809387207 -0.94480150938034058 0.088957637548446655
1523.7091000080109 -0.1847650557756424 -1.147696852684021 0.33482208847999573 0.22048409283161163 -1.7997161149978638 0.10786890983581543 0.24671903252601624 -1.9931870698928833 0.1080053523182869 -0.29534879326820374 -1.903057336807251 0.014356017112731934 -0.40361827611923218 -2.1286568641662598 0.023028867319226265 -0.45106056332588196 -1.0975624322891235 0.167526975274086 -0.54310786724090576 -0.93145942687988281 0.09407101571559906
1600.2366999983788 -0.18759334087371826 -1.1324787139892578 0.33259260654449463 0.21495573222637177 -1.7801536321640015 0.10715156048536301 0.24101585149765015 -1.9723354578018188 0.10728709399700165 -0.29744026064872742 -1.8828063011169434 0.014261714182794094 -0.40498837828636169 -2.1069028377532959 0.022876780480146408 -0.45211461186408997 -1.0826781988143921 0.16641214489936829 -0.543548583984375 -0.91768205165863037 0.093445584177970886
1600.2366999983788 -0.18059313297271729 -1.179568886756897 0.3452720046043396 0.20710928738117218 -1.8327646255493164 0.10894028842449188 0.22521772980690002 -2.0216753482818604 0.10891333967447281 -0.30774682760238647 -1.9108918905258179 0.014389851130545139 -0.41596865653991699 -2.1217930316925049 0.02246461994946003 -0.43800738453865051 -1.1088544130325317 0.17042365670204163 -0.52196121215820313 -0.93615168333053589 0.096185885369777679
1663.0116000026464 -0.18541437387466431 -1.1245728731155396 0.35842853784561157 0.20082980394363403 -1.7721971273422241 0.1436249315738678 0.21595750749111176 -1.9542800188064575 0.14806969463825226 -0.2866777777671814 -1.8720798492431641 0.043717097491025925 -0.39085865020751953 -2.0887978076934814 0.058529086410999298 -0.45493820309638977 -1.0772664546966553 0.19352303445339203 -0.55072152614593506 -0.90156841278076172 0.12318751215934753
1663.0116000026464 -0.1860547810792923 -1.1225862503051758 0.35798412561416626 0.19971098005771637 -1.7694083452224731 0.14344659447669983 0.21481992304325104 -1.9512654542922974 0.14788585901260376 -0.28719276189804077 -1.8691674470901489 0.043662518262863159 -0.3912445604801178 -2.0856168270111084 0.058456160128116608 -0.45524477958679199 -1.0753383636474609 0.19328288733959198 -0.55090939998626709 -0.89985805749893188 0.12303449213504791
1721.0884000211954 -0.19428850710391998 -1.1378527879714966 0.34155738353729248 0.1920599639415741 -1.7774704694747925 0.11410777270793915 0.20552554726600647 -1.9631400108337402 0.11581463366746902 -0.28641679883003235 -1.8733348846435547 0.0094954632222652435 -0.38930484652519226 -2.0901234149932861 0.022199803963303566 -0.4609452486038208 -1.0876032114028931 0.17110046744346619 -0.55100923776626587 -0.91897302865982056 0.10142523050308228
1721.0884000211954 -0.19059069454669952 -1.1476032733917236 0.34433308243751526 0.19285039603710175 -1.7901586294174194 0.10735678672790527 0.20321166515350342 -1.9755188226699829 0.10922945290803909 -0.28441309928894043 -1.881959080696106 0.015039973892271519 -0.38423207402229309 -2.1003217697143555 0.029452158138155937 -0.45238205790519714 -1.0934468507766724 0.18733716011047363 -0.5442582368850708 -0.93232101202011108 0.11770888417959213
1783.4100000113249 -0.16667431592941284 -1.1448937654495239 0.34635540843009949 0.19149127602577209 -1.7972323894500732 0.075076840817928314 0.2027110755443573 -1.9831387996673584 0.07507699728012085 -0.30181995034217834 -1.8655136823654175 -0.012567615136504173 -0.39666253328323364 -2.0802736282348633 -0.0013186408905312419 -0.43770956993103027 -1.0704517364501953 0.16852240264415741 -0.52268469333648682 -0.90346354246139526 0.098057739436626434
1788.624200001359 -0.17375452816486359 -1.1818834543228149 0.35757192969322205 0.19600898027420044 -1.855345606803894 0.07750895619392395 0.20759208500385284 -2.0472722053527832 0.077509120106697083 -0.31327635049819946 -1.9258381128311157 -0.012973550707101822 -0.41119009256362915 -2.147552490234375 -0.0013603187398985028 -0.4535662829875946 -1.1050310134887695 0.17398042976856232 -0.54129302501678467 -0.93263542652130127 0.10123401880264282
1850.3818000108004 -0.19684310257434845 -1.1974940299987793 0.35552212595939636 0.17966826260089874 -1.8498238325119019 0.08657710999250412 0.19159530103206635 -2.0424373149871826 0.085782252252101898 -0.336618572473526 -1.9169846773147583 -0.0010100242216140032 -0.43893828988075256 -2.13826584815979 0.0096867205575108528 -0.48355913162231445 -1.1145589351654053 0.17104445397853851 -0.56529390811920166 -0.94233840703964233 0.099349342286586761
1850.3818000108004 -0.18231017887592316 -1.2166993618011475 0.3383098840713501 0.20676738023757935 -1.8672366142272949 0.076284803450107574 0.21687124669551849 -2.0649755001068115 0.07354167103767395 -0.29781684279441833 -1.9476051330566406 -0.018369141966104507 -0.40397661924362183 -2.1754751205444336 -0.0085141453891992569 -0.46295341849327087 -1.1406179666519165 0.15822887420654297 -0.54200786352157593 -0.96952599287033081 0.089201927185058594
1910.2907000184059 -0.2189098596572876 -1.2027615308761597 0.34022575616836548 0.19208821654319763 -1.8484823703765869 0.083811014890670776 0.20283105969429016 -2.0471460819244385 0.082527637481689453 -0.30021184682846069 -1.9452646970748901 -0.018862886354327202 -0.40682166814804077 -2.1817200183868408 -0.0054942881688475609 -0.49030256271362305 -1.133333683013916 0.14605380594730377 -0.57191371917724609 -0.9537474513053894 0.075814135372638702
1910.2907000184059 -0.23298551142215729 -1.2140271663665771 0.35548985004425049 0.19114594161510468 -1.8640470504760742 0.10321658849716187 0.20557132363319397 -2.063934326171875 0.10189363360404968 -0.30701959133148193 -1.9603309631347656 -0.0013623933773487806 -0.41442155838012695 -2.1995041370391846 0.0096581773832440376 -0.50784987211227417 -1.1586956977844238 0.148434117436409 -0.59408867359161377 -0.96990883350372314 0.077831313014030457
1972.7088000029325 -0.23779498040676117 -1.1922100782394409 0.35194244980812073 0.18210296332836151 -1.8357417583465576 0.10218724608421326 0.19638437032699585 -2.0336339473724365 0.10087750107049942 -0.31109008193016052 -1.9310646057128906 -0.0013478718465194106 -0.41741999983787537 -2.1678504943847656 0.0095626953989267349 -0.50991576910018921 -1.1374309062957764 0.14695343375205994 -0.59529370069503784 -0.95052844285964966 0.077055349946022034
1972.7088000029325 -0.23302853107452393 -1.2161462306976318 0.35318270325660706 0.16938202083110809 -1.8640950918197632 0.091583780944347382 0.17733898758888245 -2.0643589496612549 0.089636050164699554 -0.31924301385879517 -1.9419262409210205 0.00012773968046531081 -0.4245237410068512 -2.1755948066711426 0.012108182534575462 -0.50643730163574219 -1.1499927043914795 0.14532844722270966 -0.58277320861816406 -0.9627801775932312 0.078518792986869812
