98.922800004482269 0.10671640187501907 -0.84056985378265381 1.1964931488037109 0.43184161186218262 -1.7765135765075684 0.34905135631561279 0.42102324962615967 -2.004997730255127 0.3974260687828064 -0.2923409640789032 -1.7467771768569946 0.20176930725574493 -0.39220520853996277 -1.9739540815353394 0.28212866187095642 -0.43864855170249939 -0.73448801040649414 0.74796754121780396 -0.5805734395980835 -0.38957437872886658 0.60718274116516113
98.922800004482269 -0.23761425912380219 -1.4359303712844849 0.81195896863937378 0.36076605319976807 -2.5529143810272217 -0.17675794661045074 0.34000697731971741 -2.881181001663208 -0.19844141602516174 -0.52651643753051758 -2.6082539558410645 -0.36626103520393372 -0.70433938503265381 -2.9357657432556152 -0.31251516938209534 -0.65573740005493164 -1.2391152381896973 0.49565824866294861 -0.83246821165084839 -0.8320387601852417 0.367950439453125
169.21570001542568 -0.21057628095149994 -1.2349635362625122 0.5052524209022522 0.25645014643669128 -2.1599445343017578 -0.28291657567024231 0.22518964111804962 -2.4567077159881592 -0.32075628638267517 -0.37409114837646484 -2.211406946182251 -0.57166469097137451 -0.53453624248504639 -2.5222322940826416 -0.58238041400909424 -0.63969886302947998 -1.1277416944503784 0.15065626800060272 -0.76761513948440552 -0.74768209457397461 0.073594383895397186
169.21570001542568 -0.23805232346057892 -1.0714004039764404 0.47526216506958008 0.19407247006893158 -1.9301731586456299 -0.17991648614406586 0.17890213429927826 -2.1968646049499512 -0.20383842289447784 -0.36879512667655945 -2.0182833671569824 -0.45318552851676941 -0.5074651837348938 -2.2947597503662109 -0.47472584247589111 -0.56338578462600708 -1.0079542398452759 0.05578739196062088 -0.69857954978942871 -0.6732591986656189 -0.023115526884794235
228.36440001428127 -0.15489715337753296 -0.9943087100982666 0.26180672645568848 0.29098078608512878 -1.8604737520217896 -0.43032422661781311 0.2736077606678009 -2.1247060298919678 -0.44177702069282532 -0.34235832095146179 -1.9138011932373047 -0.60806089639663696 -0.4633449912071228 -2.1890912055969238 -0.60208070278167725 -0.555838942527771 -1.0983371734619141 -0.054544933140277863 -0.60586279630661011 -0.65097206830978394 -0.044535845518112183
228.36440001428127 -0.15994280576705933 -0.99434506893157959 0.26019948720932007 0.28319373726844788 -1.8551846742630005 -0.42767611145973206 0.2659275233745575 -2.1177926063537598 -0.43905848264694214 -0.34625142812728882 -1.9081844091415405 -0.6043199896812439 -0.46649426221847534 -2.181781530380249 -0.59837663173675537 -0.55841946601867676 -1.0977339744567871 -0.054207164794206619 -0.60813575983047485 -0.65311944484710693 -0.044259615242481232
290.22540000081062 -0.11042830348014832 -1.0054678916931152 0.065092332661151886 0.33106261491775513 -1.8048496246337891 -0.6479942798614502 0.30332028865814209 -2.0813984870910645 -0.67207151651382446 -0.33984333276748657 -1.813825249671936 -0.77233296632766724 -0.47791698575019836 -2.0973083972930908 -0.76778328418731689 -0.46825090050697327 -0.93150919675827026 -0.15407295525074005 -0.60736054182052612 -0.65720987319946289 -0.23338706791400909
290.22540000081062 -0.025337517261505127 -0.81068956851959229 -0.064190983772277832 0.3319166898727417 -1.6469371318817139 -0.75569605827331543 0.32704454660415649 -1.9014801979064941 -0.77786076068878174 -0.33318701386451721 -1.6790573596954346 -0.82822132110595703 -0.41873815655708313 -1.9488539695739746 -0.85578179359436035 -0.35669413208961487 -0.84475427865982056 -0.33176445960998535 -0.57665538787841797 -0.63604414463043213 -0.39211347699165344
352.71250000596046 0.0086872978135943413 -0.7525714635848999 -0.27303013205528259 0.33545008301734924 -1.5692825317382813 -0.83150684833526611 0.33970862627029419 -1.8348904848098755 -0.87911933660507202 -0.33208611607551575 -1.5705786943435669 -0.9381253719329834 -0.42172408103942871 -1.833730936050415 -0.98510605096817017 -0.32829323410987854 -0.80146956443786621 -0.36446928977966309 -0.52081716060638428 -0.57944786548614502 -0.38078543543815613
352.71250000596046 0.13776861131191254 -1.1004643440246582 -0.13533514738082886 0.33359318971633911 -1.671555757522583 -1.0066090822219849 0.30276066064834595 -1.8935331106185913 -1.0434761047363281 -0.36491766571998596 -1.5560928583145142 -1.0108428001403809 -0.45582446455955505 -1.7877006530761719 -0.96171367168426514 -0.27956381440162659 -0.87837141752243042 -0.31440043449401855 -0.52567487955093384 -0.68517017364501953 -0.38051873445510864
415.84870000183582 0.02257583849132061 -1.0183721780776978 -0.12413109838962555 0.20219855010509491 -1.5422132015228271 -0.92331886291503906 0.1739170253276825 -1.7458250522613525 -0.95713555812835693 -0.43851989507675171 -1.4363034963607788 -0.92720222473144531 -0.52190542221069336 -1.6487486362457275 -0.88213789463043213 -0.36022794246673584 -0.81465429067611694 -0.28838112950325012 -0.58597660064697266 -0.63743788003921509 -0.3490290641784668
539.41990001499653 0.10803772509098053 -0.56366467475891113 0.91161704063415527 0.45306721329689026 -1.3250912427902222 0.21095539629459381 0.45850294828414917 -1.5212945938110352 0.24393230676651001 -0.15331918001174927 -1.3393764495849609 0.0060461573302745819 -0.23929391801357269 -1.5315876007080078 0.069856680929660797 -0.33562985062599182 -0.56427854299545288 0.53187018632888794 -0.43251338601112366 -0.21024489402770996 0.43703544139862061
539.41990001499653 -0.2736021876335144 -1.6875965595245361 0.64668518304824829 0.5967172384262085 -2.8298897743225098 -0.33289933204650879 0.62879002094268799 -3.2113056182861328 -0.3864399790763855 -0.35868772864341736 -2.9040229320526123 -0.71610665321350098 -0.52582842111587524 -3.3143303394317627 -0.74082750082015991 -0.76312154531478882 -1.4831423759460449 0.29709014296531677 -0.95587313175201416 -1.0928266048431396 0.098887428641319275
610.17370001971722 -0.24784104526042938 -1.3908789157867432 0.27334558963775635 0.36021825671195984 -2.0902376174926758 -0.4494730532169342 0.36387461423873901 -2.3513448238372803 -0.48849475383758545 -0.29641970992088318 -2.0926148891448975 -0.67297458648681641 -0.41591671109199524 -2.3738422393798828 -0.68004590272903442 -0.56243616342544556 -1.1032576560974121 0.10942837595939636 -0.69928920269012451 -0.84872794151306152 -0.036267604678869247
610.17370001971722 -0.085373260080814362 -1.1713865995407104 0.34439849853515625 0.37460380792617798 -1.8037316799163818 -0.2793222963809967 0.37363418936729431 -2.0217530727386475 -0.28640064597129822 -0.16585741937160492 -1.8362786769866943 -0.44390812516212463 -0.25994172692298889 -2.06011962890625 -0.41430988907814026 -0.39810964465141296 -0.93940514326095581 0.1629500538110733 -0.52140593528747559 -0.75920200347900391 -0.010980207473039627
691.61050000786781 -0.170352503657341 -1.1786165237426758 0.32981306314468384 0.26209408044815063 -1.8228578567504883 -0.30487737059593201 0.27025547623634338 -2.0398049354553223 -0.3129139244556427 -0.24736340343952179 -1.8538730144500732 -0.42087110877037048 -0.32513701915740967 -2.0654251575469971 -0.38864961266517639 -0.52309995889663696 -0.94922482967376709 0.1180599182844162 -0.63217008113861084 -0.82365328073501587 -0.087179072201251984
691.61050000786781 -0.054299507290124893 -1.2173889875411987 0.36712783575057983 0.33898589015007019 -1.821082592010498 -0.39656731486320496 0.34948599338531494 -2.0454609394073486 -0.41245827078819275 -0.22443023324012756 -1.8108041286468506 -0.46049448847770691 -0.30461364984512329 -1.9965357780456543 -0.41404208540916443 -0.52668380737304688 -0.95935046672821045 0.02640114538371563 -0.62576436996459961 -0.856315016746521 -0.17737255990505219
774.78510001301765 -0.08820006251335144 -1.1543467044830322 0.35969468951225281 0.37579888105392456 -1.8525756597518921 -0.39354652166366577 0.38525336980819702 -2.0757994651794434 -0.42868372797966003 -0.19365912675857544 -1.8821998834609985 -0.53296774625778198 -0.31183457374572754 -2.0894584655761719 -0.49984967708587646 -0.57386147975921631 -1.0300630331039429 -0.041954699903726578 -0.66748756170272827 -0.89982211589813232 -0.19470588862895966
774.78510001301765 -0.14059847593307495 -1.1834292411804199 0.47342705726623535 0.39275288581848145 -1.9212865829467773 -0.20736844837665558 0.40604168176651001 -2.1647934913635254 -0.22931453585624695 -0.16918390989303589 -1.9881662130355835 -0.4267260730266571 -0.25748801231384277 -2.2503728866577148 -0.41556444764137268 -0.51558595895767212 -1.0820519924163818 0.22211842238903046 -0.65002620220184326 -0.84623730182647705 0.0937538743019104
851.44240002334118 -0.015024002641439438 -1.2390493154525757 0.41004887223243713 0.5442887544631958 -2.0108516216278076 -0.23178432881832123 0.56065899133682251 -2.2513108253479004 -0.25236514210700989 -0.0066112936474382877 -2.0863387584686279 -0.45755985379219055 -0.14368762075901031 -2.3472442626953125 -0.44679257273674011 -0.40748092532157898 -1.2516189813613892 0.25030994415283203 -0.51154500246047974 -1.0780402421951294 0.098296627402305603
851.44240002334118 -0.16825275123119354 -1.1647895574569702 0.37797647714614868 0.39029926061630249 -1.8499376773834229 -0.22859266400337219 0.41386881470680237 -2.0990548133850098 -0.27542701363563538 -0.072018757462501526 -1.9681577682495117 -0.43307220935821533 -0.15470863878726959 -2.2453005313873291 -0.43777593970298767 -0.53972047567367554 -1.1547482013702393 0.16628386080265045 -0.66364747285842896 -0.93842887878417969 0.075839623808860779
916.55039998888969 -0.048433665186166763 -1.4142255783081055 0.48086333274841309 0.48227548599243164 -2.1637430191040039 -0.068896740674972534 0.4956929087638855 -2.4121041297912598 -0.069629400968551636 -0.044394616037607193 -2.2626934051513672 -0.30255559086799622 -0.13054141402244568 -2.5207319259643555 -0.28166580200195313 -0.46202266216278076 -1.2729396820068359 0.13441482186317444 -0.62650841474533081 -1.0204744338989258 0.00099696102552115917
916.55039998888969 -0.11958349496126175 -1.2510092258453369 0.37399506568908691 0.40996751189231873 -1.9114468097686768 -0.10401477664709091 0.41768744587898254 -2.1259610652923584 -0.10923285782337189 -0.062906332314014435 -1.9712315797805786 -0.27895376086235046 -0.16030842065811157 -2.1914868354797363 -0.25571832060813904 -0.42952096462249756 -1.1412272453308105 0.20916837453842163 -0.55682647228240967 -0.94023573398590088 0.080245204269886017
976.65760000050068 -0.089397326111793518 -1.2804086208343506 0.36213329434394836 0.42009934782981873 -1.9535462856292725 -0.068085849285125732 0.42520332336425781 -2.1763997077941895 -0.074036784470081329 -0.012889242731034756 -2.0214107036590576 -0.32174494862556458 -0.12063826620578766 -2.2535135746002197 -0.3115105926990509 -0.47004851698875427 -1.1460838317871094 0.15975689888000488 -0.59700578451156616 -0.94017159938812256 0.03099394217133522
976.65760000050068 -0.092703208327293396 -1.3857263326644897 0.17816558480262756 0.34132155776023865 -1.9840781688690186 -0.31175306439399719 0.33993229269981384 -2.1909236907958984 -0.32162311673164368 -0.10455742478370667 -1.937650203704834 -0.49904051423072815 -0.17885152995586395 -2.1183340549468994 -0.47898101806640625 -0.48528546094894409 -1.1215327978134155 -0.046337954699993134 -0.5721244215965271 -0.93671947717666626 -0.17492835223674774
1036.304000005126 -0.002687778091058135 -1.2958000898361206 0.36164000630378723 0.35316914319992065 -1.8926811218261719 -0.36585670709609985 0.33918565511703491 -2.0958786010742188 -0.40013256669044495 -0.029001336544752121 -1.8377196788787842 -0.49503636360168457 -0.093757800757884979 -2.0174000263214111 -0.45759746432304382 -0.51775747537612915 -1.2264007329940796 -0.23523400723934174 -0.59895426034927368 -1.0251243114471436 -0.29601675271987915
1036.304000005126 -0.20493629574775696 -1.3875513076782227 0.39002737402915955 0.17885479331016541 -2.0312864780426025 -0.39457663893699646 0.16377364099025726 -2.2504346370697021 -0.43154308199882507 -0.23331542313098907 -1.9720104932785034 -0.53389668464660645 -0.30315515398979187 -2.1657955646514893 -0.49351891875267029 -0.76043802499771118 -1.3127042055130005 -0.25370025634765625 -0.84800875186920166 -1.0956277847290039 -0.31925433874130249
1137.3443000018597 0.12889391183853149 -1.30817711353302 0.54328632354736328 0.30348679423332214 -1.9575009346008301 -0.16524283587932587 0.22830034792423248 -2.0742380619049072 -0.10627251863479614 -0.14368318021297455 -1.9094659090042114 -0.31004303693771362 -0.1961025595664978 -1.9763147830963135 -0.19039078056812286 -0.43016853928565979 -1.1986199617385864 0.11749202013015747 -0.53201508522033691 -0.92736393213272095 -0.010911631397902966
1225.9521000087261 -0.3523576557636261 -0.98232966661453247 0.095386452972888947 0.18062964081764221 -1.6729098558425903 -0.1913408637046814 0.14265516400337219 -1.8918918371200562 -0.19190870225429535 -0.077161088585853577 -1.6881239414215088 -0.50847744941711426 -0.16665691137313843 -1.9124481678009033 -0.50939887762069702 -0.55551373958587646 -0.84979462623596191 0.034829087555408478 -0.69087153673171997 -0.70407891273498535 -0.12419039756059647
1225.9521000087261 0.093209721148014069 -1.2508920431137085 0.55128705501556396 0.41629806160926819 -1.9388309717178345 -0.0022837284486740828 0.39543548226356506 -2.1598773002624512 -0.0022847708314657211 -0.0019923921208828688 -1.96640944480896 -0.24387510120868683 -0.08739268034696579 -2.2055244445800781 -0.22206394374370575 -0.44938951730728149 -1.120553731918335 0.031268727034330368 -0.59621268510818481 -0.90124773979187012 -0.1088729202747345
1300.4671000093222 -0.066117666661739349 -1.3778003454208374 0.6929740309715271 0.32770004868507385 -2.2182145118713379 0.11400281637907028 0.31334298849105835 -2.4427773952484131 0.12368591874837875 -0.14794521033763885 -2.2685389518737793 -0.12366003543138504 -0.22330823540687561 -2.4926407337188721 -0.077873274683952332 -0.64765274524688721 -1.2603752613067627 0.13097169995307922 -0.81490391492843628 -0.97805720567703247 -0.0065236100926995277
1300.4671000093222 -0.1118253767490387 -1.4280654191970825 0.57311958074569702 0.32198432087898254 -2.2088532447814941 0.051752198487520218 0.30189234018325806 -2.4442088603973389 0.051879126578569412 -0.080354280769824982 -2.2760822772979736 -0.18610399961471558 -0.16873086988925934 -2.5230107307434082 -0.15219199657440186 -0.64036518335342407 -1.4075872898101807 0.17255493998527527 -0.7885817289352417 -1.1386798620223999 0.077426262199878693
1366.7637000083923 -0.13448451459407806 -1.2245219945907593 0.50582343339920044 0.24838694930076599 -1.913629412651062 0.045675367116928101 0.23065418004989624 -2.1213490962982178 0.045787394046783447 -0.10670877993106842 -1.9729641675949097 -0.16425161063671112 -0.1847081333398819 -2.1908984184265137 -0.13432155549526215 -0.60096287727355957 -1.2064484357833862 0.15229338407516479 -0.73177576065063477 -0.96911627054214478 0.068334765732288361
1366.7637000083923 -0.15172649919986725 -1.4023685455322266 0.34558245539665222 0.27627480030059814 -2.0369012355804443 -0.057553283870220184 0.26363787055015564 -2.2662215232849121 -0.072486422955989838 -0.10514357686042786 -2.0551826953887939 -0.30422493815422058 -0.16434548795223236 -2.3009920120239258 -0.31529280543327332 -0.5031467080116272 -1.1680933237075806 0.077529199421405792 -0.65232950448989868 -0.97719311714172363 -0.027333516627550125
1438.5579000115395 -0.17565979063510895 -1.316156268119812 0.30569544434547424 0.26113024353981018 -1.9587442874908447 -0.10523401945829391 0.23539343476295471 -2.1876220703125 -0.12903676927089691 -0.12065915018320084 -1.9628336429595947 -0.34377902746200562 -0.21304516494274139 -2.2304098606109619 -0.37345081567764282 -0.48815274238586426 -1.1110529899597168 0.03233274444937706 -0.63386434316635132 -0.9553266167640686 -0.079395376145839691
1438.5579000115395 -0.019521374255418777 -1.3434156179428101 0.48974516987800598 0.40376490354537964 -2.0732998847961426 0.056107949465513229 0.40198475122451782 -2.2996785640716553 0.039285466074943542 -0.011162180453538895 -2.1358742713928223 -0.16610121726989746 -0.094942614436149597 -2.373121976852417 -0.1564963310956955 -0.44426244497299194 -1.2478728294372559 0.20682023465633392 -0.58700597286224365 -1.0121697187423706 0.12205728143453598
1511.1995000094175 -0.15919815003871918 -1.3410165309906006 0.39694809913635254 0.25093823671340942 -1.9286028146743774 0.026117637753486633 0.23375549912452698 -2.1499519348144531 0.009557175450026989 -0.10321691632270813 -1.9843950271606445 -0.16782894730567932 -0.17704947292804718 -2.2210168838500977 -0.16460639238357544 -0.51255279779434204 -1.2008620500564575 0.18584001064300537 -0.63179934024810791 -1.0106575489044189 0.11067066341638565
1511.1995000094175 -0.088060840964317322 -1.2756567001342773 0.41224771738052368 0.32563233375549316 -1.9252445697784424 0.047083571553230286 0.34367784857749939 -2.1422691345214844 0.031030267477035522 -0.027627335861325264 -2.0435934066772461 -0.139298215508461 -0.070656567811965942 -2.2909119129180908 -0.13647955656051636 -0.45238959789276123 -1.1697676181793213 0.12801536917686462 -0.58215278387069702 -0.97268414497375488 0.050959546118974686
1576.1300999969244 -0.033510904759168625 -1.2860298156738281 0.4344828724861145 0.30162984132766724 -1.9575362205505371 0.055262856185436249 0.30664736032485962 -2.1688685417175293 0.051772799342870712 -0.10296409577131271 -2.0420024394989014 -0.12969094514846802 -0.16208526492118835 -2.2698929309844971 -0.12043185532093048 -0.42394319176673889 -1.1599169969558716 0.13321419060230255 -0.56184357404708862 -0.93714159727096558 0.067361496388912201
1576.1300999969244 -0.075545847415924072 -1.2273612022399902 0.42380690574645996 0.25136077404022217 -1.8823691606521606 0.053904026746749878 0.25625503063201904 -2.0885093212127686 0.050499722361564636 -0.143292635679245 -1.9647600650787354 -0.12650561332702637 -0.20096124708652496 -2.18705153465271 -0.11747400462627411 -0.45638555288314819 -1.104346752166748 0.12994016706943512 -0.59089785814285278 -0.88704490661621094 0.06570541113615036
1638.0669000148773 -0.12463777512311935 -1.3019208908081055 0.37175533175468445 0.25216889381408691 -1.9895089864730835 0.037837572395801544 0.24839663505554199 -2.214930534362793 0.032431941479444504 -0.098637387156486511 -2.0713729858398438 -0.16353830695152283 -0.16587947309017181 -2.2992253303527832 -0.15949490666389465 -0.50041288137435913 -1.2190288305282593 0.14443041384220123 -0.62686550617218018 -1.0181626081466675 0.081019766628742218
1638.0669000148773 -0.15296833217144012 -1.311498761177063 0.35732826590538025 0.23883832991123199 -1.9306607246398926 0.059684894979000092 0.23374001681804657 -2.149033784866333 0.059761326760053635 -0.096891060471534729 -2.0242764949798584 -0.13836662471294403 -0.15216273069381714 -2.2438762187957764 -0.13211700320243835 -0.46322000026702881 -1.1898504495620728 0.12056700140237808 -0.5932500958442688 -1.000147819519043 0.047670755535364151
1718.0054000169039 -0.058649368584156036 -1.1355177164077759 0.41383159160614014 0.28737056255340576 -1.8404418230056763 0.071150995790958405 0.28829815983772278 -2.0496475696563721 0.0662999227643013 -0.073910094797611237 -1.9618841409683228 -0.069232158362865448 -0.13175000250339508 -2.1995499134063721 -0.056673657149076462 -0.43399569392204285 -1.090811014175415 0.16085262596607208 -0.56155037879943848 -0.89141684770584106 0.096593789756298065
1718.0054000169039 -0.16543279588222504 -1.3537373542785645 0.35951092839241028 0.24570201337337494 -2.0436017513275146 0.097742371261119843 0.24798586964607239 -2.2703368663787842 0.094480536878108978 -0.097176447510719299 -2.1659016609191895 -0.087338820099830627 -0.1636086106300354 -2.4131393432617188 -0.088113747537136078 -0.50803869962692261 -1.2533516883850098 0.11941945552825928 -0.63753914833068848 -1.0647968053817749 0.034990731626749039
1781.4434999972582 -0.22931952774524689 -1.2413992881774902 0.31140705943107605 0.20692074298858643 -1.8507033586502075 0.10633488744497299 0.20949545502662659 -2.0555567741394043 0.11032880842685699 -0.082350462675094604 -1.9813283681869507 -0.065707027912139893 -0.14156903326511383 -2.199932336807251 -0.054862160235643387 -0.48835033178329468 -1.1554094552993774 0.14241515100002289 -0.60058224201202393 -0.98174589872360229 0.073610410094261169
1781.4434999972582 -0.20356373488903046 -1.1877520084381104 0.30766004323959351 0.22742560505867004 -1.7897220849990845 0.10505630075931549 0.22996930778026581 -1.9921096563339233 0.10900215059518814 -0.058363709598779678 -1.9187746047973633 -0.064914770424365997 -0.1168694794178009 -2.1347475051879883 -0.054200444370508194 -0.45947664976119995 -1.102797269821167 0.1407022625207901 -0.57035762071609497 -0.93122404813766479 0.072725720703601837
1839.0726999938488 -0.20149672031402588 -1.312838077545166 0.30618298053741455 0.20924744009971619 -1.9188146591186523 0.05964525043964386 0.20222252607345581 -2.1258485317230225 0.065284483134746552 -0.099879108369350433 -2.0182301998138428 -0.096808291971683502 -0.15098442137241364 -2.2240328788757324 -0.079214699566364288 -0.46018025279045105 -1.214259147644043 0.1555602103471756 -0.57682967185974121 -1.021472692489624 0.10098402947187424
1839.0726999938488 -0.22335775196552277 -1.2926218509674072 0.37808763980865479 0.18675597012042999 -1.8837471008300781 0.14809027314186096 0.1743217259645462 -2.0748975276947021 0.16232842206954956 -0.14198918640613556 -1.9515571594238281 0.021958936005830765 -0.18765844404697418 -2.1508829593658447 0.045942984521389008 -0.4347527027130127 -1.2099876403808594 0.22915129363536835 -0.54910397529602051 -1.0249806642532349 0.16501578688621521
1920.3896000087261 -0.077154487371444702 -1.1395773887634277 0.49275088310241699 0.24557881057262421 -1.8228745460510254 0.21920740604400635 0.24599258601665497 -2.0083844661712646 0.22973044216632843 -0.1445985734462738 -1.9294519424438477 0.073954716324806213 -0.21250489354133606 -2.1460168361663818 0.096943140029907227 -0.45848232507705688 -1.1484843492507935 0.23206782341003418 -0.58639204502105713 -0.92362266778945923 0.15668627619743347
1920.3896000087261 -0.11689708381891251 -1.1712163686752319 0.50520950555801392 0.20986740291118622 -1.834725022315979 0.26568323373794556 0.20411612093448639 -2.0119996070861816 0.28763967752456665 -0.17003723978996277 -1.9552061557769775 0.11452889442443848 -0.2380826324224472 -2.1643044948577881 0.14628607034683228 -0.48611733317375183 -1.1736553907394409 0.24661749601364136 -0.60859018564224243 -0.96625494956970215 0.16504856944084167
1986.9880000054836 -0.22424398362636566 -1.1855885982513428 0.3810146152973175 0.20644325017929077 -1.776118278503418 0.17690286040306091 0.20050543546676636 -1.9586207866668701 0.18543191254138947 -0.10864410549402237 -1.8975467681884766 0.038468420505523682 -0.1649068146944046 -2.1008813381195068 0.063405849039554596 -0.46272632479667664 -1.1827436685562134 0.18811772763729095 -0.58041852712631226 -0.97945159673690796 0.11372135579586029
1986.9880000054836 -0.22139132022857666 -1.1547374725341797 0.38512405753135681 0.21393883228302002 -1.7516332864761353 0.17881192266941071 0.20793703198432922 -1.936103343963623 0.1874329149723053 -0.10454524308443069 -1.874370813369751 0.038885116577148438 -0.16141447424888611 -2.079897403717041 0.064091384410858154 -0.46244454383850098 -1.1518620252609253 0.19014768302440643 -0.58140552043914795 -0.94637835025787354 0.1149493008852005
