41.890000015497208 -1.1442639827728271 -1.0809110403060913 0.36896601319313049 -1.1165705919265747 -1.2163450717926025 0.32763075828552246 -1.4244674444198608 -1.2481720447540283 0.22177803516387939 -1.1056442260742188 -1.2786426544189453 0.050786904990673065 -1.4263064861297607 -1.2193145751953125 -0.10504156351089478 -1.2349778413772583 -1.1128264665603638 -0.18315997719764709 -0.95209503173828125 -1.076791524887085 -0.25566607713699341
41.890000015497208 -1.1217155456542969 -1.0678726434707642 0.36352092027664185 -1.0944309234619141 -1.2013074159622192 0.32279586791992188 -1.397782564163208 -1.2326645851135254 0.21850572526454926 -1.0836657285690308 -1.2626852989196777 0.050038766115903854 -1.3995943069458008 -1.2042330503463745 -0.10348935425281525 -1.2110902070999146 -1.0993169546127319 -0.18045458197593689 -0.93238341808319092 -1.0638139247894287 -0.25189033150672913
95.072100013494492 -1.0651868581771851 -1.0265882015228271 0.34743675589561462 -1.0854610204696655 -1.1825536489486694 0.32702195644378662 -1.3784245252609253 -1.2312846183776855 0.21334157884120941 -1.074614405632019 -1.2635442018508911 0.051039338111877441 -1.3790582418441772 -1.215036153793335 -0.11448460817337036 -1.1925671100616455 -1.114104151725769 -0.22243453562259674 -0.91403377056121826 -1.061379075050354 -0.28689849376678467
95.072100013494492 -1.1249552965164185 -1.0924707651138306 0.36384087800979614 -1.0904473066329956 -1.2487869262695313 0.30832073092460632 -1.389283299446106 -1.2731536626815796 0.20796985924243927 -1.076506495475769 -1.289808988571167 0.019722910597920418 -1.380881667137146 -1.2224562168121338 -0.13539199531078339 -1.1801904439926147 -1.0918809175491333 -0.21958300471305847 -0.9032016396522522 -1.0271980762481689 -0.28256422281265259
157.79830001294613 -1.1055991649627686 -1.1157314777374268 0.37198010087013245 -1.0703188180923462 -1.2755454778671265 0.31521749496459961 -1.3758422136306763 -1.3004575967788696 0.21262095868587494 -1.0560660362243652 -1.3174855709075928 0.020161373540759087 -1.3672527074813843 -1.2486255168914795 -0.13842472434043884 -1.1620702743530273 -1.1151283979415894 -0.22449977695941925 -0.87888294458389282 -1.0489978790283203 -0.28889039158821106
157.79830001294613 -1.1430442333221436 -1.114010214805603 0.44489592313766479 -1.0761668682098389 -1.2707256078720093 0.42853617668151855 -1.3887002468109131 -1.3073248863220215 0.32481041550636292 -1.0774011611938477 -1.3175743818283081 0.10488597303628922 -1.4032866954803467 -1.2562329769134521 -0.0611855648458004 -1.2093285322189331 -1.140168309211731 -0.160113126039505 -0.9247748851776123 -1.0954264402389526 -0.23198415338993073
215.64250001311302 -1.0900485515594482 -1.0128898620605469 0.34194868803024292 -1.0932996273040771 -1.1780388355255127 0.30949142575263977 -1.3986228704452515 -1.1958613395690918 0.20691812038421631 -1.0842993259429932 -1.2582793235778809 0.040272396057844162 -1.4084614515304565 -1.1930170059204102 -0.11940813064575195 -1.2423410415649414 -1.1266930103302002 -0.19436615705490112 -0.94980615377426147 -1.0856518745422363 -0.277080237865448
215.64250001311302 -1.1338927745819092 -1.0403352975845337 0.49346435070037842 -1.1249878406524658 -1.2270920276641846 0.46689966320991516 -1.4147785902023315 -1.2404847145080566 0.36545497179031372 -1.1361268758773804 -1.3141826391220093 0.18105590343475342 -1.4509506225585938 -1.2550868988037109 0.012234797701239586 -1.3158038854598999 -1.2203563451766968 -0.068136878311634064 -1.0358084440231323 -1.2096108198165894 -0.17327147722244263
266.75990001857281 -1.0530312061309814 -0.93760007619857788 0.45277056097984314 -1.0448607206344604 -1.1089543104171753 0.42839676141738892 -1.31075119972229 -1.1212422847747803 0.33531862497329712 -1.0550810098648071 -1.1888619661331177 0.16612766683101654 -1.3439401388168335 -1.1346402168273926 0.011229918338358402 -1.2199394702911377 -1.1027740240097046 -0.062513187527656555 -0.96303629875183105 -1.0929147005081177 -0.15897692739963531
266.75990001857281 -1.0456604957580566 -0.96075195074081421 0.50140839815139771 -1.0500891208648682 -1.1309515237808228 0.4606252908706665 -1.3243658542633057 -1.1345759630203247 0.37200617790222168 -1.0413731336593628 -1.2252660989761353 0.20280583202838898 -1.3412125110626221 -1.1643619537353516 0.053245667368173599 -1.1997298002243042 -1.1378458738327026 -0.033465933054685593 -0.93678504228591919 -1.1306697130203247 -0.13646060228347778
322.01020002365112 -1.0579680204391479 -0.98695504665374756 0.37734019756317139 -1.0443973541259766 -1.1493834257125854 0.33335226774215698 -1.32802414894104 -1.1574680805206299 0.23815001547336578 -1.0346554517745972 -1.24149489402771 0.071821361780166626 -1.3367098569869995 -1.1723662614822388 -0.085758790373802185 -1.1911540031433105 -1.1415414810180664 -0.15362356603145599 -0.92412364482879639 -1.1270619630813599 -0.24700619280338287
322.01020002365112 -1.0648480653762817 -1.0209603309631348 0.38534849882125854 -1.0509893894195557 -1.1868354082107544 0.34042713046073914 -1.3406350612640381 -1.1950918436050415 0.24320462346076965 -1.0410408973693848 -1.2809015512466431 0.07334638386964798 -1.3495050668716431 -1.2103060483932495 -0.087577708065509796 -1.2008605003356934 -1.1788270473480225 -0.15688261389732361 -0.92816352844238281 -1.1640404462814331 -0.25224688649177551
374.32400001585484 -1.0323129892349243 -0.96818870306015015 0.38793611526489258 -1.0388274192810059 -1.1687710285186768 0.32906648516654968 -1.3258887529373169 -1.1641378402709961 0.23397770524024963 -1.0440441370010376 -1.2554394006729126 0.060254041105508804 -1.3514227867126465 -1.1788637638092041 -0.095738820731639862 -1.2147277593612671 -1.1388833522796631 -0.16998253762722015 -0.94411605596542358 -1.1085352897644043 -0.2606540322303772
374.32400001585484 -1.0780643224716187 -0.98511868715286255 0.50166702270507813 -1.0925214290618896 -1.1471097469329834 0.47562685608863831 -1.3642358779907227 -1.1563180685043335 0.37791666388511658 -1.085282564163208 -1.2465317249298096 0.19253061711788177 -1.3763554096221924 -1.1836197376251221 0.034230664372444153 -1.2293269634246826 -1.1518857479095459 -0.059947513043880463 -0.96859496831893921 -1.1476657390594482 -0.16251549124717712
429.74930001795292 -1.0650031566619873 -0.94319218397140503 0.49087527394294739 -1.0791491270065308 -1.1016974449157715 0.4653954803943634 -1.3450167179107666 -1.1107076406478882 0.36978784203529358 -1.0720659494400024 -1.1989798545837402 0.18839100003242493 -1.3568754196166992 -1.137421727180481 0.033497396856546402 -1.2130107879638672 -1.1063706874847412 -0.058654222637414932 -0.95788925886154175 -1.1022415161132813 -0.15901508927345276
429.74930001795292 -1.0751708745956421 -0.9380156397819519 0.43841606378555298 -1.1124720573425293 -1.1159534454345703 0.43527603149414063 -1.3908201456069946 -1.1364767551422119 0.33930894732475281 -1.1081176996231079 -1.21619713306427 0.17119221389293671 -1.4071245193481445 -1.1620619297027588 0.015163695439696312 -1.2596818208694458 -1.1280282735824585 -0.084742963314056396 -0.98967915773391724 -1.1101357936859131 -0.19169531762599945
483.16369999945164 -1.1140396595001221 -1.022351861000061 0.26912087202072144 -1.1014609336853027 -1.1759456396102905 0.21834084391593933 -1.39231276512146 -1.1997747421264648 0.11646389961242676 -1.0808396339416504 -1.248685359954834 -0.046094454824924469 -1.3838220834732056 -1.1892328262329102 -0.20465856790542603 -1.2103610038757324 -1.1191768646240234 -0.25485324859619141 -0.93217414617538452 -1.0842896699905396 -0.32491692900657654
483.16369999945164 -1.1153947114944458 -1.0718226432800293 0.2799670398235321 -1.1023087501525879 -1.2316074371337891 0.22714017331600189 -1.4048843383789063 -1.2563971281051636 0.12115673720836639 -1.0808563232421875 -1.3072792291641235 -0.047954056411981583 -1.3960516452789307 -1.2454303503036499 -0.21290960907936096 -1.2155985832214355 -1.1725504398345947 -0.26512753963470459 -0.92619842290878296 -1.1362571716308594 -0.33801537752151489
543.85189999639988 -1.1484801769256592 -0.99990224838256836 0.5395391583442688 -1.0771920680999756 -1.1884009838104248 0.51957076787948608 -1.3364846706390381 -1.1987622976303101 0.44958984851837158 -1.0961086750030518 -1.2728679180145264 0.24229392409324646 -1.3767383098602295 -1.2130165100097656 0.11003211140632629 -1.2649736404418945 -1.175951361656189 0.018332948908209801 -1.0230767726898193 -1.1824442148208618 -0.091060101985931396
543.85189999639988 -1.0911648273468018 -0.93569856882095337 0.46901518106460571 -1.0579288005828857 -1.0998953580856323 0.43425139784812927 -1.3212083578109741 -1.1470998525619507 0.34872403740882874 -1.0870500802993774 -1.1706150770187378 0.1918163001537323 -1.3672820329666138 -1.1525392532348633 0.056363686919212341 -1.2595797777175903 -1.0992876291275024 -0.021034859120845795 -1.0187798738479614 -1.0669254064559937 -0.11900418996810913
599.34690001606941 -1.1532974243164063 -1.0206412076950073 0.50048595666885376 -1.1178309917449951 -1.195857048034668 0.46338924765586853 -1.3987787961959839 -1.2462291717529297 0.37212228775024414 -1.1489065885543823 -1.27132248878479 0.20468471944332123 -1.4479445219039917 -1.2520335912704468 0.060142107307910919 -1.3330143690109253 -1.1952084302902222 -0.022450525313615799 -1.0760548114776611 -1.1606744527816772 -0.12699443101882935
599.34690001606941 -1.1305749416351318 -1.05408775806427 0.27550604939460754 -1.1331900358200073 -1.1774716377258301 0.20512433350086212 -1.40447998046875 -1.2339445352554321 0.09527219831943512 -1.1242817640304565 -1.2245514392852783 -0.012426088564097881 -1.4015039205551147 -1.2028077840805054 -0.16917736828327179 -1.2563470602035522 -1.1232092380523682 -0.20286738872528076 -0.97853231430053711 -1.0802719593048096 -0.29064303636550903
662.7466000020504 -0.99716532230377197 -1.0399391651153564 0.14575079083442688 -1.1411452293395996 -1.1775437593460083 0.089134447276592255 -1.4168133735656738 -1.2454164028167725 -0.02689744159579277 -1.1232016086578369 -1.2410303354263306 -0.091657586395740509 -1.3993958234786987 -1.2434041500091553 -0.24059170484542847 -1.2596616744995117 -1.1720207929611206 -0.2891133725643158 -0.97434520721435547 -1.1146953105926514 -0.42836073040962219
772.13630001246929 -1.01988685131073 -0.91860479116439819 0.27394932508468628 -1.0295088291168213 -1.1149269342422485 0.25530433654785156 -1.3661820888519287 -1.1036651134490967 0.1888282299041748 -1.0055743455886841 -1.160953164100647 0.070485018193721771 -1.3648537397384644 -1.0590614080429077 -0.033640548586845398 -1.2323601245880127 -0.97445768117904663 -0.071433275938034058 -0.95454752445220947 -0.9839814305305481 -0.16651952266693115
772.13630001246929 -1.3635493516921997 -1.5394967794418335 0.59313130378723145 -1.2530986070632935 -1.6813856363296509 0.61047863960266113 -1.6270941495895386 -1.6911541223526001 0.50113993883132935 -1.2554857730865479 -1.7667487859725952 0.25375163555145264 -1.6896548271179199 -1.6415373086929321 0.072532720863819122 -1.5588293075561523 -1.5602737665176392 0.014431421644985676 -1.2521193027496338 -1.577471137046814 -0.099403761327266693
825.71850001811981 -0.97452658414840698 -1.1223535537719727 0.37354862689971924 -0.82505786418914795 -1.2223957777023315 0.36644083261489868 -1.0773088932037354 -1.219789981842041 0.30930241942405701 -0.85908359289169312 -1.2261409759521484 0.11717350035905838 -1.1147274971008301 -1.1299154758453369 0.010744183324277401 -1.0205532312393188 -1.08116614818573 -0.010032122954726219 -0.82386630773544312 -1.1282476186752319 -0.093274697661399841
825.71850001811981 -0.89412355422973633 -1.0354894399642944 -0.12874644994735718 -0.96143424510955811 -1.0867346525192261 -0.15827189385890961 -1.1727802753448486 -1.0746085643768311 -0.16787135601043701 -0.8282814621925354 -1.1172384023666382 -0.13262532651424408 -1.0081819295883179 -1.0666723251342773 -0.16377820074558258 -0.71812844276428223 -0.81404942274093628 -0.055862970650196075 -0.57567834854125977 -0.83708173036575317 -0.049269542098045349
878.13539999723434 -0.97088879346847534 -1.1256349086761475 -0.13967275619506836 -1.0439115762710571 -1.1812289953231812 -0.17170381546020508 -1.273193359375 -1.1680738925933838 -0.18211792409420013 -0.8994591236114502 -1.214321494102478 -0.14388079941272736 -1.0946265459060669 -1.1594640016555786 -0.17767740786075592 -0.77995812892913818 -0.88540279865264893 -0.060604128986597061 -0.6254192590713501 -0.91038966178894043 -0.05345115065574646
878.13539999723434 -0.96869027614593506 -1.1230859756469727 -0.13935647904872894 -1.0415477752685547 -1.1785541772842407 -0.17131501436233521 -1.2703102827072144 -1.1654288768768311 -0.1817055344581604 -0.89742237329483032 -1.2115716934204102 -0.14355498552322388 -1.0921478271484375 -1.1568385362625122 -0.17727507650852203 -0.77819198369979858 -0.88339787721633911 -0.060466896742582321 -0.62400305271148682 -0.90832817554473877 -0.053330115973949432
970.89830002188683 -0.82743221521377563 -0.88970082998275757 0.2247081995010376 -0.85660237073898315 -1.0714961290359497 0.11873430758714676 -1.1284143924713135 -1.0956165790557861 0.032064277678728104 -0.78281193971633911 -1.1242029666900635 -0.034809496253728867 -1.1035412549972534 -1.0929346084594727 -0.14916041493415833 -1.0074084997177124 -1.0078434944152832 -0.22297400236129761 -0.74556010961532593 -0.93001902103424072 -0.35401663184165955
1047.0296999961138 -1.2729682922363281 -2.026787281036377 0.84413301944732666 -1.3415329456329346 -2.1882591247558594 0.75819438695907593 -1.7871932983398438 -2.1967449188232422 0.67182934284210205 -1.4504436254501343 -2.2379271984100342 0.47125706076622009 -1.9355206489562988 -2.1531660556793213 0.35226818919181824 -1.9304494857788086 -2.0905969142913818 0.24080805480480194 -1.6198235750198364 -2.1056628227233887 -0.0087744090706110001
1047.0296999961138 -0.73244184255599976 -1.1005475521087646 0.3365161120891571 -0.79931825399398804 -1.23262619972229 0.29557666182518005 -1.0465319156646729 -1.2353699207305908 0.22490464150905609 -0.78558021783828735 -1.282442569732666 0.1265394389629364 -1.0595169067382813 -1.2319060564041138 0.020999537780880928 -0.99062788486480713 -1.1900439262390137 -0.02388237789273262 -0.77844530344009399 -1.1792027950286865 -0.11972799152135849
1099.0627000033855 -0.76935911178588867 -1.1611363887786865 0.31830248236656189 -0.8230360746383667 -1.3147485256195068 0.24130058288574219 -1.0767831802368164 -1.3082364797592163 0.18185842037200928 -0.84298825263977051 -1.3527603149414063 0.081436730921268463 -1.1319783926010132 -1.2984758615493774 -0.0018496798584237695 -1.082026481628418 -1.2660236358642578 -0.062744051218032837 -0.84816533327102661 -1.2419496774673462 -0.18928872048854828
1099.0627000033855 -0.81948977708816528 -1.1711850166320801 0.31648999452590942 -0.87286090850830078 -1.3239220380783081 0.2399267852306366 -1.1251623630523682 -1.3174470663070679 0.18082326650619507 -0.8926994800567627 -1.3617172241210938 0.080973714590072632 -1.18004310131073 -1.3077421188354492 -0.001838195021264255 -1.130375862121582 -1.2754746675491333 -0.062385633587837219 -0.89784705638885498 -1.2515379190444946 -0.18820935487747192
1154.5011000186205 -0.93181771039962769 -1.2465885877609253 0.1035253033041954 -0.96782839298248291 -1.374112606048584 -0.00064175581792369485 -1.2177944183349609 -1.3602381944656372 -0.0880894735455513 -0.85188776254653931 -1.3968073129653931 -0.11182848364114761 -1.1304001808166504 -1.3290704488754272 -0.22351160645484924 -0.97238600254058838 -1.2763971090316772 -0.25525122880935669 -0.69606965780258179 -1.2452489137649536 -0.34617084264755249
1154.5011000186205 -0.7771793007850647 -1.1688523292541504 0.18617160618305206 -0.87173116207122803 -1.2259176969528198 0.15184924006462097 -1.0911282300949097 -1.2448582649230957 0.041346196085214615 -0.76126790046691895 -1.3054589033126831 0.0027007402386516333 -1.0037076473236084 -1.2502564191818237 -0.13464222848415375 -0.84218931198120117 -1.213066577911377 -0.18790556490421295 -0.59343451261520386 -1.2103919982910156 -0.26430198550224304
1207.6965000033379 -0.75940495729446411 -1.0577760934829712 0.17818528413772583 -0.84990346431732178 -1.112395167350769 0.14533431828022003 -1.0598949193954468 -1.1305238008499146 0.039568539708852768 -0.74417573213577271 -1.1885262727737427 0.0025798170827329159 -0.97622203826904297 -1.135690450668335 -0.1288752555847168 -0.82162797451019287 -1.1000950336456299 -0.17985518276691437 -0.58353734016418457 -1.0975351333618164 -0.25297650694847107
1207.6965000033379 -0.8523108959197998 -1.154911994934082 0.15601955354213715 -0.82306265830993652 -1.2620443105697632 0.077130153775215149 -1.0511173009872437 -1.2738074064254761 0.003526095999404788 -0.7589261531829834 -1.2975151538848877 -0.055052269250154495 -1.0315914154052734 -1.2597068548202515 -0.15645428001880646 -0.9043155312538147 -1.254697322845459 -0.19727487862110138 -0.65186566114425659 -1.2549055814743042 -0.29243230819702148
1270.1115000098944 -0.80835253000259399 -1.2592223882675171 0.37349364161491394 -0.76488399505615234 -1.3379800319671631 0.38548722863197327 -0.97692173719406128 -1.3316705226898193 0.3173680305480957 -0.73311173915863037 -1.3780672550201416 0.20274588465690613 -0.98314929008483887 -1.2989873886108398 0.10460217297077179 -0.88727700710296631 -1.2675198316574097 0.035087183117866516 -0.65991783142089844 -1.2965381145477295 -0.060798086225986481
1270.1115000098944 -0.73588573932647705 -1.0887448787689209 0.33775037527084351 -0.69657725095748901 -1.1599652767181396 0.34859615564346313 -0.88832271099090576 -1.1542595624923706 0.28699603676795959 -0.66784554719924927 -1.1962161064147949 0.18334335088729858 -0.89395427703857422 -1.1247042417526245 0.09459211677312851 -0.80725705623626709 -1.0962481498718262 0.031729783862829208 -0.60165643692016602 -1.122489333152771 -0.054979164153337479
1322.9261000156403 -0.77443945407867432 -1.1457850933074951 0.35544538497924805 -0.73307150602340698 -1.2207368612289429 0.36685940623283386 -0.93486273288726807 -1.2147321701049805 0.30203202366828918 -0.7028346061706543 -1.2588869333267212 0.19294886291027069 -0.94078934192657471 -1.1836284399032593 0.099547885358333588 -0.84954994916915894 -1.1536815166473389 0.033392135053873062 -0.63317769765853882 -1.1812975406646729 -0.057859569787979126
1322.9261000156403 -0.7695014476776123 -1.1675606966018677 0.19561883807182312 -0.78579616546630859 -1.3167243003845215 0.12605825066566467 -0.9853331446647644 -1.2599456310272217 0.041930567473173141 -0.73411422967910767 -1.3865702152252197 -0.016533596441149712 -0.97085338830947876 -1.2673983573913574 -0.12166623026132584 -0.86289846897125244 -1.2929220199584961 -0.17260599136352539 -0.61687558889389038 -1.3243569135665894 -0.28082171082496643
1392.4808000177145 -0.82755553722381592 -1.1662483215332031 0.16094085574150085 -0.81571328639984131 -1.2763034105300903 0.13369996845722198 -1.0230118036270142 -1.2592699527740479 0.076231770217418671 -0.75300502777099609 -1.2804811000823975 0.0039317929185926914 -0.98893702030181885 -1.1970744132995605 -0.080241523683071136 -0.85884517431259155 -1.1493093967437744 -0.11150044947862625 -0.6221616268157959 -1.1494905948638916 -0.17413443326950073
1500.436700001359 -0.71507000923156738 -1.2141599655151367 0.17546388506889343 -0.73140454292297363 -1.2973551750183105 0.17232838273048401 -0.91604155302047729 -1.3054190874099731 0.14375504851341248 -0.71310210227966309 -1.275607705116272 0.030059993267059326 -0.89210623502731323 -1.2086626291275024 -0.032678265124559402 -0.80444300174713135 -1.125726580619812 -0.050548803061246872 -0.64178848266601563 -1.16288161277771 -0.10989171266555786
1500.436700001359 -0.60579848289489746 -0.80148720741271973 0.33918392658233643 -0.62671393156051636 -0.92990708351135254 0.35016286373138428 -0.7908557653427124 -0.95477873086929321 0.28955718874931335 -0.65317720174789429 -0.97568339109420776 0.17458821833133698 -0.84719955921173096 -0.94625270366668701 0.08878258615732193 -0.81506800651550293 -0.91701507568359375 0.016399845480918884 -0.66004610061645508 -0.91161781549453735 -0.069650784134864807
1570.5422000139952 -0.72745269536972046 -0.99776774644851685 0.47269743680953979 -0.76218193769454956 -1.1255408525466919 0.50404888391494751 -0.95103466510772705 -1.1098206043243408 0.42624971270561218 -0.7785956859588623 -1.175307035446167 0.31836915016174316 -0.98480761051177979 -1.0915822982788086 0.21491214632987976 -0.93284577131271362 -1.0767587423324585 0.14294993877410889 -0.75714391469955444 -1.1160886287689209 0.021316500380635262
1572.8488000035286 -0.76849377155303955 -0.88041722774505615 0.51423144340515137 -0.70696204900741577 -1.0265070199966431 0.52887594699859619 -0.90820223093032837 -1.0373076200485229 0.48209455609321594 -0.76052975654602051 -1.0517368316650391 0.30769550800323486 -0.98043888807296753 -0.99878948926925659 0.23258183896541595 -0.97114831209182739 -0.95612531900405884 0.14457465708255768 -0.82196104526519775 -0.95785373449325562 0.018872354179620743
1630.3220000118017 -0.8284609317779541 -0.96677088737487793 0.38053908944129944 -0.81608855724334717 -1.0785527229309082 0.42585253715515137 -1.0359395742416382 -1.091362476348877 0.3201015293598175 -0.81739938259124756 -1.1419961452484131 0.18576045334339142 -1.0693771839141846 -1.0619434118270874 0.038187317550182343 -0.94672399759292603 -1.0114789009094238 -0.01017552986741066 -0.74883157014846802 -1.0395772457122803 -0.086533002555370331
1630.3220000118017 -0.79522782564163208 -0.88636529445648193 0.38621482253074646 -0.78267103433609009 -0.99981331825256348 0.43220371007919312 -1.0057991743087769 -1.0128140449523926 0.32487639784812927 -0.78400146961212158 -1.0642023086547852 0.18853284418582916 -1.0397353172302246 -0.98295646905899048 0.038760047405958176 -0.91525381803512573 -0.9317396879196167 -0.010323681868612766 -0.71441161632537842 -0.96025681495666504 -0.087819315493106842
1703.1190000027418 -0.85093551874160767 -1.0090396404266357 0.41566643118858337 -0.88207107782363892 -1.1516200304031372 0.41770416498184204 -1.130834698677063 -1.1454240083694458 0.31743544340133667 -0.88558733463287354 -1.220944881439209 0.18133071064949036 -1.1682441234588623 -1.1259722709655762 0.041697781533002853 -1.0554746389389038 -1.0941559076309204 -0.015116818249225616 -0.8323323130607605 -1.1337716579437256 -0.131305992603302
1703.1190000027418 -0.94916623830795288 -1.0511242151260376 0.30271232128143311 -0.94688361883163452 -1.1480616331100464 0.32062715291976929 -1.1816718578338623 -1.1509535312652588 0.20892591774463654 -0.89126026630401611 -1.2202541828155518 0.10888534039258957 -1.1492383480072021 -1.1458975076675415 -0.037614509463310242 -1.00052809715271 -1.1271988153457642 -0.12011119723320007 -0.76366573572158813 -1.1478292942047119 -0.22058010101318359
1770.542700022459 -0.85123914480209351 -0.91923987865447998 0.12227929383516312 -0.85915613174438477 -0.95757794380187988 0.14221256971359253 -1.0590068101882935 -0.94743490219116211 -0.01119691226631403 -0.76922249794006348 -1.0618571043014526 -0.018328569829463959 -0.98518776893615723 -0.95223033428192139 -0.19976088404655457 -0.78035539388656616 -0.91354942321777344 -0.22657749056816101 -0.56131142377853394 -0.92743140459060669 -0.287820965051651
1770.542700022459 -0.95454668998718262 -0.90261167287826538 0.38084310293197632 -0.93910759687423706 -1.0077482461929321 0.39530599117279053 -1.1593821048736572 -1.0140873193740845 0.29946815967559814 -0.926169753074646 -1.0902508497238159 0.17447842657566071 -1.1661230325698853 -1.005266547203064 0.033126097172498703 -1.0536115169525146 -0.9961390495300293 -0.055796824395656586 -0.83213263750076294 -1.023572564125061 -0.12710171937942505
1826.457000002265 -0.99493968486785889 -0.88173061609268188 -0.036073144525289536 -0.95353937149047852 -0.96662271022796631 0.0039201760664582253 -1.1887325048446655 -0.96525037288665771 -0.1034538596868515 -0.86510306596755981 -1.0382534265518188 -0.19643266499042511 -1.1070281267166138 -0.94601905345916748 -0.34281444549560547 -0.89649039506912231 -0.88742119073867798 -0.41439217329025269 -0.64610874652862549 -0.87415957450866699 -0.45890787243843079
1826.457000002265 -1.0769721269607544 -1.0178251266479492 0.30150029063224792 -1.0515174865722656 -1.1068621873855591 0.40233662724494934 -1.3114118576049805 -1.1190515756607056 0.29094991087913513 -0.99898606538772583 -1.205262303352356 0.16963733732700348 -1.2747520208358765 -1.1466575860977173 0.014809241518378258 -1.1130698919296265 -1.1128625869750977 -0.10741398483514786 -0.85581707954406738 -1.1008973121643066 -0.20153467357158661
1896.866500005126 -1.0096920728683472 -0.94259035587310791 0.42046940326690674 -0.98370420932769775 -1.0375186204910278 0.45949074625968933 -1.2305687665939331 -1.0169491767883301 0.3811647891998291 -1.0021628141403198 -1.115588903427124 0.19190092384815216 -1.2669306993484497 -1.0256174802780151 0.066398404538631439 -1.1655055284500122 -1.0222680568695068 -0.026939515024423599 -0.9359244704246521 -1.0412734746932983 -0.12328086793422699
1896.866500005126 -1.100510835647583 -0.92947512865066528 0.22817076742649078 -0.94739627838134766 -1.0955841541290283 0.33004683256149292 -1.1659908294677734 -1.0920923948287964 0.23231238126754761 -0.85630756616592407 -1.1664328575134277 0.153453528881073 -1.0753870010375977 -1.0986306667327881 0.028255162760615349 -0.9064021110534668 -1.0414856672286987 -0.10123211145401001 -0.67696595191955566 -0.99645984172821045 -0.16352288424968719
1968.7610000222921 -0.9546704888343811 -0.84736192226409912 0.21778722107410431 -1.0375792980194092 -0.95271658897399902 0.21501478552818298 -1.2667945623397827 -0.9576108455657959 0.11472489684820175 -0.97287815809249878 -1.0550931692123413 0.050087373703718185 -1.2088631391525269 -1.0174895524978638 -0.074956983327865601 -1.0535871982574463 -1.0042988061904907 -0.24264083802700043 -0.78486502170562744 -0.98175650835037231 -0.35383358597755432
