862.14899999648333 2.8409628868103027 -0.13559342920780182 0.08055076003074646 2.5160136222839355 -0.47640714049339294 -0.36854514479637146 2.4374992847442627 -0.62444871664047241 -0.20699045062065125 2.2655799388885498 -0.45050704479217529 -0.30986231565475464 2.2262089252471924 -0.58611094951629639 -0.078274048864841461 2.0721068382263184 -0.41646438837051392 0.0069038867950439453 1.9892792701721191 -0.15545125305652618 -0.036418970674276352
904.58989999443293 0.28049010038375854 -1.9175149202346802 0.4114876389503479 0.72885745763778687 -2.6528990268707275 -1.9434800148010254 0.73795408010482788 -2.9911561012268066 -2.0052869319915771 -0.33281785249710083 -2.4459614753723145 -0.865059494972229 -0.36978265643119812 -2.5751228332519531 -0.47513234615325928 -0.43002697825431824 -2.12351393699646 -0.064312368631362915 -0.41176706552505493 -1.5980267524719238 -0.23688532412052155
975.65190000087023 0.11001469939947128 -0.96215558052062988 0.38010701537132263 0.38442230224609375 -1.3820838928222656 -0.44278556108474731 0.38210824131965637 -1.5448429584503174 -0.40131610631942749 -0.14801561832427979 -1.4354805946350098 -0.391408771276474 -0.23045186698436737 -1.5700925588607788 -0.22710804641246796 -0.26460421085357666 -0.94052392244338989 0.31403931975364685 -0.34172141551971436 -0.73325341939926147 0.17308776080608368
975.65190000087023 0.18812571465969086 -1.3001301288604736 0.48928266763687134 0.52530348300933838 -1.8113538026809692 -0.59189409017562866 0.51668602228164673 -2.0276210308074951 -0.54706412553787231 -0.1513708084821701 -1.8173108100891113 -0.34044450521469116 -0.23567795753479004 -1.974224328994751 -0.090401984751224518 -0.30423924326896667 -1.3859204053878784 0.44706520438194275 -0.36869597434997559 -1.0784869194030762 0.28544342517852783
1032.4896000027657 0.20980891585350037 -1.2102935314178467 0.57685166597366333 0.49818849563598633 -1.8118034601211548 -0.45118308067321777 0.47468706965446472 -2.0174257755279541 -0.38846653699874878 -0.15685382485389709 -1.8281563520431519 -0.28537583351135254 -0.23695701360702515 -1.9953807592391968 -0.055472150444984436 -0.33911514282226563 -1.2946311235427856 0.45369890332221985 -0.41456177830696106 -0.964072585105896 0.28827586770057678
1032.4896000027657 0.13379994034767151 -1.2553887367248535 0.53140455484390259 0.42704111337661743 -1.7929399013519287 -0.45579642057418823 0.39940479397773743 -1.9768763780593872 -0.35595697164535522 -0.20191690325737 -1.8305521011352539 -0.26683133840560913 -0.28358697891235352 -1.9937317371368408 0.027700811624526978 -0.34402477741241455 -1.3449918031692505 0.45656058192253113 -0.41286736726760864 -1.0107578039169312 0.2582990825176239
1091.3610999882221 0.15701670944690704 -1.2837064266204834 0.53491419553756714 0.45219364762306213 -1.8248060941696167 -0.45880359411239624 0.42437490820884705 -2.0099568367004395 -0.35830509662628174 -0.18091630935668945 -1.8626664876937866 -0.26859113574028015 -0.26312550902366638 -2.0269234180450439 0.027885327115654945 -0.32396230101585388 -1.3739008903503418 0.45957612991333008 -0.39325934648513794 -1.0374605655670166 0.26000586152076721
1091.3610999882221 0.16194741427898407 -1.2897758483886719 0.39090904593467712 0.46674102544784546 -1.7854346036911011 -0.77511638402938843 0.47831052541732788 -1.9887611865997314 -0.74547147750854492 -0.17455945909023285 -1.8052955865859985 -0.54177653789520264 -0.24709472060203552 -1.9608151912689209 -0.31678152084350586 -0.25008502602577209 -1.2550816535949707 0.35410279035568237 -0.33162370324134827 -1.0095051527023315 0.18942892551422119
1152.7839999943972 0.20726163685321808 -1.2622034549713135 0.38998973369598389 0.51134032011032104 -1.7566996812820435 -0.77330052852630615 0.52288269996643066 -1.9595493078231812 -0.74372518062591553 -0.12845587730407715 -1.776513934135437 -0.54050803184509277 -0.20082099735736847 -1.931668758392334 -0.31604081392288208 -0.20380428433418274 -1.227590799331665 0.35326981544494629 -0.28515169024467468 -0.98259025812149048 0.18898221850395203
1152.7839999943972 0.21059814095497131 -1.282522439956665 0.39626777172088623 0.51957190036773682 -1.784978985786438 -0.78574913740158081 0.53130000829696655 -1.9910941123962402 -0.75569766759872437 -0.13052375614643097 -1.8051122426986694 -0.54920917749404907 -0.20405381917953491 -1.9627647399902344 -0.32112845778465271 -0.20708513259887695 -1.2473524808883667 0.35895675420761108 -0.28974205255508423 -0.99840795993804932 0.19202445447444916
1211.9192999973893 0.25935330986976624 -1.3134866952896118 0.25722342729568481 0.53854477405548096 -1.7808109521865845 -0.85412031412124634 0.52557164430618286 -1.9875622987747192 -0.81350469589233398 -0.13404187560081482 -1.810840368270874 -0.60991412401199341 -0.21553395688533783 -1.9754003286361694 -0.36691519618034363 -0.24315309524536133 -1.3334418535232544 0.17047061026096344 -0.32056081295013428 -1.0575703382492065 0.0051055201329290867
1211.9192999973893 0.26012337207794189 -1.2540574073791504 0.4898037314414978 0.4774220883846283 -1.6993491649627686 -0.46356433629989624 0.45152536034584045 -1.8550688028335571 -0.35373347997665405 -0.16151075065135956 -1.6526709794998169 -0.20953653752803802 -0.22399736940860748 -1.7521523237228394 0.06954164057970047 -0.22935968637466431 -1.134626030921936 0.37998032569885254 -0.28341183066368103 -0.86935985088348389 0.18714050948619843
1265.2540999948978 0.30734288692474365 -1.255578875541687 0.29709899425506592 0.47167497873306274 -1.7860714197158813 -0.83378773927688599 0.43806573748588562 -1.9861493110656738 -0.79962664842605591 -0.10811840742826462 -1.7639793157577515 -0.58914649486541748 -0.17152100801467896 -1.9159004688262939 -0.38497856259346008 -0.21197474002838135 -1.2276070117950439 0.17641359567642212 -0.28207606077194214 -0.94536042213439941 0.071698412299156189
1265.2540999948978 0.23283742368221283 -1.1972918510437012 0.28967049717903137 0.39306911826133728 -1.7145477533340454 -0.81299865245819092 0.36029848456382751 -1.9096332788467407 -0.77968990802764893 -0.17225737869739532 -1.6930069923400879 -0.57446163892745972 -0.23407794535160065 -1.841137170791626 -0.37538799643516541 -0.27352231740951538 -1.1700178384780884 0.17199641466140747 -0.34187448024749756 -0.8948138952255249 0.069894060492515564
1324.0530000030994 0.29727259278297424 -1.2963962554931641 0.26612374186515808 0.36911073327064514 -1.7235995531082153 -0.95667380094528198 0.30140852928161621 -1.917932391166687 -0.91671353578567505 -0.2307380735874176 -1.6294821500778198 -0.57152819633483887 -0.29173922538757324 -1.7698190212249756 -0.31886953115463257 -0.30593913793563843 -1.13958740234375 0.12573640048503876 -0.34479013085365295 -0.87972033023834229 -0.01768215000629425
1324.0530000030994 0.19552282989025116 -1.0857141017913818 0.210489422082901 0.44704470038414001 -1.5765272378921509 -0.83014655113220215 0.42993122339248657 -1.7768038511276245 -0.7907634973526001 -0.1337437778711319 -1.5940061807632446 -0.68345415592193604 -0.21554900705814362 -1.7616291046142578 -0.51781570911407471 -0.22585491836071014 -0.99503737688064575 0.043677486479282379 -0.33987757563591003 -0.81992143392562866 -0.11486774682998657
1380.3124000057578 0.23417647182941437 -1.1190508604049683 0.21219402551651001 0.48776194453239441 -1.6138907670974731 -0.83697968721389771 0.47050806879997253 -1.8158104419708252 -0.79727357625961304 -0.097791537642478943 -1.6315131187438965 -0.68908381462097168 -0.18026793003082275 -1.8005112409591675 -0.52208638191223145 -0.19065839052200317 -1.027630090713501 0.044013511389493942 -0.30561652779579163 -0.85107743740081787 -0.11583247780799866
1380.3124000057578 0.23596423864364624 -1.0695335865020752 0.14294613897800446 0.51042115688323975 -1.5616984367370605 -0.91310971975326538 0.48452022671699524 -1.7647086381912231 -0.87770175933837891 -0.12412969022989273 -1.622342586517334 -0.82403320074081421 -0.23349948227405548 -1.8247151374816895 -0.66996079683303833 -0.21016070246696472 -1.0703579187393188 -0.046107098460197449 -0.3012394905090332 -0.80846470594406128 -0.11112312227487564
1433.1542999967933 0.26925978064537048 -1.3134922981262207 0.10423851013183594 0.46553272008895874 -1.6485891342163086 -1.1040991544723511 0.40612831711769104 -1.8318190574645996 -1.0841906070709229 -0.16902485489845276 -1.6068408489227295 -0.71679115295410156 -0.24216277897357941 -1.766405463218689 -0.48430526256561279 -0.19985842704772949 -1.1275770664215088 -0.039139211177825928 -0.22798545658588409 -0.85990482568740845 -0.12489926815032959
1433.1542999967933 0.24640944600105286 -1.2196758985519409 0.10102330893278122 0.43660801649093628 -1.5444018840789795 -1.0699179172515869 0.37904208898544312 -1.7219611406326294 -1.0506255626678467 -0.17831090092658997 -1.5039457082748413 -0.69459664821624756 -0.24918529391288757 -1.6585720777511597 -0.46930587291717529 -0.2081902027130127 -1.039514422416687 -0.037917066365480423 -0.2354467362165451 -0.78012633323669434 -0.12102297693490982
1491.8505000025034 0.23230618238449097 -1.0525685548782349 0.090979285538196564 0.52990782260894775 -1.5447776317596436 -0.94052845239639282 0.5062217116355896 -1.749931812286377 -0.91138207912445068 -0.08709774911403656 -1.6162019968032837 -0.79308438301086426 -0.18700678646564484 -1.8159239292144775 -0.61298716068267822 -0.1964440643787384 -1.0695160627365112 0.036546148359775543 -0.29886165261268616 -0.83591622114181519 -0.049386404454708099
1491.8505000025034 0.25305792689323425 -1.1377694606781006 0.097728803753852844 0.46268892288208008 -1.6042531728744507 -1.0598968267440796 0.4233996570110321 -1.7929549217224121 -1.0409058332443237 -0.14248223602771759 -1.6367403268814087 -0.89434009790420532 -0.22258919477462769 -1.8149770498275757 -0.70781922340393066 -0.21745195984840393 -1.0663449764251709 0.0097842374816536903 -0.30280345678329468 -0.84012138843536377 -0.082325734198093414
1548.1600999981165 0.18422992527484894 -1.0213873386383057 0.087594360113143921 0.37211564183235168 -1.4394822120666504 -0.94994914531707764 0.33690187335014343 -1.6086095571517944 -0.93292814493179321 -0.17028030753135681 -1.4685992002487183 -0.80156588554382324 -0.24207766354084015 -1.6283473968505859 -0.63439309597015381 -0.23747332394123077 -0.95737183094024658 0.0087724002078175545 -0.31397119164466858 -0.75461477041244507 -0.073782883584499359
1548.1600999981165 0.18408630788326263 -1.020591139793396 0.087526068091392517 0.37182554602622986 -1.4383599758148193 -0.94920861721038818 0.33663922548294067 -1.6073555946350098 -0.9322008490562439 -0.17014756798744202 -1.4674543142318726 -0.80094105005264282 -0.24188894033432007 -1.6270779371261597 -0.63389855623245239 -0.23728819191455841 -0.95662546157836914 0.008765561506152153 -0.31372642517089844 -0.75402647256851196 -0.073725365102291107
1603.7615000009537 0.17170706391334534 -1.0412094593048096 -0.037861466407775879 0.34923827648162842 -1.422304630279541 -1.0767290592193604 0.28277701139450073 -1.6021357774734497 -1.0398459434509277 -0.18851643800735474 -1.4436194896697998 -0.83855336904525757 -0.26975411176681519 -1.6176066398620605 -0.62239283323287964 -0.25530710816383362 -0.9969906210899353 -0.12208843231201172 -0.31439688801765442 -0.76877087354660034 -0.22361290454864502
1603.7615000009537 0.16963301599025726 -0.9053768515586853 0.0028125038370490074 0.39575791358947754 -1.2959831953048706 -0.98417317867279053 0.38813593983650208 -1.470373272895813 -0.97722631692886353 -0.13542827963829041 -1.3356648683547974 -0.79957610368728638 -0.21183241903781891 -1.5055747032165527 -0.66568464040756226 -0.17740875482559204 -0.89657115936279297 -0.071629486978054047 -0.25977185368537903 -0.74364566802978516 -0.14983043074607849
1661.0661000013351 0.20975804328918457 -0.97810649871826172 0.0031207846477627754 0.4611528217792511 -1.4123637676239014 -1.0941624641418457 0.45267912745475769 -1.6062424182891846 -1.0864392518997192 -0.12939444184303284 -1.4564800262451172 -0.88893628120422363 -0.21433691680431366 -1.645377516746521 -0.74008220434188843 -0.17606633901596069 -0.96831685304641724 -0.07964024692773819 -0.26763364672660828 -0.79830151796340942 -0.16658028960227966
1661.0661000013351 0.28272673487663269 -1.0643463134765625 -0.06476157158613205 0.4509958028793335 -1.4534915685653687 -1.216774582862854 0.40866336226463318 -1.6509904861450195 -1.2229437828063965 -0.17407923936843872 -1.4105993509292603 -0.89200598001480103 -0.24695274233818054 -1.5781154632568359 -0.70585042238235474 -0.20988151431083679 -0.94330930709838867 -0.13108299672603607 -0.26152795553207397 -0.72899353504180908 -0.19050891697406769
1726.7360999956727 0.23417292535305023 -1.0885533094406128 0.012666121125221252 0.38019916415214539 -1.407387375831604 -1.0269172191619873 0.34778866171836853 -1.5710997581481934 -0.97924476861953735 -0.20869670808315277 -1.3882979154586792 -0.72278600931167603 -0.2821662425994873 -1.538426399230957 -0.49745681881904602 -0.20982195436954498 -0.93017363548278809 -0.086954452097415924 -0.26260340213775635 -0.73704451322555542 -0.21548597514629364
1726.7360999956727 0.21766038239002228 -1.0757499933242798 0.012592787854373455 0.36288118362426758 -1.3928254842758179 -1.0212564468383789 0.33064940571784973 -1.5556348562240601 -0.9738469123840332 -0.22276648879051208 -1.3738412857055664 -0.718802809715271 -0.29583081603050232 -1.5231417417526245 -0.49471646547317505 -0.22388555109500885 -0.91824382543563843 -0.086478300392627716 -0.27637585997581482 -0.72618001699447632 -0.21430090069770813
1785.8369999974966 0.13171674311161041 -0.90752178430557251 -0.23744118213653564 0.44808843731880188 -1.2786866426467896 -1.3270142078399658 0.45027828216552734 -1.4895302057266235 -1.3846063613891602 -0.14338356256484985 -1.3526937961578369 -1.2329334020614624 -0.21083217859268188 -1.5847252607345581 -1.1910173892974854 -0.27960377931594849 -1.070395827293396 -0.53328663110733032 -0.29840201139450073 -0.74104517698287964 -0.46298190951347351
1785.8369999974966 0.21887087821960449 -0.8870123028755188 -0.39713543653488159 0.42049074172973633 -1.1912484169006348 -1.3803913593292236 0.38824522495269775 -1.3904824256896973 -1.4173398017883301 -0.13389933109283447 -1.2020565271377563 -1.0780225992202759 -0.19486470520496368 -1.4221364259719849 -0.93789070844650269 -0.17305009067058563 -0.94326800107955933 -0.33350130915641785 -0.20470137894153595 -0.72275352478027344 -0.35614049434661865
1845.612999998033 0.30091354250907898 -1.0700244903564453 -0.2945086658000946 0.29642388224601746 -1.3618671894073486 -1.2671217918395996 0.1994146853685379 -1.5581128597259521 -1.2707116603851318 -0.17872887849807739 -1.2148220539093018 -0.76105350255966187 -0.19580496847629547 -1.3502399921417236 -0.53908246755599976 -0.17257528007030487 -0.95557290315628052 -0.17966841161251068 -0.20074711740016937 -0.71074444055557251 -0.24801667034626007
1845.612999998033 0.28208935260772705 -1.0732631683349609 -0.3048359751701355 0.27744203805923462 -1.3753544092178345 -1.3116040229797363 0.1770261824131012 -1.5784915685653687 -1.3153200149536133 -0.21439653635025024 -1.223145604133606 -0.78776431083679199 -0.23207227885723114 -1.3633190393447876 -0.5579984188079834 -0.20802685618400574 -0.95479243993759155 -0.18596291542053223 -0.23718798160552979 -0.70136642456054688 -0.25671133399009705
1903.4255999997258 0.25215816497802734 -1.1118687391281128 -0.28868392109870911 0.29889723658561707 -1.3765172958374023 -1.2888402938842773 0.23519323766231537 -1.560680627822876 -1.2826358079910278 -0.21577660739421844 -1.2629987001419067 -0.84618902206420898 -0.23466196656227112 -1.4132671356201172 -0.64569395780563354 -0.20757761597633362 -0.98874014616012573 -0.16203796863555908 -0.23159876465797424 -0.76240992546081543 -0.19049735367298126
1903.4255999997258 0.24590037763118744 -0.91596537828445435 -0.20932246744632721 0.4558415412902832 -1.3756341934204102 -1.1834086179733276 0.44873040914535522 -1.5907325744628906 -1.2345548868179321 -0.2219085693359375 -1.3778085708618164 -1.0968186855316162 -0.31105470657348633 -1.6063803434371948 -1.0595576763153076 -0.25515103340148926 -0.9661601185798645 -0.31558427214622498 -0.22459498047828674 -0.64857518672943115 -0.24618534743785858
1964.3857999965549 0.43491974472999573 -1.311071515083313 -0.46612703800201416 0.26374009251594543 -1.4639425277709961 -1.3958415985107422 0.18761923909187317 -1.673542857170105 -1.4439176321029663 -0.26139125227928162 -1.3691375255584717 -1.0702862739562988 -0.30811867117881775 -1.5386097431182861 -0.94658231735229492 -0.18094533681869507 -0.96378099918365479 -0.26563745737075806 -0.21955464780330658 -0.73566412925720215 -0.29952627420425415
1964.3857999965549 0.39926314353942871 -1.1986414194107056 -0.43432801961898804 0.23975589871406555 -1.3410884141921997 -1.3006471395492554 0.16882555186748505 -1.5363963842391968 -1.3454450368881226 -0.24956780672073364 -1.2527480125427246 -0.99729084968566895 -0.29310896992683411 -1.4106642007827759 -0.88202196359634399 -0.17460733652114868 -0.87503182888031006 -0.24750940501689911 -0.21058396995067596 -0.66246980428695679 -0.27908742427825928
2020.3290999978781 0.35371726751327515 -1.2274922132492065 -0.45482727885246277 0.17631494998931885 -1.3407635688781738 -1.1641325950622559 0.12015863507986069 -1.5259003639221191 -1.2475792169570923 -0.30696356296539307 -1.2632839679718018 -0.99076813459396362 -0.35183778405189514 -1.4026731252670288 -1.0362949371337891 -0.18508218228816986 -0.84028875827789307 -0.18837746977806091 -0.24323026835918427 -0.68178433179855347 -0.13090768456459045
2020.3290999978781 0.55286306142807007 -1.2019126415252686 -0.70625418424606323 0.10933344066143036 -1.3760973215103149 -1.2751655578613281 0.051304779946804047 -1.6067780256271362 -1.3411563634872437 -0.23984071612358093 -1.2091556787490845 -0.98534530401229858 -0.28311699628829956 -1.3411343097686768 -0.99014103412628174 -0.054946392774581909 -0.73450696468353271 -0.19363753497600555 -0.20425595343112946 -0.65232044458389282 -0.14061258733272552
2077.6449000015855 0.60259681940078735 -1.3625177145004272 -0.81598967313766479 0.09016437828540802 -1.5637621879577637 -1.4732820987701416 0.023120895028114319 -1.8302794694900513 -1.5495245456695557 -0.31325438618659973 -1.3708860874176025 -1.1384378671646118 -0.36325368285179138 -1.5233676433563232 -1.1439785957336426 -0.099636517465114594 -0.82250010967254639 -0.223737433552742 -0.27214148640632629 -0.72754579782485962 -0.16247500479221344
3107.438299998641 -0.47546544671058655 0.13560757040977478 0.2841983437538147 -0.77161192893981934 -0.24272888898849487 -0.55345022678375244 -0.84436523914337158 -0.44371220469474792 -0.46078494191169739 -1.0001665353775024 -0.19293271005153656 -0.39041256904602051 -1.0266790390014648 -0.3571983277797699 -0.13768312335014343 -1.095455527305603 -0.1126551628112793 0.063805527985095978 -1.0831530094146729 0.22495906054973602 -0.058642785996198654
3181.8889999985695 0.063187070190906525 -1.0568532943725586 0.092069752514362335 0.34570762515068054 -1.3666098117828369 -0.88311868906021118 0.35185176134109497 -1.5557053089141846 -0.84181249141693115 -0.18751257658004761 -1.4151352643966675 -0.7224089503288269 -0.24860019981861115 -1.5564706325531006 -0.55060118436813354 -0.29066750407218933 -1.1851996183395386 0.0071224672719836235 -0.35169810056686401 -0.98517918586730957 -0.065091773867607117
3181.8889999985695 0.15585818886756897 -1.1774377822875977 0.20345459878444672 0.44500282406806946 -1.5574537515640259 -0.90353965759277344 0.46550393104553223 -1.7836735248565674 -0.90241682529449463 -0.12297023087739944 -1.5979253053665161 -0.88040637969970703 -0.178758904337883 -1.7918493747711182 -0.78432649374008179 -0.29184827208518982 -1.3370152711868286 0.020566552877426147 -0.32750973105430603 -1.0937694311141968 0.059231135994195938
3255.132500000298 0.068418316543102264 -1.3407795429229736 -0.038657445460557938 0.5269961953163147 -1.7400827407836914 -1.2563945055007935 0.56262290477752686 -1.9754606485366821 -1.2193547487258911 -0.14097242057323456 -1.8013068437576294 -1.0450328588485718 -0.20103713870048523 -1.9810998439788818 -0.86767417192459106 -0.23841479420661926 -1.3718267679214478 0.078344963490962982 -0.32055094838142395 -1.1629012823104858 0.039152324199676514
3255.132500000298 0.25259122252464294 -1.1899516582489014 0.11630892008543015 0.41990971565246582 -1.5893841981887817 -1.0055376291275024 0.36464864015579224 -1.7969205379486084 -0.98430877923965454 -0.20641793310642242 -1.5979523658752441 -0.56784254312515259 -0.26849409937858582 -1.758500337600708 -0.29874721169471741 -0.2534816563129425 -1.435529351234436 0.068589776754379272 -0.22785946726799011 -1.0643726587295532 0.018451686948537827
3331.4501999989152 0.17911285161972046 -1.3099626302719116 0.36829051375389099 0.34179159998893738 -1.673253059387207 -0.89458978176116943 0.31324556469917297 -1.8877624273300171 -0.87191015481948853 -0.25442695617675781 -1.5440185070037842 -0.050762735307216644 -0.28758317232131958 -1.5630578994750977 0.25924837589263916 -0.3102242648601532 -1.3250956535339355 0.2571759819984436 -0.28500708937644958 -1.0522078275680542 0.22094739973545074
3331.4501999989152 0.1259148120880127 -1.3447815179824829 0.00074667594162747264 0.41763398051261902 -1.6403096914291382 -1.1491467952728271 0.42601335048675537 -1.8507798910140991 -1.1503756046295166 -0.2570139467716217 -1.6433147192001343 -0.68365532159805298 -0.31707161664962769 -1.7801940441131592 -0.46311050653457642 -0.31528887152671814 -1.3698205947875977 0.0018526234198361635 -0.34161710739135742 -1.1003904342651367 -0.052378993481397629
3389.8876999989152 0.13783538341522217 -1.2653782367706299 0.039736956357955933 0.43726176023483276 -1.6367694139480591 -0.90385276079177856 0.45724043250083923 -1.8507755994796753 -0.89940422773361206 -0.23390266299247742 -1.6717227697372437 -0.67645066976547241 -0.31161341071128845 -1.8593161106109619 -0.53810966014862061 -0.34694021940231323 -1.4549981355667114 0.04696200042963028 -0.33775311708450317 -1.1561172008514404 0.064553052186965942
3389.8876999989152 0.17332789301872253 -1.4621312618255615 0.17469143867492676 0.50700604915618896 -1.9190700054168701 -0.8678138256072998 0.5319511890411377 -2.1549856662750244 -0.8540961742401123 -0.24652588367462158 -1.9679114818572998 -0.7490609884262085 -0.35461920499801636 -2.1557974815368652 -0.63293135166168213 -0.37816745042800903 -1.688582181930542 0.051968954503536224 -0.37856203317642212 -1.3752566576004028 0.06278962641954422
3459.9632999971509 0.18560588359832764 -1.4312382936477661 0.25629118084907532 0.48361280560493469 -1.8362079858779907 -0.74500346183776855 0.5256696343421936 -2.0573997497558594 -0.74575495719909668 -0.11505401134490967 -1.8648155927658081 -0.65600913763046265 -0.18249166011810303 -2.0406217575073242 -0.59827339649200439 -0.14753405749797821 -1.4587405920028687 0.23103067278862 -0.21537491679191589 -1.2999879121780396 0.2181868851184845
3459.9632999971509 0.20072340965270996 -1.2896537780761719 0.22361285984516144 0.55572324991226196 -1.7435613870620728 -0.65631192922592163 0.61702847480773926 -1.9445080757141113 -0.66136932373046875 -0.18216145038604736 -1.8597564697265625 -0.62409406900405884 -0.30474141240119934 -2.0686078071594238 -0.5956956148147583 -0.14315763115882874 -1.2815903425216675 0.12688133120536804 -0.24359683692455292 -1.1531121730804443 0.096614159643650055
3517.188299998641 0.16234265267848969 -1.4586120843887329 0.12914900481700897 0.53988903760910034 -1.8692479133605957 -0.80730432271957397 0.59954655170440674 -2.08949875831604 -0.82792568206787109 -0.2228626012802124 -1.8929232358932495 -0.67310714721679688 -0.35515740513801575 -2.0759005546569824 -0.63651430606842041 -0.072457261383533478 -1.3588584661483765 0.05500350147485733 -0.15151233971118927 -1.1710410118103027 0.016981061547994614
3517.188299998641 0.094916470348834991 -1.3456411361694336 0.12597635388374329 0.46318283677101135 -1.7461835145950317 -0.78745907545089722 0.52137398719787598 -1.9610205888748169 -0.80757349729537964 -0.28082045912742615 -1.7692768573760986 -0.65656042098999023 -0.40986347198486328 -1.9477566480636597 -0.62086701393127441 -0.13411207497119904 -1.2483394145965576 0.053653333336114883 -0.21122398972511292 -1.0651384592056274 0.016565483063459396
3572.5696999952197 0.10110985487699509 -1.4334454536437988 0.13419641554355621 0.49340590834617615 -1.8601236343383789 -0.83884143829345703 0.55539405345916748 -2.0889790058135986 -0.86026841402053833 -0.29914423823356628 -1.8847237825393677 -0.69940155744552612 -0.43660742044448853 -2.0748496055603027 -0.66137915849685669 -0.14286300539970398 -1.3297946453094482 0.057154260575771332 -0.22500655055046082 -1.1346397399902344 0.017646396532654762
3572.5696999952197 0.12844249606132507 -1.4491924047470093 0.41416826844215393 0.46432065963745117 -2.0059568881988525 -0.7054857611656189 0.48806440830230713 -2.2480199337005615 -0.73541861772537231 -0.31926217675209045 -1.925933837890625 -0.4109247624874115 -0.42210233211517334 -2.0671465396881104 -0.31497853994369507 -0.27995899319648743 -1.5610446929931641 0.37279719114303589 -0.28233489394187927 -1.2833467721939087 0.37037131190299988
3643.3401000052691 0.096006043255329132 -1.4661092758178711 0.19441090524196625 0.52403295040130615 -1.9208692312240601 -0.83057951927185059 0.58860760927200317 -2.156543493270874 -0.84273231029510498 -0.29888933897018433 -2.0040478706359863 -0.68355375528335571 -0.41710463166236877 -2.2260212898254395 -0.59044361114501953 -0.28193289041519165 -1.5028852224349976 0.13938672840595245 -0.37261751294136047 -1.27690589427948 0.089526958763599396
3643.3401000052691 0.079828180372714996 -1.4532461166381836 0.32272645831108093 0.53187626600265503 -1.9530235528945923 -0.55904430150985718 0.61902999877929688 -2.1764163970947266 -0.55664771795272827 -0.28866487741470337 -2.0709280967712402 -0.51875460147857666 -0.40938481688499451 -2.2964215278625488 -0.47590664029121399 -0.27895525097846985 -1.4734143018722534 0.27939304709434509 -0.35598602890968323 -1.2909657955169678 0.26069217920303345
3698.2774999961257 0.14111848175525665 -1.4716471433639526 0.21404938399791718 0.55872553586959839 -1.9049708843231201 -0.73790490627288818 0.62096232175827026 -2.1624519824981689 -0.76489418745040894 -0.17031297087669373 -1.9818719625473022 -0.68615138530731201 -0.27852460741996765 -2.2226686477661133 -0.65973341464996338 -0.20112223923206329 -1.4738115072250366 0.1166984811425209 -0.28025686740875244 -1.2998889684677124 0.073661409318447113
3976.2236999943852 -0.066193357110023499 -1.4576022624969482 0.52361607551574707 -0.24743887782096863 -1.6961483955383301 0.077592693269252777 -0.2825111448764801 -1.7998141050338745 0.19445443153381348 -0.35405111312866211 -1.6882905960083008 -0.088604539632797241 -0.36589369177818298 -1.7921644449234009 0.049337510019540787 -0.41166701912879944 -1.6562176942825317 0.0073714074678719044 -0.41035768389701843 -1.4136941432952881 -0.11247158795595169
