21.089500002563 -0.089334443211555481 -1.1357795000076294 0.72673934698104858 0.37857779860496521 -2.004753589630127 -0.11034480482339859 0.39792174100875854 -2.2435522079467773 -0.090663924813270569 -0.2638428807258606 -2.1165056228637695 -0.17774209380149841 -0.33225777745246887 -2.3802685737609863 -0.11479581147432327 -0.4613138735294342 -1.1173110008239746 0.4011479914188385 -0.61328953504562378 -0.89483904838562012 0.24384847283363342
21.089500002563 -0.097221575677394867 -1.1471394300460815 0.47901716828346252 0.35867151618003845 -1.9347712993621826 -0.40885627269744873 0.39055907726287842 -2.181936502456665 -0.42334443330764771 -0.25684365630149841 -2.0404551029205322 -0.44964247941970825 -0.30947363376617432 -2.3264343738555908 -0.44144859910011292 -0.40567713975906372 -1.0121779441833496 0.15796701610088348 -0.53556519746780396 -0.83092308044433594 0.0087173217907547951
78.693399995565414 -0.019010528922080994 -1.1028604507446289 0.59899532794952393 0.39352619647979736 -1.9050323963165283 -0.25383707880973816 0.41972014307975769 -2.1451179981231689 -0.24508990347385406 -0.22855505347251892 -2.0147731304168701 -0.30089136958122253 -0.30388826131820679 -2.3024234771728516 -0.25548997521400452 -0.36709862947463989 -1.0500396490097046 0.34067133069038391 -0.51993405818939209 -0.853840172290802 0.22104611992835999
78.693399995565414 -0.062863737344741821 -1.1688460111618042 0.62189561128616333 0.36545291543006897 -2.001701831817627 -0.26355850696563721 0.392648845911026 -2.2509710788726807 -0.25447678565979004 -0.28042355179786682 -2.11564040184021 -0.31241267919540405 -0.35863831639289856 -2.4142937660217285 -0.26527464389801025 -0.42426657676696777 -1.1140046119689941 0.35369047522544861 -0.58294808864593506 -0.91030037403106689 0.22948944568634033
131.63929999619722 -0.0015900209546089172 -1.2268389463424683 0.68275636434555054 0.3412526547908783 -1.9331693649291992 -0.27688121795654297 0.3796103298664093 -2.1828536987304688 -0.29446303844451904 -0.28191298246383667 -1.9844565391540527 -0.2955944836139679 -0.33317887783050537 -2.2636330127716064 -0.29804524779319763 -0.40874138474464417 -1.0440020561218262 0.22178196907043457 -0.53560322523117065 -0.88459146022796631 0.050962358713150024
131.63929999619722 -0.065890595316886902 -1.1050887107849121 0.63156569004058838 0.36808410286903381 -1.9221878051757813 -0.32687202095985413 0.40284013748168945 -2.1701688766479492 -0.32772418856620789 -0.31252014636993408 -2.0182039737701416 -0.35691693425178528 -0.38853484392166138 -2.300145149230957 -0.31651270389556885 -0.43304723501205444 -1.0479925870895386 0.34058681130409241 -0.56726163625717163 -0.82821172475814819 0.19233715534210205
184.09589999914169 -0.069665953516960144 -1.2104164361953735 0.66157042980194092 0.38493415713310242 -2.0663495063781738 -0.34241870045661926 0.42134201526641846 -2.3261163234710693 -0.3433113694190979 -0.32801699638366699 -2.166928768157959 -0.37389153242111206 -0.40764442086219788 -2.4622702598571777 -0.33156701922416687 -0.45427238941192627 -1.150606632232666 0.35676226019859314 -0.59486550092697144 -0.9203803539276123 0.20146679878234863
184.09589999914169 -0.03413105383515358 -1.1578679084777832 0.48897227644920349 0.42381668090820313 -2.0032455921173096 -0.56884711980819702 0.45678472518920898 -2.2679736614227295 -0.58169287443161011 -0.29055646061897278 -2.0893087387084961 -0.59547561407089233 -0.35529628396034241 -2.3749401569366455 -0.55845123529434204 -0.42782258987426758 -1.0681312084197998 0.13152056932449341 -0.57555681467056274 -0.81603419780731201 -0.018331574276089668
242.50640000402927 0.049272969365119934 -1.105311393737793 0.56211322546005249 0.35094872117042542 -1.8425778150558472 -0.44884651899337769 0.38205415010452271 -2.1074109077453613 -0.48564082384109497 -0.25326889753341675 -1.9662376642227173 -0.58104139566421509 -0.33889150619506836 -2.2805521488189697 -0.61757618188858032 -0.37156903743743896 -0.9730035662651062 0.049040380865335464 -0.52674281597137451 -0.86049574613571167 -0.078273773193359375
242.50640000402927 0.045162267982959747 -1.184009313583374 0.59992372989654541 0.36713105440139771 -1.9708700180053711 -0.47904092073440552 0.4003288745880127 -2.2535178661346436 -0.5183103084564209 -0.27773088216781616 -2.1028482913970947 -0.62012821435928345 -0.36911314725875854 -2.4383058547973633 -0.65912061929702759 -0.40398883819580078 -1.0428016185760498 0.052337642759084702 -0.56960076093673706 -0.9227256178855896 -0.083540633320808411
297.16819999366999 -0.050401665270328522 -1.1493805646896362 0.37781581282615662 0.38955456018447876 -1.9707707166671753 -0.70578920841217041 0.40432187914848328 -2.2618064880371094 -0.75658005475997925 -0.2323586642742157 -2.0664982795715332 -0.8448951244354248 -0.32704567909240723 -2.3819622993469238 -0.85695785284042358 -0.41382479667663574 -1.0412362813949585 -0.0095771970227360725 -0.55170160531997681 -0.82321768999099731 -0.1616877019405365
297.16819999366999 -0.054471038281917572 -0.96876943111419678 0.14423927664756775 0.36858958005905151 -1.8082500696182251 -0.73083984851837158 0.38822820782661438 -2.0741341114044189 -0.7835695743560791 -0.28638768196105957 -1.9225322008132935 -0.82272017002105713 -0.38672089576721191 -2.2197904586791992 -0.87210923433303833 -0.35200804471969604 -0.90767151117324829 -0.11852780729532242 -0.51690846681594849 -0.71106892824172974 -0.2081623375415802
352.56300000101328 -0.031056256964802742 -0.95616430044174194 0.14523531496524811 0.39491420984268188 -1.8014189004898071 -0.73586273193359375 0.41468796133995056 -2.06913161277771 -0.78895509243011475 -0.26456806063652039 -1.9164872169494629 -0.82837504148483276 -0.3655913770198822 -2.2157900333404541 -0.87810373306274414 -0.33063974976539612 -0.89464610815048218 -0.11933910101652145 -0.49667438864707947 -0.69669127464294434 -0.20959015190601349
352.56300000101328 -0.025549404323101044 -1.0313290357589722 0.14272165298461914 0.38468402624130249 -1.8224078416824341 -0.71191096305847168 0.40544703602790833 -2.0879135131835938 -0.74170482158660889 -0.24646361172199249 -1.9545134305953979 -0.79003357887268066 -0.34516012668609619 -2.2554590702056885 -0.80486142635345459 -0.35332980751991272 -0.9182734489440918 -0.10118018835783005 -0.49378788471221924 -0.75163912773132324 -0.22012865543365479
407.58119999617338 0.037493251264095306 -1.0354694128036499 0.16634616255760193 0.40938988327980042 -1.8090569972991943 -0.74510097503662109 0.42780598998069763 -2.0721035003662109 -0.77923357486724854 -0.21777904033660889 -1.930131196975708 -0.82557916641235352 -0.32105705142021179 -2.2280802726745605 -0.83963185548782349 -0.31709739565849304 -0.9220278263092041 -0.15734368562698364 -0.4649394154548645 -0.75443482398986816 -0.29429143667221069
407.58119999617338 -0.0087059810757637024 -1.0163673162460327 0.33273592591285706 0.33328551054000854 -1.7833901643753052 -0.5277400016784668 0.33186191320419312 -2.0243411064147949 -0.53236687183380127 -0.25364416837692261 -1.8790775537490845 -0.58978891372680664 -0.33924213051795959 -2.1433079242706299 -0.55722218751907349 -0.37013861536979675 -0.92170530557632446 0.031220912933349609 -0.52156102657318115 -0.73864841461181641 -0.13330107927322388
463.29480000585318 -0.021030761301517487 -1.0404419898986816 0.33653232455253601 0.32486298680305481 -1.8162169456481934 -0.53376203775405884 0.32342314720153809 -2.0599169731140137 -0.53844171762466431 -0.26876381039619446 -1.9129960536956787 -0.59651893377304077 -0.355338454246521 -2.180241584777832 -0.56358057260513306 -0.38658750057220459 -0.94469976425170898 0.031576886773109436 -0.53973770141601563 -0.75955414772033691 -0.13482236862182617
463.29480000585318 -0.076147466897964478 -1.1060446500778198 0.26198795437812805 0.34807571768760681 -1.7904983758926392 -0.58453100919723511 0.36433082818984985 -2.0415587425231934 -0.59578186273574829 -0.24647559225559235 -1.8799469470977783 -0.65387451648712158 -0.33729633688926697 -2.158599853515625 -0.63343149423599243 -0.39786648750305176 -0.92222821712493896 -0.079226262867450714 -0.52421784400939941 -0.79422003030776978 -0.26693511009216309
519.54240000247955 -0.033841390162706375 -1.0565330982208252 0.2934378981590271 0.38100311160087585 -1.8293994665145874 -0.68754929304122925 0.40124255418777466 -2.0896956920623779 -0.71544384956359863 -0.25839444994926453 -1.9474478960037231 -0.76969033479690552 -0.34999984502792358 -2.2328708171844482 -0.7592276930809021 -0.37344455718994141 -0.98966294527053833 -0.011197177693247795 -0.51799982786178589 -0.7959214448928833 -0.14377743005752563
519.54240000247955 -0.048826210200786591 -1.0096524953842163 0.28283938765525818 0.35103663802146912 -1.7546076774597168 -0.66272062063217163 0.37054520845413208 -2.0055036544799805 -0.68960779905319214 -0.26526981592178345 -1.8683928251266479 -0.74189525842666626 -0.35356700420379639 -2.1435081958770752 -0.73181045055389404 -0.3761650025844574 -0.94519722461700439 -0.010794161818921566 -0.51549983024597168 -0.75845241546630859 -0.13858644664287567
575.0447999984026 -0.045844949781894684 -1.0282118320465088 0.24886597692966461 0.3694586455821991 -1.7642793655395508 -0.57020312547683716 0.39805465936660767 -2.0094926357269287 -0.59591281414031982 -0.28044715523719788 -1.8858128786087036 -0.638275146484375 -0.38063010573387146 -2.1634163856506348 -0.65158742666244507 -0.35254967212677002 -0.91117620468139648 -0.020512619987130165 -0.49569657444953918 -0.76093405485153198 -0.12631654739379883
575.0447999984026 0.0016005974030122161 -1.067164421081543 0.17984052002429962 0.46441611647605896 -1.8491723537445068 -0.81421977281570435 0.48319327831268311 -2.1274354457855225 -0.85702437162399292 -0.20660454034805298 -1.963227391242981 -0.89317721128463745 -0.30856314301490784 -2.2602941989898682 -0.89669322967529297 -0.33970162272453308 -1.0064139366149902 -0.10066904872655869 -0.47805118560791016 -0.79228872060775757 -0.2066417932510376
629.26550000160933 -0.0494658462703228 -1.007689356803894 0.16758714616298676 0.38181516528129578 -1.7364141941070557 -0.75874161720275879 0.39931291341781616 -1.9957175254821777 -0.79862970113754272 -0.24348467588424683 -1.8426978588104248 -0.83231914043426514 -0.33849620819091797 -2.1195237636566162 -0.83559560775756836 -0.36751300096511841 -0.95107817649841309 -0.093809545040130615 -0.49643594026565552 -0.75154268741607666 -0.19256170094013214
629.26550000160933 -0.0060007814317941666 -1.0461736917495728 0.25116726756095886 0.38148441910743713 -1.7270562648773193 -0.65898996591567993 0.40752482414245605 -1.973633885383606 -0.68987375497817993 -0.27354669570922852 -1.8233864307403564 -0.6991584300994873 -0.37758773565292358 -2.0860941410064697 -0.6839141845703125 -0.32500648498535156 -0.93595641851425171 0.04890858381986618 -0.45857566595077515 -0.76561319828033447 -0.071148991584777832
682.53770000487566 -0.023349152877926826 -1.1247695684432983 0.18967707455158234 0.41068261861801147 -1.8389636278152466 -0.70747959613800049 0.44317302107810974 -2.0939366817474365 -0.72651952505111694 -0.29924046993255615 -1.9575403928756714 -0.73711305856704712 -0.4116414487361908 -2.2373301982879639 -0.73072689771652222 -0.35546067357063293 -0.97132623195648193 -0.0061830109916627407 -0.49541100859642029 -0.80750387907028198 -0.10040067881345749
682.53770000487566 0.02547939121723175 -1.1475566625595093 0.19302155077457428 0.46716329455375671 -1.8743423223495483 -0.71995234489440918 0.50022655725479126 -2.1338107585906982 -0.73932802677154541 -0.25527599453926086 -1.9950098991394043 -0.75010830163955688 -0.36965867877006531 -2.2797322273254395 -0.74360954761505127 -0.31248739361763 -0.99140816926956177 -0.0062916292808949947 -0.45490506291389465 -0.82469755411148071 -0.10217038542032242
738.91950000077486 0.070717677474021912 -1.1466777324676514 0.22549527883529663 0.44599306583404541 -1.8532778024673462 -0.75114792585372925 0.46828183531761169 -2.1179947853088379 -0.79275649785995483 -0.22247931361198425 -1.976396918296814 -0.76969969272613525 -0.33213597536087036 -2.2566971778869629 -0.75823849439620972 -0.30364638566970825 -0.99969172477722168 -0.068856619298458099 -0.44739404320716858 -0.85524147748947144 -0.21997323632240295
738.91950000077486 0.018956724554300308 -1.0792624950408936 0.21595034003257751 0.37834417819976807 -1.7559473514556885 -0.71934497356414795 0.39968931674957275 -2.0094568729400635 -0.75919198989868164 -0.2618272602558136 -1.8738539218902588 -0.73711133003234863 -0.36684140563011169 -2.1422872543334961 -0.72613537311553955 -0.33955797553062439 -0.93849927186965942 -0.065939657390117645 -0.4772198498249054 -0.80016458034515381 -0.2106584906578064
792.74450000375509 0.019182447344064713 -1.0921134948730469 0.21852171421051025 0.38284921646118164 -1.7768559455871582 -0.72791045904159546 0.40444853901863098 -2.0333840847015381 -0.76823186874389648 -0.26494491100311279 -1.8961664438247681 -0.74588829278945923 -0.37120950222015381 -2.1677961349487305 -0.73478162288665771 -0.34360119700431824 -0.94967424869537354 -0.066724821925163269 -0.48290222883224487 -0.8096923828125 -0.21316686272621155
792.74450000375509 0.027340712025761604 -1.07221519947052 0.23665100336074829 0.35948476195335388 -1.7817028760910034 -0.66338193416595459 0.38574311137199402 -2.0330183506011963 -0.69288378953933716 -0.27345457673072815 -1.8708045482635498 -0.69706898927688599 -0.36721119284629822 -2.1366894245147705 -0.68776082992553711 -0.35810619592666626 -0.93402796983718872 -0.096589177846908569 -0.49041897058486938 -0.81569278240203857 -0.27176791429519653
848.40180000662804 -0.03733748197555542 -0.93300825357437134 0.29560962319374084 0.36187061667442322 -1.6905932426452637 -0.5519096851348877 0.38741859793663025 -1.9335453510284424 -0.57832461595535278 -0.26141777634620667 -1.8002445697784424 -0.63936561346054077 -0.35213017463684082 -2.0584924221038818 -0.65130817890167236 -0.37265321612358093 -0.85231608152389526 -0.014521326869726181 -0.51563483476638794 -0.72215157747268677 -0.1489577442407608
848.40180000662804 0.047854270786046982 -1.0632544755935669 0.31915202736854553 0.47886195778846741 -1.8811862468719482 -0.59587782621383667 0.50644499063491821 -2.143491268157959 -0.6243969202041626 -0.19407552480697632 -1.9995722770690918 -0.69030022621154785 -0.29201376438140869 -2.2783911228179932 -0.70319414138793945 -0.31417161226272583 -0.97613471746444702 -0.015682928264141083 -0.46854269504547119 -0.835601806640625 -0.1608281135559082
901.48209999501705 0.055358957499265671 -0.93782466650009155 0.11190555244684219 0.44821909070014954 -1.8181126117706299 -0.65802103281021118 0.47087231278419495 -2.0728578567504883 -0.68848931789398193 -0.21609500050544739 -1.9692975282669067 -0.71537017822265625 -0.32207322120666504 -2.2510511875152588 -0.71522343158721924 -0.31687244772911072 -0.95367544889450073 -0.11163207143545151 -0.47474962472915649 -0.79787474870681763 -0.23785944283008575
901.48209999501705 0.069351747632026672 -0.95576959848403931 0.14446824789047241 0.43376728892326355 -1.7693006992340088 -0.64155560731887817 0.46114674210548401 -2.0132894515991211 -0.6766279935836792 -0.19416426122188568 -1.8821041584014893 -0.67499697208404541 -0.28717276453971863 -2.1527705192565918 -0.68661272525787354 -0.27660560607910156 -0.90087789297103882 -0.08723333477973938 -0.41145977377891541 -0.76740437746047974 -0.18540960550308228
954.19839999824762 0.062775313854217529 -0.96606123447418213 0.14806941151618958 0.43626096844673157 -1.7998405694961548 -0.65751808881759644 0.46432188153266907 -2.0499024391174316 -0.69346344470977783 -0.20729947090148926 -1.9154517650604248 -0.69179177284240723 -0.30262291431427002 -2.1928551197052002 -0.703696608543396 -0.29179275035858154 -0.90980333089828491 -0.089399084448814392 -0.43000337481498718 -0.77300775051116943 -0.1900189071893692
954.19839999824762 0.014864400960505009 -1.1112663745880127 0.30466416478157043 0.41437646746635437 -1.8244510889053345 -0.65057820081710815 0.43211552500724792 -2.0762264728546143 -0.66867786645889282 -0.25843104720115662 -1.9142472743988037 -0.69420772790908813 -0.35878670215606689 -2.1820485591888428 -0.66527253389358521 -0.35455861687660217 -0.98694920539855957 0.011199051514267921 -0.48569837212562561 -0.81289684772491455 -0.13094048202037811
1009.2395000010729 -0.042556408792734146 -1.057790994644165 0.23749004304409027 0.42067641019821167 -1.8216681480407715 -0.74018514156341553 0.46823036670684814 -2.0908632278442383 -0.7736167311668396 -0.29886791110038757 -1.9423497915267944 -0.82787102460861206 -0.40258771181106567 -2.2367558479309082 -0.84193921089172363 -0.38935154676437378 -0.99022144079208374 -0.062421347945928574 -0.53062289953231812 -0.80567264556884766 -0.17462924122810364
1009.2395000010729 -0.01178350206464529 -1.0408952236175537 0.23204237222671509 0.44082331657409668 -1.7872498035430908 -0.72320622205734253 0.48728650808334351 -2.0502698421478271 -0.75587093830108643 -0.26221555471420288 -1.9051631689071655 -0.80888068675994873 -0.36355611681938171 -2.1928160190582275 -0.82262617349624634 -0.35062357783317566 -0.97487550973892212 -0.060989439487457275 -0.48865437507629395 -0.79456007480621338 -0.17062342166900635
1067.950300000608 -0.018800243735313416 -0.9797670841217041 0.30758598446846008 0.37138178944587708 -1.775648832321167 -0.57881033420562744 0.39436826109886169 -2.0335896015167236 -0.60445922613143921 -0.25019994378089905 -1.9111530780792236 -0.72433829307556152 -0.35275912284851074 -2.2023591995239258 -0.75297218561172485 -0.36894136667251587 -0.97590476274490356 -0.068861879408359528 -0.50608491897583008 -0.78237688541412354 -0.17592774331569672
1067.950300000608 -0.013455703854560852 -1.0391000509262085 0.34818994998931885 0.40154573321342468 -1.8129158020019531 -0.60536986589431763 0.42511856555938721 -2.0839018821716309 -0.64249700307846069 -0.22637644410133362 -1.9365990161895752 -0.7258460521697998 -0.32185274362564087 -2.2425673007965088 -0.74630200862884521 -0.36560904979705811 -0.96010160446166992 0.00046523290802724659 -0.51925218105316162 -0.77118360996246338 -0.1474861204624176
1125.0086999982595 -0.018885970115661621 -1.0456764698028564 0.35025656223297119 0.3985808789730072 -1.8240892887115479 -0.60896807909011841 0.42229375243186951 -2.0966851711273193 -0.6463158130645752 -0.23307162523269653 -1.9485071897506714 -0.73015999794006348 -0.32911509275436401 -2.2562930583953857 -0.75073748826980591 -0.37313136458396912 -0.96620875597000122 0.00046610346180386841 -0.52768725156784058 -0.77616840600967407 -0.14836418628692627
1125.0086999982595 -0.021683240309357643 -1.0983912944793701 0.39995571970939636 0.35357385873794556 -1.833632230758667 -0.53623449802398682 0.38458433747291565 -2.0916035175323486 -0.57170522212982178 -0.25099319219589233 -1.9782812595367432 -0.62909996509552002 -0.32848873734474182 -2.2822856903076172 -0.65497368574142456 -0.36985468864440918 -0.97499549388885498 0.056218706071376801 -0.50636601448059082 -0.79320645332336426 -0.055034756660461426
1179.2872000038624 0.04348880797624588 -1.1154353618621826 0.41570207476615906 0.43352323770523071 -1.8796297311782837 -0.55735456943511963 0.46575486660003662 -2.1477596759796143 -0.59422212839126587 -0.19485118985176086 -2.0299749374389648 -0.65387701988220215 -0.27539846301078796 -2.3459506034851074 -0.68076962232589722 -0.31839334964752197 -0.98718053102493286 0.058428972959518433 -0.46028038859367371 -0.79823273420333862 -0.057205568999052048
1179.2872000038624 0.044319562613964081 -1.1367433071136475 0.42364314198493958 0.44180473685264587 -1.9155359268188477 -0.56800156831741333 0.47465208172798157 -2.1887879371643066 -0.60557341575622559 -0.19857339560985565 -2.0687530040740967 -0.66636788845062256 -0.28065934777259827 -2.3907649517059326 -0.69377422332763672 -0.32447555661201477 -1.0060384273529053 0.059545129537582397 -0.46907302737236023 -0.81348115205764771 -0.058298353105783463
1232.5525999963284 0.044122599065303802 -1.0365374088287354 0.38482502102851868 0.42392462491989136 -1.9292311668395996 -0.58592039346694946 0.44947898387908936 -2.1947977542877197 -0.60674399137496948 -0.23797808587551117 -2.0634660720825195 -0.67937493324279785 -0.31290921568870544 -2.3661112785339355 -0.67695796489715576 -0.36792373657226563 -0.97121655941009521 0.021528603509068489 -0.52958387136459351 -0.7617231011390686 -0.12407593429088593
1232.5525999963284 -0.016282049939036369 -1.0471807718276978 0.48254063725471497 0.35405397415161133 -1.8082607984542847 -0.30275905132293701 0.39171186089515686 -2.0412125587463379 -0.30442866683006287 -0.26588419079780579 -1.9423447847366333 -0.33792644739151001 -0.33005893230438232 -2.2378337383270264 -0.32418373227119446 -0.37729471921920776 -0.93597334623336792 0.20430304110050201 -0.51762282848358154 -0.76754593849182129 0.083624266088008881
1286.161299996078 0.07458622008562088 -1.1235175132751465 0.52638828754425049 0.47857773303985596 -1.9537632465362549 -0.33027809858322144 0.51965790987014771 -2.2078852653503418 -0.33209940791130066 -0.19769933819770813 -2.1000325679779053 -0.36864140629768372 -0.26770612597465515 -2.422374963760376 -0.3536497950553894 -0.31923466920852661 -1.0022038221359253 0.22286495566368103 -0.47231554985046387 -0.81846994161605835 0.091219097375869751
1286.161299996078 0.017028974369168282 -1.1500778198242188 0.43965724110603333 0.42395177483558655 -1.9846228361129761 -0.61058264970779419 0.44102993607521057 -2.2620172500610352 -0.61947721242904663 -0.20940309762954712 -2.1080765724182129 -0.65722543001174927 -0.26581665873527527 -2.4177911281585693 -0.6189655065536499 -0.38958901166915894 -1.0416494607925415 0.0011517978273332119 -0.54540890455245972 -0.82042205333709717 -0.19811131060123444
1343.658900000155 -0.012840538285672665 -1.0954554080963135 0.65905308723449707 0.25611385703086853 -1.8156952857971191 -0.077710658311843872 0.26091191172599792 -2.0269174575805664 -0.04581846296787262 -0.32157617807388306 -1.9087008237838745 -0.12664797902107239 -0.39567595720291138 -2.1807694435119629 -0.092439644038677216 -0.4235709011554718 -0.94285494089126587 0.29893380403518677 -0.56573867797851563 -0.78534513711929321 0.14825268089771271
1343.658900000155 0.091741979122161865 -1.1581028699874878 0.70759224891662598 0.38050663471221924 -1.931393027305603 -0.083438865840435028 0.38565808534622192 -2.1581730842590332 -0.049197603017091751 -0.23973400890827179 -2.0312492847442627 -0.13598074018955231 -0.31929171085357666 -2.3233573436737061 -0.09925273060798645 -0.34924131631851196 -0.9942624568939209 0.32094791531562805 -0.5018807053565979 -0.82515102624893188 0.15916812419891357
1397.3743999972939 0.102007195353508 -1.1647529602050781 0.64304381608963013 0.43293800950050354 -1.9784920215606689 -0.20708099007606506 0.4551471471786499 -2.2074053287506104 -0.16935150325298309 -0.26235425472259521 -2.1101577281951904 -0.23872917890548706 -0.35297483205795288 -2.4104914665222168 -0.18149949610233307 -0.31896194815635681 -1.0539282560348511 0.35335904359817505 -0.48474204540252686 -0.85023021697998047 0.25205475091934204
1397.3743999972939 0.11558055132627487 -1.2550538778305054 0.42071342468261719 0.46458819508552551 -1.986859917640686 -0.60486459732055664 0.49456790089607239 -2.2681713104248047 -0.62699997425079346 -0.24528440833091736 -2.106391429901123 -0.75372755527496338 -0.35138064622879028 -2.4273858070373535 -0.77059489488601685 -0.32610097527503967 -1.1185119152069092 0.00070753175532445312 -0.45633998513221741 -0.87629210948944092 -0.096835270524024963
1449.8112000003457 0.077703610062599182 -1.154289722442627 0.387136310338974 0.39885437488555908 -1.8276849985122681 -0.55658280849456787 0.42644119262695313 -2.086543083190918 -0.57695138454437256 -0.25435805320739746 -1.9376757144927979 -0.69356387853622437 -0.35198599100112915 -2.2330491542816162 -0.70908492803573608 -0.32872408628463745 -1.0286462306976318 0.00065416010329499841 -0.44856774806976318 -0.80575984716415405 -0.089103035628795624
1449.8112000003457 -0.012167615815997124 -1.0537530183792114 0.35036963224411011 0.38927459716796875 -1.8013260364532471 -0.56562960147857666 0.42053312063217163 -2.0671989917755127 -0.59474360942840576 -0.24765355885028839 -1.9297738075256348 -0.69110780954360962 -0.3398851752281189 -2.2271378040313721 -0.71344691514968872 -0.35167354345321655 -1.0054875612258911 0.023399997502565384 -0.50000852346420288 -0.79561972618103027 -0.068365633487701416
1504.3377000018954 0.0086315441876649857 -1.1509436368942261 0.21785612404346466 0.20686270296573639 -1.9274975061416626 -0.67937761545181274 0.18931193649768829 -2.1914288997650146 -0.68146461248397827 -0.38817581534385681 -1.989806056022644 -0.68104517459869385 -0.46977755427360535 -2.2575325965881348 -0.61965674161911011 -0.4523029625415802 -1.4210807085037231 -0.11323416978120804 -0.43288105726242065 -0.92418116331100464 -0.070431523025035858
1504.3377000018954 0.028352975845336914 -1.1291638612747192 0.20938490331172943 0.21885736286640167 -1.8754487037658691 -0.65287590026855469 0.20199067890644073 -2.1290922164916992 -0.65488147735595703 -0.3529873788356781 -1.935328483581543 -0.65447843074798584 -0.43140837550163269 -2.1926193237304688 -0.59548282623291016 -0.41461491584777832 -1.3887714147567749 -0.10879994183778763 -0.39595004916191101 -0.91124039888381958 -0.06766568124294281
1557.6647999957204 0.06594540923833847 -1.3260061740875244 0.21405953168869019 0.188974529504776 -1.8506555557250977 -0.76266705989837646 0.15977561473846436 -2.1037890911102295 -0.7659422755241394 -0.4194277822971344 -1.8379486799240112 -0.60213720798492432 -0.49572983384132385 -2.0975854396820068 -0.47284132242202759 -0.42617964744567871 -1.247847318649292 0.16057109832763672 -0.42989814281463623 -0.88005620241165161 0.16315791010856628
1557.6647999957204 0.04215245321393013 -1.1557791233062744 0.20234189927577972 0.31925806403160095 -1.8131567239761353 -0.73012775182723999 0.32957267761230469 -2.0752654075622559 -0.7823602557182312 -0.3893546462059021 -1.8063591718673706 -0.73376959562301636 -0.52272099256515503 -2.081906795501709 -0.73752284049987793 -0.31877574324607849 -0.97360128164291382 0.080286383628845215 -0.46140667796134949 -0.80206871032714844 0.076128534972667694
1612.6342000067234 0.11446847021579742 -1.2002911567687988 0.21337945759296417 0.40670281648635864 -1.8935586214065552 -0.76999890804290771 0.41758057475090027 -2.1699774265289307 -0.82508307695388794 -0.340597003698349 -1.8863899707794189 -0.77383959293365479 -0.48124462366104126 -2.1769812107086182 -0.77779775857925415 -0.26616480946540833 -1.0081672668457031 0.084660246968269348 -0.41658279299736023 -0.82726967334747314 0.080275394022464752
1612.6342000067234 0.07435404509305954 -1.2351042032241821 0.15511535108089447 0.36265018582344055 -1.8986012935638428 -0.88982754945755005 0.34345272183418274 -2.2043685913085938 -0.94820189476013184 -0.36055710911750793 -1.8807802200317383 -0.92266792058944702 -0.50624984502792358 -2.1897170543670654 -0.93072527647018433 -0.42804118990898132 -1.1843420267105103 -0.095961734652519226 -0.42818495631217957 -0.81166905164718628 -0.014759727753698826
1666.8356000036001 -0.01070844940841198 -1.1644564867019653 0.18858259916305542 0.28287291526794434 -1.8026546239852905 -0.73106342554092407 0.28898191452026367 -2.0684134960174561 -0.7797207236289978 -0.3769991397857666 -1.7961184978485107 -0.69074374437332153 -0.5019453763961792 -2.0676724910736084 -0.67568123340606689 -0.3315199613571167 -0.97493219375610352 0.14077959954738617 -0.41428962349891663 -0.73778516054153442 0.13562208414077759
1666.8356000036001 0.079489022493362427 -1.1827294826507568 0.19454944133758545 0.38235506415367126 -1.8411109447479248 -0.75418096780776978 0.38865730166435242 -2.1152744293212891 -0.80437707901000977 -0.29838582873344421 -1.834368109703064 -0.7125861644744873 -0.42728355526924133 -2.1145102977752686 -0.69704723358154297 -0.25146833062171936 -0.98721128702163696 0.14523464441299438 -0.33685564994812012 -0.74256432056427002 0.13991402089595795
1721.595600001514 -0.11709638684988022 -1.0233196020126343 -0.075982816517353058 0.39283350110054016 -1.8305522203445435 -1.135978102684021 0.41490811109542847 -2.1117379665374756 -1.2233572006225586 -0.33330008387565613 -1.8498643636703491 -1.131658673286438 -0.44993582367897034 -2.1599545478820801 -1.1949323415756226 -0.27730283141136169 -0.9396202564239502 -0.18358610570430756 -0.43757632374763489 -0.75829076766967773 -0.17084336280822754
1725.1058000028133 -0.019579604268074036 -0.90262997150421143 -0.034173183143138885 0.33569753170013428 -1.5364677906036377 -0.84533339738845825 0.34574079513549805 -1.7810491323471069 -0.90426331758499146 -0.28106972575187683 -1.5133329629898071 -0.81243133544921875 -0.3899155855178833 -1.7406014204025269 -0.85652357339859009 -0.21770967543125153 -0.7286534309387207 -0.0065585793927311897 -0.36632940173149109 -0.59134256839752197 0.011673015542328358
1777.0232000052929 0.10568257421255112 -1.0248650312423706 -0.038726773113012314 0.50830966234207153 -1.7431782484054565 -0.95799529552459717 0.51969140768051147 -2.0203564167022705 -1.024779200553894 -0.19065792858600616 -1.716960072517395 -0.92070817947387695 -0.31401035189628601 -1.9745180606842041 -0.9706769585609436 -0.11885350197553635 -0.82770150899887085 -0.0074318009428679943 -0.28728070855140686 -0.67209035158157349 0.013229629956185818
1777.0232000052929 0.23372393846511841 -1.0591995716094971 -0.1951281726360321 0.38336628675460815 -1.7053723335266113 -1.0212447643280029 0.36540165543556213 -1.9835841655731201 -1.1005235910415649 -0.20959050953388214 -1.596566915512085 -0.85972130298614502 -0.29452505707740784 -1.8082921504974365 -0.88799530267715454 -0.16643582284450531 -0.73024857044219971 -0.15955062210559845 -0.40560877323150635 -0.64156645536422729 -0.20406711101531982
1845.640000000596 0.023675404489040375 -0.98549515008926392 0.23227189481258392 0.38161081075668335 -1.5812669992446899 -0.7937166690826416 0.41141900420188904 -1.8286250829696655 -0.83493554592132568 -0.36698409914970398 -1.6722958087921143 -0.80888956785202026 -0.47838780283927917 -1.9526102542877197 -0.85034435987472534 -0.2964627742767334 -0.64794224500656128 -0.050765093415975571 -0.47641026973724365 -0.48641571402549744 -0.12068840116262436
1845.640000000596 -0.028126383200287819 -1.2376699447631836 0.32180175185203552 0.36378207802772522 -1.9212570190429688 -0.74626052379608154 0.37393561005592346 -2.1838686466217041 -0.77388626337051392 -0.41429278254508972 -1.957413911819458 -0.75619083642959595 -0.5237886905670166 -2.2548308372497559 -0.76454204320907593 -0.34441456198692322 -0.90115714073181152 0.064778119325637817 -0.53076541423797607 -0.72537428140640259 -0.030481580644845963
1898.8655999973416 -0.0090678241103887558 -1.1124860048294067 0.29237237572669983 0.34699717164039612 -1.7335530519485474 -0.67800617218017578 0.35622206330299377 -1.9721465110778809 -0.7031053900718689 -0.35991588234901428 -1.7664030790328979 -0.68702834844589233 -0.45939740538597107 -2.036618709564209 -0.69461572170257568 -0.29642868041992188 -0.80675017833709717 0.058855779469013214 -0.46573606133460999 -0.64704424142837524 -0.027691582217812538
1901.0273999944329 -0.14121121168136597 -1.0333330631256104 -0.13877607882022858 0.36830127239227295 -1.7064203023910522 -1.1852893829345703 0.42718338966369629 -1.9673380851745605 -1.2489681243896484 -0.45301732420921326 -1.8356606960296631 -1.2801797389984131 -0.59718358516693115 -2.1466922760009766 -1.3535658121109009 -0.38579288125038147 -0.88945120573043823 -0.23953579366207123 -0.57116281986236572 -0.74885481595993042 -0.29080197215080261
1954.0953000038862 0.01245166826993227 -0.95937395095825195 -0.048792518675327301 0.43383777141571045 -1.6378556489944458 -0.95045071840286255 0.46911534667015076 -1.8890082836151123 -1.0137364864349365 -0.35836911201477051 -1.6804651021957397 -1.059624195098877 -0.48332715034484863 -1.9432729482650757 -1.1322320699691772 -0.23676565289497375 -0.82132184505462646 -0.04764769971370697 -0.37356022000312805 -0.66779452562332153 -0.025321338325738907
1954.0953000038862 0.033354636281728745 -0.96926593780517578 -0.047853432595729828 0.4466916024684906 -1.6347876787185669 -0.93228858709335327 0.48129528760910034 -1.8811427354812622 -0.99436545372009277 -0.33038288354873657 -1.6765830516815186 -1.0393766164779663 -0.45295402407646179 -1.9343709945678711 -1.1105976104736328 -0.21110221743583679 -0.83385080099105835 -0.04673047736287117 -0.34528377652168274 -0.68325614929199219 -0.024830587208271027
2007.3775999993086 -0.011506530456244946 -0.98770815134048462 -0.093042470514774323 0.43264701962471008 -1.6110888719558716 -1.0740959644317627 0.48740801215171814 -1.8518273830413818 -1.1496132612228394 -0.35815495252609253 -1.69769287109375 -1.1327610015869141 -0.48008078336715698 -1.9777417182922363 -1.2243674993515015 -0.18373329937458038 -0.8067629337310791 -0.14610657095909119 -0.35775908827781677 -0.67094945907592773 -0.1271243542432785
2007.3775999993086 0.031800277531147003 -1.1388866901397705 -0.21321567893028259 0.48024770617485046 -1.6577136516571045 -1.2006425857543945 0.52879947423934937 -1.9065953493118286 -1.2910976409912109 -0.32662636041641235 -1.6917256116867065 -1.2364954948425293 -0.46091431379318237 -1.9442706108093262 -1.3393818140029907 -0.11553052812814713 -0.85484093427658081 -0.16806627810001373 -0.28922271728515625 -0.72175943851470947 -0.11741558462381363
2064.9039999991655 0.0030804197303950787 -1.1020069122314453 -0.20889060199260712 0.44243848323822021 -1.6103180646896362 -1.1763037443161011 0.49000623822212219 -1.8541551828384399 -1.264925479888916 -0.34808143973350525 -1.6436408758163452 -1.2114300727844238 -0.47964763641357422 -1.8910669088363647 -1.3122309446334839 -0.14126421511173248 -0.82371842861175537 -0.16465629637241364 -0.31143590807914734 -0.69333428144454956 -0.11503221839666367
2064.9039999991655 -0.065621070563793182 -0.97957223653793335 -0.15303574502468109 0.43207526206970215 -1.6015321016311646 -1.0693478584289551 0.47795823216438293 -1.8368697166442871 -1.1371779441833496 -0.31385156512260437 -1.6583676338195801 -1.1915594339370728 -0.43670639395713806 -1.9273734092712402 -1.287615180015564 -0.19525234401226044 -0.83874690532684326 -0.2168658971786499 -0.3696286678314209 -0.69644492864608765 -0.22662357985973358
2125.0319999977946 0.014624287374317646 -1.0356665849685669 -0.05325360968708992 0.41685891151428223 -1.5810412168502808 -1.0396661758422852 0.4677976667881012 -1.828065037727356 -1.0999099016189575 -0.33434391021728516 -1.672044038772583 -1.0871671438217163 -0.46329563856124878 -1.9290728569030762 -1.125180721282959 -0.20989561080932617 -0.89816176891326904 -0.050326541066169739 -0.40663829445838928 -0.78313624858856201 -0.071825765073299408
2125.0319999977946 0.10269898921251297 -1.0015711784362793 -0.36957305669784546 0.44879743456840515 -1.5866430997848511 -1.4125517606735229 0.51346379518508911 -1.8410931825637817 -1.5124185085296631 -0.37022411823272705 -1.6554938554763794 -1.4587892293930054 -0.5005001425743103 -1.8930402994155884 -1.5676698684692383 -0.2069045752286911 -0.90184426307678223 -0.25967013835906982 -0.39278075098991394 -0.78522020578384399 -0.17416340112686157
2182.5074999928474 0.095441907644271851 -0.87189030647277832 -0.34245067834854126 0.41613823175430298 -1.4140205383300781 -1.3088793754577637 0.47605839371681213 -1.6497950553894043 -1.4014163017272949 -0.34277072548866272 -1.4778178930282593 -1.3517231941223145 -0.46348503232002258 -1.6979293823242188 -1.4526125192642212 -0.19143812358379364 -0.77948290109634399 -0.24061413109302521 -0.36367180943489075 -0.67141854763031006 -0.161383256316185
2182.5074999928474 0.025154789909720421 -0.96773290634155273 -0.25139874219894409 0.42970556020736694 -1.470561146736145 -1.3616846799850464 0.48108050227165222 -1.7252653837203979 -1.4496825933456421 -0.33629122376441956 -1.551497220993042 -1.3767813444137573 -0.45765683054924011 -1.7945250272750854 -1.4469784498214722 -0.19801150262355804 -0.82545739412307739 -0.22150076925754547 -0.37027877569198608 -0.70984470844268799 -0.17525111138820648
2239.2678999975324 0.05508582666516304 -0.94381731748580933 -0.36868911981582642 0.42705324292182922 -1.4917470216751099 -1.4271203279495239 0.45437058806419373 -1.7492516040802002 -1.5305643081665039 -0.31452333927154541 -1.5626153945922852 -1.4741610288619995 -0.44225344061851501 -1.7920997142791748 -1.5838773250579834 -0.18423686921596527 -0.82669085264205933 -0.27468651533126831 -0.3442097008228302 -0.72122347354888916 -0.20043079555034637
2239.2678999975324 0.022679509595036507 -0.85595887899398804 -0.34843167662620544 0.37420171499252319 -1.3737716674804688 -1.3486860990524292 0.40001755952835083 -1.6171224117279053 -1.4464442729949951 -0.32661408185958862 -1.4407446384429932 -1.3931412696838379 -0.44732344150543213 -1.6576154232025146 -1.4968270063400269 -0.2034887820482254 -0.74527031183242798 -0.25959593057632446 -0.35466870665550232 -0.64559996128082275 -0.18942168354988098
2293.3831000030041 0.10188685357570648 -0.85733044147491455 -0.42677173018455505 0.34315484762191772 -1.3481529951095581 -1.5043706893920898 0.3494478166103363 -1.5910636186599731 -1.6232852935791016 -0.3170793354511261 -1.4058232307434082 -1.4504715204238892 -0.4363558292388916 -1.6199154853820801 -1.5405267477035522 -0.22391031682491302 -0.79547661542892456 -0.40771344304084778 -0.41529196500778198 -0.71885639429092407 -0.33466574549674988
2293.3831000030041 0.26189151406288147 -0.9064791202545166 -0.46841543912887573 0.27422893047332764 -1.2694511413574219 -1.4802817106246948 0.2981070876121521 -1.525559663772583 -1.5617525577545166 -0.23628872632980347 -1.3403117656707764 -1.2743631601333618 -0.29070490598678589 -1.5569717884063721 -1.2835447788238525 -0.20937538146972656 -0.92388010025024414 -0.47643670439720154 -0.47018319368362427 -0.87223809957504272 -0.53878086805343628
2363.6925999969244 0.095513723790645599 -0.91362184286117554 -0.38973286747932434 0.28527700901031494 -1.3949539661407471 -1.435051441192627 0.31435048580169678 -1.6345744132995605 -1.4753210544586182 -0.44315925240516663 -1.4364937543869019 -1.3541899919509888 -0.58257198333740234 -1.6537182331085205 -1.382079005241394 -0.12470386177301407 -0.65174007415771484 -0.16906443238258362 -0.29006204009056091 -0.55432754755020142 -0.12489746510982513
2363.6925999969244 0.051122106611728668 -1.1675616502761841 -0.77889108657836914 0.24915359914302826 -1.507774829864502 -1.7952966690063477 0.23992349207401276 -1.7563821077346802 -1.9363921880722046 -0.46586516499519348 -1.4715126752853394 -1.6347765922546387 -0.61946076154708862 -1.6823356151580811 -1.7625617980957031 -0.18760624527931213 -0.96520841121673584 -0.52788996696472168 -0.2719687819480896 -0.85665333271026611 -0.42642068862915039
2423.7837999984622 -0.013059415854513645 -0.78866058588027954 -0.62228387594223022 0.22362357378005981 -1.1896423101425171 -1.5306344032287598 0.25314995646476746 -1.4196263551712036 -1.7047268152236938 -0.48372790217399597 -1.1479625701904297 -1.590187668800354 -0.63756436109542847 -1.334348201751709 -1.8178912401199341 -0.15144912898540497 -0.50489819049835205 -0.31618392467498779 -0.2460421621799469 -0.45140299201011658 -0.18574513494968414
2536.8839000016451 0.14929966628551483 -0.12051372975111008 0.19604498147964478 0.01898801326751709 -1.2507990598678589 -0.37605363130569458 0.022788384929299355 -1.4180182218551636 -0.31777194142341614 -0.41985493898391724 -1.2736401557922363 -0.40660086274147034 -0.4576113224029541 -1.4077852964401245 -0.29699701070785522 -0.26414352655410767 -0.60457289218902588 0.2769167423248291 -0.35287690162658691 -0.38424995541572571 0.19724725186824799
2536.8839000016451 -0.4147762656211853 -1.6418282985687256 0.36483073234558105 0.09333626925945282 -2.6969234943389893 -0.70330369472503662 0.17103759944438934 -3.0567917823791504 -0.77083516120910645 -0.95115816593170166 -2.7217988967895508 -0.69620084762573242 -1.131071925163269 -3.0797872543334961 -0.69631785154342651 -0.6679692268371582 -1.7761346101760864 0.47592511773109436 -0.59893262386322021 -1.3263272047042847 0.56049108505249023
2590.2075000032783 -0.099067762494087219 -1.3456671237945557 0.32642197608947754 0.11642848700284958 -2.0375709533691406 -0.37229147553443909 0.14025060832500458 -2.3081872463226318 -0.40814894437789917 -0.56367737054824829 -2.0844604969024658 -0.43770512938499451 -0.69932466745376587 -2.352485179901123 -0.42453563213348389 -0.31341508030891418 -1.5025274753570557 0.32999792695045471 -0.26218068599700928 -1.1727510690689087 0.32132726907730103
2590.2075000032783 -0.10161539167165756 -1.1348140239715576 0.32979720830917358 0.11088813841342926 -1.9145400524139404 -0.25438094139099121 0.13129584491252899 -2.1623592376708984 -0.28491127490997314 -0.4715038537979126 -1.9898086786270142 -0.31498461961746216 -0.58649307489395142 -2.243699312210083 -0.2972739040851593 -0.23487682640552521 -1.3952234983444214 0.32377675175666809 -0.24572084844112396 -1.1475481986999512 0.2669338583946228
2647.8935000002384 -0.06657729297876358 -1.1131644248962402 0.46748003363609314 -0.070271715521812439 -1.8606702089309692 0.0046138931065797806 -0.096366457641124725 -2.0839886665344238 0.043607629835605621 -0.5158689022064209 -1.9550743103027344 -0.14833810925483704 -0.62127387523651123 -2.1877555847167969 -0.08775639533996582 -0.21686457097530365 -1.6025710105895996 0.22044359147548676 -0.22486720979213715 -1.4072932004928589 0.090940892696380615
2647.8935000002384 -0.053198143839836121 -1.14301598072052 0.47869181632995605 -0.056981027126312256 -1.9084212779998779 0.0047419285401701927 -0.08370063453912735 -2.137087345123291 0.044669408351182938 -0.51324844360351563 -2.0050861835479736 -0.15187264978885651 -0.62117749452590942 -2.2433390617370605 -0.089840248227119446 -0.20708417892456055 -1.6441417932510376 0.22573986649513245 -0.21527844667434692 -1.4441878795623779 0.093136109411716461
2699.5395999997854 -0.030107956379652023 -1.3386929035186768 0.3700944185256958 -0.026843074709177017 -1.965118408203125 -0.29186844825744629 -0.031325269490480423 -2.2318582534790039 -0.28390970826148987 -0.52416825294494629 -2.0356295108795166 -0.30258274078369141 -0.65262728929519653 -2.2996695041656494 -0.25530999898910522 -0.11607509106397629 -1.3062852621078491 0.40746599435806274 -0.20984534919261932 -1.2204993963241577 0.26783114671707153
2699.5395999997854 0.086309045553207397 -1.4907708168029785 0.091997094452381134 0.010616685263812542 -1.9810183048248291 -0.64397174119949341 0.013430098071694374 -2.2590744495391846 -0.66024100780487061 -0.58909940719604492 -1.9937858581542969 -0.47611856460571289 -0.73509156703948975 -2.23673415184021 -0.46454316377639771 -0.10387809574604034 -1.0565184354782104 0.42826512455940247 -0.26145327091217041 -0.95492839813232422 0.42252415418624878
2752.283900000155 0.12265681475400925 -1.4512280225753784 0.087230198085308075 0.050878308713436127 -1.9161261320114136 -0.6106836199760437 0.053546246141195297 -2.179804801940918 -0.62611162662506104 -0.51782798767089844 -1.9282337427139282 -0.45150965452194214 -0.65627127885818481 -2.1586198806762695 -0.44053280353546143 -0.057696249336004257 -1.0394299030303955 0.40611067414283752 -0.20712362229824066 -0.94309276342391968 0.40066656470298767
2752.283900000155 0.027069887146353722 -1.3491365909576416 0.12166465818881989 0.075016617774963379 -1.8435003757476807 -0.56772357225418091 0.090606287121772766 -2.1076538562774658 -0.60722577571868896 -0.54856306314468384 -1.8733469247817993 -0.4041384756565094 -0.69294255971908569 -2.1166589260101318 -0.39521577954292297 -0.2439645379781723 -0.97554969787597656 0.41827264428138733 -0.36224666237831116 -0.8601958155632019 0.39625412225723267
2819.8162000030279 -0.15802004933357239 -1.2412222623825073 0.26930123567581177 0.037293620407581329 -1.8951864242553711 -0.59098166227340698 0.042288824915885925 -2.1726706027984619 -0.64422482252120972 -0.59752529859542847 -1.9043967723846436 -0.55931484699249268 -0.73482763767242432 -2.1670770645141602 -0.54060608148574829 -0.35786646604537964 -1.3439548015594482 0.26424708962440491 -0.31685489416122437 -1.0564010143280029 0.24719363451004028
2819.8162000030279 -0.25755944848060608 -1.2857136726379395 0.48371830582618713 -0.013922515325248241 -2.0482196807861328 -0.30856752395629883 -0.013244648464024067 -2.3164589405059814 -0.3397529125213623 -0.65488731861114502 -2.0882773399353027 -0.29227682948112488 -0.79508739709854126 -2.3526020050048828 -0.24564962089061737 -0.42106074094772339 -1.351230263710022 0.46255618333816528 -0.46228307485580444 -1.1497814655303955 0.32430955767631531
2871.9417999982834 -0.28674429655075073 -1.225251317024231 0.46102058887481689 -0.054536506533622742 -1.9519877433776855 -0.29409870505332947 -0.05389043316245079 -2.207643985748291 -0.32382118701934814 -0.66543328762054443 -1.9901663064956665 -0.27857223153114319 -0.7990565299987793 -2.242091178894043 -0.23413233458995819 -0.44257566332817078 -1.2876945734024048 0.44085121154785156 -0.48186430335044861 -1.0956957340240479 0.30908980965614319
2871.9417999982834 -0.21512390673160553 -1.3143006563186646 0.34656918048858643 0.035311542451381683 -2.0223381519317627 -0.53306251764297485 0.061219640076160431 -2.2842757701873779 -0.57639473676681519 -0.71162199974060059 -2.0233662128448486 -0.39638245105743408 -0.85217201709747314 -2.2887468338012695 -0.3691641092300415 -0.34499457478523254 -1.1915589570999146 0.43875128030776978 -0.40586391091346741 -0.99891483783721924 0.40996715426445007
2925.2613999992609 -0.15551728010177612 -1.2088193893432617 0.45542162656784058 -0.041430898010730743 -1.9460947513580322 -0.28990209102630615 -0.04753204807639122 -2.1711790561676025 -0.27565869688987732 -0.57742923498153687 -1.979069709777832 -0.27456867694854736 -0.68278586864471436 -2.1833739280700684 -0.19157353043556213 -0.2387201339006424 -1.2762938737869263 0.42805418372154236 -0.27063712477684021 -1.0988888740539551 0.30734872817993164
2925.2613999992609 -0.15611514449119568 -1.1428885459899902 0.44691145420074463 -0.044161241501569748 -1.8663830757141113 -0.28448083996772766 -0.05014834925532341 -2.0872600078582764 -0.27050366997718811 -0.57014083862304688 -1.898741602897644 -0.26943403482437134 -0.67352819442749023 -2.0992271900177002 -0.18799020349979401 -0.23776279389858246 -1.2091019153594971 0.42005553841590881 -0.269083172082901 -1.03501296043396 0.30160629749298096
2997.4666999951005 -0.075792737305164337 -1.2810832262039185 0.15632171928882599 0.14951677620410919 -2.094855785369873 -0.6259886622428894 0.16196510195732117 -2.3539245128631592 -0.64773321151733398 -0.57086354494094849 -2.0225820541381836 -0.5094987154006958 -0.70028430223464966 -2.255969762802124 -0.45661771297454834 -0.2772376537322998 -1.3506808280944824 0.28987601399421692 -0.26294901967048645 -1.0419607162475586 0.3527599573135376
2999.7815999984741 -0.16791850328445435 -1.1702785491943359 0.21436129510402679 -0.011504522524774075 -1.8801312446594238 -0.5607609748840332 0.0069732465781271458 -2.1310267448425293 -0.6033971905708313 -0.63149267435073853 -1.8702669143676758 -0.47547900676727295 -0.73846966028213501 -2.097942590713501 -0.46253213286399841 -0.24798119068145752 -1.1159594058990479 0.32037213444709778 -0.295032799243927 -0.94928878545761108 0.28978598117828369
3056.9928999990225 -0.11278124898672104 -1.3427685499191284 0.4112866222858429 0.068815506994724274 -1.9908066987991333 -0.26506325602531433 0.082233667373657227 -2.2329461574554443 -0.27510827779769897 -0.56694620847702026 -1.9488158226013184 -0.21408869326114655 -0.68381911516189575 -2.1520977020263672 -0.1524195671081543 -0.2973712682723999 -1.4486262798309326 0.46956098079681396 -0.26250550150871277 -1.1736087799072266 0.43053659796714783
3056.9928999990225 -0.15274038910865784 -1.3168565034866333 0.40205264091491699 0.024780213832855225 -1.9503484964370728 -0.25911572575569153 0.037897177040576935 -2.1870527267456055 -0.26893526315689087 -0.59671103954315186 -1.9093000888824463 -0.20928534865379333 -0.71096062660217285 -2.1080191135406494 -0.14900046586990356 -0.33318707346916199 -1.4203380346298218 0.45901897549629211 -0.29910388588905334 -1.1514936685562134 0.42087054252624512
3113.7818000018597 -0.099831178784370422 -1.3478788137435913 0.31013596057891846 0.12726046144962311 -2.0426971912384033 -0.44105613231658936 0.16372498869895935 -2.2926104068756104 -0.44819262623786926 -0.58854484558105469 -1.9850335121154785 -0.30212387442588806 -0.69182229042053223 -2.210597038269043 -0.23710954189300537 -0.25507766008377075 -1.3414080142974854 0.44476664066314697 -0.30693939328193665 -1.1271446943283081 0.45490133762359619
3113.7818000018597 -0.052281394600868225 -1.2206243276596069 0.31786561012268066 0.12218113243579865 -1.8824034929275513 -0.34096366167068481 0.15962010622024536 -2.1054708957672119 -0.34076127409934998 -0.55914705991744995 -1.8256582021713257 -0.24288666248321533 -0.66273599863052368 -2.0266776084899902 -0.18046639859676361 -0.27260833978652954 -1.2403141260147095 0.42651224136352539 -0.33029109239578247 -1.0356183052062988 0.43074825406074524
3141.6154999956489 -0.072349473834037781 -1.23170006275177 0.32457485795021057 0.10579325258731842 -1.9074389934539795 -0.34815207123756409 0.14402197301387787 -2.1352121829986572 -0.34794542193412781 -0.58990722894668579 -1.8494968414306641 -0.24800620973110199 -0.69568127393722534 -2.0547566413879395 -0.18426921963691711 -0.29732412099838257 -1.2518051862716675 0.43551334738731384 -0.35622364282608032 -1.0427913665771484 0.439838707447052
3210.6605999991298 -0.026109097525477409 -1.3123937845230103 0.2759835422039032 0.14003551006317139 -1.9413958787918091 -0.45362275838851929 0.17663563787937164 -2.1852729320526123 -0.46165505051612854 -0.52974730730056763 -1.9003874063491821 -0.30883830785751343 -0.62301671504974365 -2.1210227012634277 -0.24351292848587036 -0.27194178104400635 -1.3037244081497192 0.40383264422416687 -0.34677028656005859 -1.1088663339614868 0.40410536527633667
3210.6605999991298 -0.011330035515129566 -1.2704797983169556 0.24867340922355652 0.12991659343242645 -1.9132723808288574 -0.46799987554550171 0.16009862720966339 -2.1773397922515869 -0.48321050405502319 -0.53781044483184814 -1.9058711528778076 -0.32313331961631775 -0.63508355617523193 -2.1409676074981689 -0.26789635419845581 -0.24626654386520386 -1.2778911590576172 0.40337741374969482 -0.30807408690452576 -1.0643130540847778 0.40068674087524414
3266.9197999984026 0.015910537913441658 -1.3770148754119873 0.24211056530475616 0.1886662095785141 -2.0145723819732666 -0.48402073979377747 0.21568727493286133 -2.2730062007904053 -0.48096543550491333 -0.52811038494110107 -2.0046932697296143 -0.36391597986221313 -0.64214617013931274 -2.2239961624145508 -0.27820158004760742 -0.21841494739055634 -1.3464163541793823 0.42128837108612061 -0.30545768141746521 -1.1109764575958252 0.37657994031906128
3266.9197999984026 -0.027086146175861359 -1.3185930252075195 0.31339395046234131 0.080977678298950195 -1.9808040857315063 -0.39297634363174438 0.06675758957862854 -2.233203649520874 -0.40246468782424927 -0.53603857755661011 -2.0361902713775635 -0.39956873655319214 -0.68830502033233643 -2.2735345363616943 -0.36968937516212463 -0.19330765306949615 -1.2501358985900879 0.23331309854984283 -0.25917345285415649 -1.0985053777694702 0.086654163897037506
3325.499800004065 -0.0097921974956989288 -1.267781138420105 0.31482693552970886 0.098765276372432709 -1.9330172538757324 -0.39477011561393738 0.084480226039886475 -2.1865696907043457 -0.40430182218551636 -0.52106952667236328 -1.9886565208435059 -0.4013926088809967 -0.67403161525726318 -2.2270848751068115 -0.37137675285339355 -0.17677301168441772 -1.1990113258361816 0.23438028991222382 -0.24293969571590424 -1.0466881990432739 0.0870513916015625
3330.0315999984741 0.035392455756664276 -1.2734286785125732 0.23934626579284668 0.19605010747909546 -2.029827356338501 -0.42773380875587463 0.19639725983142853 -2.3155527114868164 -0.42884001135826111 -0.48706907033920288 -2.0266997814178467 -0.39424672722816467 -0.64067649841308594 -2.2923364639282227 -0.33094906806945801 -0.26831412315368652 -1.3248038291931152 0.27626195549964905 -0.31928300857543945 -1.0989536046981812 0.18792666494846344
3389.5257000029087 -0.0045755486935377121 -1.4247140884399414 0.1543637216091156 0.21749675273895264 -2.1766691207885742 -0.65473085641860962 0.22799229621887207 -2.4867045879364014 -0.68156445026397705 -0.55449783802032471 -2.2093532085418701 -0.56658321619033813 -0.71602922677993774 -2.4999933242797852 -0.52193206548690796 -0.36761441826820374 -1.4065700769424438 0.205828458070755 -0.45875239372253418 -1.1866073608398438 0.15043215453624725
3389.5257000029087 -0.025668680667877197 -1.3128975629806519 0.14403101801872253 0.1815410852432251 -2.0145270824432373 -0.61091363430023193 0.19133420288562775 -2.3038129806518555 -0.63595128059387207 -0.53878653049468994 -2.0450236797332764 -0.52866536378860474 -0.68950724601745605 -2.3162121772766113 -0.48700258135795593 -0.36441060900688171 -1.2959680557250977 0.19205139577388763 -0.44944903254508972 -1.0907266139984131 0.14036257565021515
3447.1661000028253 0.00015309007721953094 -1.3378477096557617 0.1679050624370575 0.22157108783721924 -2.0449273586273193 -0.62982964515686035 0.24051576852798462 -2.337775707244873 -0.65293985605239868 -0.53316611051559448 -2.0786499977111816 -0.54786568880081177 -0.68828320503234863 -2.3539581298828125 -0.50444668531417847 -0.28818094730377197 -1.2620652914047241 0.23378023505210876 -0.38301074504852295 -1.0583863258361816 0.17373912036418915
3447.1661000028253 -0.046467415988445282 -1.3197771310806274 0.11763378232717514 0.2323283851146698 -2.089275598526001 -0.65858179330825806 0.26643097400665283 -2.3775308132171631 -0.69185888767242432 -0.53785926103591919 -2.1093156337738037 -0.57671886682510376 -0.68186283111572266 -2.3793387413024902 -0.54545903205871582 -0.24630506336688995 -1.2320631742477417 0.19849450886249542 -0.33308637142181396 -1.0274332761764526 0.14172109961509705
3505.0707000046968 0.015309109352529049 -1.2782226800918579 0.10483251512050629 0.21008254587650299 -2.0650677680969238 -0.63545793294906616 0.2118065357208252 -2.3665292263031006 -0.66726374626159668 -0.48481795191764832 -2.0721676349639893 -0.60540568828582764 -0.63818418979644775 -2.3420858383178711 -0.57157778739929199 -0.36939150094985962 -1.5088063478469849 0.1116715669631958 -0.34720322489738464 -1.141600489616394 0.14338698983192444
3505.0707000046968 -0.081294730305671692 -1.2975805997848511 0.10688655823469162 0.1172977015376091 -2.0998537540435791 -0.64791905879974365 0.11905548721551895 -2.4072258472442627 -0.68034845590591431 -0.5912279486656189 -2.1070926189422607 -0.61727756261825562 -0.74760133028030396 -2.3823032379150391 -0.58278638124465942 -0.47353836894035339 -1.5326851606369019 0.11385970562696457 -0.45091500878334045 -1.1582795381546021 0.14619699120521545
3561.5808000043035 -0.081641882658004761 -1.3031215667724609 0.10734299570322037 0.11779859662055969 -2.1088206768035889 -0.65068584680557251 0.11956388503313065 -2.4175052642822266 -0.68325376510620117 -0.59375268220901489 -2.1160905361175537 -0.61991351842880249 -0.75079375505447388 -2.3924763202667236 -0.58527505397796631 -0.47556048631668091 -1.5392301082611084 0.11434591561555862 -0.45284053683280945 -1.1632257699966431 0.1468212902545929
3561.5808000043035 -0.039909042418003082 -1.2700670957565308 0.19921192526817322 0.035703189671039581 -2.0410983562469482 -0.62740123271942139 0.026976464316248894 -2.348090648651123 -0.6720123291015625 -0.540782630443573 -2.0749397277832031 -0.61787790060043335 -0.66235190629959106 -2.3434927463531494 -0.59617698192596436 -0.28520163893699646 -1.6072739362716675 0.030734624713659286 -0.20458681881427765 -1.2609119415283203 0.022941891103982925
3618.4077999964356 -0.009345213882625103 -1.3169035911560059 0.20912644267082214 0.070027455687522888 -2.1262807846069336 -0.65859675407409668 0.060866717249155045 -2.4485404491424561 -0.70542651414871216 -0.53512877225875854 -2.1618053913116455 -0.64859980344772339 -0.66274410486221313 -2.4437141418457031 -0.6258196234703064 -0.26683697104454041 -1.6708807945251465 0.032270260155200958 -0.18221293389797211 -1.307293176651001 0.024089967831969261
3618.4077999964356 -0.04808489978313446 -1.3367016315460205 0.19183073937892914 0.096823237836360931 -2.1608045101165771 -0.58193659782409668 0.08338724821805954 -2.4626865386962891 -0.59450966119766235 -0.46497452259063721 -2.2152135372161865 -0.60252398252487183 -0.57671213150024414 -2.4806301593780518 -0.55776858329772949 -0.19435198605060577 -1.6219241619110107 0.0030063670128583908 -0.22643588483333588 -1.3151737451553345 -0.086939193308353424
3675.4909000024199 0.063917666673660278 -1.2921054363250732 0.12509036064147949 0.26025021076202393 -2.2027046680450439 -0.58632010221481323 0.25301969051361084 -2.5252912044525146 -0.61905050277709961 -0.44427010416984558 -2.2212753295898438 -0.52364999055862427 -0.61468273401260376 -2.4989759922027588 -0.48139896988868713 -0.19885405898094177 -1.3985146284103394 0.1751398891210556 -0.31143152713775635 -1.2091752290725708 0.09418913722038269
3675.4909000024199 0.019230891019105911 -1.2603180408477783 0.12122504413127899 0.20950809121131897 -2.1428322792053223 -0.56824374198913574 0.20250052213668823 -2.4554693698883057 -0.59996473789215088 -0.47328311204910278 -2.160830020904541 -0.5075066089630127 -0.63843977451324463 -2.4299657344818115 -0.46655866503715515 -0.23543632030487061 -1.3634451627731323 0.16973091661930084 -0.34454160928726196 -1.1799455881118774 0.091276884078979492
3731.4065999984741 -0.068888552486896515 -1.142371654510498 0.29907989501953125 0.0097542628645896912 -1.9994282722473145 -0.46432068943977356 -0.025729907676577568 -2.2757620811462402 -0.47127810120582581 -0.40817603468894958 -2.1494240760803223 -0.4682159423828125 -0.53369987010955811 -2.4407427310943604 -0.41838273406028748 -0.07439044862985611 -1.3410713672637939 0.065150126814842224 -0.13330863416194916 -1.4156689643859863 -0.13638238608837128
3731.4065999984741 0.012229262851178646 -1.2134649753570557 0.12459274381399155 0.13164402544498444 -2.1691775321960449 -0.60516494512557983 0.096206963062286377 -2.4792976379394531 -0.61966842412948608 -0.47238859534263611 -2.1963746547698975 -0.5332101583480835 -0.65456920862197876 -2.4586498737335205 -0.45934537053108215 -0.11547880619764328 -1.2824727296829224 0.045752227306365967 -0.24444395303726196 -1.2605605125427246 -0.12622727453708649
3799.9561999961734 -0.060284096747636795 -1.2553846836090088 0.23982572555541992 0.04074469581246376 -2.119950532913208 -0.49450454115867615 0.022514266893267632 -2.4090368747711182 -0.5111812949180603 -0.40334367752075195 -2.1667325496673584 -0.44348001480102539 -0.52915352582931519 -2.4161858558654785 -0.38556325435638428 -0.045485764741897583 -1.178109884262085 0.033793993294239044 -0.16453653573989868 -1.5114157199859619 -0.36157512664794922
3799.9561999961734 0.089329794049263 -1.4840590953826904 0.52665209770202637 0.44692060351371765 -2.2240409851074219 -0.37104561924934387 0.4915066659450531 -2.5196137428283691 -0.39407578110694885 -0.34628981351852417 -2.3448727130889893 -0.19837179780006409 -0.46550872921943665 -2.6711909770965576 -0.13680022954940796 -0.11600294709205627 -1.3327114582061768 0.57353615760803223 -0.2239951491355896 -1.1592463254928589 0.51073694229125977
3869.042199999094 0.017558485269546509 -1.2904797792434692 0.42821350693702698 0.38057789206504822 -2.0824811458587646 -0.35436511039733887 0.41255941987037659 -2.3528118133544922 -0.37852758169174194 -0.3274979293346405 -2.207080602645874 -0.25049561262130737 -0.44288712739944458 -2.523146390914917 -0.2132074385881424 -0.1620790958404541 -1.2355180978775024 0.42374399304389954 -0.26370665431022644 -1.0613025426864624 0.36879938840866089
3869.042199999094 0.043550867587327957 -1.2849187850952148 0.36377781629562378 0.25397202372550964 -2.0159265995025635 -0.17334115505218506 0.28518840670585632 -2.3038234710693359 -0.19330841302871704 -0.30827176570892334 -2.1828916072845459 -0.24705095589160919 -0.42705339193344116 -2.4748601913452148 -0.22532767057418823 -0.12094900757074356 -1.3549238443374634 0.13631048798561096 -0.19897130131721497 -1.2213242053985596 -0.060185275971889496
3925.7179000005126 0.14280381798744202 -1.3732750415802002 0.32991078495979309 0.44071194529533386 -2.1031405925750732 -0.28253325819969177 0.46765974164009094 -2.3958976268768311 -0.32101014256477356 -0.1183796152472496 -2.2601332664489746 -0.29533037543296814 -0.23086884617805481 -2.5820610523223877 -0.2838096022605896 -0.056338198482990265 -1.341822624206543 0.21568946540355682 -0.15821322798728943 -1.3207919597625732 0.094753138720989227
3925.7179000005126 0.067237094044685364 -1.2889566421508789 0.29922342300415039 0.28309056162834167 -2.074298620223999 -0.21351441740989685 0.29669228196144104 -2.3621029853820801 -0.23873165249824524 -0.16795636713504791 -2.2335498332977295 -0.23241671919822693 -0.24963320791721344 -2.5390474796295166 -0.19668969511985779 -0.11018574237823486 -1.3750927448272705 0.23324331641197205 -0.207692950963974 -1.2465100288391113 0.07099509984254837
3981.9487000033259 0.10147946327924728 -1.2855958938598633 0.2957388162612915 0.31481736898422241 -2.0617854595184326 -0.21102349460124969 0.32826057076454163 -2.3462357521057129 -0.23594684898853302 -0.13097304105758667 -2.2191805839538574 -0.22970551252365112 -0.21169799566268921 -2.5211181640625 -0.19439485669136047 -0.073875673115253448 -1.3707281351089478 0.23052766919136047 -0.17024651169776917 -1.2436438798904419 0.070170305669307709
3981.9487000033259 0.14509907364845276 -1.3009935617446899 0.26992851495742798 0.3641047477722168 -2.0500082969665527 -0.28611469268798828 0.37598723173141479 -2.3350567817687988 -0.32012775540351868 -0.15221704542636871 -2.1776528358459473 -0.27488380670547485 -0.2594684362411499 -2.4829132556915283 -0.25480666756629944 -0.10118697583675385 -1.1752156019210815 0.1758720725774765 -0.28539091348648071 -1.2966723442077637 0.029968710616230965
4037.6841000020504 0.093531034886837006 -1.3162317276000977 0.23288293182849884 0.40951567888259888 -2.067310094833374 -0.47820582985877991 0.41807428002357483 -2.3861408233642578 -0.51466721296310425 -0.21198321878910065 -2.2534599304199219 -0.43763220310211182 -0.33593237400054932 -2.6215250492095947 -0.43665811419487 -0.16924428939819336 -1.2150952816009521 0.22193270921707153 -0.31242522597312927 -1.1390427350997925 0.16620509326457977
4037.6841000020504 0.069674603641033173 -1.3637404441833496 0.23746912181377411 0.39188787341117859 -2.1296238899230957 -0.48763656616210938 0.40061518549919128 -2.4547395706176758 -0.52481669187545776 -0.24186193943023682 -2.3194434642791748 -0.44626316428184509 -0.36825433373451233 -2.6947636604309082 -0.4452698826789856 -0.19828052818775177 -1.2606104612350464 0.22630305588245392 -0.34428387880325317 -1.1830587387084961 0.16947692632675171
4095.0552999973297 0.10607526451349258 -1.228461742401123 0.23590934276580811 0.35684880614280701 -2.0326545238494873 -0.4196397066116333 0.36043271422386169 -2.3528921604156494 -0.47790190577507019 -0.17167320847511292 -2.1920130252838135 -0.51528877019882202 -0.28018125891685486 -2.5294520854949951 -0.53761929273605347 -0.21927273273468018 -1.4664287567138672 -0.066965065896511078 -0.28697794675827026 -1.1290339231491089 -0.12965932488441467
4095.0552999973297 0.075062654912471771 -1.1898823976516724 0.23507517576217651 0.36041253805160522 -2.1359801292419434 -0.39099124073982239 0.36890557408332825 -2.4678006172180176 -0.43415972590446472 -0.23930497467517853 -2.3016531467437744 -0.47537294030189514 -0.36698183417320251 -2.6800167560577393 -0.48412850499153137 -0.27492117881774902 -1.4205687046051025 0.095449671149253845 -0.37388229370117188 -1.195780873298645 0.0097442716360092163
4152.5991999953985 0.028227375820279121 -1.2175275087356567 0.23269703984260559 0.31069129705429077 -2.1540565490722656 -0.38703751564025879 0.31909844279289246 -2.4825210571289063 -0.429769366979599 -0.28296080231666565 -2.31805419921875 -0.47056576609611511 -0.40934640169143677 -2.6925909519195557 -0.4792327880859375 -0.31821680068969727 -1.445880651473999 0.094483695924282074 -0.41617706418037415 -1.2233661413192749 0.0096450885757803917
4152.5991999953985 0.098106592893600464 -1.2031183242797852 0.34048178791999817 0.34072035551071167 -2.0476963520050049 -0.22391258180141449 0.35389453172683716 -2.3408331871032715 -0.23930685222148895 -0.25375005602836609 -2.186725378036499 -0.30837744474411011 -0.38053429126739502 -2.5101926326751709 -0.29511451721191406 -0.25536605715751648 -1.4370436668395996 0.15414343774318695 -0.40347820520401001 -1.3842818737030029 -0.031360361725091934
4394.7926000058651 0.29821914434432983 -1.9391233921051025 -0.48557636141777039 0.048740565776824951 -2.0179944038391113 -1.3741589784622192 0.0097543718293309212 -2.2722249031066895 -1.4655717611312866 -0.37101554870605469 -2.0304422378540039 -1.136631965637207 -0.48449757695198059 -2.2188522815704346 -1.1632927656173706 -0.11530895531177521 -1.8381237983703613 -0.28358295559883118 -0.13909207284450531 -1.693840503692627 -0.15165205299854279
4575.1929999962449 0.17276206612586975 -0.75952708721160889 -0.49191498756408691 -0.17904163897037506 -0.82670432329177856 -1.1008881330490112 -0.21796441078186035 -0.99528872966766357 -1.2157127857208252 -0.46689286828041077 -0.78636133670806885 -1.0979733467102051 -0.55082297325134277 -0.91358006000518799 -1.2897398471832275 -0.18279172480106354 -0.5606691837310791 -0.29230028390884399 -0.17467525601387024 -0.45041099190711975 -0.068341799080371857
