31.099700003862381 -0.66787415742874146 -1.1794154644012451 0.76691275835037231 -0.71543103456497192 -1.3694052696228027 0.52498435974121094 -0.90683180093765259 -1.293509840965271 0.44840681552886963 -0.75185424089431763 -1.3941822052001953 0.20711901783943176 -0.95534086227416992 -1.2830122709274292 0.093065142631530762 -0.90636622905731201 -1.2888060808181763 0.0032322199549525976 -0.74168550968170166 -1.3290830850601196 -0.27280017733573914
31.099700003862381 -0.61254554986953735 -1.0853976011276245 1.1066752672195435 -0.58927208185195923 -1.3414206504821777 0.87882763147354126 -0.78124743700027466 -1.2720236778259277 0.79236674308776855 -0.66362190246582031 -1.3594528436660767 0.47600767016410828 -0.87468481063842773 -1.2518880367279053 0.3774394690990448 -0.87603825330734253 -1.2426630258560181 0.24227511882781982 -0.72463256120681763 -1.2641335725784302 -0.11000283807516098
89.441300004720688 -0.60452204942703247 -1.0711642503738403 1.1018399000167847 -0.58135026693344116 -1.3260692358016968 0.87498748302459717 -0.77248704433441162 -1.2569751739501953 0.78890419006347656 -0.65537530183792114 -1.3440226316452026 0.47392693161964417 -0.86551636457443237 -1.2369276285171509 0.37578928470611572 -0.86686384677886963 -1.2277429103851318 0.2412153035402298 -0.71611946821212769 -1.2491196393966675 -0.10952398926019669
89.441300004720688 -0.61591511964797974 -1.1551885604858398 0.93819987773895264 -0.65125370025634766 -1.3469146490097046 0.68792259693145752 -0.81846600770950317 -1.2642021179199219 0.6410372257232666 -0.71175312995910645 -1.3376994132995605 0.39062803983688354 -0.88981860876083374 -1.2198070287704468 0.31669598817825317 -0.86360979080200195 -1.1957240104675293 0.22070688009262085 -0.72546237707138062 -1.222211480140686 -0.060847222805023193
143.07819999754429 -0.53853940963745117 -1.0897176265716553 0.73468667268753052 -0.59162038564682007 -1.2718486785888672 0.40072861313819885 -0.77814757823944092 -1.2032382488250732 0.31406575441360474 -0.61989295482635498 -1.2972573041915894 0.089618317782878876 -0.82859683036804199 -1.1958214044570923 -0.02074308879673481 -0.79381221532821655 -1.1662286520004272 -0.11417000740766525 -0.6213606595993042 -1.1590844392776489 -0.40595003962516785
143.07819999754429 -0.6004183292388916 -1.1844658851623535 0.79157513380050659 -0.6576087474822998 -1.3806973695755005 0.43176209926605225 -0.85857689380645752 -1.3067753314971924 0.33838987350463867 -0.68807023763656616 -1.4080733060836792 0.096565723419189453 -0.91293191909790039 -1.2987842559814453 -0.022339841350913048 -0.87545424699783325 -1.2669004201889038 -0.12299986183643341 -0.68965154886245728 -1.2592030763626099 -0.43736946582794189
213.96489999443293 -0.59818130731582642 -1.1815563440322876 0.80512678623199463 -0.62860983610153198 -1.4041697978973389 0.43003493547439575 -0.82584035396575928 -1.3270512819290161 0.34927260875701904 -0.68044567108154297 -1.4150568246841431 0.059394147247076035 -0.90044194459915161 -1.2989360094070435 -0.04670298844575882 -0.87682408094406128 -1.2775810956954956 -0.15153415501117706 -0.69737476110458374 -1.2777854204177856 -0.47426870465278625
213.96489999443293 -0.67215615510940552 -1.1868711709976196 -0.082574114203453064 -0.57130372524261475 -1.4200637340545654 -0.50424486398696899 -0.79051613807678223 -1.4042016267776489 -0.57460445165634155 -0.53267925977706909 -1.4505565166473389 -0.74617254734039307 -0.80306160449981689 -1.3937109708786011 -0.83946371078491211 -0.69026434421539307 -1.3780168294906616 -0.88268601894378662 -0.47234237194061279 -1.3253766298294067 -1.0437759160995483
265.64069999754429 -0.61740928888320923 -1.1076211929321289 0.76657366752624512 -0.58913528919219971 -1.3244410753250122 0.51058775186538696 -0.76884400844573975 -1.2809064388275146 0.40740612149238586 -0.63376271724700928 -1.3333510160446167 0.18304313719272614 -0.84579825401306152 -1.263495922088623 0.062898196280002594 -0.82729345560073853 -1.2430629730224609 -0.033942025154829025 -0.66451734304428101 -1.2369616031646729 -0.30089476704597473
265.64069999754429 -0.62286287546157837 -1.0742144584655762 0.77914482355117798 -0.59412485361099243 -1.2945927381515503 0.51895791292190552 -0.77678287029266357 -1.2503436803817749 0.41408294439315796 -0.63948476314544678 -1.3036489486694336 0.18603791296482086 -0.85500001907348633 -1.2326475381851196 0.063921242952346802 -0.83619153499603271 -1.2118790149688721 -0.034508246928453445 -0.67074406147003174 -1.2056775093078613 -0.30584201216697693
318.94479999691248 -0.47370904684066772 -0.85136812925338745 -0.81005012989044189 -0.49631893634796143 -1.2856482267379761 -1.1538776159286499 -0.74106371402740479 -1.257771372795105 -1.3000491857528687 -0.55506467819213867 -1.3816213607788086 -1.3035807609558105 -0.84467035531997681 -1.2950541973114014 -1.487424373626709 -0.76007789373397827 -1.2507367134094238 -1.3869949579238892 -0.57669371366500854 -1.1296224594116211 -1.3415833711624146
423.60830000042915 -0.59370684623718262 -1.122306227684021 0.68371713161468506 -0.54891753196716309 -1.3700318336486816 0.42207005620002747 -0.69555318355560303 -1.3532828092575073 0.35738825798034668 -0.65034651756286621 -1.3643325567245483 0.12997260689735413 -0.8348420262336731 -1.3036808967590332 0.045003071427345276 -0.88102459907531738 -1.2995221614837646 -0.019732236862182617 -0.78327476978302002 -1.3061856031417847 -0.24687546491622925
423.60830000042915 -0.55961787700653076 -0.89129519462585449 -0.25169101357460022 -0.65617096424102783 -1.0669496059417725 -0.35113412141799927 -0.85658484697341919 -1.0331895351409912 -0.45355144143104553 -0.68161654472351074 -1.1396533250808716 -0.41873094439506531 -0.89990687370300293 -1.0683232545852661 -0.57333493232727051 -0.85304033756256104 -1.0828708410263062 -0.46829140186309814 -0.72772938013076782 -1.10600745677948 -0.48944413661956787
479.86439999938011 -0.64032852649688721 -1.0022076368331909 0.67138373851776123 -0.67358338832855225 -1.1572209596633911 0.49450424313545227 -0.86656111478805542 -1.1236928701400757 0.40348315238952637 -0.72231900691986084 -1.1771994829177856 0.12294942885637283 -0.92496323585510254 -1.0969399213790894 -0.020056592300534248 -0.90367108583450317 -1.0701432228088379 -0.12234017997980118 -0.74326378107070923 -1.0859370231628418 -0.38771992921829224
479.86439999938011 -0.59402936697006226 -1.0184855461120605 -0.21506477892398834 -0.65219211578369141 -1.1816482543945313 -0.37742102146148682 -0.85622209310531616 -1.1600936651229858 -0.49293160438537598 -0.61785018444061279 -1.2636438608169556 -0.4909401535987854 -0.85576033592224121 -1.2097433805465698 -0.6693689227104187 -0.7719806432723999 -1.2361682653427124 -0.59136122465133667 -0.60429847240447998 -1.2680503129959106 -0.64910358190536499
531.05979999899864 -0.57936710119247437 -1.0312122106552124 -0.21700458228588104 -0.63805580139160156 -1.1958502531051636 -0.380828857421875 -0.84393066167831421 -1.1741008758544922 -0.49738386273384094 -0.60340338945388794 -1.2785873413085938 -0.49537438154220581 -0.84346467256546021 -1.2241995334625244 -0.67541652917861938 -0.75892746448516846 -1.2508633136749268 -0.59670346975326538 -0.58972907066345215 -1.2830336093902588 -0.65496796369552612
531.05979999899864 -0.64098238945007324 -1.1039341688156128 0.96458142995834351 -0.63971316814422607 -1.2361005544662476 0.72747468948364258 -0.84299612045288086 -1.2195142507553101 0.57539153099060059 -0.68414926528930664 -1.2638962268829346 0.28938952088356018 -0.92358237504959106 -1.198807954788208 0.082056574523448944 -0.91332912445068359 -1.1910994052886963 0.022237727418541908 -0.72115975618362427 -1.2247346639633179 -0.23362539708614349
583.88400000333786 -0.63146716356277466 -1.1272587776184082 0.98991435766220093 -0.63016462326049805 -1.2628980875015259 0.74657726287841797 -0.83878904581069946 -1.2458758354187012 0.59049791097640991 -0.67576831579208374 -1.291424036026001 0.29698088765144348 -0.92149287462234497 -1.2246255874633789 0.08420003205537796 -0.91097009181976318 -1.2167143821716309 0.022809365764260292 -0.71375131607055664 -1.2512334585189819 -0.23977687954902649
583.88400000333786 -0.61615943908691406 -1.0138214826583862 -0.21684488654136658 -0.66621965169906616 -1.2361310720443726 -0.41883659362792969 -0.90699970722198486 -1.2243757247924805 -0.52605438232421875 -0.68739211559295654 -1.3089468479156494 -0.62944012880325317 -0.96797835826873779 -1.2448939085006714 -0.80475306510925293 -0.90752112865447998 -1.2740200757980347 -0.73243707418441772 -0.72489809989929199 -1.3007653951644897 -0.82028895616531372
635.17520000040531 -0.52743959426879883 -0.85384976863861084 -0.72744876146316528 -0.56635832786560059 -1.1647795438766479 -0.79754197597503662 -0.80967473983764648 -1.152826189994812 -0.95332163572311401 -0.65017956495285034 -1.2812669277191162 -0.8642202615737915 -0.92196458578109741 -1.2283068895339966 -1.0945336818695068 -0.89256203174591064 -1.2493628263473511 -0.90049010515213013 -0.76899623870849609 -1.253305196762085 -0.79682290554046631
635.17520000040531 -0.5162578821182251 -0.7702178955078125 -0.7069627046585083 -0.55408120155334473 -1.0723962783813477 -0.77508312463760376 -0.79054927825927734 -1.060779333114624 -0.92647820711135864 -0.63554322719573975 -1.1856051683425903 -0.83988469839096069 -0.89967864751815796 -1.1341356039047241 -1.0637158155441284 -0.87110364437103271 -1.1545989513397217 -0.87513363361358643 -0.75101572275161743 -1.1584303379058838 -0.7743842601776123
685.61949999630451 -0.54019558429718018 -0.79337012767791748 -1.4709413051605225 -0.59186476469039917 -1.1273068189620972 -1.5685573816299438 -0.84975838661193848 -1.1206966638565063 -1.6613777875900269 -0.66763865947723389 -1.2310760021209717 -1.3095998764038086 -0.94879508018493652 -1.14704430103302 -1.4381099939346313 -0.8924679160118103 -1.1289834976196289 -1.0664305686950684 -0.77024155855178833 -1.1042059659957886 -0.74965536594390869
685.61949999630451 -0.63740557432174683 -0.96814852952957153 -0.25802022218704224 -0.63202840089797974 -1.1946263313293457 -0.42276677489280701 -0.8811028003692627 -1.1915313005447388 -0.50173097848892212 -0.70164799690246582 -1.2783483266830444 -0.58857327699661255 -0.99811285734176636 -1.2122764587402344 -0.72816407680511475 -0.96959114074707031 -1.2383497953414917 -0.61533021926879883 -0.82569795846939087 -1.2489930391311646 -0.61101877689361572
739.33969999849796 -0.63239026069641113 -1.0894863605499268 -0.26923927664756775 -0.62677961587905884 -1.3258006572723389 -0.44114112854003906 -0.88667184114456177 -1.3225710391998291 -0.52353489398956299 -0.69942295551300049 -1.4131587743759155 -0.61414891481399536 -1.0087639093399048 -1.3442173004150391 -0.75980246067047119 -0.9790034294128418 -1.3714231252670288 -0.64206802845001221 -0.82886070013046265 -1.38252854347229 -0.63756930828094482
739.33969999849796 -0.67852091789245605 -1.0049536228179932 -0.01475055143237114 -0.68142557144165039 -1.2475883960723877 -0.33454406261444092 -0.90901422500610352 -1.2360482215881348 -0.37906965613365173 -0.65370351076126099 -1.3109861612319946 -0.60737639665603638 -0.91551083326339722 -1.2433079481124878 -0.68748891353607178 -0.83963382244110107 -1.2732610702514648 -0.72131043672561646 -0.65279340744018555 -1.2747001647949219 -0.88751739263534546
798.35230000317097 -0.61384415626525879 -0.97157114744186401 0.022082032635807991 -0.58589953184127808 -1.1811856031417847 -0.20326963067054749 -0.79798001050949097 -1.144634485244751 -0.20972985029220581 -0.60431849956512451 -1.2214162349700928 -0.37742900848388672 -0.84077680110931396 -1.1214193105697632 -0.41239109635353088 -0.80493736267089844 -1.1339038610458374 -0.39202070236206055 -0.68446958065032959 -1.1406842470169067 -0.49323350191116333
798.35230000317097 -0.63367336988449097 -1.0238559246063232 0.023290440440177917 -0.60419327020645142 -1.2449878454208374 -0.21444343030452728 -0.82792669534683228 -1.2064284086227417 -0.22125862538814545 -0.62362432479858398 -1.2874289751052856 -0.39817219972610474 -0.87307512760162354 -1.181937575340271 -0.43505537509918213 -0.8352663516998291 -1.19510817527771 -0.41356569528579712 -0.70817941427230835 -1.202261209487915 -0.5203397274017334
871.66790000349283 -0.67805427312850952 -1.0299246311187744 -0.22179135680198669 -0.62085896730422974 -1.2115586996078491 -0.46960729360580444 -0.85422837734222412 -1.1935034990310669 -0.53016185760498047 -0.60795009136199951 -1.2790096998214722 -0.60465055704116821 -0.87393146753311157 -1.200069785118103 -0.71626019477844238 -0.81190717220306396 -1.2169812917709351 -0.65454167127609253 -0.66112327575683594 -1.2249611616134644 -0.72591763734817505
871.66790000349283 -0.72579997777938843 -1.0901694297790527 -0.66635119915008545 -0.6930956244468689 -1.2723981142044067 -0.92660409212112427 -0.91610527038574219 -1.2656611204147339 -0.98155850172042847 -0.5918881893157959 -1.3567870855331421 -0.92283880710601807 -0.84097260236740112 -1.2865865230560303 -1.0298798084259033 -0.72252947092056274 -1.2747431993484497 -0.90922397375106812 -0.53713935613632202 -1.2556161880493164 -0.92091608047485352
924.36380000412464 -0.61497271060943604 -0.97590333223342896 -0.15780390799045563 -0.63818621635437012 -1.1199725866317749 -0.28103023767471313 -0.82461905479431152 -1.092150092124939 -0.28018596768379211 -0.6085541844367981 -1.1355118751525879 -0.30519887804985046 -0.79607415199279785 -1.0454045534133911 -0.34031212329864502 -0.72700518369674683 -1.0389100313186646 -0.26377913355827332 -0.59094917774200439 -1.0629652738571167 -0.33594039082527161
924.36380000412464 -0.66994458436965942 -1.1020262241363525 -0.17620168626308441 -0.69586235284805298 -1.2628791332244873 -0.31378352642059326 -0.904013991355896 -1.2318154573440552 -0.31284087896347046 -0.66277831792831421 -1.2802287340164185 -0.34076771140098572 -0.87214380502700806 -1.179624080657959 -0.37997156381607056 -0.79502856731414795 -1.1723729372024536 -0.29452270269393921 -0.64312237501144409 -1.1992306709289551 -0.37509053945541382
977.7563000023365 -0.60818350315093994 -0.9919477105140686 0.18142716586589813 -0.65538620948791504 -1.2276958227157593 -0.034855298697948456 -0.86141175031661987 -1.2053302526473999 -0.10761564970016479 -0.73007398843765259 -1.2396528720855713 -0.30898874998092651 -0.97068631649017334 -1.1592079401016235 -0.42717179656028748 -0.96997910737991333 -1.1516774892807007 -0.35933277010917664 -0.82801342010498047 -1.1699532270431519 -0.51420170068740845
977.7563000023365 -0.69940537214279175 -1.043405294418335 -0.32384711503982544 -0.66249996423721313 -1.2283530235290527 -0.50412315130233765 -0.83622896671295166 -1.179388165473938 -0.50586187839508057 -0.60899227857589722 -1.2499123811721802 -0.51848965883255005 -0.80385935306549072 -1.1361186504364014 -0.56364548206329346 -0.72106945514678955 -1.129302978515625 -0.41531744599342346 -0.56695467233657837 -1.1463941335678101 -0.45938560366630554
1027.3923000022769 -0.6650540828704834 -1.0449018478393555 -0.32190877199172974 -0.62836915254592896 -1.2287443876266479 -0.50110763311386108 -0.80106019973754883 -1.1800720691680908 -0.50283598899841309 -0.57518112659454346 -1.250174880027771 -0.5153883695602417 -0.76888394355773926 -1.1370609998703003 -0.56027436256408691 -0.68658870458602905 -1.1302862167358398 -0.41283261775970459 -0.53339469432830811 -1.1472752094268799 -0.45663744211196899
2038.5430999994278 -0.75168752670288086 0.20001818239688873 0.31412750482559204 -0.58263713121414185 -0.10687313973903656 0.015810253098607063 -0.77866792678833008 -0.089750699698925018 -0.026485003530979156 -0.71703189611434937 -0.052986323833465576 -0.45839613676071167 -0.96596318483352661 0.020091205835342407 -0.46814855933189392 -1.0114352703094482 0.11706307530403137 -0.58104962110519409 -0.87476563453674316 0.21907348930835724 -0.83914417028427124
2108.5219999998808 -0.45945215225219727 -1.0479425191879272 0.48841983079910278 -0.38491359353065491 -1.2632763385772705 0.12227743119001389 -0.57446283102035522 -1.2895889282226563 0.010479911230504513 -0.47597762942314148 -1.268528938293457 -0.24903549253940582 -0.72834265232086182 -1.2553862333297729 -0.35416522622108459 -0.79148483276367188 -1.1922564506530762 -0.40757206082344055 -0.66376179456710815 -1.1294292211532593 -0.66657614707946777
2434.0461999997497 -0.47628220915794373 -0.89611083269119263 0.78708922863006592 -0.38010242581367493 -1.2235333919525146 0.43902683258056641 -0.56235194206237793 -1.2452524900436401 0.47235077619552612 -0.4948866069316864 -1.2038801908493042 -0.02220430038869381 -0.73902249336242676 -1.1698088645935059 0.012639748863875866 -0.8128436803817749 -1.0812535285949707 -0.20385326445102692 -0.70728451013565063 -1.0016530752182007 -0.52030134201049805
2730.254300005734 -0.50989556312561035 -1.2073073387145996 -0.44307148456573486 -0.56312626600265503 -1.4452941417694092 -1.0987015962600708 -0.86759328842163086 -1.5068773031234741 -1.1294047832489014 -0.61536997556686401 -1.4818603992462158 -1.3262710571289063 -0.97634905576705933 -1.4443551301956177 -1.3698456287384033 -0.92080044746398926 -1.3806384801864624 -1.1493353843688965 -0.70670264959335327 -1.3341459035873413 -1.0717109441757202
2798.8577999994159 -0.52093756198883057 -1.2520596981048584 0.25859203934669495 -0.55741798877716064 -1.4568343162536621 -0.19675749540328979 -0.81078207492828369 -1.4745936393737793 -0.32543933391571045 -0.60335379838943481 -1.4882787466049194 -0.57638239860534668 -0.92836165428161621 -1.4659231901168823 -0.72963595390319824 -0.92668414115905762 -1.4673874378204346 -0.59213215112686157 -0.70674115419387817 -1.4343122243881226 -0.85830569267272949
2798.8577999994159 -0.29403388500213623 -1.162577748298645 1.2042083740234375 -0.30788296461105347 -1.3282463550567627 0.87971484661102295 -0.50942742824554443 -1.3490132093429565 0.76856750249862671 -0.40308266878128052 -1.3582231998443604 0.43794348835945129 -0.66317576169967651 -1.3411928415298462 0.32087951898574829 -0.74378544092178345 -1.2877548933029175 0.18223772943019867 -0.61257743835449219 -1.2221623659133911 -0.1141829639673233
2853.3659000024199 -0.46663570404052734 -1.3385436534881592 -0.40748623013496399 -0.51542907953262329 -1.5028619766235352 -0.78560513257980347 -0.76665890216827393 -1.5039923191070557 -1.0241910219192505 -0.54852044582366943 -1.5480811595916748 -0.87331956624984741 -0.84029471874237061 -1.5132366418838501 -1.1619786024093628 -0.79044210910797119 -1.5301749706268311 -0.8500211238861084 -0.61535447835922241 -1.5080565214157104 -0.87447178363800049
2853.3659000024199 -0.48554077744483948 -1.1466952562332153 0.22368511557579041 -0.44086214900016785 -1.2349926233291626 -0.15804687142372131 -0.61060625314712524 -1.1926016807556152 -0.33618608117103577 -0.40794739127159119 -1.1861437559127808 -0.35817986726760864 -0.59678679704666138 -1.1246616840362549 -0.53072798252105713 -0.50699257850646973 -1.0679137706756592 -0.48860856890678406 -0.31152299046516418 -1.0087814331054688 -0.68626850843429565
2918.1889999955893 -0.4211534857749939 -1.0484156608581543 0.17568477988243103 -0.40199533104896545 -1.2421180009841919 -0.10465991497039795 -0.57187700271606445 -1.2154518365859985 -0.18117283284664154 -0.37311127781867981 -1.2547578811645508 -0.2588970959186554 -0.57793331146240234 -1.2037531137466431 -0.3384697437286377 -0.52220731973648071 -1.1926798820495605 -0.29760673642158508 -0.36770176887512207 -1.1515437364578247 -0.46686968207359314
2918.1889999955893 -0.36081579327583313 -1.249350905418396 0.63756078481674194 -0.36782410740852356 -1.4428313970565796 0.2695482075214386 -0.57399141788482666 -1.4382971525192261 0.21186865866184235 -0.45068001747131348 -1.3656953573226929 0.042317461222410202 -0.67194771766662598 -1.3274540901184082 -0.024603523313999176 -0.69074302911758423 -1.241401195526123 -0.10386481881141663 -0.53969287872314453 -1.1527109146118164 -0.32941222190856934
3582.9479999914765 0.20373073220252991 -2.430706262588501 0.23120743036270142 0.2089659720659256 -2.531257152557373 0.13798455893993378 0.067840345203876495 -2.4461627006530762 0.021404433995485306 0.14723151922225952 -2.503218412399292 -0.05554850772023201 0.0056312642991542816 -2.3785474300384521 -0.22992780804634094 0.0280779879540205 -2.3764142990112305 -0.11179624497890472 0.16574996709823608 -2.4251012802124023 -0.17826054990291595
3628.5115000009537 -0.27157622575759888 -0.58593177795410156 -0.14834536612033844 -0.24990074336528778 -0.63125705718994141 -0.23156853020191193 -0.32461917400360107 -0.61149239540100098 -0.29158079624176025 -0.24293871223926544 -0.62883228063583374 -0.19476594030857086 -0.32382872700691223 -0.58601260185241699 -0.28053343296051025 -0.28745973110198975 -0.57073724269866943 -0.14134295284748077 -0.22498437762260437 -0.579140305519104 -0.060181129723787308
3683.2953999936581 -0.50555151700973511 -1.1555532217025757 0.54168117046356201 -0.53316801786422729 -1.2441091537475586 0.37026140093803406 -0.6975974440574646 -1.22373366355896 0.25206327438354492 -0.51316159963607788 -1.2533618211746216 0.2445356547832489 -0.69285458326339722 -1.2016533613204956 0.059047281742095947 -0.6235010027885437 -1.1791110038757324 0.12834422290325165 -0.45510488748550415 -1.1961513757705688 0.064839832484722137
3683.2953999936581 -0.54218661785125732 -1.1919280290603638 -0.61564892530441284 -0.49496901035308838 -1.4263846874237061 -0.5742032527923584 -0.67412811517715454 -1.3635779619216919 -0.64616268873214722 -0.50664812326431274 -1.3671138286590576 -0.23269824683666229 -0.69552755355834961 -1.2591910362243652 -0.35800564289093018 -0.63668978214263916 -1.1439905166625977 -0.065429218113422394 -0.5461115837097168 -1.1097079515457153 0.28632155060768127
3755.4547000080347 -0.42123883962631226 -1.0078319311141968 0.71945911645889282 -0.49839580059051514 -1.058653712272644 0.4103887677192688 -0.63951230049133301 -1.0017452239990234 0.23783941566944122 -0.45332381129264832 -1.0779116153717041 0.20491388440132141 -0.62266480922698975 -0.9876474142074585 0.011734265834093094 -0.55070388317108154 -0.99373924732208252 0.026401523500680923 -0.38719415664672852 -1.0340719223022461 -0.092550918459892273
3755.4547000080347 -0.55978208780288696 -1.2805103063583374 0.92055028676986694 -0.51533341407775879 -1.3154721260070801 0.85170012712478638 -0.68720889091491699 -1.2573145627975464 0.74505305290222168 -0.51941180229187012 -1.3067580461502075 0.47753992676734924 -0.71758919954299927 -1.1963369846343994 0.30206298828125 -0.66260969638824463 -1.1885058879852295 0.27057626843452454 -0.476491779088974 -1.2326978445053101 0.073357880115509033
3811.737999998033 -0.4723808765411377 -1.1790848970413208 0.56980025768280029 -0.44434654712677002 -1.2374037504196167 0.35599973797798157 -0.60578227043151855 -1.1491649150848389 0.2457568347454071 -0.44834092259407043 -1.2312517166137695 0.039527282118797302 -0.62779140472412109 -1.093297004699707 -0.099084630608558655 -0.57623410224914551 -1.0837486982345581 -0.14340594410896301 -0.39636263251304626 -1.1061062812805176 -0.3870951235294342
3811.737999998033 -0.41722467541694641 -1.3815567493438721 0.51799386739730835 -0.43215131759643555 -1.4125220775604248 0.47632041573524475 -0.57745307683944702 -1.3053090572357178 0.44122552871704102 -0.46950766444206238 -1.379475474357605 0.34781628847122192 -0.63124543428421021 -1.2240840196609497 0.29835474491119385 -0.58448630571365356 -1.193307638168335 0.28932017087936401 -0.45031061768531799 -1.2220859527587891 0.14064586162567139
3880.8123999983072 -0.45243045687675476 -1.3538292646408081 0.5617905855178833 -0.49772772192955017 -1.4097944498062134 0.47166106104850769 -0.61952078342437744 -1.2853033542633057 0.42771866917610168 -0.51472330093383789 -1.3286969661712646 0.49545526504516602 -0.62368673086166382 -1.1661940813064575 0.45013099908828735 -0.55968683958053589 -1.0708017349243164 0.40639668703079224 -0.44664373993873596 -1.0604130029678345 0.30707499384880066
3880.8123999983072 -0.56675451993942261 -1.2505826950073242 -0.42264017462730408 -0.53829455375671387 -1.3787161111831665 -0.3842664361000061 -0.69815438985824585 -1.2373989820480347 -0.47095793485641479 -0.49348822236061096 -1.3512588739395142 -0.013134090229868889 -0.66220903396606445 -1.2068495750427246 -0.13955244421958923 -0.55470812320709229 -1.1438075304031372 0.17256021499633789 -0.41869258880615234 -1.095177173614502 0.54561412334442139
3935.1103999912739 -0.44911310076713562 -1.1534980535507202 -0.087714441120624542 -0.40386241674423218 -1.1691920757293701 -0.053666345775127411 -0.55974858999252319 -1.0905998945236206 -0.091905571520328522 -0.42605462670326233 -1.0827409029006958 0.16551455855369568 -0.57635998725891113 -1.002744197845459 0.078643769025802612 -0.54652070999145508 -0.91047549247741699 0.21998180449008942 -0.48463714122772217 -0.85540330410003662 0.45891335606575012
3935.1103999912739 -0.30696237087249756 -1.2609599828720093 0.033751528710126877 -0.38272649049758911 -1.2901643514633179 0.049619752913713455 -0.53577780723571777 -1.2007161378860474 -0.012555923312902451 -0.415610671043396 -1.2447853088378906 0.13225424289703369 -0.55913257598876953 -1.1203238964080811 0.044886045157909393 -0.53934359550476074 -1.0162595510482788 0.16829448938369751 -0.44475895166397095 -0.99550282955169678 0.33205503225326538
4023.492300003767 -0.37613648176193237 -1.224873423576355 -0.20090197026729584 -0.33537822961807251 -1.3271995782852173 -0.20368807017803192 -0.44879293441772461 -1.2539829015731812 -0.1295885443687439 -0.15712295472621918 -1.304032564163208 0.071942642331123352 -0.26077944040298462 -1.2317122220993042 0.094480343163013458 -0.10374248772859573 -1.1569470167160034 0.31019312143325806 0.033934555947780609 -1.1218146085739136 0.47694361209869385
4127.8311000019312 -0.39913737773895264 -0.87743091583251953 0.60604023933410645 -0.32404321432113647 -0.93791836500167847 0.47137165069580078 -0.47173604369163513 -0.9146767258644104 0.38230463862419128 -0.31172189116477966 -0.96397161483764648 0.20735538005828857 -0.48452931642532349 -0.90796542167663574 0.063408203423023224 -0.45772424340248108 -0.92728298902511597 -0.00044422864448279142 -0.34115532040596008 -0.94669526815414429 -0.18055042624473572
4193.0106000006199 -0.45730239152908325 -1.2698335647583008 0.096662662923336029 -0.52178734540939331 -1.3060859441757202 0.027619542554020882 -0.68506240844726563 -1.2721550464630127 -0.10125762969255447 -0.48605355620384216 -1.3098002672195435 -0.081661514937877655 -0.68456673622131348 -1.2335243225097656 -0.29289776086807251 -0.5950009822845459 -1.2062560319900513 -0.086706675589084625 -0.41941824555397034 -1.2358437776565552 -0.069097734987735748
4193.0106000006199 -0.53164541721343994 -1.1529178619384766 0.14284268021583557 -0.51096260547637939 -1.239030122756958 -0.019021268934011459 -0.6952897310256958 -1.2059378623962402 -0.15192486345767975 -0.46468245983123779 -1.2800041437149048 -0.062792710959911346 -0.67173552513122559 -1.2241579294204712 -0.25362366437911987 -0.58569902181625366 -1.2161157131195068 -0.14526411890983582 -0.42290836572647095 -1.233711838722229 -0.18118704855442047
4245.0679000094533 -0.43070811033248901 -1.1322145462036133 0.13962732255458832 -0.44813954830169678 -1.2408297061920166 0.10875682532787323 -0.63362950086593628 -1.1866797208786011 0.039078395813703537 -0.46148958802223206 -1.1984446048736572 0.23773819208145142 -0.64025825262069702 -1.1283513307571411 0.13132596015930176 -0.60223913192749023 -1.0212703943252563 0.21253539621829987 -0.49249330163002014 -1.028995156288147 0.41056939959526062
4245.0679000094533 -0.38212081789970398 -0.92584538459777832 0.22297714650630951 -0.40200939774513245 -0.9689520001411438 0.15352477133274078 -0.54075264930725098 -0.92851334810256958 0.023132495582103729 -0.40991941094398499 -0.95222777128219604 0.15470387041568756 -0.56057822704315186 -0.87967795133590698 0.001349031925201416 -0.53192257881164551 -0.84156513214111328 0.12909527122974396 -0.42966064810752869 -0.85862916707992554 0.19644366204738617
4296.9479000046849 -0.40604016184806824 -0.99435091018676758 0.24878919124603271 -0.4282304048538208 -1.0424460172653198 0.17129933834075928 -0.58302986621856689 -0.99732756614685059 0.025817254558205605 -0.4370557963848114 -1.0237864255905151 0.17261490225791931 -0.60514974594116211 -0.94284063577651978 0.0015128711238503456 -0.57317793369293213 -0.90031713247299194 0.1440427154302597 -0.45908159017562866 -0.91935598850250244 0.21918508410453796
4296.9479000046849 -0.50996261835098267 -1.0537576675415039 0.18205401301383972 -0.55738657712936401 -1.1015917062759399 0.22575037181377411 -0.67160952091217041 -1.0070514678955078 0.1394018828868866 -0.48445004224777222 -1.024743914604187 0.37256088852882385 -0.6151728630065918 -0.90406668186187744 0.2210574597120285 -0.52874565124511719 -0.81112337112426758 0.37562531232833862 -0.40041258931159973 -0.79614639282226563 0.60212099552154541
4362.1309999972582 -0.45223340392112732 -1.1171000003814697 0.52131426334381104 -0.50163328647613525 -1.1366875171661377 0.53335034847259521 -0.616527259349823 -1.0537407398223877 0.45469719171524048 -0.45929205417633057 -1.1002339124679565 0.47139596939086914 -0.59401750564575195 -0.97787827253341675 0.35332140326499939 -0.52364134788513184 -0.92722678184509277 0.4418259859085083 -0.39097711443901062 -0.94824016094207764 0.46747806668281555
4362.1309999972582 -0.43679672479629517 -1.0972634553909302 0.51363265514373779 -0.4110586941242218 -1.1845287084579468 0.34717932343482971 -0.55306911468505859 -1.1236157417297363 0.24236005544662476 -0.36916020512580872 -1.1970173120498657 0.23893001675605774 -0.53059214353561401 -1.1098251342773438 0.10514423251152039 -0.45956471562385559 -1.0988153219223022 0.10891430824995041 -0.30751597881317139 -1.1044578552246094 0.0046008345670998096
4416.6070000007749 -0.53140532970428467 -1.2343531847000122 -0.0773887038230896 -0.45411276817321777 -1.3532769680023193 -0.18375320732593536 -0.64075058698654175 -1.293695330619812 -0.25458353757858276 -0.42320764064788818 -1.3302567005157471 0.063699573278427124 -0.61817252635955811 -1.2429836988449097 -0.040987972170114517 -0.53401708602905273 -1.1467671394348145 0.17480340600013733 -0.39977484941482544 -1.101230263710022 0.38704776763916016
4416.6070000007749 -0.47931987047195435 -1.1684073209762573 0.13472880423069 -0.47857347130775452 -1.2600986957550049 -0.040611036121845245 -0.62684130668640137 -1.2071095705032349 -0.12773728370666504 -0.46086993813514709 -1.2295128107070923 0.18883052468299866 -0.6139991283416748 -1.1499979496002197 0.089454233646392822 -0.55409091711044312 -1.0528367757797241 0.26433271169662476 -0.44801494479179382 -1.0106314420700073 0.46005460619926453
4467.0828999951482 -0.36832112073898315 -1.0796210765838623 -0.1537022739648819 -0.42633861303329468 -1.1448657512664795 -0.14322708547115326 -0.53414565324783325 -1.0585254430770874 -0.23365944623947144 -0.47404009103775024 -1.0826789140701294 0.041474007070064545 -0.57349592447280884 -0.97315102815628052 -0.060416493564844131 -0.56942766904830933 -0.88741916418075562 0.17430628836154938 -0.51437795162200928 -0.86025750637054443 0.40120053291320801
4467.0828999951482 -0.37178927659988403 -1.1122400760650635 -0.15568864345550537 -0.43055173754692078 -1.1783226728439331 -0.14507894217967987 -0.53974306583404541 -1.0908737182617188 -0.23667250573635101 -0.47886574268341064 -1.1153372526168823 0.041993752121925354 -0.57959866523742676 -1.0044031143188477 -0.061205055564641953 -0.57547807693481445 -0.91757029294967651 0.17653165757656097 -0.51972150802612305 -0.89005982875823975 0.40633925795555115
4520.6164999976754 -0.39826247096061707 -1.1342216730117798 0.14193232357501984 -0.45197615027427673 -1.1978522539138794 0.14535048604011536 -0.58894449472427368 -1.1509486436843872 0.088026218116283417 -0.46442714333534241 -1.1528621912002563 0.26173859834671021 -0.60165703296661377 -1.0721439123153687 0.17585304379463196 -0.56413000822067261 -0.97574013471603394 0.27849677205085754 -0.46094298362731934 -0.95055782794952393 0.36015719175338745
4520.6164999976754 -0.4084000289440155 -1.1780471801757813 0.14761042594909668 -0.46426260471343994 -1.2442235946655273 0.15116535127162933 -0.60671067237854004 -1.1954433917999268 0.091547682881355286 -0.47721171379089355 -1.1974334716796875 0.27220982313156128 -0.61993181705474854 -1.1134858131408691 0.1828882247209549 -0.58090341091156006 -1.0132254362106323 0.2896384596824646 -0.47358822822570801 -0.98703557252883911 0.37456589937210083
4573.7538999989629 -0.34114724397659302 -1.162061333656311 0.32345879077911377 -0.39962908625602722 -1.2551959753036499 0.24168333411216736 -0.58092474937438965 -1.2076551914215088 0.15851274132728577 -0.42231374979019165 -1.2321226596832275 0.23543877899646759 -0.59936356544494629 -1.1601686477661133 0.098882131278514862 -0.57019799947738647 -1.0929415225982666 0.17514114081859589 -0.44228911399841309 -1.0883297920227051 0.16282890737056732
4573.7538999989629 -0.36407864093780518 -1.2873533964157104 0.30801278352737427 -0.39273220300674438 -1.3574333190917969 0.34479919075965881 -0.55404406785964966 -1.2767807245254517 0.32766273617744446 -0.41712334752082825 -1.2746262550354004 0.4950510561466217 -0.56661403179168701 -1.1815506219863892 0.42226186394691467 -0.56672650575637817 -1.048964262008667 0.47291338443756104 -0.49989694356918335 -0.99792027473449707 0.60250836610794067
4628.9073999971151 -0.28704589605331421 -1.1740061044692993 0.27635854482650757 -0.31275531649589539 -1.2368853092193604 0.30936515331268311 -0.45749247074127197 -1.1645197868347168 0.29398947954177856 -0.3346402645111084 -1.1625865697860718 0.44417870044708252 -0.46877086162567139 -1.079074501991272 0.37886857986450195 -0.46887180209159851 -0.96011132001876831 0.42431566119194031 -0.40890893340110779 -0.91431212425231934 0.54059475660324097
4628.9073999971151 -0.32106640934944153 -1.163530707359314 -0.0029581289272755384 -0.30011236667633057 -1.2531859874725342 0.07329791784286499 -0.47309419512748718 -1.2114888429641724 0.06180373951792717 -0.30923232436180115 -1.1617658138275146 0.29628172516822815 -0.47333052754402161 -1.1043298244476318 0.22640255093574524 -0.43419229984283447 -0.94646292924880981 0.32081136107444763 -0.34430024027824402 -0.881275475025177 0.55089914798736572
4684.7410999983549 -0.27905735373497009 -1.0061880350112915 0.78737211227416992 -0.35802468657493591 -1.0712459087371826 0.64898455142974854 -0.4851284921169281 -1.0230869054794312 0.60077887773513794 -0.36994063854217529 -1.0555857419967651 0.52122938632965088 -0.50778979063034058 -0.96790152788162231 0.42231574654579163 -0.48859530687332153 -0.9106939435005188 0.41000410914421082 -0.37640991806983948 -0.91426634788513184 0.37578216195106506
4684.7410999983549 -0.27908679842948914 -1.0864570140838623 0.85035163164138794 -0.36437100172042847 -1.1567190885543823 0.70089393854141235 -0.50164222717285156 -1.1047078371047974 0.64883220195770264 -0.37724012136459351 -1.1398061513900757 0.5629192590713501 -0.52611631155014038 -1.0451078414916992 0.4560931921005249 -0.5053863525390625 -0.98332417011260986 0.44279670715332031 -0.38422691822052002 -0.98718231916427612 0.40583723783493042
4736.2426999956369 -0.30142739415168762 -1.1191772222518921 0.54178875684738159 -0.37677252292633057 -1.1648342609405518 0.50732600688934326 -0.49261343479156494 -1.1012427806854248 0.47273820638656616 -0.37490937113761902 -1.0948967933654785 0.63563638925552368 -0.48644068837165833 -1.0098890066146851 0.57889270782470703 -0.45381507277488708 -0.91367989778518677 0.607430100440979 -0.35939621925354004 -0.86653852462768555 0.69976556301116943
4736.2426999956369 -0.34279361367225647 -1.1007562875747681 0.38653644919395447 -0.42262974381446838 -1.1639237403869629 0.32043188810348511 -0.54444092512130737 -1.1042543649673462 0.26506972312927246 -0.39221581816673279 -1.1086112260818481 0.44299006462097168 -0.52937012910842896 -1.0232793092727661 0.35591855645179749 -0.46753564476966858 -0.92092067003250122 0.45132565498352051 -0.3443354070186615 -0.89592337608337402 0.56978446245193481
4789.7226000055671 -0.33200520277023315 -1.0819863080978394 0.38046801090240479 -0.41058820486068726 -1.1441624164581299 0.31540098786354065 -0.5304875373840332 -1.0854295492172241 0.26090776920318604 -0.38065168261528015 -1.0897179841995239 0.43603554368019104 -0.51565325260162354 -1.0057253837585449 0.35033068060874939 -0.45478934049606323 -0.90497332811355591 0.44424030184745789 -0.33352279663085938 -0.88036847114562988 0.56083983182907104
4789.7226000055671 -0.30583879351615906 -1.0990970134735107 0.54718607664108276 -0.40661731362342834 -1.1279994249343872 0.47749459743499756 -0.50945860147476196 -1.0601677894592285 0.42701378464698792 -0.38453790545463562 -1.0651258230209351 0.54946786165237427 -0.49289673566818237 -0.97390377521514893 0.47449648380279541 -0.43689680099487305 -0.87725389003753662 0.48664814233779907 -0.32732492685317993 -0.8580283522605896 0.58818131685256958
4841.4561999961734 -0.22131986916065216 -0.96475613117218018 0.70526206493377686 -0.32701423764228821 -1.0458022356033325 0.59171408414840698 -0.44586640596389771 -0.98977881669998169 0.53663718700408936 -0.36846143007278442 -1.0015925168991089 0.52994036674499512 -0.4796072244644165 -0.91738861799240112 0.4533686637878418 -0.49460858106613159 -0.83913129568099976 0.42725402116775513 -0.42269685864448547 -0.83386164903640747 0.42591598629951477
4841.4561999961734 -0.21922175586223602 -1.0215014219284058 0.74681085348129272 -0.33114326000213623 -1.1073224544525146 0.62657302618026733 -0.45699778199195862 -1.047998309135437 0.56825119256973267 -0.37503236532211304 -1.060508131980896 0.56115978956222534 -0.49272647500038147 -0.97134321928024292 0.48007676005363464 -0.50861167907714844 -0.88847523927688599 0.45242354273796082 -0.43246316909790039 -0.88289505243301392 0.45100665092468262
4891.5498000010848 -0.27337676286697388 -1.0502928495407104 1.0091427564620972 -0.34335419535636902 -1.1097344160079956 0.77142184972763062 -0.46763616800308228 -1.0498768091201782 0.72082823514938354 -0.363933265209198 -1.0837761163711548 0.56975603103637695 -0.48632881045341492 -0.98587149381637573 0.47545710206031799 -0.46897631883621216 -0.91117101907730103 0.36183157563209534 -0.35105398297309875 -0.91907960176467896 0.21673774719238281
4891.5498000010848 -0.32424965500831604 -1.1652793884277344 0.7257503867149353 -0.45696452260017395 -1.2516212463378906 0.54758679866790771 -0.59080123901367188 -1.1524379253387451 0.48851019144058228 -0.43141710758209229 -1.1838663816452026 0.64244300127029419 -0.56884115934371948 -1.0508592128753662 0.56228309869766235 -0.511638343334198 -0.94076478481292725 0.55423837900161743 -0.36817961931228638 -0.94469696283340454 0.68311029672622681
4942.5800000056624 -0.31242385506629944 -0.97391551733016968 0.59771960973739624 -0.42172813415527344 -1.0450268983840942 0.45098364353179932 -0.53195637464523315 -0.96333926916122437 0.4023280143737793 -0.40068718791007996 -0.98922377824783325 0.52910745143890381 -0.5138700008392334 -0.87967878580093384 0.46308755874633789 -0.46675759553909302 -0.78900480270385742 0.45646190643310547 -0.34860464930534363 -0.79224324226379395 0.56260114908218384
4942.5800000056624 -0.34077703952789307 -0.99024671316146851 0.34900632500648499 -0.39160060882568359 -1.0514100790023804 0.250518798828125 -0.49486687779426575 -0.9707103967666626 0.23188894987106323 -0.36891001462936401 -1.0060781240463257 0.37567242980003357 -0.46952393651008606 -0.90336513519287109 0.33211743831634521 -0.42221939563751221 -0.82125622034072876 0.3874906599521637 -0.32328221201896667 -0.80828458070755005 0.50792980194091797
