524.46949999779463 -0.65333712100982666 -1.5402059555053711 1.8981273174285889 -0.53559970855712891 -1.7555183172225952 1.7061265707015991 -0.70166510343551636 -1.7724519968032837 1.7057181596755981 -0.70059448480606079 -1.803033709526062 1.1669673919677734 -0.91047161817550659 -1.7800167798995972 1.1513102054595947 -1.0206388235092163 -1.7158715724945068 0.80642908811569214 -0.9571959376335144 -1.659487247467041 0.40106803178787231
756.91940000653267 -0.37449324131011963 -0.6963951587677002 0.21316680312156677 -0.35558590292930603 -0.84842497110366821 0.0075400606729090214 -0.48240301012992859 -0.86205190420150757 -0.027545295655727386 -0.37806668877601624 -0.86756855249404907 -0.24441982805728912 -0.52145767211914063 -0.84716594219207764 -0.28599172830581665 -0.50079256296157837 -0.8253476619720459 -0.37754532694816589 -0.41569280624389648 -0.79526805877685547 -0.53467220067977905
930.44120000302792 -0.36100339889526367 -0.96838098764419556 0.54083937406539917 -0.42250782251358032 -1.0672694444656372 0.11684861779212952 -0.59879350662231445 -1.0292993783950806 0.034434966742992401 -0.46141895651817322 -1.0591623783111572 -0.16518595814704895 -0.63542664051055908 -0.98895645141601563 -0.25672772526741028 -0.59549605846405029 -0.91908776760101318 -0.35251230001449585 -0.45017039775848389 -0.88604253530502319 -0.61219954490661621
1033.2910000011325 -0.18249385058879852 -0.7931864857673645 -1.5202162265777588 -0.36966675519943237 -1.0768210887908936 -1.3863431215286255 -0.58829528093338013 -1.1034759283065796 -1.4097157716751099 -0.40905877947807312 -1.142661452293396 -0.98023080825805664 -0.63925927877426147 -1.1034340858459473 -1.0260868072509766 -0.56581521034240723 -1.0491081476211548 -0.65588611364364624 -0.43643805384635925 -1.0039206743240356 -0.27463728189468384
1202.0873999968171 -0.55639034509658813 -0.87508755922317505 0.82575023174285889 -0.48786559700965881 -1.0823848247528076 0.43168801069259644 -0.70621681213378906 -1.0114684104919434 0.37106779217720032 -0.52211654186248779 -1.1097142696380615 -0.0070716873742640018 -0.7732890248298645 -0.9928780198097229 -0.10038775950670242 -0.72191578149795532 -1.0002248287200928 -0.31408974528312683 -0.51773226261138916 -0.99513214826583862 -0.66601544618606567
1308.0117999985814 -0.77351909875869751 -1.6241579055786133 1.9946298599243164 -0.58028578758239746 -1.9335540533065796 1.7045031785964966 -0.84315115213394165 -1.8890525102615356 1.6802341938018799 -0.74778127670288086 -1.934633731842041 0.93608421087265015 -1.0599149465560913 -1.8465161323547363 0.90411984920501709 -1.1221703290939331 -1.8325321674346924 0.48282542824745178 -0.98982036113739014 -1.8311736583709717 -0.14722870290279388
1381.6241999939084 -0.67971956729888916 -1.0692274570465088 0.57014858722686768 -0.64470535516738892 -1.168465256690979 0.27685761451721191 -0.83231616020202637 -1.1442033052444458 0.13528203964233398 -0.65663838386535645 -1.1435637474060059 -0.057037077844142914 -0.85786819458007813 -1.0824819803237915 -0.22631315886974335 -0.80050873756408691 -1.0668338537216187 -0.23555615544319153 -0.61134159564971924 -1.0948083400726318 -0.53880530595779419
1381.6241999939084 -0.69353711605072021 -1.0554157495498657 0.48898530006408691 -0.68155711889266968 -1.1149989366531372 0.097040377557277679 -0.86198645830154419 -1.0586482286453247 -0.098831780254840851 -0.65517169237136841 -1.0769460201263428 -0.18717023730278015 -0.83901089429855347 -0.97528862953186035 -0.40397599339485168 -0.75875329971313477 -0.93847495317459106 -0.35607495903968811 -0.5677458643913269 -0.97181558609008789 -0.58918970823287964
1437.7603999972343 -0.80394107103347778 -1.1167960166931152 0.52486395835876465 -0.79108208417892456 -1.1807503700256348 0.10416407883167267 -0.9847487211227417 -1.1202656030654907 -0.10607820749282837 -0.76276099681854248 -1.1399056911468506 -0.20089760422706604 -0.96008753776550293 -1.0307903289794922 -0.4336092472076416 -0.87394177913665771 -0.9912758469581604 -0.38219398260116577 -0.66892111301422119 -1.0270625352859497 -0.63241118192672729
1437.7603999972343 -0.88228338956832886 -1.160845160484314 0.83171600103378296 -0.767913818359375 -1.2276885509490967 0.69128948450088501 -0.97425311803817749 -1.167008638381958 0.51724445819854736 -0.79414314031600952 -1.1337617635726929 0.21319535374641418 -0.94518750905990601 -1.025577187538147 0.021592546254396439 -0.82385933399200439 -0.89234334230422974 -0.055933959782123566 -0.6763806939125061 -0.90698689222335815 -0.32819667458534241
1490.537099994719 -0.70164114236831665 -1.1359331607818604 0.33960574865341187 -0.72469627857208252 -1.1832121610641479 -0.030876016244292259 -0.91812187433242798 -1.1394045352935791 -0.20221218466758728 -0.76812237501144409 -1.1152521371841431 -0.44951072335243225 -0.9686274528503418 -1.0230413675308228 -0.64277297258377075 -0.92807096242904663 -1.009685754776001 -0.60691213607788086 -0.74888688325881958 -1.0634571313858032 -0.96259158849716187
1490.537099994719 -0.65050238370895386 -1.0115014314651489 0.29470983147621155 -0.67050892114639282 -1.0525286197662354 -0.026781991124153137 -0.83835715055465698 -1.0145137310028076 -0.17546184360980988 -0.70819258689880371 -0.99355518817901611 -0.39005935192108154 -0.88218420743942261 -0.91353768110275269 -0.5577659010887146 -0.84699070453643799 -0.90194815397262573 -0.52664703130722046 -0.69150072336196899 -0.9486091136932373 -0.83529394865036011
1543.7666999995708 -0.67290985584259033 -0.95173227787017822 0.16597335040569305 -0.62179726362228394 -1.0446962118148804 -0.042384948581457138 -0.79352587461471558 -1.0466271638870239 -0.15711556375026703 -0.64446443319320679 -1.0052498579025269 -0.38108572363853455 -0.83781439065933228 -0.96550083160400391 -0.52626919746398926 -0.78924775123596191 -0.93081998825073242 -0.50544613599777222 -0.62153315544128418 -0.92924439907073975 -0.72757512331008911
1543.7666999995708 -0.74999046325683594 -1.0451729297637939 1.0866897106170654 -0.66369795799255371 -1.1494641304016113 0.90817606449127197 -0.84340155124664307 -1.1419037580490112 0.8032570481300354 -0.72234547138214111 -1.0718586444854736 0.46577712893486023 -0.90420591831207275 -1.0138463973999023 0.32260575890541077 -0.88781577348709106 -0.92575109004974365 0.13326789438724518 -0.71729433536529541 -0.93171596527099609 -0.14773426949977875
1594.1541000083089 -0.88278990983963013 -1.1379721164703369 1.2016353607177734 -0.78737002611160278 -1.2532945871353149 1.0042397975921631 -0.98608142137527466 -1.2449345588684082 0.88822323083877563 -0.85222089290618896 -1.16748046875 0.51504707336425781 -1.0533171892166138 -1.1033321619033813 0.3567320704460144 -1.0351934432983398 -1.0059186220169067 0.14736740291118622 -0.84663552045822144 -1.012514591217041 -0.16335718333721161
1697.0537000000477 -0.43764704465866089 -0.99659824371337891 0.6905895471572876 -0.47780692577362061 -1.1607073545455933 0.42742645740509033 -0.6423954963684082 -1.1608909368515015 0.31454116106033325 -0.55096310377120972 -1.144688606262207 0.12490251660346985 -0.73919171094894409 -1.0954786539077759 -0.037023205310106277 -0.75795578956604004 -1.0662261247634888 -0.086412221193313599 -0.62094014883041382 -1.0668233633041382 -0.34962019324302673
1697.0537000000477 -0.85910731554031372 -1.2344224452972412 0.38906118273735046 -0.84635919332504272 -1.3259450197219849 0.28339776396751404 -1.0530198812484741 -1.2939562797546387 0.2103145569562912 -0.78889673948287964 -1.3094671964645386 0.083920218050479889 -1.0098817348480225 -1.2335664033889771 -0.060775376856327057 -0.89516031742095947 -1.2266794443130493 -0.03677697479724884 -0.69121485948562622 -1.2866950035095215 -0.21846072375774384
1749.1050999984145 -0.6794399619102478 -1.0982884168624878 -0.98751986026763916 -0.84523159265518188 -1.2833596467971802 -1.0233610868453979 -1.087403416633606 -1.2465337514877319 -1.0283502340316772 -0.77982503175735474 -1.3124130964279175 -0.68195706605911255 -1.0232934951782227 -1.2188798189163208 -0.72387278079986572 -0.85544812679290771 -1.1683868169784546 -0.34369045495986938 -0.66181349754333496 -1.1830835342407227 -0.12054345011711121
1749.1050999984145 -0.84414154291152954 -0.96488642692565918 -0.002871139207854867 -0.74462521076202393 -1.0664018392562866 -0.065520167350769043 -0.8992079496383667 -1.020951509475708 -0.12078148126602173 -0.74682193994522095 -1.0405640602111816 -0.24155712127685547 -0.92655259370803833 -0.95407873392105103 -0.32539871335029602 -0.87034124135971069 -0.95540022850036621 -0.29136991500854492 -0.74194276332855225 -0.98212379217147827 -0.38076084852218628
1802.8255000039935 -0.89240390062332153 -1.1197130680084229 -0.0033007604070007801 -0.77726954221725464 -1.2371605634689331 -0.075781919062137604 -0.95611250400543213 -1.1845771074295044 -0.13971590995788574 -0.77981102466583252 -1.2072676420211792 -0.2794460654258728 -0.98774856328964233 -1.107209324836731 -0.37644577026367188 -0.92271548509597778 -1.1087381839752197 -0.33707648515701294 -0.77416610717773438 -1.1396558284759521 -0.44049638509750366
1904.8835999965668 -0.5956922173500061 -0.93052029609680176 0.44227558374404907 -0.56660979986190796 -1.0703128576278687 0.46547019481658936 -0.74544674158096313 -1.0481112003326416 0.40292486548423767 -0.50517952442169189 -1.1087576150894165 0.38952097296714783 -0.69898819923400879 -1.0470559597015381 0.23083940148353577 -0.61051839590072632 -1.0597118139266968 0.23030884563922882 -0.45326080918312073 -1.1141805648803711 0.12486334890127182
1904.8835999965668 -0.86202645301818848 -1.3030682802200317 0.35141313076019287 -0.78093099594116211 -1.3560466766357422 0.22755515575408936 -0.99465638399124146 -1.3790420293807983 0.12705801427364349 -0.76207059621810913 -1.3285619020462036 -0.064636968076229095 -1.004054069519043 -1.2845139503479004 -0.22267311811447144 -0.91539245843887329 -1.279997706413269 -0.18379481136798859 -0.70973330736160278 -1.3448166847229004 -0.42417499423027039
1956.7189000025392 -0.60886341333389282 -1.1656526327133179 -0.027831817045807838 -0.64509212970733643 -1.2137910127639771 -0.3450409471988678 -0.83701539039611816 -1.1985894441604614 -0.51249921321868896 -0.59360742568969727 -1.2524152994155884 -0.49158701300621033 -0.82026791572570801 -1.1892353296279907 -0.72360634803771973 -0.73175382614135742 -1.1750034093856812 -0.60912680625915527 -0.53851997852325439 -1.19719398021698 -0.7162482738494873
1956.7189000025392 -0.6258547306060791 -1.1743309497833252 -0.21429099142551422 -0.63942873477935791 -1.1579176187515259 -0.25932976603507996 -0.78726488351821899 -1.1042182445526123 -0.27777138352394104 -0.61689502000808716 -1.1096221208572388 -0.24864444136619568 -0.74814730882644653 -1.0094571113586426 -0.36096790432929993 -0.64271974563598633 -0.94079893827438354 -0.17020240426063538 -0.49815714359283447 -0.9965631365776062 -0.20074523985385895
2010.1775000020862 -0.74140959978103638 -1.198549747467041 -0.94061613082885742 -0.70466083288192749 -1.1972521543502808 -0.72892218828201294 -0.90293854475021362 -1.1521949768066406 -0.75173330307006836 -0.65381729602813721 -1.1020644903182983 -0.42461848258972168 -0.75689685344696045 -1.0137263536453247 -0.45196390151977539 -0.53735572099685669 -0.83402729034423828 -0.12618988752365112 -0.39341557025909424 -0.87192082405090332 0.096445031464099884
2010.1775000020862 -0.7515302300453186 -1.2378904819488525 -0.91682034730911255 -0.71571117639541626 -1.2366256713867188 -0.71048200130462646 -0.90897268056869507 -1.1927083730697632 -0.73271602392196655 -0.66615396738052368 -1.1438461542129517 -0.41387677192687988 -0.76662570238113403 -1.0577428340911865 -0.44053038954734802 -0.55263876914978027 -0.88258993625640869 -0.12299809604883194 -0.41234010457992554 -0.91952484846115112 0.094004407525062561
2062.0001000016928 -0.67775803804397583 -1.1306823492050171 -1.0061162710189819 -0.61247026920318604 -1.1455758810043335 -0.85318511724472046 -0.78598666191101074 -1.0906503200531006 -0.88791269063949585 -0.58332997560501099 -1.0857419967651367 -0.60550737380981445 -0.72942423820495605 -0.98543041944503784 -0.73576468229293823 -0.61842703819274902 -0.88495165109634399 -0.38470637798309326 -0.49119481444358826 -0.91319429874420166 -0.056653387844562531
2062.0001000016928 -0.66846126317977905 -1.037889838218689 -0.97057676315307617 -0.60547876358032227 -1.0522574186325073 -0.82304549217224121 -0.77286833524703979 -0.99927133321762085 -0.85654687881469727 -0.57736742496490479 -0.99453628063201904 -0.58411324024200439 -0.7183031439781189 -0.89776664972305298 -0.70977115631103516 -0.6112251877784729 -0.80083578824996948 -0.37110868096351624 -0.48848554491996765 -0.82808119058609009 -0.054639186710119247
2116.4723999947309 -0.77604413032531738 -1.0731688737869263 -1.1208444833755493 -0.65679097175598145 -1.0787420272827148 -0.84283065795898438 -0.85767531394958496 -0.99916154146194458 -0.82479089498519897 -0.5555647611618042 -0.96942543983459473 -0.45363661646842957 -0.61607366800308228 -0.88370442390441895 -0.41805955767631531 -0.44517582654953003 -0.77093404531478882 -0.11296775937080383 -0.30860027670860291 -0.80495458841323853 0.23887751996517181
2116.4723999947309 -0.77263140678405762 -1.0565053224563599 -1.1474734544754028 -0.70684540271759033 -1.1457760334014893 -1.0240436792373657 -0.90426033735275269 -1.0821174383163452 -0.99891078472137451 -0.63582891225814819 -1.0349661111831665 -0.57588863372802734 -0.69546455144882202 -0.95579904317855835 -0.52656853199005127 -0.47935023903846741 -0.79899311065673828 -0.22807362675666809 -0.36141830682754517 -0.83894866704940796 0.071107387542724609
2168.2137999981642 -0.80977416038513184 -0.97060704231262207 -1.1073651313781738 -0.7462884783744812 -1.0567561388015747 -0.98825138807296753 -0.93680030107498169 -0.9953235387802124 -0.96399730443954468 -0.67775517702102661 -0.94982093572616577 -0.55576705932617188 -0.7353055477142334 -0.87342208623886108 -0.50817161798477173 -0.52674812078475952 -0.72209924459457397 -0.22011415660381317 -0.41293996572494507 -0.7606576681137085 0.068605363368988037
2168.2137999981642 -0.76750516891479492 -1.0383861064910889 -1.2113614082336426 -0.76832085847854614 -1.1060186624526978 -1.0756170749664307 -0.98204922676086426 -1.0742889642715454 -1.0942345857620239 -0.72551435232162476 -1.0185806751251221 -0.64115691184997559 -0.8403211236000061 -0.93994933366775513 -0.67120224237442017 -0.58679264783859253 -0.7487758994102478 -0.27418088912963867 -0.47566121816635132 -0.80966436862945557 0.024328479543328285
2260.3227000012994 -0.76730245351791382 -0.92865103483200073 0.076583728194236755 -0.67291021347045898 -1.0781031847000122 -0.25265112519264221 -0.84101390838623047 -1.0590517520904541 -0.39650207757949829 -0.60882866382598877 -1.0897841453552246 -0.41419732570648193 -0.78656280040740967 -1.0281969308853149 -0.61382490396499634 -0.71644377708435059 -1.0143933296203613 -0.66426026821136475 -0.54384511709213257 -1.0030606985092163 -0.90298044681549072
2330.5113999918103 -0.65961837768554688 -1.2214674949645996 0.33713421225547791 -0.72136920690536499 -1.2563102245330811 0.22059698402881622 -0.91739082336425781 -1.223125696182251 0.032888744026422501 -0.64800596237182617 -1.2779648303985596 0.0098774060606956482 -0.85220599174499512 -1.200234055519104 -0.27344563603401184 -0.75995367765426636 -1.1752780675888062 -0.24768634140491486 -0.5606684684753418 -1.2074553966522217 -0.32746142148971558
2330.5113999918103 -0.71084272861480713 -1.2649801969528198 0.5780646800994873 -0.74928814172744751 -1.328528881072998 0.14100484549999237 -0.94249910116195679 -1.2860660552978516 -0.034634191542863846 -0.68802917003631592 -1.3268289566040039 -0.18007664382457733 -0.91020298004150391 -1.2479465007781982 -0.42166623473167419 -0.82194048166275024 -1.2268279790878296 -0.45587524771690369 -0.58954060077667236 -1.2373170852661133 -0.7294306755065918
2388.1750999987125 -0.68796712160110474 -1.2642090320587158 0.56396067142486572 -0.7254752516746521 -1.3262084722518921 0.13755637407302856 -0.91397565603256226 -1.2847808599472046 -0.033800598233938217 -0.6657097339630127 -1.3245501518249512 -0.17569717764854431 -0.88246691226959229 -1.2475907802581787 -0.41139683127403259 -0.79635632038116455 -1.2269872426986694 -0.44477182626724243 -0.56962227821350098 -1.2372205257415771 -0.71165794134140015
2388.1750999987125 -0.66924053430557251 -1.2297970056533813 0.54860955476760864 -0.70572763681411743 -1.2901087999343872 0.13381205499172211 -0.88909703493118286 -1.2498087882995605 -0.032880540937185287 -0.64758896827697754 -1.2884955406188965 -0.1709146648645401 -0.85844594240188599 -1.2136310338973999 -0.4001985490322113 -0.77467930316925049 -1.1935883760452271 -0.43266505002975464 -0.55411702394485474 -1.2035430669784546 -0.69228649139404297
2438.4887000024319 -0.7328985333442688 -1.2392864227294922 0.41557896137237549 -0.76305288076400757 -1.27170729637146 0.097928613424301147 -0.94341528415679932 -1.2742867469787598 -0.15176680684089661 -0.65245932340621948 -1.3124909400939941 -0.21072781085968018 -0.87157875299453735 -1.2709630727767944 -0.53318238258361816 -0.75082319974899292 -1.2762666940689087 -0.61979407072067261 -0.49814587831497192 -1.2958030700683594 -0.87927019596099854
2438.4887000024319 -0.61358749866485596 -1.1688814163208008 1.0982246398925781 -0.60121983289718628 -1.2585828304290771 0.8574097752571106 -0.79209697246551514 -1.2439759969711304 0.63653260469436646 -0.64023131132125854 -1.2331253290176392 0.34061247110366821 -0.836231529712677 -1.1712592840194702 0.042213566601276398 -0.78892213106155396 -1.1173042058944702 0.0067531582899391651 -0.60843735933303833 -1.1086273193359375 -0.25094935297966003
2490.0 -0.63938915729522705 -1.1545708179473877 1.1291044950485229 -0.62667340040206909 -1.246796727180481 0.88151204586029053 -0.82292258739471436 -1.231778621673584 0.65441858768463135 -0.66678279638290405 -1.2206227779388428 0.35017022490501404 -0.86829918622970581 -1.1570154428482056 0.043373282998800278 -0.81965833902359009 -1.1015419960021973 0.0069148908369243145 -0.63409405946731567 -1.0926209688186646 -0.25804033875465393
2490.0 -0.61945420503616333 -1.268366813659668 0.93529778718948364 -0.66019493341445923 -1.3103890419006348 0.67887693643569946 -0.84573012590408325 -1.2647144794464111 0.49620819091796875 -0.67489063739776611 -1.2637133598327637 0.24871636927127838 -0.85494279861450195 -1.1692676544189453 -0.0079758446663618088 -0.79108870029449463 -1.1207424402236938 -0.023458912968635559 -0.60115790367126465 -1.1292855739593506 -0.31731787323951721
2542.4997000023723 -0.67924678325653076 -1.2005907297134399 0.2866038978099823 -0.68038457632064819 -1.2305258512496948 0.22119517624378204 -0.83845692873001099 -1.1591482162475586 0.099195428192615509 -0.65817826986312866 -1.1734387874603271 -0.0095596779137849808 -0.81321811676025391 -1.0608985424041748 -0.19355766475200653 -0.71369421482086182 -1.0386769771575928 -0.14946438372135162 -0.53676623106002808 -1.0708448886871338 -0.36158484220504761
2542.4997000023723 -0.72386753559112549 -1.2502132654190063 0.29625678062438965 -0.72504353523254395 -1.2811559438705444 0.22864650189876556 -0.88843637704849243 -1.2073758840560913 0.10254045575857162 -0.70208984613418579 -1.2221474647521973 -0.0098751680925488472 -0.86234802007675171 -1.1058192253112793 -0.2000662237405777 -0.75947433710098267 -1.0828498601913452 -0.15448883175849915 -0.57659125328063965 -1.1161004304885864 -0.37374889850616455
2596.7745999991894 -0.73283910751342773 -1.2068541049957275 0.26313048601150513 -0.72868680953979492 -1.2559925317764282 0.10601455718278885 -0.95791643857955933 -1.1761046648025513 -0.081588327884674072 -0.65929025411605835 -1.2013930082321167 -0.044205058366060257 -0.83363258838653564 -1.0931847095489502 -0.20735371112823486 -0.68636459112167358 -1.0353761911392212 -0.24316555261611938 -0.49095571041107178 -1.0728467702865601 -0.47155341506004333
2596.7745999991894 -0.82412147521972656 -1.1439321041107178 0.24979405105113983 -0.82017964124679565 -1.1905800104141235 0.10064114630222321 -1.03779137134552 -1.1147410869598389 -0.077453605830669403 -0.75430029630661011 -1.1387476921081543 -0.041965007781982422 -0.91980659961700439 -1.036023736000061 -0.1968449205160141 -0.7800024151802063 -0.98114502429962158 -0.23084175586700439 -0.59449726343154907 -1.0167165994644165 -0.44765439629554749
2652.2088999971747 -0.63142001628875732 -1.103330135345459 1.251908540725708 -0.59119707345962524 -1.2059192657470703 1.0963839292526245 -0.78181302547454834 -1.1651084423065186 1.0281804800033569 -0.67251342535018921 -1.1617158651351929 0.56723004579544067 -0.89655554294586182 -1.0780384540557861 0.50588738918304443 -0.92667090892791748 -1.0657286643981934 0.34253358840942383 -0.79442137479782104 -1.1212848424911499 -0.06223243847489357
2772.4213000014424 -0.45804363489151001 -1.1234508752822876 0.099534511566162109 -0.28136751055717468 -1.2661442756652832 -0.1043294295668602 -0.45229730010032654 -1.2702764272689819 -0.13594929873943329 -0.30182075500488281 -1.2501003742218018 -0.34204128384590149 -0.50457465648651123 -1.2164928913116455 -0.40006184577941895 -0.46252012252807617 -1.2109395265579224 -0.39695906639099121 -0.33010488748550415 -1.2018163204193115 -0.59373211860656738
2884.3514999970794 -0.38491725921630859 -0.98671865463256836 0.94248473644256592 -0.32215851545333862 -1.1363037824630737 0.69953840970993042 -0.46786171197891235 -1.1109017133712769 0.66915279626846313 -0.42297652363777161 -1.1016707420349121 0.3568689227104187 -0.58278489112854004 -1.0319774150848389 0.32029524445533752 -0.62594258785247803 -1.0070730447769165 0.19679577648639679 -0.52724593877792358 -1.0169582366943359 -0.12948358058929443
2985.9262999966741 -0.41204634308815002 -1.1230250597000122 0.023132657632231712 -0.38687258958816528 -1.3809257745742798 0.2200683057308197 -0.58916085958480835 -1.3364105224609375 0.23258300125598907 -0.38175147771835327 -1.2938729524612427 0.38439208269119263 -0.59768867492675781 -1.177034854888916 0.32351619005203247 -0.54587388038635254 -1.1316078901290894 0.36364886164665222 -0.4147784411907196 -1.1781516075134277 0.47671619057655334
2985.9262999966741 -0.56702303886413574 -0.92189991474151611 0.1983364075422287 -0.64528679847717285 -1.0245386362075806 0.22188851237297058 -0.81494706869125366 -0.97386312484741211 0.13357639312744141 -0.64759647846221924 -0.97215890884399414 0.046419240534305573 -0.82488387823104858 -0.89053022861480713 -0.073851399123668671 -0.74176162481307983 -0.88011491298675537 -0.065968543291091919 -0.61602741479873657 -0.94007772207260132 -0.23943185806274414
3036.9424000009894 -0.65307295322418213 -1.0483657121658325 0.48104622960090637 -0.67347460985183716 -1.0917035341262817 0.41352900862693787 -0.83340346813201904 -1.057049036026001 0.28426021337509155 -0.67595136165618896 -1.0502800941467285 0.057792406529188156 -0.85459494590759277 -0.97222065925598145 -0.12178217619657516 -0.74801772832870483 -0.95931375026702881 -0.12581278383731842 -0.5659145712852478 -1.0173236131668091 -0.38942712545394897
3036.9424000009894 -0.71114587783813477 -1.1665160655975342 0.51012569665908813 -0.732779860496521 -1.212471604347229 0.43853035569190979 -0.90236872434616089 -1.1757239103317261 0.30145344138145447 -0.73540610074996948 -1.1685460805892944 0.061306484043598175 -0.92484021186828613 -1.0857716798782349 -0.1291147917509079 -0.8118254542350769 -1.0720851421356201 -0.13338886201381683 -0.61872285604476929 -1.1335989236831665 -0.41292604804039001
3086.9309000000358 -0.54684150218963623 -0.99452972412109375 -0.62512552738189697 -0.6401294469833374 -1.1093231439590454 -0.46833774447441101 -0.83530420064926147 -1.0405672788619995 -0.52926445007324219 -0.65908545255661011 -1.0662311315536499 -0.3481917679309845 -0.82985097169876099 -0.97922766208648682 -0.41667294502258301 -0.69646406173706055 -0.90735769271850586 -0.085342422127723694 -0.61274820566177368 -0.94619029760360718 0.012116413563489914
3273.9261000007391 -0.11989970505237579 -1.0035709142684937 1.5325604677200317 -0.091112777590751648 -1.2108110189437866 1.1674461364746094 -0.28027540445327759 -1.1901071071624756 1.1153780221939087 -0.25820291042327881 -1.1767052412033081 0.69358950853347778 -0.46435442566871643 -1.1043784618377686 0.63504320383071899 -0.54198014736175537 -1.0392481088638306 0.39494213461875916 -0.4304366409778595 -1.02403724193573 -0.024817939847707748
3347.7362000048161 -0.79924917221069336 -1.2485265731811523 1.3249694108963013 -0.75591075420379639 -1.4449342489242554 0.99463635683059692 -1.0111337900161743 -1.409807562828064 0.86180359125137329 -0.79661285877227783 -1.4472068548202515 0.56707507371902466 -1.0755701065063477 -1.3651437759399414 0.4122997522354126 -1.0304895639419556 -1.3437159061431885 0.24300707876682281 -0.80819976329803467 -1.3629252910614014 -0.149400994181633
3347.7362000048161 -0.78260999917984009 -1.0693786144256592 0.70235764980316162 -0.73465484380722046 -1.141487717628479 0.69834452867507935 -0.93124234676361084 -1.1116651296615601 0.61310893297195435 -0.67931699752807617 -1.112896203994751 0.47801074385643005 -0.87914872169494629 -1.0349299907684326 0.33865079283714294 -0.74377363920211792 -0.9449913501739502 0.39696168899536133 -0.55292057991027832 -0.99298632144927979 0.3636772632598877
3400.6068000048399 -0.78431820869445801 -0.9921228289604187 0.67803597450256348 -0.73802375793457031 -1.0617347955703735 0.67416185140609741 -0.92780333757400513 -1.0329450368881226 0.59187799692153931 -0.68460226058959961 -1.0341333150863647 0.46145832538604736 -0.87751376628875732 -0.95886725187301636 0.32692447304725647 -0.74682670831680298 -0.87204313278198242 0.38321602344512939 -0.56258296966552734 -0.91837602853775024 0.35108426213264465
3400.6068000048399 -0.68667668104171753 -1.0841699838638306 0.80041360855102539 -0.69653081893920898 -1.1606060266494751 0.61796450614929199 -0.91996473073959351 -1.1482844352722168 0.50384789705276489 -0.75480818748474121 -1.1197240352630615 0.28069677948951721 -0.98493552207946777 -1.0701340436935425 0.13202241063117981 -0.88018643856048584 -1.0050075054168701 0.097701847553253174 -0.70140361785888672 -1.0599102973937988 -0.20983974635601044
3490.8532000035048 -0.47310939431190491 -1.0180742740631104 1.2353353500366211 -0.48895418643951416 -1.358942985534668 0.89401209354400635 -0.65799087285995483 -1.3478597402572632 0.86197543144226074 -0.69342416524887085 -1.2713204622268677 0.51550716161727905 -0.8857421875 -1.1971317529678345 0.48357066512107849 -0.95584070682525635 -1.1208498477935791 0.23330229520797729 -0.83324319124221802 -1.103861927986145 -0.14283987879753113
3597.7628999948502 -0.67268794775009155 -1.0632442235946655 1.0955508947372437 -0.64682352542877197 -1.3010329008102417 0.67026907205581665 -0.82001769542694092 -1.3014500141143799 0.56837344169616699 -0.84392404556274414 -1.2085528373718262 0.33449643850326538 -1.0431641340255737 -1.1339305639266968 0.21350964903831482 -1.0836219787597656 -1.0921007394790649 0.046145517379045486 -0.92298430204391479 -1.1020282506942749 -0.2882123589515686
3668.3133999928832 -0.69378948211669922 -1.0930358171463013 0.87316638231277466 -0.71624791622161865 -1.2759342193603516 0.6275324821472168 -0.92217272520065308 -1.2824217081069946 0.57772386074066162 -0.75330448150634766 -1.2645680904388428 0.3176732063293457 -0.97850465774536133 -1.2288998365402222 0.24265630543231964 -0.93816614151000977 -1.1857500076293945 0.079335123300552368 -0.75718677043914795 -1.1809055805206299 -0.21334646642208099
3774.4839000031352 -0.41723254323005676 -1.0039316415786743 1.1844812631607056 -0.52449268102645874 -1.3208961486816406 0.84561049938201904 -0.67084753513336182 -1.3044298887252808 0.84126824140548706 -0.68649643659591675 -1.2310105562210083 0.56319671869277954 -0.83607041835784912 -1.1819243431091309 0.5510791540145874 -0.91483253240585327 -1.0817499160766602 0.29955342411994934 -0.82802093029022217 -1.0521200895309448 -0.060372982174158096
3774.4839000031352 -0.84216701984405518 -1.303148627281189 -0.15449224412441254 -0.92747128009796143 -1.4400272369384766 -0.19545526802539825 -1.170297384262085 -1.4048690795898438 -0.18147464096546173 -0.91541039943695068 -1.34349524974823 0.083824485540390015 -1.1474430561065674 -1.2469524145126343 0.014232903718948364 -1.0031658411026001 -1.1054842472076416 0.19525295495986938 -0.83159244060516357 -1.0945725440979004 0.38573899865150452
3863.9034999907017 -0.66208797693252563 -1.1446280479431152 0.10071397572755814 -0.73966610431671143 -1.268196702003479 -0.22127470374107361 -0.95012539625167847 -1.2674192190170288 -0.27152141928672791 -0.82630527019500732 -1.1891598701477051 -0.23503656685352325 -1.0546195507049561 -1.1308304071426392 -0.31912294030189514 -0.97022759914398193 -0.99685686826705933 -0.2116694450378418 -0.82009428739547729 -1.0318601131439209 -0.27011567354202271
3929.6881000027061 -0.63754856586456299 -1.0051360130310059 0.26081150770187378 -0.7426188588142395 -1.1478754281997681 0.10427360981702805 -0.95080024003982544 -1.1271262168884277 0.033910155296325684 -0.81374889612197876 -1.1180107593536377 0.027531597763299942 -1.0585861206054688 -1.0591491460800171 -0.091455645859241486 -1.044869065284729 -1.0251061916351318 -0.0081737348809838295 -0.92317080497741699 -1.0478633642196655 -0.017714152112603188
4116.7185999974608 -0.64298146963119507 -1.0830246210098267 1.0503449440002441 -0.87502592802047729 -1.3158913850784302 0.75942152738571167 -1.0703727006912231 -1.2800564765930176 0.7354779839515686 -1.0291843414306641 -1.3280835151672363 0.46123886108398438 -1.2695839405059814 -1.2546322345733643 0.44393384456634521 -1.3682037591934204 -1.2528395652770996 0.31499713659286499 -1.2322449684143066 -1.2395178079605103 0.098062820732593536
4348.5157999992371 -1.2445472478866577 -0.69536668062210083 0.33724027872085571 -1.0913182497024536 -0.92069250345230103 0.014970844611525536 -1.243965744972229 -0.90991717576980591 -0.06789834052324295 -1.1502399444580078 -0.876595139503479 -0.3307478129863739 -1.3359602689743042 -0.81862467527389526 -0.43328830599784851 -1.3320448398590088 -0.80318862199783325 -0.50264763832092285 -1.188709020614624 -0.77723348140716553 -0.759421706199646
4583.417000003159 -1.0605820417404175 -0.80353081226348877 1.4033392667770386 -1.0531290769577026 -1.0737968683242798 1.0318993330001831 -1.2429177761077881 -1.0623338222503662 1.0303224325180054 -1.2213014364242554 -1.0916105508804321 0.55682122707366943 -1.4451428651809692 -1.0275199413299561 0.5476190447807312 -1.5589879751205444 -1.0245034694671631 0.32683455944061279 -1.4896038770675659 -1.0264414548873901 -0.078196115791797638
