13.364799998700619 -1.0599187612533569 -1.6665195226669312 -0.78274917602539063 -0.093851961195468903 -2.3150207996368408 -0.42887067794799805 -0.056031748652458191 -2.5987238883972168 -0.48689690232276917 0.63627636432647705 -2.1833136081695557 -0.3087494969367981 0.79245549440383911 -2.4936792850494385 -0.35996896028518677 0.50915366411209106 -1.0507292747497559 -0.93126124143600464 0.3778928816318512 -0.79984754323959351 -0.88635635375976563
13.364799998700619 -1.0062803030014038 -1.5552257299423218 -0.73511195182800293 -0.099005922675132751 -2.1642608642578125 -0.40276962518692017 -0.063487343490123749 -2.4306986331939697 -0.45726451277732849 0.58668863773345947 -2.0405688285827637 -0.28995871543884277 0.73336309194564819 -2.3320465087890625 -0.33806109428405762 0.46730226278305054 -0.97691088914871216 -0.87458592653274536 0.34402972459793091 -0.74129712581634521 -0.83241385221481323
69.994800001382828 -1.0808064937591553 -1.5936768054962158 -0.61773520708084106 -0.092573195695877075 -2.191002368927002 -0.28712952136993408 -0.063532568514347076 -2.4507405757904053 -0.33684897422790527 0.6294327974319458 -2.0411162376403809 -0.14778490364551544 0.79751932621002197 -2.3161134719848633 -0.17774344980716705 0.4850713312625885 -0.93483877182006836 -0.65511655807495117 0.34519711136817932 -0.80613261461257935 -0.6169317364692688
69.994800001382828 -1.0185830593109131 -1.5173115730285645 -0.57300847768783569 -0.064783282577991486 -2.1391301155090332 -0.51960980892181396 -0.049362357705831528 -2.4186768531799316 -0.59545761346817017 0.63993585109710693 -2.0209205150604248 -0.46457991003990173 0.79068160057067871 -2.3253426551818848 -0.52645003795623779 0.48870965838432312 -0.80973875522613525 -0.81258237361907959 0.52131986618041992 -0.8957827091217041 -0.78787082433700562
130.11200001090765 -1.0995341539382935 -1.5305562019348145 -0.57894587516784668 -0.13584434986114502 -2.1588225364685059 -0.5249934196472168 -0.12026353925466537 -2.4412674903869629 -0.60162776708602905 0.57618200778961182 -2.0393869876861572 -0.46939298510551453 0.72849088907241821 -2.3469655513763428 -0.53190463781356812 0.4233877956867218 -0.81564640998840332 -0.82100391387939453 0.45633611083030701 -0.90258264541625977 -0.79603612422943115
130.11200001090765 -1.0186706781387329 -1.5652413368225098 -0.40722298622131348 -0.19576813280582428 -2.1480069160461426 -0.45271995663642883 -0.20925134420394897 -2.4281275272369385 -0.53754603862762451 0.57731258869171143 -2.0407652854919434 -0.40478974580764771 0.74829292297363281 -2.3330008983612061 -0.49974533915519714 0.43524995446205139 -0.94907659292221069 -0.6971551775932312 0.53101891279220581 -0.98507797718048096 -0.65561509132385254
202.54190000146627 -1.0120892524719238 -1.7745894193649292 -0.14213475584983826 -0.23146575689315796 -2.2499215602874756 -0.25417569279670715 -0.25396180152893066 -2.5202445983886719 -0.33634412288665771 0.70076888799667358 -2.1497807502746582 -0.21751679480075836 0.94167143106460571 -2.4422266483306885 -0.31566911935806274 0.64284884929656982 -1.4385896921157837 -0.42489248514175415 0.3386324942111969 -0.83996599912643433 -0.25012651085853577
202.54190000146627 -0.79606413841247559 -1.7697967290878296 -0.38556542992591858 -0.050610080361366272 -2.559535026550293 -0.06466655433177948 -0.04433881863951683 -2.8471078872680664 -0.061233073472976685 0.89292681217193604 -2.4292283058166504 -0.027659650892019272 1.0426263809204102 -2.7382752895355225 -0.011249817907810211 0.63447391986846924 -1.0232391357421875 -0.42368215322494507 0.69098633527755737 -0.98017829656600952 -0.40854290127754211
260.51889999955893 -0.78709769248962402 -1.2790628671646118 -0.46911126375198364 -0.078118897974491119 -1.8811366558074951 -0.079690888524055481 -0.055118560791015625 -2.0933699607849121 -0.072635598480701447 0.54478776454925537 -1.7551652193069458 -0.00074522563954815269 0.64766138792037964 -1.9903610944747925 0.025980820879340172 0.38411766290664673 -0.62434792518615723 -0.37169754505157471 0.46341291069984436 -0.79337131977081299 -0.37295836210250854
260.51889999955893 -0.90640002489089966 -1.3774371147155762 -0.51127630472183228 -0.13368965685367584 -2.0336322784423828 -0.086850151419639587 -0.10862176865339279 -2.2649438381195068 -0.079160653054714203 0.54521137475967407 -1.8963372707366943 -0.00080790015636011958 0.65733253955841064 -2.1526751518249512 0.028320606797933578 0.37009832262992859 -0.66386842727661133 -0.40510591864585876 0.45652157068252563 -0.84808576107025146 -0.40648007392883301
321.03870000690222 -0.73474240303039551 -1.403343677520752 -0.59636259078979492 -0.088355764746665955 -2.0356800556182861 -0.33437550067901611 -0.076403290033340454 -2.2646045684814453 -0.37626564502716064 0.72014248371124268 -1.9064185619354248 -0.28519397974014282 0.88217931985855103 -2.1506273746490479 -0.33240050077438354 0.45983430743217468 -0.89475452899932861 -0.65411186218261719 0.31595459580421448 -0.54882341623306274 -0.63098400831222534
321.03870000690222 -0.79625827074050903 -1.5256127119064331 -0.62853330373764038 -0.11500386893749237 -2.192058801651001 -0.35241398215293884 -0.10240665078163147 -2.4333322048187256 -0.39656379818916321 0.73710685968399048 -2.0558247566223145 -0.3005794882774353 0.90788435935974121 -2.3132069110870361 -0.35033246874809265 0.46275702118873596 -0.98958891630172729 -0.68939775228500366 0.31111600995063782 -0.62499737739562988 -0.66502231359481812
384.27050000429153 -0.76855802536010742 -1.4725397825241089 -0.60666793584823608 -0.11100311577320099 -2.1158015727996826 -0.34015423059463501 -0.098844133317470551 -2.3486814498901367 -0.38276815414428711 0.71146440505981445 -1.9843066930770874 -0.29012292623519897 0.87630093097686768 -2.2327351570129395 -0.33814510703086853 0.44665864109992981 -0.95516312122344971 -0.66541504859924316 0.30029290914535522 -0.60325503349304199 -0.64188754558563232
384.27050000429153 -0.77707314491271973 -1.3307009935379028 -0.60403990745544434 -0.16842021048069 -2.0839262008666992 -0.28741940855979919 -0.16455794870853424 -2.3203315734863281 -0.31183809041976929 0.71175068616867065 -1.9700738191604614 -0.15536694228649139 0.85717868804931641 -2.2121615409851074 -0.18501010537147522 0.48323073983192444 -0.88015574216842651 -0.53578495979309082 0.45657411217689514 -0.69773304462432861 -0.48176923394203186
439.90190000087023 -0.86501288414001465 -1.2890546321868896 -0.54189062118530273 -0.1716875284910202 -2.0501461029052734 -0.24154770374298096 -0.15134118497371674 -2.2659521102905273 -0.26708370447158813 0.57854288816452026 -1.9325330257415771 -0.15488183498382568 0.69491696357727051 -2.150193452835083 -0.17682713270187378 0.38136500120162964 -0.92398953437805176 -0.4757353663444519 0.30006018280982971 -0.511749267578125 -0.39993366599082947
439.90190000087023 -1.0754411220550537 -1.4750629663467407 -0.71735179424285889 -0.21538150310516357 -2.288644552230835 -0.57044059038162231 -0.19374465942382813 -2.5577201843261719 -0.62362557649612427 0.55535203218460083 -2.1737184524536133 -0.53827673196792603 0.68182307481765747 -2.4567108154296875 -0.60880172252655029 0.3950880765914917 -1.057004451751709 -0.83374422788619995 0.40334999561309814 -0.66937392950057983 -0.72934681177139282
496.9548000022769 -1.0386512279510498 -1.4578675031661987 -0.70096194744110107 -0.19824053347110748 -2.2528622150421143 -0.55740714073181152 -0.17709799110889435 -2.5157904624938965 -0.60937702655792236 0.55488491058349609 -2.1405618190765381 -0.52597808837890625 0.6784665584564209 -2.4170887470245361 -0.59489184617996216 0.39828228950500488 -1.0493600368499756 -0.81469529867172241 0.40635550022125244 -0.6705852746963501 -0.71268296241760254
496.9548000022769 -1.0602678060531616 -1.3759642839431763 -1.0390571355819702 -0.11672314256429672 -2.1349339485168457 -0.79905968904495239 -0.084080331027507782 -2.4082093238830566 -0.87760108709335327 0.55869346857070923 -2.0247972011566162 -0.66623711585998535 0.69845855236053467 -2.320629358291626 -0.75893175601959229 0.54782885313034058 -0.92259395122528076 -1.0401598215103149 0.41874858736991882 -0.58025443553924561 -0.85517251491546631
551.7305999994278 -1.1422652006149292 -1.4287452697753906 -0.8287317156791687 -0.17414149641990662 -2.2472131252288818 -0.30369788408279419 -0.12273296713829041 -2.4969851970672607 -0.3089243471622467 0.51456022262573242 -2.1348781585693359 -0.14053116738796234 0.63980072736740112 -2.4159085750579834 -0.15432311594486237 0.44405829906463623 -0.85055965185165405 -0.67751419544219971 0.28409156203269958 -0.57543975114822388 -0.51529192924499512
551.7305999994278 -1.1874064207077026 -1.439822793006897 -0.81215929985046387 -0.23865419626235962 -2.2419135570526123 -0.29763102531433105 -0.18827430903911591 -2.4866881370544434 -0.30275291204452515 0.43626707792282104 -2.1318264007568359 -0.13772919774055481 0.559001624584198 -2.4072339534759521 -0.15124516189098358 0.3671758770942688 -0.87320637702941895 -0.66396760940551758 0.21040992438793182 -0.6035914421081543 -0.50499123334884644
608.02549999952316 -1.1553419828414917 -1.4404525756835938 -0.79105377197265625 -0.20530079305171967 -2.1530416011810303 -0.32960471510887146 -0.14583384990692139 -2.3884091377258301 -0.34969589114189148 0.43318206071853638 -2.0552949905395508 -0.24559463560581207 0.55929321050643921 -2.3063445091247559 -0.28261861205101013 0.31688758730888367 -0.88129347562789917 -0.85029721260070801 0.19281232357025146 -0.59894466400146484 -0.71884304285049438
608.02549999952316 -1.1360088586807251 -1.5099976062774658 -0.78197312355041504 -0.18434818089008331 -2.2333071231842041 -0.25966227054595947 -0.13582803308963776 -2.4762871265411377 -0.28186383843421936 0.49209678173065186 -2.1394515037536621 -0.18023431301116943 0.62232291698455811 -2.3966631889343262 -0.23910802602767944 0.30594274401664734 -0.92360454797744751 -0.77113223075866699 0.24774721264839172 -0.64226406812667847 -0.65106648206710815
664.63490000367165 -1.1401314735412598 -1.3974775075912476 -0.98869645595550537 -0.23657029867172241 -2.1418952941894531 -0.73480516672134399 -0.20347903668880463 -2.3953497409820557 -0.79482036828994751 0.45740687847137451 -2.027064323425293 -0.59285938739776611 0.59918212890625 -2.305607795715332 -0.6793133020401001 0.33721774816513062 -0.88743710517883301 -0.99012202024459839 0.23457622528076172 -0.55911910533905029 -0.81564074754714966
664.63490000367165 -1.1008453369140625 -1.3302310705184937 -0.98097974061965942 -0.20432889461517334 -2.0688445568084717 -0.72906798124313354 -0.17149564623832703 -2.3203229904174805 -0.78861528635025024 0.48423752188682556 -1.954909086227417 -0.58822894096374512 0.62490737438201904 -2.2312808036804199 -0.67400878667831421 0.36498546600341797 -0.82416731119155884 -0.98239427804946899 0.26314422488212585 -0.49840912222862244 -0.809273362159729
727.67199999839067 -1.1749130487442017 -1.4333915710449219 -0.91446799039840698 -0.200211301445961 -2.1821897029876709 -0.51399004459381104 -0.16049851477146149 -2.445685863494873 -0.57619309425354004 0.50382310152053833 -2.0447001457214355 -0.4001019299030304 0.64599108695983887 -2.3217723369598389 -0.47752174735069275 0.39860817790031433 -0.95276212692260742 -0.917289137840271 0.29055660963058472 -0.56607657670974731 -0.77427715063095093
727.67199999839067 -1.2155276536941528 -1.5813430547714233 -0.96662205457687378 -0.18523500859737396 -2.3728480339050293 -0.54330337047576904 -0.14325724542140961 -2.6513724327087402 -0.6090540885925293 0.55895310640335083 -2.2275171279907227 -0.42291980981826782 0.70922946929931641 -2.5203917026519775 -0.50475513935089111 0.44773739576339722 -1.0733016729354858 -0.96960413455963135 0.33352324366569519 -0.66456198692321777 -0.8184356689453125
783.89030000567436 -1.154726505279541 -1.5022437572479248 -0.91827130317687988 -0.17596949636936188 -2.2541573047637939 -0.51612716913223267 -0.13609147071838379 -2.5187497138977051 -0.57858902215957642 0.53099411725997925 -2.116096019744873 -0.40176519751548767 0.67375355958938599 -2.3943207263946533 -0.47950711846351624 0.42534142732620239 -1.0196146965026855 -0.92110419273376465 0.31684032082557678 -0.63132041692733765 -0.77749723196029663
783.89030000567436 -1.1164283752441406 -1.5847659111022949 -0.82811969518661499 -0.35865527391433716 -2.2702574729919434 -0.53514128923416138 -0.35912376642227173 -2.5425567626953125 -0.62473350763320923 0.48913276195526123 -2.1828088760375977 -0.45882108807563782 0.64420640468597412 -2.4636597633361816 -0.57348668575286865 0.37757787108421326 -1.2586092948913574 -0.9706452488899231 0.322633296251297 -0.81345242261886597 -0.90526151657104492
861.18230000138283 -0.99066334962844849 -1.3901106119155884 -0.5989607572555542 -0.10333235561847687 -2.1125030517578125 -0.38421216607093811 -0.078445106744766235 -2.3496313095092773 -0.40712925791740417 0.52622699737548828 -1.9817807674407959 -0.29020237922668457 0.63609480857849121 -2.2316999435424805 -0.32575944066047668 0.35313162207603455 -0.9903862476348877 -0.51049202680587769 0.32929521799087524 -0.6230434775352478 -0.39483422040939331
863.28769999742508 -0.969157874584198 -1.5429658889770508 -0.076685063540935516 -0.22502550482749939 -2.2808301448822021 -0.53511351346969604 -0.23200620710849762 -2.5463948249816895 -0.53773039579391479 0.65155678987503052 -2.1451232433319092 -0.51061713695526123 0.79391729831695557 -2.4081518650054932 -0.50900167226791382 0.24730576574802399 -1.003277063369751 -0.12663769721984863 0.3049483597278595 -0.74148094654083252 -0.048863429576158524
920.7339000031352 -0.76945239305496216 -1.3508751392364502 -0.44256201386451721 -0.2610720694065094 -2.0371935367584229 -0.3983796238899231 -0.27772721648216248 -2.2950971126556396 -0.40752348303794861 0.57479953765869141 -1.9683845043182373 -0.42306423187255859 0.71107351779937744 -2.2380316257476807 -0.43327799439430237 0.49044689536094666 -0.77682030200958252 -0.6198388934135437 0.3414904773235321 -0.568897545337677 -0.56671291589736938
920.7339000031352 -0.95473659038543701 -1.3877248764038086 -0.49472621083259583 -0.33150508999824524 -2.0200939178466797 -0.33261004090309143 -0.35561865568161011 -2.287778377532959 -0.34543329477310181 0.47407317161560059 -1.9971585273742676 -0.39397591352462769 0.58376932144165039 -2.2921509742736816 -0.42758789658546448 0.4193878173828125 -0.73134720325469971 -0.80362391471862793 0.33425772190093994 -0.60417592525482178 -0.7746928334236145
979.44820000976324 -0.83334976434707642 -1.2453460693359375 -0.46362420916557312 -0.2493070513010025 -1.8379517793655396 -0.31170192360877991 -0.27190428972244263 -2.0888042449951172 -0.3237188458442688 0.50561654567718506 -1.8164584636688232 -0.36920911073684692 0.60841500759124756 -2.0929017066955566 -0.40070757269859314 0.45436981320381165 -0.63024139404296875 -0.75309848785400391 0.37459269165992737 -0.51106661558151245 -0.72598659992218018
979.44820000976324 -0.94322717189788818 -1.3626095056533813 -0.28439041972160339 -0.24477982521057129 -1.9964684247970581 -0.14561349153518677 -0.26649853587150574 -2.2416925430297852 -0.10806536674499512 0.50296628475189209 -1.891907811164856 -0.1171606034040451 0.60384571552276611 -2.1533594131469727 -0.071821101009845734 0.43722856044769287 -0.77538907527923584 -0.29345116019248962 0.40537291765213013 -0.70138812065124512 -0.22608804702758789
1038.1002000048757 -1.0719596147537231 -1.4579983949661255 -0.4370160698890686 -0.24749675393104553 -2.0837030410766602 -0.18928863108158112 -0.25570878386497498 -2.3552727699279785 -0.19043540954589844 0.5351073145866394 -2.0072677135467529 -0.25472360849380493 0.62352645397186279 -2.3095359802246094 -0.26968038082122803 0.38076534867286682 -0.73794573545455933 -0.60774213075637817 0.42192962765693665 -0.67074626684188843 -0.63706427812576294
1038.1002000048757 -0.91271966695785522 -1.3528883457183838 -0.40663960576057434 -0.14558212459087372 -1.9350874423980713 -0.17613683640956879 -0.15322317183017731 -2.1877744197845459 -0.17720387876033783 0.58260703086853027 -1.8639664649963379 -0.23702208697795868 0.66487836837768555 -2.1452178955078125 -0.25093886256217957 0.43899652361869812 -0.68290132284164429 -0.5654950737953186 0.47729864716529846 -0.62037432193756104 -0.59277838468551636
1108.5367999970913 -1.0726840496063232 -1.3065358400344849 -0.67771035432815552 -0.22642526030540466 -1.9355385303497314 -0.39561858773231506 -0.23175936937332153 -2.2063894271850586 -0.41570731997489929 0.43847504258155823 -1.8738625049591064 -0.38894599676132202 0.49903199076652527 -2.1431722640991211 -0.44488373398780823 0.34236830472946167 -0.62244218587875366 -0.7434355616569519 0.37314063310623169 -0.51915419101715088 -0.70506799221038818
1108.5367999970913 -1.1793465614318848 -1.3022912740707397 -0.20401015877723694 -0.3077298104763031 -2.0060768127441406 0.058869827538728714 -0.28738942742347717 -2.249744176864624 0.06841084361076355 0.36074861884117126 -1.9684592485427856 0.047188896685838699 0.45293718576431274 -2.2437727451324463 0.096741363406181335 0.30729299783706665 -0.60431671142578125 -0.32881399989128113 0.3188169002532959 -0.79986196756362915 -0.39742457866668701
1164.2295000106096 -1.088639497756958 -1.3093390464782715 -0.48858350515365601 -0.36116820573806763 -2.0626840591430664 -0.11885564029216766 -0.36547207832336426 -2.3355081081390381 -0.10935185849666595 0.40276280045509338 -2.0351252555847168 -0.11582369357347488 0.51110577583312988 -2.3202812671661377 -0.083954878151416779 0.42842391133308411 -0.81697851419448853 -0.65726208686828613 0.29373544454574585 -0.66027891635894775 -0.66369235515594482
1164.2295000106096 -1.0361305475234985 -1.3201320171356201 -0.48199969530105591 -0.31847706437110901 -2.0633096694946289 -0.11726163327693939 -0.32272288203239441 -2.3324520587921143 -0.10788611322641373 0.43514400720596313 -2.0361232757568359 -0.11427061259746552 0.54202473163604736 -2.3174307346343994 -0.082831889390945435 0.46045878529548645 -0.83441627025604248 -0.64840179681777954 0.32758805155754089 -0.67983156442642212 -0.65474528074264526
1222.3660000041127 -1.1551774740219116 -1.2789862155914307 -0.58116263151168823 -0.32172313332557678 -2.0653753280639648 -0.091177605092525482 -0.31088992953300476 -2.3329832553863525 -0.066586978733539581 0.35385283827781677 -2.0088016986846924 -0.031019333750009537 0.45089066028594971 -2.2971079349517822 0.036013789474964142 0.44756481051445007 -0.81829339265823364 -0.60083627700805664 0.26413646340370178 -0.73176461458206177 -0.60022521018981934
1222.3660000041127 -1.1707445383071899 -1.3094829320907593 -0.61987751722335815 -0.33582380414009094 -2.1007533073425293 -0.24060343205928802 -0.35133495926856995 -2.3742575645446777 -0.23019565641880035 0.4124847948551178 -2.018404483795166 -0.18717063963413239 0.49762466549873352 -2.3182590007781982 -0.16880698502063751 0.37868791818618774 -0.73255610466003418 -0.65138065814971924 0.31992173194885254 -0.74386310577392578 -0.66339641809463501
1291.391100011766 -1.1205220222473145 -1.2822339534759521 -0.2564300000667572 -0.20878152549266815 -2.0514466762542725 0.070581458508968353 -0.18749929964542389 -2.2984659671783447 0.093146324157714844 0.42121273279190063 -1.9731658697128296 0.061530128121376038 0.5038108229637146 -2.2457983493804932 0.11581329256296158 0.39472252130508423 -0.67118293046951294 -0.38216596841812134 0.32008752226829529 -0.68948984146118164 -0.46630886197090149
1291.391100011766 -1.0551165342330933 -1.3048231601715088 -0.39585191011428833 -0.19489340484142303 -2.0566518306732178 -0.04627787321805954 -0.17714011669158936 -2.3087716102600098 -0.023255430161952972 0.49434563517570496 -1.9702321290969849 -0.051293272525072098 0.59664106369018555 -2.2420139312744141 0.0076489392668008804 0.50757515430450439 -0.77500659227371216 -0.53809505701065063 0.29621681571006775 -0.55819690227508545 -0.5469023585319519
1352.033900000155 -1.035231351852417 -1.3285286426544189 -0.40020528435707092 -0.16556335985660553 -2.0886120796203613 -0.046793118119239807 -0.14761513471603394 -2.3434998989105225 -0.023517902940511703 0.53124314546585083 -2.0012431144714355 -0.051863584667444229 0.63466167449951172 -2.2760088443756104 0.0077257775701582432 0.54461789131164551 -0.79289501905441284 -0.54401010274887085 0.33093899488449097 -0.57370483875274658 -0.55291420221328735
1352.033900000155 -1.0826126337051392 -1.3417813777923584 -0.52645003795623779 -0.22051183879375458 -2.0853855609893799 -0.24399520456790924 -0.21363754570484161 -2.3483099937438965 -0.2409932017326355 0.51868712902069092 -1.9850594997406006 -0.22906225919723511 0.62326180934906006 -2.2678747177124023 -0.20805130898952484 0.44810763001441956 -0.65934473276138306 -0.67046064138412476 0.42663764953613281 -0.81794404983520508 -0.6942521333694458
1410.2059000059962 -1.0384887456893921 -1.3092628717422485 -0.34884214401245117 -0.25760561227798462 -2.0118553638458252 0.076334930956363678 -0.26596072316169739 -2.2786872386932373 0.12326576560735703 0.51813441514968872 -1.9763935804367065 0.075017787516117096 0.60730940103530884 -2.2399730682373047 0.13444380462169647 0.50998413562774658 -0.73280304670333862 -0.44612717628479004 0.33943003416061401 -0.53597092628479004 -0.49219489097595215
1410.2059000059962 -1.0304853916168213 -1.2651667594909668 -0.33816161751747131 -0.27351003885269165 -1.9462486505508423 0.073998101055622101 -0.28160932660102844 -2.2049107551574707 0.11949209123849869 0.47847971320152283 -1.9118726253509521 0.072721280157566071 0.56492453813552856 -2.1673820018768311 0.13032791018486023 0.47057899832725525 -0.70635604858398438 -0.43246814608573914 0.30524662137031555 -0.51555019617080688 -0.47712546586990356
1470.4914000034332 -1.0811588764190674 -1.3408830165863037 -0.40164342522621155 -0.25035008788108826 -2.0256996154785156 0.081512466073036194 -0.2489265501499176 -2.2772905826568604 0.13033133745193481 0.43743628263473511 -1.9338212013244629 0.099078528583049774 0.53729242086410522 -2.191342830657959 0.16470932960510254 0.42037275433540344 -0.78812688589096069 -0.41824373602867126 0.25392758846282959 -0.58664602041244507 -0.43911346793174744
1470.4914000034332 -1.1272985935211182 -1.3678349256515503 -0.41405272483825684 -0.32407248020172119 -2.0639331340789795 -0.040254432708024979 -0.35230913758277893 -2.3436837196350098 -0.0063951443880796432 0.41516414284706116 -2.001945972442627 -0.04943486675620079 0.50210440158843994 -2.2757298946380615 -0.035253610461950302 0.4121394157409668 -0.74349671602249146 -0.47129732370376587 0.33831709623336792 -0.66013640165328979 -0.46312636137008667
1542.0922000110149 -1.0631948709487915 -1.3472387790679932 -0.51084578037261963 -0.26465678215026855 -2.0382440090179443 -0.47026291489601135 -0.24780653417110443 -2.3033125400543213 -0.52562153339385986 0.37473183870315552 -1.9396899938583374 -0.57045215368270874 0.47719037532806396 -2.2279207706451416 -0.61641895771026611 0.37610256671905518 -0.73593729734420776 -0.90905463695526123 0.31410175561904907 -0.60546427965164185 -0.88376808166503906
1542.0922000110149 -1.0269839763641357 -1.3745481967926025 -0.48268988728523254 -0.13104966282844543 -2.0738496780395508 -0.28753283619880676 -0.1024663895368576 -2.3293976783752441 -0.30786404013633728 0.51656436920166016 -1.9978245496749878 -0.33388537168502808 0.62109893560409546 -2.2849175930023193 -0.33870711922645569 0.42858031392097473 -0.73239040374755859 -0.72264164686203003 0.35581964254379272 -0.58568495512008667 -0.70616543292999268
1601.1577000021935 -1.0138814449310303 -1.3201409578323364 -0.47453194856643677 -0.13308727741241455 -2.0076251029968262 -0.28267279267311096 -0.1049870103597641 -2.2588546276092529 -0.30266043543815613 0.50358301401138306 -1.9328845739364624 -0.32824200391769409 0.60635101795196533 -2.2151262760162354 -0.33298227190971375 0.41708573698997498 -0.68883466720581055 -0.71042883396148682 0.34555459022521973 -0.54460835456848145 -0.69423109292984009
1603.2783000022173 -1.0473271608352661 -1.3571597337722778 -0.4672028124332428 -0.18166008591651917 -2.0780935287475586 -0.24141512811183929 -0.17212812602519989 -2.3231136798858643 -0.2499738484621048 0.48889544606208801 -1.9906724691390991 -0.25492390990257263 0.55686014890670776 -2.268878698348999 -0.23430196940898895 0.39325639605522156 -0.67930203676223755 -0.66440629959106445 0.36674201488494873 -0.66148877143859863 -0.67783612012863159
1660.0345000103116 -1.0017600059509277 -1.3394618034362793 -0.44571080803871155 -0.28565764427185059 -2.0205070972442627 -0.15143793821334839 -0.28058543801307678 -2.2736399173736572 -0.14872035384178162 0.3872656524181366 -1.9578629732131958 -0.15103787183761597 0.4377714991569519 -2.2319016456604004 -0.1060214564204216 0.38864019513130188 -0.72549647092819214 -0.57962912321090698 0.30620291829109192 -0.59408277273178101 -0.59320849180221558
1660.0345000103116 -1.0656298398971558 -1.3334282636642456 -0.34644868969917297 -0.21286402642726898 -2.0417282581329346 -0.16162317991256714 -0.19539934396743774 -2.2901298999786377 -0.17905740439891815 0.47053250670433044 -1.9717181921005249 -0.22017517685890198 0.58294326066970825 -2.2383809089660645 -0.24047353863716125 0.35895201563835144 -0.74993795156478882 -0.5425904393196106 0.30976614356040955 -0.48715844750404358 -0.51862597465515137
1719.316800005734 -1.0699954032897949 -1.3842471837997437 -0.36154541373252869 -0.1800696849822998 -2.1234114170074463 -0.16866600513458252 -0.16184395551681519 -2.3826377391815186 -0.18685993552207947 0.53310632705688477 -2.0503509044647217 -0.22976943850517273 0.65041548013687134 -2.3286335468292236 -0.2509523332118988 0.41666367650032043 -0.77533066272735596 -0.56623423099517822 0.36533445119857788 -0.50110036134719849 -0.54122549295425415
1719.316800005734 -1.0426238775253296 -1.3892834186553955 -0.42146468162536621 -0.22708772122859955 -2.1675570011138916 -0.084088250994682312 -0.21524776518344879 -2.4410929679870605 -0.082248233258724213 0.49044448137283325 -2.0996763706207275 -0.1056380420923233 0.58224499225616455 -2.3936402797698975 -0.071822546422481537 0.47871652245521545 -0.82227426767349243 -0.61667090654373169 0.30737271904945374 -0.53700548410415649 -0.6437690258026123
1779.0589000061154 -1.0059549808502197 -1.3676306009292603 -0.44203931093215942 -0.22964178025722504 -2.0913627147674561 -0.29565086960792542 -0.23688685894012451 -2.3553783893585205 -0.32124879956245422 0.48387771844863892 -2.0218396186828613 -0.36718001961708069 0.56441199779510498 -2.3096733093261719 -0.38505348563194275 0.43711748719215393 -0.74302661418914795 -0.73253375291824341 0.38239434361457825 -0.53969484567642212 -0.71680241823196411
1779.0589000061154 -0.97776567935943604 -1.3124184608459473 -0.42983892560005188 -0.2228778749704361 -2.0161762237548828 -0.28749066591262817 -0.22992300987243652 -2.2729055881500244 -0.31238210201263428 0.47094929218292236 -1.9485719203948975 -0.35704568028450012 0.54926085472106934 -2.228461742401123 -0.37442582845687866 0.42547956109046936 -0.70505285263061523 -0.71231597661972046 0.3722667396068573 -0.50733280181884766 -0.69701880216598511
1839.3839000016451 -0.97576808929443359 -1.3250918388366699 -0.53941553831100464 -0.12102936953306198 -2.0480606555938721 -0.29674646258354187 -0.095269404351711273 -2.3096234798431396 -0.3269212543964386 0.51957798004150391 -1.9655287265777588 -0.31827357411384583 0.62591534852981567 -2.2484433650970459 -0.33104053139686584 0.45428553223609924 -0.73805469274520874 -0.72902137041091919 0.35154885053634644 -0.51415842771530151 -0.72244870662689209
1839.3839000016451 -0.91450095176696777 -1.372677206993103 -0.38340523838996887 -0.047459118068218231 -2.0597903728485107 -0.26025480031967163 -0.022558288648724556 -2.3144924640655518 -0.28448453545570374 0.55998045206069946 -1.9961662292480469 -0.31839793920516968 0.64755105972290039 -2.2820889949798584 -0.31609559059143066 0.50544679164886475 -0.7391161322593689 -0.68455952405929565 0.44986826181411743 -0.64639794826507568 -0.66744673252105713
1895.1022000014782 -0.93273907899856567 -1.2971388101577759 -0.53552454710006714 -0.31590336561203003 -2.0548689365386963 -0.37576207518577576 -0.33370202779769897 -2.3245036602020264 -0.4205300509929657 0.36896529793739319 -2.0157289505004883 -0.42721426486968994 0.43613722920417786 -2.2877676486968994 -0.44542244076728821 0.45355784893035889 -0.80922812223434448 -0.82593607902526855 0.37953180074691772 -0.68162626028060913 -0.78796118497848511
1895.1022000014782 -0.99974340200424194 -1.2634623050689697 -0.52633434534072876 -0.39349246025085449 -2.0081899166107178 -0.36931332945823669 -0.41098570823669434 -2.2731978893280029 -0.4133131206035614 0.27962401509284973 -1.9697214365005493 -0.41988259553909302 0.3456433117389679 -2.2370920181274414 -0.43777835369110107 0.36276498436927795 -0.78392404317855835 -0.81176245212554932 0.29000923037528992 -0.65851175785064697 -0.77443921566009521
1954.018700003624 -1.0758266448974609 -1.2788488864898682 -0.42479246854782104 -0.20002436637878418 -2.0371654033660889 -0.35650566220283508 -0.18452194333076477 -2.2830860614776611 -0.3893406093120575 0.43693968653678894 -1.9470565319061279 -0.46510916948318481 0.5343964695930481 -2.2208118438720703 -0.49541482329368591 0.32661309838294983 -0.71010220050811768 -0.75074338912963867 0.28939354419708252 -0.53178930282592773 -0.70801454782485962
1954.018700003624 -1.1107598543167114 -1.2683519124984741 -0.6249537467956543 -0.15280674397945404 -2.1233112812042236 -0.50025153160095215 -0.12483951449394226 -2.3686058521270752 -0.52512365579605103 0.50808447599411011 -2.0200669765472412 -0.51289623975753784 0.60528194904327393 -2.3107984066009521 -0.51879119873046875 0.37678202986717224 -0.61603176593780518 -0.89852261543273926 0.41830736398696899 -0.78992503881454468 -0.87343639135360718
2012.5043999999762 -1.0780657529830933 -1.1925716400146484 -0.59571760892868042 -0.16493239998817444 -2.0075302124023438 -0.47684985399246216 -0.138273686170578 -2.2413480281829834 -0.50055831670761108 0.46503767371177673 -1.9091161489486694 -0.48890295624732971 0.55768752098083496 -2.1862452030181885 -0.49452212452888489 0.33987841010093689 -0.57077163457870483 -0.856486976146698 0.3794609010219574 -0.73652899265289307 -0.83257448673248291
2012.5043999999762 -1.0008883476257324 -1.2190102338790894 -0.55245649814605713 -0.16192780435085297 -2.0253283977508545 -0.22482074797153473 -0.13477650284767151 -2.2586207389831543 -0.20562569797039032 0.44346460700035095 -1.9642030000686646 -0.1625903993844986 0.50766879320144653 -2.2350831031799316 -0.095911659300327301 0.50428849458694458 -0.74229323863983154 -0.62426018714904785 0.33182713389396667 -0.67126846313476563 -0.56476962566375732
2072.70189999789 -1.0137686729431152 -1.2530661821365356 -0.65398448705673218 -0.12739121913909912 -2.0944559574127197 -0.35963505506515503 -0.076622754335403442 -2.3414747714996338 -0.38686305284500122 0.47286689281463623 -1.9875684976577759 -0.32258376479148865 0.56245332956314087 -2.2421531677246094 -0.34766939282417297 0.40242317318916321 -0.85221564769744873 -0.7708669900894165 0.34558713436126709 -0.51989787817001343 -0.68921965360641479
2072.70189999789 -1.0909714698791504 -1.3227832317352295 -0.76229983568191528 -0.21462082862854004 -2.2410271167755127 -0.42384788393974304 -0.17651553452014923 -2.5077784061431885 -0.44334495067596436 0.4974055290222168 -2.1411876678466797 -0.32290959358215332 0.59615516662597656 -2.4168548583984375 -0.32941660284996033 0.45207265019416809 -0.92952495813369751 -0.7864990234375 0.32201841473579407 -0.57782208919525146 -0.66975289583206177
2130.2318000048399 -1.1323026418685913 -1.3119492530822754 -0.74111694097518921 -0.28031039237976074 -2.2046704292297363 -0.41207227110862732 -0.24326424300670624 -2.4640071392059326 -0.43102741241455078 0.41192507743835449 -2.1076059341430664 -0.31393957138061523 0.50792998075485229 -2.3756113052368164 -0.32026574015617371 0.36785224080085754 -0.92962163686752319 -0.76464349031448364 0.24141286313533783 -0.58769440650939941 -0.65114229917526245
2130.2318000048399 -1.094208836555481 -1.2370506525039673 -0.57636070251464844 -0.25556796789169312 -2.1010458469390869 -0.30450522899627686 -0.21423064172267914 -2.3503425121307373 -0.33171084523200989 0.4347744882106781 -2.0768530368804932 -0.23156720399856567 0.52829813957214355 -2.3391945362091064 -0.24154575169086456 0.37606021761894226 -0.92541491985321045 -0.6666523814201355 0.30916661024093628 -0.57031124830245972 -0.58496230840682983
2191.776200003922 -1.1602951288223267 -1.1947686672210693 -0.54988795518875122 -0.28619822859764099 -2.0926263332366943 -0.33356261253356934 -0.26092281937599182 -2.3285665512084961 -0.35580796003341675 0.40936842560768127 -2.0200307369232178 -0.26809924840927124 0.51633590459823608 -2.2710154056549072 -0.28385359048843384 0.30145987868309021 -0.89737963676452637 -0.54713422060012817 0.22736790776252747 -0.54058200120925903 -0.43067893385887146
2191.776200003922 -1.2151665687561035 -1.1996457576751709 -0.69029957056045532 -0.27999415993690491 -2.1129593849182129 -0.65959650278091431 -0.27368336915969849 -2.3753349781036377 -0.7128872275352478 0.43988034129142761 -2.064497709274292 -0.61207795143127441 0.53220301866531372 -2.3601951599121094 -0.66670799255371094 0.37274637818336487 -0.7469710111618042 -0.80272293090820313 0.40996706485748291 -0.66557091474533081 -0.64928585290908813
2250.4230000078678 -1.2939705848693848 -1.1467456817626953 -0.68064802885055542 -0.37188071012496948 -2.0472826957702637 -0.65037441253662109 -0.36565816402435303 -2.305988073348999 -0.70291966199874878 0.33792319893836975 -1.9994988441467285 -0.60352063179016113 0.4289543628692627 -2.2910599708557129 -0.6573864221572876 0.27172839641571045 -0.70040363073348999 -0.79149860143661499 0.30842840671539307 -0.62014222145080566 -0.64020800590515137
2250.4230000078678 -1.2724021673202515 -1.1632570028305054 -0.54627066850662231 -0.30842369794845581 -2.0855305194854736 -0.44168254733085632 -0.28598901629447937 -2.3084480762481689 -0.47390049695968628 0.43074649572372437 -2.054309606552124 -0.37427142262458801 0.56580734252929688 -2.3366200923919678 -0.40651878714561462 0.21369652450084686 -0.75458294153213501 -0.60754811763763428 0.23409709334373474 -0.60189342498779297 -0.49994704127311707
2307.0181000083685 -1.2947185039520264 -1.1695208549499512 -0.4447915256023407 -0.26538512110710144 -2.0560662746429443 -0.32752114534378052 -0.24277356266975403 -2.281773567199707 -0.36489060521125793 0.42074877023696899 -2.0194947719573975 -0.27647820115089417 0.5556226372718811 -2.2852208614349365 -0.32408469915390015 0.28687018156051636 -0.87113058567047119 -0.53108543157577515 0.25082799792289734 -0.56540179252624512 -0.41867533326148987
2307.0181000083685 -1.2998529672622681 -1.1926493644714355 -0.45877587795257568 -0.23816075921058655 -2.1070644855499268 -0.33781889081001282 -0.21483837068080902 -2.3398673534393311 -0.3763631284236908 0.46954283118247986 -2.0693435668945313 -0.28517132997512817 0.60865664482116699 -2.3434231281280518 -0.33427444100379944 0.33145555853843689 -0.88487869501113892 -0.5477825403213501 0.29428032040596008 -0.56953883171081543 -0.43183866143226624
2365.6715999990702 -1.3151456117630005 -1.2066807746887207 -0.46417331695556641 -0.24096269905567169 -2.1318538188934326 -0.34179329872131348 -0.21736592054367065 -2.3673956394195557 -0.38079100847244263 0.47506695985794067 -2.0936892032623291 -0.28852635622024536 0.61581742763519287 -2.3709931373596191 -0.33820712566375732 0.33535510301589966 -0.89528918266296387 -0.55422717332839966 0.29774251580238342 -0.57623940706253052 -0.43691918253898621
2365.6715999990702 -1.319547176361084 -1.2195405960083008 -0.38723376393318176 -0.26975753903388977 -2.1363842487335205 -0.49569699168205261 -0.26380649209022522 -2.3770208358764648 -0.53387188911437988 0.44076097011566162 -2.0650098323822021 -0.4368838369846344 0.59264451265335083 -2.3464438915252686 -0.4902680516242981 0.1910124272108078 -0.97720813751220703 -0.55593514442443848 0.16433240473270416 -0.68614637851715088 -0.4269624650478363
2432.991500005126 -1.3330068588256836 -1.3052419424057007 -0.40715843439102173 -0.22919116914272308 -2.2692697048187256 -0.52120357751846313 -0.22293387353420258 -2.5222902297973633 -0.56134307384490967 0.51789325475692749 -2.1942222118377686 -0.45936369895935059 0.67759329080581665 -2.4901397228240967 -0.51549524068832397 0.25529173016548157 -1.0504381656646729 -0.58454179763793945 0.22723864018917084 -0.74439716339111328 -0.44893169403076172
2432.991500005126 -1.2999430894851685 -1.2356867790222168 -0.6214713454246521 -0.23843517899513245 -2.1859445571899414 -0.68982154130935669 -0.23613801598548889 -2.4400813579559326 -0.75994628667831421 0.57872897386550903 -2.135033130645752 -0.63364267349243164 0.74742972850799561 -2.4340574741363525 -0.73116379976272583 0.36565572023391724 -0.93020337820053101 -0.79849135875701904 0.323020339012146 -0.55601257085800171 -0.64616763591766357
2492.5517000034451 -1.2983769178390503 -1.1833121776580811 -0.7742685079574585 -0.24164217710494995 -2.1050570011138916 -0.85275536775588989 -0.22418785095214844 -2.386375904083252 -0.95322978496551514 0.44929045438766479 -2.0322690010070801 -0.83149552345275879 0.58205097913742065 -2.3420042991638184 -0.96522915363311768 0.31428277492523193 -0.81774306297302246 -0.95203471183776855 0.41407236456871033 -0.65495461225509644 -0.84101992845535278
2492.5517000034451 -1.3259408473968506 -1.2047029733657837 -0.46692466735839844 -0.23986056447029114 -2.1407501697540283 -0.41759571433067322 -0.21990375220775604 -2.3830776214599609 -0.47355517745018005 0.49441015720367432 -2.0872492790222168 -0.35283762216567993 0.60595685243606567 -2.3739984035491943 -0.40424630045890808 0.33882814645767212 -0.78016030788421631 -0.62449932098388672 0.3954872190952301 -0.62376421689987183 -0.52875429391860962
2549.5739000067115 -1.3471106290817261 -1.2031772136688232 -0.4408753514289856 -0.29921412467956543 -2.1063830852508545 -0.409049391746521 -0.26771339774131775 -2.3543930053710938 -0.46991530060768127 0.4310263991355896 -2.0622735023498535 -0.38662388920783997 0.55616599321365356 -2.3550345897674561 -0.44874250888824463 0.29491105675697327 -0.83317631483078003 -0.71776843070983887 0.34459593892097473 -0.641990065574646 -0.64746314287185669
2549.5739000067115 -1.4173520803451538 -1.2880425453186035 -0.46212548017501831 -0.31893441081047058 -2.2347939014434814 -0.42876511812210083 -0.28591489791870117 -2.4947607517242432 -0.49256551265716553 0.44651266932487488 -2.1885578632354736 -0.40525844693183899 0.57768559455871582 -2.4954333305358887 -0.47037193179130554 0.30383488535881042 -0.90020304918289185 -0.75236815214157104 0.35591518878936768 -0.69979935884475708 -0.67867332696914673
2604.4330000057817 -1.3201849460601807 -1.258670449256897 -0.48322752118110657 -0.39512556791305542 -2.1345000267028809 -0.54799169301986694 -0.38821950554847717 -2.390838623046875 -0.64561748504638672 0.40100470185279846 -2.1119275093078613 -0.55787384510040283 0.53288048505783081 -2.4214327335357666 -0.65079784393310547 0.25995424389839172 -0.8237876296043396 -0.79096031188964844 0.40101432800292969 -0.86259382963180542 -0.71320414543151855
2604.4330000057817 -1.3445543050765991 -1.3037247657775879 -0.74247336387634277 -0.33952188491821289 -2.1982498168945313 -0.83579099178314209 -0.32433056831359863 -2.4676856994628906 -0.95417916774749756 0.4815695583820343 -2.1149780750274658 -0.80746215581893921 0.63026750087738037 -2.4227559566497803 -0.93657541275024414 0.27893272042274475 -0.74171406030654907 -0.92597091197967529 0.47574937343597412 -0.78501582145690918 -0.81260299682617188
2661.6494999974966 -1.2334736585617065 -1.2064357995986938 -0.71181124448776245 -0.26994681358337402 -2.0640189647674561 -0.80127507448196411 -0.25538286566734314 -2.3223278522491455 -0.91477406024932861 0.51723545789718628 -1.984186053276062 -0.7741161584854126 0.65979254245758057 -2.2792537212371826 -0.89789730310440063 0.3229670524597168 -0.66763472557067871 -0.88773077726364136 0.51165568828582764 -0.7091483473777771 -0.77904468774795532
2661.6494999974966 -1.3381232023239136 -1.3009583950042725 -0.35269558429718018 -0.34095776081085205 -2.0524840354919434 -0.48201572895050049 -0.3639657199382782 -2.32037353515625 -0.5475313663482666 0.41844668984413147 -2.046522855758667 -0.34123492240905762 0.5388825535774231 -2.3121342658996582 -0.37418857216835022 0.57524955272674561 -1.4483684301376343 -0.3331429660320282 0.23139908909797668 -0.82623827457427979 -0.044778581708669662
2719.5209999978542 -1.2735339403152466 -1.3260836601257324 -0.63911163806915283 -0.40270274877548218 -2.1453030109405518 -0.66072511672973633 -0.39641517400741577 -2.4296808242797852 -0.77201366424560547 0.47717276215553284 -2.0667109489440918 -0.69188922643661499 0.63723284006118774 -2.3843028545379639 -0.82367581129074097 0.4463864266872406 -0.89366531372070313 -0.99393439292907715 0.38865447044372559 -0.58065634965896606 -0.84573066234588623
2719.5209999978542 -1.2954803705215454 -1.4339642524719238 -0.65940439701080322 -0.39700347185134888 -2.2791907787322998 -0.68170404434204102 -0.39051628112792969 -2.5725967884063721 -0.79652559757232666 0.51080495119094849 -2.1981039047241211 -0.71385747194290161 0.67594635486602783 -2.52577805519104 -0.84982782602310181 0.47904124855995178 -0.98781818151473999 -1.02549147605896 0.41947653889656067 -0.66487228870391846 -0.87258279323577881
2776.2888000011444 -1.2365611791610718 -1.3687466382980347 -0.62941426038742065 -0.37894749641418457 -2.1755318641662598 -0.6506996750831604 -0.37275534868240356 -2.4555933475494385 -0.76029908657073975 0.48757320642471313 -2.0981326103210449 -0.68139082193374634 0.64520388841629028 -2.4109041690826416 -0.81117713451385498 0.45725414156913757 -0.94289153814315796 -0.97885149717330933 0.40039846301078796 -0.63463348150253296 -0.83289718627929688
2776.2888000011444 -1.3067613840103149 -1.2969834804534912 -0.37744030356407166 -0.34765329957008362 -2.2208466529846191 -0.23529942333698273 -0.30971401929855347 -2.4670736789703369 -0.24939100444316864 0.45707714557647705 -2.151519775390625 -0.13146914541721344 0.58466178178787231 -2.4209771156311035 -0.11271658539772034 0.49569034576416016 -0.90317785739898682 -0.340168297290802 0.33612066507339478 -0.60342139005661011 -0.15239119529724121
2833.5593000054359 -1.2663389444351196 -1.2336524724960327 -0.64531415700912476 -0.33932492136955261 -2.1099715232849121 -0.77720564603805542 -0.32217508554458618 -2.3896133899688721 -0.87478524446487427 0.43060436844825745 -2.0359244346618652 -0.75930708646774292 0.58048313856124878 -2.3472089767456055 -0.87760645151138306 0.37814080715179443 -0.68893367052078247 -0.84409171342849731 0.41231802105903625 -0.65204423666000366 -0.66545003652572632
2833.5593000054359 -1.227041482925415 -1.2483620643615723 -0.6490209698677063 -0.29470005631446838 -2.1297171115875244 -0.78167039155960083 -0.27745169401168823 -2.410966157913208 -0.87981081008911133 0.47965395450592041 -2.0552446842193604 -0.76366901397705078 0.63039404153823853 -2.3683178424835205 -0.88264822959899902 0.4268888533115387 -0.70051288604736328 -0.84894084930419922 0.46126249432563782 -0.66341137886047363 -0.66927260160446167
2893.1106999963522 -1.2888574600219727 -1.1538482904434204 -0.5738365650177002 -0.27026250958442688 -2.1617136001586914 -0.76356285810470581 -0.254864901304245 -2.436511754989624 -0.84060364961624146 0.47674387693405151 -2.0879027843475342 -0.67381495237350464 0.61636537313461304 -2.3878941535949707 -0.74657481908798218 0.42593926191329956 -0.75093221664428711 -0.58078348636627197 0.38035997748374939 -0.69912135601043701 -0.36325034499168396
2893.1106999963522 -1.3076359033584595 -1.2656731605529785 -0.5979999303817749 -0.20793913304805756 -2.2561829090118408 -0.91503655910491943 -0.18250136077404022 -2.5664448738098145 -1.0010272264480591 0.5340583324432373 -2.1442663669586182 -0.72475051879882813 0.6857759952545166 -2.4458701610565186 -0.80775696039199829 0.37956234812736511 -0.91097760200500488 -0.46312686800956726 0.3157421350479126 -0.69762146472930908 -0.19427169859409332
2947.226300008595 -1.2112538814544678 -1.1885240077972412 -0.57337349653244019 -0.15684844553470612 -2.1382393836975098 -0.87735289335250854 -0.13245832920074463 -2.4357230663299561 -0.95980203151702881 0.55458968877792358 -2.0309324264526367 -0.69490379095077515 0.70005881786346436 -2.3201146125793457 -0.77449160814285278 0.40645667910575867 -0.84843671321868896 -0.4440552294254303 0.34526491165161133 -0.64386767148971558 -0.18627288937568665
2947.226300008595 -1.3232388496398926 -1.1498035192489624 -0.53969234228134155 -0.23395410180091858 -2.1542332172393799 -0.73026281595230103 -0.21101610362529755 -2.4269719123840332 -0.80139553546905518 0.54848223924636841 -2.0958211421966553 -0.6263653039932251 0.70592999458312988 -2.3967294692993164 -0.69386547803878784 0.35782808065414429 -0.76714211702346802 -0.53215253353118896 0.45294675230979919 -0.84401965141296387 -0.34711414575576782
3008.8646000027657 -1.2768323421478271 -1.10362708568573 -0.60434442758560181 -0.2587447464466095 -2.0272185802459717 -0.73881995677947998 -0.21555967628955841 -2.296008825302124 -0.81013935804367065 0.51053512096405029 -1.9474618434906006 -0.66193902492523193 0.68679618835449219 -2.225816011428833 -0.74999558925628662 0.42518118023872375 -0.82182168960571289 -0.68684554100036621 0.33680671453475952 -0.48367917537689209 -0.45589175820350647
3008.8646000027657 -1.3284820318222046 -1.2051740884780884 -0.65250802040100098 -0.229265958070755 -2.2023639678955078 -0.79769951105117798 -0.18263956904411316 -2.4925734996795654 -0.87470221519470215 0.60131573677062988 -2.1162517070770264 -0.71469217538833618 0.79162240028381348 -2.4167869091033936 -0.80976575613021851 0.50916010141372681 -0.90091240406036377 -0.74158340692520142 0.41374337673187256 -0.5358242392539978 -0.49222555756568909
3064.7285000011325 -1.3427771329879761 -1.2416259050369263 -0.35994362831115723 -0.19810298085212708 -2.2476229667663574 -0.64964300394058228 -0.17356769740581512 -2.5249412059783936 -0.71021735668182373 0.51170891523361206 -2.1458888053894043 -0.55699259042739868 0.66178858280181885 -2.4445750713348389 -0.60700684785842896 0.45770981907844543 -1.001521110534668 -0.42254671454429626 0.2825031578540802 -0.70417582988739014 -0.19751255214214325
3064.7285000011325 -1.1365727186203003 -1.1712957620620728 -0.73381942510604858 -0.17801716923713684 -2.1376562118530273 -0.84782999753952026 -0.13596239686012268 -2.4144093990325928 -0.93775862455368042 0.55024468898773193 -2.091001033782959 -0.83146160840988159 0.7144208550453186 -2.4087200164794922 -0.95377254486083984 0.42641696333885193 -0.82316625118255615 -0.92499774694442749 0.43185621500015259 -0.5219343900680542 -0.72028917074203491
3121.6924999952316 -1.2983843088150024 -1.2427499294281006 -0.52427893877029419 -0.2808118462562561 -2.25238037109375 -0.50006067752838135 -0.25253662467002869 -2.5174095630645752 -0.55303436517715454 0.54228818416595459 -2.2132294178009033 -0.46070757508277893 0.68477737903594971 -2.5131630897521973 -0.51636886596679688 0.37831589579582214 -0.80126386880874634 -0.64933484792709351 0.46101352572441101 -0.70503795146942139 -0.51406717300415039
3121.6924999952316 -1.32471764087677 -1.1516724824905396 -0.48836153745651245 -0.37686839699745178 -2.0921239852905273 -0.4658026397228241 -0.35053062438964844 -2.3389937877655029 -0.51514661312103271 0.38983350992202759 -2.0556557178497314 -0.42914599180221558 0.52255946397781372 -2.3350377082824707 -0.48099341988563538 0.23709641396999359 -0.74043667316436768 -0.60484862327575684 0.31412768363952637 -0.65080404281616211 -0.47884944081306458
3180.8962000086904 -1.2984457015991211 -1.1651780605316162 -0.55845427513122559 -0.32781463861465454 -2.0794200897216797 -0.74003034830093384 -0.2934323251247406 -2.3583412170410156 -0.82224690914154053 0.39959427714347839 -2.0491602420806885 -0.70514541864395142 0.56329882144927979 -2.3673200607299805 -0.80836695432662964 0.37742981314659119 -0.83705174922943115 -0.7461513876914978 0.32339766621589661 -0.5917171835899353 -0.52310246229171753
3180.8962000086904 -1.2206015586853027 -1.2476797103881836 -0.69579458236694336 -0.2269643098115921 -2.2666127681732178 -0.87060117721557617 -0.19430789351463318 -2.5500631332397461 -0.97824573516845703 0.53810453414916992 -2.1992340087890625 -0.89637994766235352 0.70756542682647705 -2.5307416915893555 -1.0236126184463501 0.34804064035415649 -0.80285865068435669 -1.0590212345123291 0.45068109035491943 -0.69958889484405518 -0.92420262098312378
3237.9516000077128 -1.1863546371459961 -1.1528646945953369 -0.65080070495605469 -0.25696492195129395 -2.105914831161499 -0.81430447101593018 -0.22642001509666443 -2.3710372447967529 -0.91498881578445435 0.4586353600025177 -2.0428924560546875 -0.8384164571762085 0.61713904142379761 -2.3529653549194336 -0.95742237567901611 0.2808607816696167 -0.7368054986000061 -0.99054145812988281 0.37686458230018616 -0.64021295309066772 -0.86444014310836792
3237.9516000077128 -1.2363518476486206 -1.1778779029846191 -0.65081578493118286 -0.23959599435329437 -2.1418557167053223 -0.85488641262054443 -0.21183611452579498 -2.4119546413421631 -0.96106052398681641 0.49814897775650024 -2.0677230358123779 -0.8684006929397583 0.66020447015762329 -2.3749706745147705 -0.99877762794494629 0.35226458311080933 -0.81376945972442627 -0.9257693886756897 0.37957930564880371 -0.60252636671066284 -0.77598047256469727
3293.9476000070572 -1.2576627731323242 -1.1909110546112061 -0.49115702509880066 -0.18598337471485138 -2.1228432655334473 -0.59366673231124878 -0.17041851580142975 -2.3907005786895752 -0.66383415460586548 0.49694380164146423 -2.1029350757598877 -0.5952950119972229 0.61498790979385376 -2.4247140884399414 -0.67155730724334717 0.33111107349395752 -0.76765531301498413 -0.75401729345321655 0.4444388747215271 -0.68772709369659424 -0.6819043755531311
3293.9476000070572 -1.4119645357131958 -1.2251002788543701 -0.49451899528503418 -0.33295983076095581 -2.163402795791626 -0.59772944450378418 -0.31728857755661011 -2.4330906867980957 -0.66837650537490845 0.35463541746139526 -2.1433579921722412 -0.5993688702583313 0.47348639369010925 -2.4673364162445068 -0.67615240812301636 0.18766917288303375 -0.79895144701004028 -0.75917607545852661 0.3017716109752655 -0.71847683191299438 -0.68657022714614868
3351.5811000093818 -1.3865995407104492 -1.1839592456817627 -0.26747176051139832 -0.33670040965080261 -2.1377425193786621 -0.34675860404968262 -0.30877223610877991 -2.3899247646331787 -0.37865611910820007 0.38405826687812805 -2.104581356048584 -0.31227687001228333 0.51847690343856812 -2.4017343521118164 -0.33525761961936951 0.22198474407196045 -0.85576564073562622 -0.43804964423179626 0.26279175281524658 -0.71666890382766724 -0.33374664187431335
3351.5811000093818 -1.3369604349136353 -1.2285513877868652 -0.50100415945053101 -0.28675273060798645 -2.1520988941192627 -0.66393280029296875 -0.27051681280136108 -2.4390625953674316 -0.74500149488449097 0.44989126920700073 -2.1344320774078369 -0.68771451711654663 0.5855070948600769 -2.4653744697570801 -0.79630929231643677 0.33221986889839172 -0.8807252049446106 -0.84773695468902588 0.42425566911697388 -0.69231206178665161 -0.73869174718856812
3410.9428000003099 -1.3475162982940674 -1.2545497417449951 -0.37865144014358521 -0.31247177720069885 -2.2260723114013672 -0.38765445351600647 -0.29059764742851257 -2.4699056148529053 -0.44720825552940369 0.44184443354606628 -2.205735445022583 -0.39287996292114258 0.5788644552230835 -2.5029103755950928 -0.45313432812690735 0.21933597326278687 -0.88454997539520264 -0.66941660642623901 0.28621506690979004 -0.74947232007980347 -0.60450989007949829
3410.9428000003099 -1.2981749773025513 -1.1692129373550415 -0.35863685607910156 -0.31784805655479431 -2.0893759727478027 -0.36716395616531372 -0.297130286693573 -2.3203191757202148 -0.4235694408416748 0.39659130573272705 -2.0701141357421875 -0.37211319804191589 0.52636778354644775 -2.3515791893005371 -0.42918223142623901 0.185845747590065 -0.81877321004867554 -0.63403075933456421 0.24918925762176514 -0.69083636999130249 -0.57255536317825317
3467.8206000030041 -1.3805193901062012 -1.161096453666687 -0.36181360483169556 -0.28632894158363342 -2.122352123260498 -0.59784603118896484 -0.28810092806816101 -2.3700504302978516 -0.6545107364654541 0.35247024893760681 -2.044990062713623 -0.50428581237792969 0.43249958753585815 -2.3345155715942383 -0.52983170747756958 0.15715797245502472 -0.69357985258102417 -0.3833257257938385 0.41634842753410339 -1.0271337032318115 -0.32256549596786499
3467.8206000030041 -1.2168684005737305 -1.1462488174438477 -0.23738685250282288 -0.26516249775886536 -2.009253978729248 -0.43673646450042725 -0.27004498243331909 -2.2467303276062012 -0.48658406734466553 0.46842855215072632 -1.9721261262893677 -0.37955817580223083 0.58011347055435181 -2.2449374198913574 -0.41133737564086914 0.35667139291763306 -0.84747040271759033 -0.33822017908096313 0.38676843047142029 -0.73824959993362427 -0.19109611213207245
3525.0521000027657 -1.3830553293228149 -1.260584831237793 -0.25426334142684937 -0.36370381712913513 -2.1849310398101807 -0.46778237819671631 -0.3689332902431488 -2.4392867088317871 -0.52117305994033813 0.42202961444854736 -2.1451640129089355 -0.40653994679450989 0.54165297746658325 -2.437366247177124 -0.44057795405387878 0.30232894420623779 -0.94056975841522217 -0.36226370930671692 0.33456522226333618 -0.82358580827713013 -0.20468232035636902
3525.0521000027657 -1.2611061334609985 -1.2709403038024902 -0.50870048999786377 -0.33193570375442505 -2.1393249034881592 -0.61920583248138428 -0.31774702668190002 -2.3937602043151855 -0.70308732986450195 0.41340196132659912 -2.0853869915008545 -0.59066247940063477 0.54419028759002686 -2.3809566497802734 -0.68360722064971924 0.26657354831695557 -0.86591881513595581 -0.78805404901504517 0.36120516061782837 -0.78484880924224854 -0.69645118713378906
3581.9395000040531 -1.3910058736801147 -1.319352388381958 -0.34376940131187439 -0.34819668531417847 -2.1768393516540527 -0.41663789749145508 -0.33379232883453369 -2.4416782855987549 -0.49909809231758118 0.36478900909423828 -2.1362817287445068 -0.41693827509880066 0.48569005727767944 -2.4542033672332764 -0.49365204572677612 0.18498142063617706 -0.8179783821105957 -0.68857252597808838 0.36256825923919678 -0.92701905965805054 -0.69348770380020142
3581.9395000040531 -1.3803476095199585 -1.2976031303405762 -0.34154897928237915 -0.34427496790885925 -2.1495506763458252 -0.41394674777984619 -0.32996365427970886 -2.4126789569854736 -0.49587425589561462 0.36410480737686157 -2.1092550754547119 -0.41424521803855896 0.48422479629516602 -2.4251229763031006 -0.49046340584754944 0.18545877933502197 -0.79946804046630859 -0.6841246485710144 0.36189839243888855 -0.90780431032180786 -0.68900805711746216
3638.3701000064611 -1.4241840839385986 -1.2784783840179443 -0.53230232000350952 -0.2985788881778717 -2.2034261226654053 -0.76841318607330322 -0.28252798318862915 -2.4744961261749268 -0.89142864942550659 0.38695496320724487 -2.1256258487701416 -0.80673319101333618 0.51471120119094849 -2.44563889503479 -0.92787104845046997 0.19478896260261536 -0.76212084293365479 -0.90450304746627808 0.46472281217575073 -0.92761439085006714 -0.87126666307449341
3638.3701000064611 -1.3070433139801025 -1.2566848993301392 -0.42783117294311523 -0.30847820639610291 -1.964564323425293 -0.36587738990783691 -0.30358326435089111 -2.2184853553771973 -0.44255456328392029 0.34861075878143311 -1.9164681434631348 -0.27212825417518616 0.46761149168014526 -2.1948139667510986 -0.31866565346717834 0.44994616508483887 -0.87275475263595581 -0.38316339254379272 0.68434309959411621 -1.1928638219833374 -0.34842893481254578
3725.3144000023603 -1.1456949710845947 -1.2422299385070801 -0.73158347606658936 -0.023492695763707161 -2.1121089458465576 -0.58815598487854004 -0.0027383333072066307 -2.375741720199585 -0.64438742399215698 0.61712628602981567 -1.9944543838500977 -0.50951653718948364 0.69181632995605469 -2.3011312484741211 -0.58857959508895874 0.49575725197792053 -0.61379265785217285 -0.73862916231155396 0.67294377088546753 -0.48618718981742859 -0.64312398433685303
3725.3144000023603 -1.109126091003418 -1.3403013944625854 -0.47502714395523071 -0.024044888094067574 -2.2771620750427246 -0.069188304245471954 0.026873128488659859 -2.5319406986236572 -0.03539743646979332 0.6699596643447876 -2.1362175941467285 -0.060546468943357468 0.76289540529251099 -2.420419454574585 0.023553986102342606 0.59023302793502808 -0.79015141725540161 -0.56186860799789429 0.46338793635368347 -0.63521409034729004 -0.56390899419784546
3787.0614000037313 -0.93868774175643921 -1.3106980323791504 -0.57989060878753662 -0.055986817926168442 -2.0795559883117676 -0.17428262531757355 -0.0066989650949835777 -2.3138444423675537 -0.16688358783721924 0.59641975164413452 -2.0080456733703613 -0.17912948131561279 0.67884701490402222 -2.2721405029296875 -0.14713630080223083 0.52796453237533569 -0.73759919404983521 -0.63889706134796143 0.46063491702079773 -0.624969482421875 -0.62574023008346558
3787.0614000037313 -1.0305875539779663 -1.2115345001220703 -0.56647205352783203 -0.14280222356319427 -1.9102212190628052 -0.33455953001976013 -0.10501492023468018 -2.1487748622894287 -0.34207552671432495 0.43757480382919312 -1.8475050926208496 -0.33217981457710266 0.50261539220809937 -2.1350924968719482 -0.30324044823646545 0.41058841347694397 -0.50719040632247925 -0.738411545753479 0.47560012340545654 -0.75085210800170898 -0.7336190938949585
3844.1568000018597 -1.0671252012252808 -1.2936087846755981 -0.59120476245880127 -0.1405780166387558 -2.0228011608123779 -0.34916654229164124 -0.10114084929227829 -2.2717700004577637 -0.35701072216033936 0.46513912081718445 -1.9573466777801514 -0.34668293595314026 0.5330195426940918 -2.2574906349182129 -0.31648004055023193 0.43697446584701538 -0.55851191282272339 -0.77065140008926392 0.50482469797134399 -0.81281226873397827 -0.76564967632293701
3844.1568000018597 -0.96711474657058716 -1.2401777505874634 -0.38763144612312317 -0.052329935133457184 -1.9620300531387329 -0.18760094046592712 -0.0065991589799523354 -2.2080185413360596 -0.1885380893945694 0.53234881162643433 -1.8975591659545898 -0.16812953352928162 0.60655808448791504 -2.1523165702819824 -0.14683927595615387 0.57164555788040161 -0.64089226722717285 -0.51529496908187866 0.53826534748077393 -0.49640011787414551 -0.42578601837158203
3900.1634000018239 -1.2063883543014526 -1.4340020418167114 -0.39736130833625793 -0.10637020319700241 -2.3157193660736084 -0.098043419420719147 -0.059701919555664063 -2.5614082813262939 -0.05168413370847702 0.54675108194351196 -2.1970145702362061 0.031462471932172775 0.64826607704162598 -2.4737434387207031 0.098058119416236877 0.45773869752883911 -0.88666719198226929 -0.23341922461986542 0.40028327703475952 -0.67710858583450317 -0.11773398518562317
3900.1634000018239 -1.1658048629760742 -1.3045128583908081 -0.36635029315948486 -0.15163098275661469 -2.1174221038818359 -0.090390816330909729 -0.10860462486743927 -2.3439376354217529 -0.047649353742599487 0.45052149891853333 -2.0079808235168457 0.029008584097027779 0.54411441087722778 -2.2631139755249023 0.090407185256481171 0.36845552921295166 -0.79989135265350342 -0.21520206332206726 0.31548383831977844 -0.60668653249740601 -0.10854475200176239
3957.3611000031233 -1.0981512069702148 -1.2856839895248413 -0.74473303556442261 -0.11569242179393768 -2.0948390960693359 -0.57318800687789917 -0.063002109527587891 -2.3556773662567139 -0.63273340463638306 0.47946009039878845 -2.0141794681549072 -0.5222175121307373 0.58821219205856323 -2.3036134243011475 -0.59748160839080811 0.46111825108528137 -0.80450296401977539 -0.80259615182876587 0.41680333018302917 -0.58519762754440308 -0.66029107570648193
3957.3611000031233 -1.1490161418914795 -1.3527119159698486 -0.68452900648117065 -0.13279335200786591 -2.1819193363189697 -0.43466499447822571 -0.078716762363910675 -2.4214684963226318 -0.46703505516052246 0.53973579406738281 -2.0568835735321045 -0.34957289695739746 0.66208583116531372 -2.3317193984985352 -0.39534354209899902 0.41608333587646484 -0.78074741363525391 -0.64114588499069214 0.37757283449172974 -0.55686324834823608 -0.507468581199646
4014.0649999976158 -1.1611449718475342 -1.349050760269165 -0.68611276149749756 -0.14257708191871643 -2.1801717281341553 -0.43567216396331787 -0.08837570995092392 -2.4202735424041748 -0.46811693906784058 0.53150397539138794 -2.054847240447998 -0.3503836989402771 0.65413635969161987 -2.3303172588348389 -0.39625999331474304 0.40756618976593018 -0.77576637268066406 -0.64262950420379639 0.36896684765815735 -0.55136555433273315 -0.50864380598068237
4014.0649999976158 -1.1687703132629395 -1.3256291151046753 -0.69962680339813232 -0.11657195538282394 -2.168778657913208 -0.57866895198822021 -0.079507164657115936 -2.4235787391662598 -0.63417214155197144 0.51218587160110474 -2.0412156581878662 -0.49903702735900879 0.60924196243286133 -2.3336348533630371 -0.54142189025878906 0.4152769148349762 -0.76669889688491821 -0.75659972429275513 0.34052547812461853 -0.5577995777130127 -0.61616337299346924
4070.8423999994993 -1.1591707468032837 -1.4214828014373779 -0.64289236068725586 -0.10529356449842453 -2.2228350639343262 -0.82472455501556396 -0.10169693827629089 -2.4876313209533691 -0.92186814546585083 0.59297668933868408 -2.1020019054412842 -0.78752273321151733 0.68953466415405273 -2.3954112529754639 -0.88885033130645752 0.42376998066902161 -0.85360372066497803 -0.92430466413497925 0.42169865965843201 -0.63811314105987549 -0.75587207078933716
4070.8423999994993 -1.2413434982299805 -1.4736874103546143 -0.6621394157409668 -0.15591578185558319 -2.299030065536499 -0.84941524267196655 -0.15221147239208221 -2.571753978729248 -0.94946706295013428 0.56325894594192505 -2.174579381942749 -0.81109964847564697 0.6627076268196106 -2.4767730236053467 -0.91546076536178589 0.38898661732673645 -0.88880747556686401 -0.95197653770446777 0.38685330748558044 -0.66686564683914185 -0.77850145101547241
4102.0866999998689 -1.3116049766540527 -1.5357933044433594 -0.78958624601364136 -0.11075691133737564 -2.3127167224884033 -0.89351135492324829 -0.10394489765167236 -2.5755980014801025 -0.96945816278457642 0.53168493509292603 -2.1630713939666748 -0.73103523254394531 0.62209296226501465 -2.4491333961486816 -0.79703664779663086 0.39682838320732117 -0.87862539291381836 -0.74566572904586792 0.38603845238685608 -0.81260919570922852 -0.53375434875488281
4159.5510000064969 -1.2321764230728149 -1.3643395900726318 -0.7342260479927063 -0.14406603574752808 -2.181267261505127 -0.68140912055969238 -0.14633938670158386 -2.4342050552368164 -0.76269048452377319 0.49760285019874573 -2.0659255981445313 -0.56750315427780151 0.58150219917297363 -2.3575508594512939 -0.62338298559188843 0.40709805488586426 -0.88363456726074219 -0.88096755743026733 0.28235083818435669 -0.70075160264968872 -0.72782635688781738
4159.5510000064969 -1.3885623216629028 -1.4363782405853271 -0.68540531396865845 -0.22198998928070068 -2.2912807464599609 -0.72612184286117554 -0.19927218556404114 -2.5404963493347168 -0.78654468059539795 0.47111666202545166 -2.1879105567932129 -0.5983310341835022 0.56896394491195679 -2.4732866287231445 -0.62199211120605469 0.3902280330657959 -0.89722949266433716 -0.72420614957809448 0.35048076510429382 -0.90289813280105591 -0.54333651065826416
4218.2320000082254 -1.4023420810699463 -1.2790738344192505 -0.64496612548828125 -0.3045993447303772 -2.0835356712341309 -0.683280348777771 -0.28322193026542664 -2.318047046661377 -0.74013811349868774 0.34761294722557068 -1.9862643480300903 -0.56302940845489502 0.43968707323074341 -2.254802942276001 -0.58529436588287354 0.27149686217308044 -0.77173566818237305 -0.68147766590118408 0.23409472405910492 -0.7770698070526123 -0.5112796425819397
4218.2320000082254 -1.5115258693695068 -1.4634820222854614 -0.92072027921676636 -0.34605589509010315 -2.2360782623291016 -0.75350803136825562 -0.29301095008850098 -2.4846696853637695 -0.81514459848403931 0.33513611555099487 -2.0862550735473633 -0.59642785787582397 0.46691074967384338 -2.3549563884735107 -0.62288767099380493 0.30721485614776611 -0.7703278660774231 -0.84799546003341675 0.29755440354347229 -0.85281527042388916 -0.67545127868652344
4277.0031000003219 -1.4720858335494995 -1.5325222015380859 -0.8087233304977417 -0.30770647525787354 -2.2034296989440918 -0.73157936334609985 -0.28257137537002563 -2.4563267230987549 -0.79711103439331055 0.40949785709381104 -2.066399097442627 -0.65238028764724731 0.54335683584213257 -2.3524940013885498 -0.73600256443023682 0.34478312730789185 -0.94192111492156982 -0.8994329571723938 0.24925574660301208 -0.7776903510093689 -0.72830760478973389
4277.0031000003219 -1.4068753719329834 -1.5625439882278442 -0.82092642784118652 -0.21429488062858582 -2.3613214492797852 -0.75046950578689575 -0.19307354092597961 -2.6310205459594727 -0.82309955358505249 0.5307125449180603 -2.1993396282196045 -0.65799784660339355 0.65313255786895752 -2.4855391979217529 -0.71088820695877075 0.47699722647666931 -0.90414106845855713 -0.91896873712539673 0.40602684020996094 -0.83718079328536987 -0.74364161491394043
4337.4070000052452 -1.4324594736099243 -1.5502758026123047 -0.8118894100189209 -0.25300091505050659 -2.3402645587921143 -0.74220770597457886 -0.23201306164264679 -2.6069960594177246 -0.81403863430023193 0.48380929231643677 -2.1800649166107178 -0.65075349807739258 0.60488235950469971 -2.4631154537200928 -0.70306193828582764 0.43068498373031616 -0.89911735057830811 -0.90885299444198608 0.36049547791481018 -0.83289378881454468 -0.7354549765586853
4337.4070000052452 -1.4267884492874146 -1.5441383123397827 -0.80867516994476318 -0.25199928879737854 -2.3309996128082275 -0.73926937580108643 -0.23109453916549683 -2.5966751575469971 -0.81081587076187134 0.48189389705657959 -2.1714341640472412 -0.64817720651626587 0.60248762369155884 -2.4533641338348389 -0.70027858018875122 0.42897993326187134 -0.89555782079696655 -0.90525490045547485 0.35906830430030823 -0.82959640026092529 -0.73254334926605225
4396.7632000073791 -1.3584737777709961 -1.5160870552062988 -0.9245794415473938 -0.25457683205604553 -2.2965881824493408 -0.82990646362304688 -0.22924813628196716 -2.5703978538513184 -0.92787444591522217 0.48613238334655762 -2.1569383144378662 -0.77217400074005127 0.59790146350860596 -2.4491012096405029 -0.86910611391067505 0.40820726752281189 -0.96374469995498657 -1.1490565538406372 0.35388809442520142 -0.80518233776092529 -0.98938018083572388
4396.7632000073791 -1.3114607334136963 -1.434934139251709 -0.87805896997451782 -0.26310506463050842 -2.1761655807495117 -0.78814941644668579 -0.23905076086521149 -2.4361984729766846 -0.88118821382522583 0.44033622741699219 -2.0435416698455811 -0.7333216667175293 0.54648178815841675 -2.3210048675537109 -0.82537674903869629 0.36633184552192688 -0.91038239002227783 -1.091241717338562 0.31474563479423523 -0.75979787111282349 -0.93959933519363403
4455.7799000069499 -1.4685209989547729 -1.4733835458755493 -0.92014920711517334 -0.27187532186508179 -2.1247472763061523 -0.95305287837982178 -0.24263164401054382 -2.3854773044586182 -1.0360356569290161 0.39917364716529846 -2.0184428691864014 -0.82918763160705566 0.52066516876220703 -2.3110835552215576 -0.91294264793395996 0.43077501654624939 -0.89051735401153564 -0.93850314617156982 0.32024061679840088 -0.81150782108306885 -0.6673237681388855
4455.7799000069499 -1.4520639181137085 -1.4014573097229004 -0.81366074085235596 -0.32853314280509949 -2.1550686359405518 -0.81789922714233398 -0.30549398064613342 -2.4083847999572754 -0.8881065845489502 0.40242838859558105 -2.0354201793670654 -0.69424283504486084 0.51595646142959595 -2.3045189380645752 -0.74533969163894653 0.39873006939888 -0.7909698486328125 -0.79591399431228638 0.36936700344085693 -0.77790552377700806 -0.57729971408843994
4510.5430999994278 -1.4827704429626465 -1.3673745393753052 -0.4837399423122406 -0.34017139673233032 -2.2115247249603271 -0.7265658974647522 -0.33123421669006348 -2.4988768100738525 -0.79567861557006836 0.37332800030708313 -2.1386618614196777 -0.68946272134780884 0.46937397122383118 -2.4722075462341309 -0.75106322765350342 0.19322878122329712 -0.7051241397857666 -0.7305871844291687 0.30089068412780762 -0.7485848069190979 -0.59462755918502808
4510.5430999994278 -1.4037690162658691 -1.5931557416915894 -0.50255012512207031 -0.21674509346485138 -2.4701268672943115 -0.75481724739074707 -0.20746038854122162 -2.7686514854431152 -0.82661712169647217 0.52449554204940796 -2.3944313526153564 -0.71627151966094971 0.624275803565979 -2.7409451007843018 -0.78026705980300903 0.33739396929740906 -0.90515673160552979 -0.75899487733840942 0.44924181699752808 -0.95030725002288818 -0.61774909496307373
4566.1238999962807 -1.2392709255218506 -1.4786949157714844 -0.83467590808868408 -0.2315991222858429 -2.190986156463623 -1.0031763315200806 -0.20223118364810944 -2.455564022064209 -1.1268776655197144 0.54236137866973877 -2.0390386581420898 -1.0503054857254028 0.67729300260543823 -2.3146438598632813 -1.2283267974853516 0.27994894981384277 -0.96474522352218628 -1.1714372634887695 0.38041198253631592 -0.68491047620773315 -1.0155476331710815
4566.1238999962807 -1.0379871129989624 -1.2977666854858398 -0.703998863697052 -0.060692422091960907 -2.0165939331054688 -0.64090138673782349 -0.010939804837107658 -2.2522132396697998 -0.71946620941162109 0.58701503276824951 -1.8922384977340698 -0.62431252002716064 0.72481054067611694 -2.15313720703125 -0.72352975606918335 0.3683617115020752 -0.77688711881637573 -0.88171845674514771 0.43277090787887573 -0.60496550798416138 -0.80739247798919678
4621.382500000298 -1.139925479888916 -1.4530341625213623 -0.76801544427871704 -0.07375643402338028 -2.2372310161590576 -0.69917994737625122 -0.019479356706142426 -2.4942770004272461 -0.78488940000534058 0.63285291194915771 -2.1015667915344238 -0.68108254671096802 0.78317946195602417 -2.3861911296844482 -0.78932243585586548 0.39431551098823547 -0.88478624820709229 -0.96189671754837036 0.46458202600479126 -0.69723021984100342 -0.88081157207489014
4621.382500000298 -1.1100082397460938 -1.3587354421615601 -0.75604546070098877 -0.10821162909269333 -2.158231258392334 -0.6334725022315979 -0.027880990877747536 -2.4149177074432373 -0.70995402336120605 0.5784451961517334 -2.0599668025970459 -0.54738503694534302 0.74233543872833252 -2.3677978515625 -0.6326259970664978 0.23706462979316711 -0.71934515237808228 -0.8604084849357605 0.44967839121818542 -0.77166378498077393 -0.8306003212928772
4678.6308000087738 -1.009454607963562 -1.2270816564559937 -0.75098288059234619 -0.064264684915542603 -2.0374748706817627 -0.77382683753967285 0.0063850414007902145 -2.3072822093963623 -0.85083764791488647 0.58543825149536133 -1.9953199625015259 -0.7626495361328125 0.7346767783164978 -2.3312151432037354 -0.86807906627655029 0.4228593111038208 -0.67476785182952881 -0.93166393041610718 0.46743515133857727 -0.54336893558502197 -0.79299527406692505
4680.8263000100851 -1.1206415891647339 -1.292335033416748 -0.77601140737533569 -0.14395499229431152 -2.1297328472137451 -0.79961663484573364 -0.070951007306575775 -2.4085311889648438 -0.87919366359710693 0.52739804983139038 -2.0861732959747314 -0.78806686401367188 0.68160957098007202 -2.4332611560821533 -0.89700961112976074 0.35940143465995789 -0.72161638736724854 -0.96271330118179321 0.40546271204948425 -0.58583879470825195 -0.81942379474639893
4741.172300003469 -1.1108733415603638 -1.3216333389282227 -0.68082708120346069 -0.17333333194255829 -2.0988237857818604 -0.55831462144851685 -0.086691170930862427 -2.3576359748840332 -0.6394728422164917 0.53644669055938721 -2.0517089366912842 -0.56612062454223633 0.70303630828857422 -2.3405728340148926 -0.67853081226348877 0.31502914428710938 -0.83631688356399536 -0.88546425104141235 0.39782732725143433 -0.62574553489685059 -0.81959456205368042
4741.172300003469 -1.0052609443664551 -1.2789117097854614 -0.66126090288162231 -0.094657920300960541 -2.0337722301483154 -0.54226845502853394 -0.010505124926567078 -2.2851483821868896 -0.62109488248825073 0.59472906589508057 -1.9880111217498779 -0.5498502254486084 0.75653231143951416 -2.2685756683349609 -0.65903067588806152 0.37967312335968018 -0.80753916501998901 -0.86001855134963989 0.46009242534637451 -0.60301786661148071 -0.79604142904281616
4802.2061999961734 -1.0723593235015869 -1.2720749378204346 -0.65122807025909424 -0.088904127478599548 -2.0906081199645996 -0.55832451581954956 -0.02248956635594368 -2.3444814682006836 -0.61662864685058594 0.52947115898132324 -2.061490535736084 -0.53376507759094238 0.65916025638580322 -2.3631987571716309 -0.6203683614730835 0.42078280448913574 -0.7706834077835083 -0.74220585823059082 0.43969109654426575 -0.5940852165222168 -0.6306341290473938
4802.2061999961734 -1.1171103715896606 -1.2663631439208984 -0.64892256259918213 -0.13714155554771423 -2.0819945335388184 -0.55634832382202148 -0.070962443947792053 -2.3349678516387939 -0.61444580554962158 0.47904154658317566 -2.0529801845550537 -0.53187596797943115 0.60827088356018066 -2.353618860244751 -0.61817222833633423 0.37073850631713867 -0.76674902439117432 -0.73957782983779907 0.38957974314689636 -0.59077692031860352 -0.62840157747268677
4859.6794000044465 -1.1759260892868042 -1.2799504995346069 -0.62873899936676025 -0.13006043434143066 -2.1154890060424805 -0.48190698027610779 -0.056753125041723251 -2.3736193180084229 -0.52271682024002075 0.406645268201828 -2.0755331516265869 -0.44496598839759827 0.50717204809188843 -2.3665273189544678 -0.49323976039886475 0.35315907001495361 -0.82013773918151855 -0.74902826547622681 0.36095342040061951 -0.64629262685775757 -0.67160385847091675
4859.6794000044465 -1.1767213344573975 -1.2749991416931152 -0.67021721601486206 -0.14298482239246368 -2.0571777820587158 -0.55388844013214111 -0.063798166811466217 -2.3126575946807861 -0.61478227376937866 0.43707430362701416 -2.043377161026001 -0.56516379117965698 0.55989044904708862 -2.3316161632537842 -0.6403769850730896 0.33972877264022827 -0.77825599908828735 -0.8554987907409668 0.38725492358207703 -0.62265723943710327 -0.78423470258712769
4921.0653999969363 -1.0762883424758911 -1.2136962413787842 -0.46893081068992615 -0.062450923025608063 -2.0175871849060059 -0.32295292615890503 0.011767474003136158 -2.2401325702667236 -0.34208628535270691 0.52200609445571899 -1.9290058612823486 -0.30951777100563049 0.63594555854797363 -2.1730954647064209 -0.31948986649513245 0.38985887169837952 -0.78545308113098145 -0.55653727054595947 0.38236314058303833 -0.53141099214553833 -0.46478092670440674
4921.0653999969363 -1.1255526542663574 -1.3419126272201538 -0.51282203197479248 -0.016829848289489746 -2.2210400104522705 -0.35318201780319214 0.064334668219089508 -2.4644136428833008 -0.37410607933998108 0.62232667207717896 -2.1241683959960938 -0.33848947286605835 0.74692976474761963 -2.3911023139953613 -0.34939485788345337 0.47781175374984741 -0.87359005212783813 -0.60862761735916138 0.46961453557014465 -0.59577208757400513 -0.50828373432159424
4979.3852000012994 -1.1122673749923706 -1.3629864454269409 -0.50317102670669556 -0.058649968355894089 -2.1898729801177979 -0.31168031692504883 0.011947536841034889 -2.4319019317626953 -0.30251920223236084 0.54020130634307861 -2.1285839080810547 -0.23771388828754425 0.64300966262817383 -2.412966251373291 -0.20804029703140259 0.46282148361206055 -0.81472629308700562 -0.45671117305755615 0.45873504877090454 -0.67115253210067749 -0.35723015666007996
4979.3852000012994 -1.06299889087677 -1.2579728364944458 -0.58165115118026733 -0.14343591034412384 -2.0458168983459473 -0.29398202896118164 -0.064719192683696747 -2.286700963973999 -0.29302418231964111 0.42285197973251343 -1.9905380010604858 -0.24822553992271423 0.52463942766189575 -2.267719030380249 -0.2194850891828537 0.43512684106826782 -0.74474853277206421 -0.66737812757492065 0.3955308198928833 -0.68516409397125244 -0.59941983222961426
