28.834200002253056 -0.094275727868080139 -1.1867133378982544 -0.28569516539573669 -0.91017866134643555 -1.8374413251876831 -0.36825114488601685 -1.0411889553070068 -2.1038198471069336 -0.44239211082458496 -0.37977141141891479 -2.1436529159545898 -0.29628852009773254 -0.38683944940567017 -2.4301638603210449 -0.33322498202323914 0.17047400772571564 -2.2682435512542725 -0.44074347615242004 0.83712244033813477 -1.7550954818725586 -0.57632607221603394
28.834200002253056 0.0063899517990648746 -1.1289545297622681 -0.52673834562301636 -0.85453861951828003 -1.7576110363006592 -0.42524430155754089 -0.98790943622589111 -2.028688907623291 -0.48746144771575928 -0.35866692662239075 -2.0393619537353516 -0.27130448818206787 -0.38014227151870728 -2.3227226734161377 -0.30662009119987488 0.15286415815353394 -2.1495451927185059 -0.36364275217056274 0.80688971281051636 -1.6936438083648682 -0.46857935190200806
84.974500000476837 -0.10156799852848053 -1.116935133934021 -0.54257440567016602 -0.92375946044921875 -1.8172703981399536 -0.48824352025985718 -1.0463142395019531 -2.0917468070983887 -0.55581587553024292 -0.43373918533325195 -2.1097955703735352 -0.33273902535438538 -0.45195385813713074 -2.40535569190979 -0.37011244893074036 0.091763928532600403 -2.2364356517791748 -0.40625002980232239 0.79903054237365723 -1.7222433090209961 -0.4839528501033783
84.974500000476837 -0.12044930458068848 -1.0554277896881104 -0.53374636173248291 -0.9292638897895813 -1.7443686723709106 -0.48029941320419312 -1.0498247146606445 -2.0143795013427734 -0.54677236080169678 -0.44721609354019165 -2.0321345329284668 -0.32732498645782471 -0.46513447165489197 -2.3228859901428223 -0.36409035325050354 0.069737136363983154 -2.1567142009735107 -0.39963999390602112 0.76549667119979858 -1.6508877277374268 -0.47607854008674622
142.65240000188351 0.092894420027732849 -1.0174243450164795 -0.01942581869661808 -1.0173919200897217 -1.7597198486328125 -0.21331442892551422 -1.1527944803237915 -2.0166912078857422 -0.25847038626670837 -0.49296954274177551 -2.1431896686553955 -0.098768249154090881 -0.51211428642272949 -2.4238545894622803 -0.098125256597995758 0.13926176726818085 -2.3305091857910156 -0.22214922308921814 0.81862711906433105 -1.7827010154724121 -0.44436374306678772
142.65240000188351 -0.036019332706928253 -1.1139630079269409 0.083376951515674591 -0.92755979299545288 -1.8652706146240234 -0.20613193511962891 -1.0574204921722412 -2.123666524887085 -0.25000986456871033 -0.44597083330154419 -2.2228267192840576 -0.18214321136474609 -0.47452652454376221 -2.5198874473571777 -0.20135873556137085 0.16926358640193939 -2.4267611503601074 -0.33138424158096313 0.87388873100280762 -1.8776043653488159 -0.51758074760437012
216.61259999871254 -0.0030304179526865482 -1.0215712785720825 -0.041010443121194839 -0.69779902696609497 -1.7847442626953125 -0.24374119937419891 -0.78432416915893555 -2.0324597358703613 -0.30617964267730713 -0.31945458054542542 -2.0645666122436523 -0.23455363512039185 -0.35103222727775574 -2.3119270801544189 -0.28182435035705566 0.094258911907672882 -2.1408765316009521 -0.37995845079421997 0.58117693662643433 -1.6990249156951904 -0.49852201342582703
216.61259999871254 -0.072164423763751984 -0.99745005369186401 -0.019981535151600838 -0.62194883823394775 -1.7922828197479248 -0.31329318881034851 -0.68735581636428833 -2.0447864532470703 -0.3689253032207489 -0.16937312483787537 -2.0719954967498779 -0.3519839346408844 -0.16712625324726105 -2.3447566032409668 -0.38773024082183838 0.34945070743560791 -2.2076184749603271 -0.52327311038970947 0.97050875425338745 -1.6580755710601807 -0.66132605075836182
274.79930000007153 -0.19268691539764404 -0.99022066593170166 -0.020021459087729454 -0.74364596605300903 -1.7867516279220581 -0.3139597475528717 -0.80919265747070313 -2.0397946834564209 -0.36971074342727661 -0.29010331630706787 -2.0670619010925293 -0.35273319482803345 -0.28785163164138794 -2.3404057025909424 -0.3885558545589447 0.22982901334762573 -2.2029745578765869 -0.52438831329345703 0.85221391916275024 -1.6522576808929443 -0.66273623704910278
274.79930000007153 -0.12617391347885132 -0.97855758666992188 -0.042952042073011398 -0.7330361008644104 -1.8103101253509521 -0.30162110924720764 -0.80975931882858276 -2.0553839206695557 -0.34033513069152832 -0.3092159628868103 -2.111081600189209 -0.30858528614044189 -0.33270713686943054 -2.3783245086669922 -0.34374126791954041 0.28584328293800354 -2.281548023223877 -0.44836780428886414 0.96641063690185547 -1.6907776594161987 -0.60529464483261108
348.55370000004768 -0.2949976921081543 -1.172558069229126 0.13669155538082123 -0.62665349245071411 -1.7742331027984619 -0.27643221616744995 -0.68251049518585205 -2.0268759727478027 -0.31765031814575195 -0.16317132115364075 -2.0333058834075928 -0.29805067181587219 -0.13196201622486115 -2.316964864730835 -0.31379303336143494 0.36218062043190002 -2.1685161590576172 -0.42720973491668701 0.8923078179359436 -1.6439565420150757 -0.48449832201004028
348.55370000004768 -0.10719285905361176 -1.1213893890380859 0.11846951395273209 -0.57375121116638184 -1.8120774030685425 -0.26786872744560242 -0.6470215916633606 -2.0685482025146484 -0.31889930367469788 -0.1234641820192337 -2.0612812042236328 -0.29158100485801697 -0.11603198200464249 -2.3339054584503174 -0.30916440486907959 0.40302532911300659 -2.160228967666626 -0.43759709596633911 0.92101496458053589 -1.6330099105834961 -0.56621599197387695
405.07450000196695 -0.14714826643466949 -1.0882374048233032 0.11702645570039749 -0.6079946756362915 -1.7704695463180542 -0.26458194851875305 -0.68036806583404541 -2.0238006114959717 -0.31498777866363525 -0.16322039067745209 -2.0166223049163818 -0.28800395131111145 -0.1558791846036911 -2.2859089374542236 -0.30537205934524536 0.35682344436645508 -2.11435866355896 -0.43223240971565247 0.86847138404846191 -1.5935941934585571 -0.55927664041519165
405.07450000196695 -0.17064821720123291 -1.1315233707427979 0.10147126764059067 -0.54044830799102783 -1.8389714956283569 -0.2526269257068634 -0.61374986171722412 -2.0827767848968506 -0.30384507775306702 -0.10791385918855667 -2.0661063194274902 -0.31042763590812683 -0.1022728830575943 -2.3240993022918701 -0.33981642127037048 0.40653201937675476 -2.1343092918395996 -0.46113213896751404 0.94084304571151733 -1.6191976070404053 -0.5806007981300354
462.40150000154972 -0.19170889258384705 -1.0891907215118408 0.29278180003166199 -0.43775728344917297 -1.7359340190887451 -0.089945368468761444 -0.49182617664337158 -1.9640569686889648 -0.13823264837265015 -0.088028751313686371 -1.9993792772293091 -0.19331078231334686 -0.076807104051113129 -2.2501165866851807 -0.24086350202560425 0.41528812050819397 -2.1480817794799805 -0.32238879799842834 0.95904099941253662 -1.7024136781692505 -0.41857534646987915
462.40150000154972 -0.13535723090171814 -1.1512880325317383 -0.26703014969825745 -0.51794511079788208 -1.8226977586746216 -0.38897815346717834 -0.59620761871337891 -2.0636873245239258 -0.44431596994400024 -0.055667173117399216 -2.0391888618469238 -0.29633399844169617 -0.04939395934343338 -2.2956938743591309 -0.33638131618499756 0.48304879665374756 -2.1495909690856934 -0.39510947465896606 0.97346192598342896 -1.6593201160430908 -0.43496724963188171
522.208599999547 -0.17994660139083862 -1.0633044242858887 -0.25349244475364685 -0.54313552379608154 -1.7006704807281494 -0.36925715208053589 -0.61742985248565674 -1.929440975189209 -0.42178913950920105 -0.10429718345403671 -1.9061846733093262 -0.28131049871444702 -0.098342053592205048 -2.149683952331543 -0.31932723522186279 0.40710347890853882 -2.010988712310791 -0.37507760524749756 0.87265056371688843 -1.545576810836792 -0.41291442513465881
522.208599999547 -0.28285181522369385 -1.077755331993103 -0.041587240993976593 -0.5574418306350708 -1.7510863542556763 -0.32770106196403503 -0.62382400035858154 -1.9939007759094238 -0.38429069519042969 -0.11134679615497589 -1.9642353057861328 -0.34807756543159485 -0.09622538834810257 -2.2228221893310547 -0.40045052766799927 0.4284014105796814 -2.08011794090271 -0.46783959865570068 0.90419477224349976 -1.6001417636871338 -0.54374349117279053
577.18909999728203 -0.075489446520805359 -1.061069130897522 -0.09120042622089386 -0.40343174338340759 -1.7564669847488403 -0.28816282749176025 -0.46861168742179871 -1.9910458326339722 -0.35284936428070068 -0.073628753423690796 -1.9961247444152832 -0.27222669124603271 -0.068318955600261688 -2.2473568916320801 -0.32962679862976074 0.39667454361915588 -2.124420166015625 -0.37572437524795532 0.81710463762283325 -1.6889901161193848 -0.42994758486747742
577.18909999728203 -0.0911412313580513 -1.0368179082870483 -0.089867793023586273 -0.41430032253265381 -1.722072958946228 -0.28395739197731018 -0.47852954268455505 -1.9532303810119629 -0.34770044684410095 -0.089307680726051331 -1.9582350254058838 -0.26825368404388428 -0.084075331687927246 -2.2058029174804688 -0.32481658458709717 0.37413600087165833 -2.0846590995788574 -0.37024179100990295 0.78843379020690918 -1.6555800437927246 -0.42367410659790039
632.08389999717474 -0.20205262303352356 -1.0629944801330566 -0.09151032567024231 -0.56632351875305176 -1.7852441072463989 -0.28836527466773987 -0.63208603858947754 -2.0325517654418945 -0.35082876682281494 -0.13169166445732117 -2.0009293556213379 -0.30058956146240234 -0.11891544610261917 -2.2460050582885742 -0.34605610370635986 0.36858510971069336 -2.0927712917327881 -0.41682115197181702 0.87708091735839844 -1.6347794532775879 -0.53360247611999512
632.08389999717474 -0.20519529283046722 -1.0866944789886475 0.21520189940929413 -0.55193525552749634 -1.7585527896881104 -0.20512691140174866 -0.61291861534118652 -1.9954080581665039 -0.25386029481887817 -0.17748549580574036 -2.0072295665740967 -0.30815985798835754 -0.16188697516918182 -2.2697267532348633 -0.35521256923675537 0.35111531615257263 -2.1194326877593994 -0.42145276069641113 0.85593360662460327 -1.6192197799682617 -0.54073059558868408
687.15280000120401 -0.12944896519184113 -1.1050961017608643 0.2181171178817749 -0.48088023066520691 -1.7860444784164429 -0.20789866149425507 -0.54268872737884521 -2.0261044502258301 -0.25729137659072876 -0.10136426985263824 -2.0380856990814209 -0.31232562661170959 -0.085554696619510651 -2.3041343688964844 -0.36001494526863098 0.43438839912414551 -2.1518070697784424 -0.42715129256248474 0.94603681564331055 -1.6448261737823486 -0.548042893409729
687.15280000120401 -0.30510115623474121 -1.132871150970459 -0.00087198661640286446 -0.51996994018554688 -1.7385877370834351 -0.22086271643638611 -0.55338054895401001 -1.9805877208709717 -0.2759266197681427 -0.12313932925462723 -1.9991683959960938 -0.2691999077796936 -0.088531933724880219 -2.2590694427490234 -0.31380680203437805 0.35617101192474365 -2.1556851863861084 -0.36392316222190857 0.87420171499252319 -1.6885483264923096 -0.45196017622947693
744.00039999932051 -0.29250138998031616 -1.0777765512466431 -0.00085408275481313467 -0.50228720903396606 -1.6691642999649048 -0.21564064919948578 -0.53490746021270752 -1.9054392576217651 -0.26940193772315979 -0.11484409868717194 -1.9235804080963135 -0.26283437013626099 -0.081055387854576111 -2.1773333549499512 -0.30638602375984192 0.35312753915786743 -2.07639479637146 -0.35531681776046753 0.85890364646911621 -1.620308518409729 -0.44127121567726135
750.10200000554323 -0.30024662613868713 -1.1063152551651001 -0.00087669829372316599 -0.51558738946914673 -1.7133625745773315 -0.22135065495967865 -0.54907143115997314 -1.9558939933776855 -0.2765355110168457 -0.11788509041070938 -1.974515438079834 -0.2697940468788147 -0.083201676607131958 -2.2349874973297119 -0.3144989013671875 0.362478107213974 -2.1313760280609131 -0.36472535133361816 0.88164675235748291 -1.6632131338119507 -0.45295578241348267
815.49230000376701 -0.20614299178123474 -1.0926634073257446 0.14620031416416168 -0.56424373388290405 -1.7230594158172607 -0.27331081032752991 -0.6307259202003479 -1.9635173082351685 -0.33214652538299561 -0.16908223927021027 -1.9878560304641724 -0.35735872387886047 -0.15716488659381866 -2.2538495063781738 -0.4122689962387085 0.35263967514038086 -2.1285111904144287 -0.46264004707336426 0.88816702365875244 -1.6418163776397705 -0.54084885120391846
815.49230000376701 -0.16377949714660645 -1.0533080101013184 0.20550771057605743 -0.50747025012969971 -1.731328010559082 -0.12707135081291199 -0.55412834882736206 -1.9655172824859619 -0.18011321127414703 -0.19124598801136017 -2.0074524879455566 -0.21189604699611664 -0.17701897025108337 -2.2589404582977295 -0.24540454149246216 0.27956753969192505 -2.1552708148956299 -0.28903323411941528 0.86137747764587402 -1.689725399017334 -0.41787135601043701
894.90289999544621 -0.055787317454814911 -1.1109305620193481 -0.081120289862155914 -0.67427563667297363 -1.7388666868209839 -0.37536871433258057 -0.74262744188308716 -1.9872651100158691 -0.43953976035118103 -0.17431750893592834 -2.0015583038330078 -0.33515727519989014 -0.14645515382289886 -2.265108585357666 -0.3666093647480011 0.34931594133377075 -2.1247279644012451 -0.43377813696861267 0.85952156782150269 -1.6185677051544189 -0.51576793193817139
894.90289999544621 -0.19382227957248688 -1.0934609174728394 -0.33339738845825195 -0.70019906759262085 -1.7487808465957642 -0.48385804891586304 -0.77575123310089111 -2.0010476112365723 -0.56064736843109131 -0.18053936958312988 -1.982975959777832 -0.40027913451194763 -0.16108264029026031 -2.2420477867126465 -0.4293748140335083 0.34472161531448364 -2.0659949779510498 -0.5290452241897583 0.87411254644393921 -1.5197474956512451 -0.60687428712844849
952.96780000627041 0.049522560089826584 -0.97572493553161621 -0.20185050368309021 -0.70516026020050049 -1.7351312637329102 -0.45667257905006409 -0.78346824645996094 -1.9799995422363281 -0.52676099538803101 -0.20261701941490173 -2.0026993751525879 -0.3584105372428894 -0.18761356174945831 -2.2569549083709717 -0.38981834053993225 0.35386648774147034 -2.1062572002410889 -0.5066295862197876 0.88344073295593262 -1.5454127788543701 -0.56820076704025269
952.96780000627041 0.1303839385509491 -0.98825633525848389 -0.1971832662820816 -0.60685181617736816 -1.7301063537597656 -0.44611427187919617 -0.6833493709564209 -1.9693136215209961 -0.51458233594894409 -0.11592657119035721 -1.9914888143539429 -0.35012388229370117 -0.10126996040344238 -2.2398662567138672 -0.38080558180809021 0.42769193649291992 -2.0926525592803955 -0.49491634964942932 0.94502317905426025 -1.5447739362716675 -0.55506408214569092
1009.250199995935 0.063401512801647186 -0.94234144687652588 -0.079759217798709869 -0.60340070724487305 -1.6032277345657349 -0.40783601999282837 -0.67885929346084595 -1.8248090744018555 -0.4790300726890564 -0.16643571853637695 -1.8926321268081665 -0.37733086943626404 -0.16034829616546631 -2.1412527561187744 -0.42710012197494507 0.3394186794757843 -2.038104772567749 -0.46392485499382019 0.81423449516296387 -1.5705585479736328 -0.48741090297698975
1009.250199995935 0.29745432734489441 -0.91564851999282837 -0.28365623950958252 0.12222513556480408 -1.5083035230636597 -0.57499998807907104 0.10967761278152466 -1.7075738906860352 -0.65277671813964844 -0.12800024449825287 -1.7506393194198608 -0.55419248342514038 -0.17876540124416351 -1.9783022403717041 -0.61710721254348755 -0.23412670195102692 -1.8733326196670532 -0.64509016275405884 -0.24442102015018463 -1.5967131853103638 -0.65615695714950562
1109.3465999960899 -0.080737471580505371 -0.86659860610961914 -0.40842613577842712 -0.73904234170913696 -1.420255184173584 -0.55495756864547729 -0.81723111867904663 -1.5603082180023193 -0.62648606300354004 -0.1570899486541748 -1.5263473987579346 -0.4962177574634552 -0.14200401306152344 -1.6141722202301025 -0.54320216178894043 0.24999444186687469 -1.4846603870391846 -0.55720597505569458 0.65173721313476563 -1.2097823619842529 -0.72477871179580688
1201.8274000063539 -0.0056220446713268757 -0.74687045812606812 -0.54409885406494141 -0.80556046962738037 -1.3025109767913818 -0.72167569398880005 -0.87511080503463745 -1.5187959671020508 -0.7936241626739502 -0.29608863592147827 -1.5581622123718262 -0.66183483600616455 -0.26449120044708252 -1.7746020555496216 -0.68858879804611206 0.23869594931602478 -1.6485234498977661 -0.78113919496536255 0.75370067358016968 -1.2995412349700928 -0.89041811227798462
1201.8274000063539 -0.1814727783203125 -0.7891465425491333 -0.25982436537742615 -0.8827139139175415 -1.5022983551025391 -0.79114007949829102 -0.95060867071151733 -1.7624772787094116 -0.85710155963897705 -0.29178041219711304 -1.7953300476074219 -0.80094289779663086 -0.28646174073219299 -2.0776450634002686 -0.84369450807571411 0.28118672966957092 -1.9051300287246704 -0.86947429180145264 0.84662890434265137 -1.4426854848861694 -0.9002227783203125
1273.0530000030994 -0.39995452761650085 -0.87767362594604492 -0.013095811009407043 -1.2306393384933472 -1.7368972301483154 -0.59584927558898926 -1.2708250284194946 -2.0258238315582275 -0.68066650629043579 -0.59840202331542969 -2.124791145324707 -0.58981269598007202 -0.57816791534423828 -2.4124789237976074 -0.59160351753234863 0.1096566915512085 -2.3058710098266602 -0.70055848360061646 0.85806441307067871 -1.8373630046844482 -0.88658416271209717
1273.0530000030994 -0.15214535593986511 -1.0142264366149902 -0.12149997800588608 -1.1010017395019531 -1.6420121192932129 -0.54027920961380005 -1.219204306602478 -1.8974467515945435 -0.62945675849914551 -0.42452690005302429 -1.9982683658599854 -0.51100915670394897 -0.41470324993133545 -2.2827010154724121 -0.57067131996154785 0.22517459094524384 -2.1236472129821777 -0.6961631178855896 0.73561418056488037 -1.6036341190338135 -0.7697102427482605
1330.7239000052214 -0.22003477811813354 -1.0404976606369019 -0.25017735362052917 -1.1784652471542358 -1.6810131072998047 -0.58183658123016357 -1.3071150779724121 -1.945356011390686 -0.68342119455337524 -0.53904139995574951 -2.0442476272583008 -0.53429150581359863 -0.55889612436294556 -2.3295214176177979 -0.61079651117324829 0.079707957804203033 -2.1783754825592041 -0.75738483667373657 0.59363460540771484 -1.665269136428833 -0.85186105966567993
1330.7239000052214 -0.23945264518260956 -0.95788019895553589 -0.32310929894447327 -1.1050606966018677 -1.5280305147171021 -0.51822394132614136 -1.2281194925308228 -1.7749379873275757 -0.62124800682067871 -0.46560001373291016 -1.8959414958953857 -0.44295966625213623 -0.47343102097511292 -2.1680872440338135 -0.50833433866500854 0.11160231381654739 -2.0145540237426758 -0.6482621431350708 0.57462775707244873 -1.5599550008773804 -0.70796066522598267
1386.9914999976754 -0.21892784535884857 -0.98476719856262207 -0.33122941851615906 -1.1063039302825928 -1.5692554712295532 -0.53125077486038208 -1.2324573993682861 -1.8223720788955688 -0.63686567544937134 -0.4507623016834259 -1.9464186429977417 -0.45409378409385681 -0.45879024267196655 -2.2254080772399902 -0.52111244201660156 0.1409553587436676 -2.0680139064788818 -0.66455912590026855 0.61562484502792358 -1.6019828319549561 -0.72575896978378296
1386.9914999976754 -0.30007240176200867 -0.96776896715164185 -0.38683068752288818 -1.0785757303237915 -1.5600377321243286 -0.56451559066772461 -1.2081552743911743 -1.8214088678359985 -0.66061842441558838 -0.4685002863407135 -1.9077576398849487 -0.5198359489440918 -0.48881438374519348 -2.2007443904876709 -0.59649914503097534 0.085203751921653748 -2.0590598583221436 -0.70594584941864014 0.57572579383850098 -1.6187701225280762 -0.74285656213760376
1445.4201999977231 -0.16599994897842407 -0.89815026521682739 -0.71716398000717163 -1.1349680423736572 -1.5303822755813599 -0.78690886497497559 -1.2708832025527954 -1.7922713756561279 -0.90556961297988892 -0.49893492460250854 -1.9145767688751221 -0.61858552694320679 -0.51734441518783569 -2.2014369964599609 -0.70510566234588623 0.10521165281534195 -2.0636601448059082 -0.82731544971466064 0.59776210784912109 -1.6018351316452026 -0.85622531175613403
1445.4201999977231 -0.1645607203245163 -0.9202161431312561 -0.72445255517959595 -1.143380880355835 -1.5588765144348145 -0.7949066162109375 -1.2806780338287354 -1.8234285116195679 -0.91477388143539429 -0.50088083744049072 -1.9469772577285767 -0.62487179040908813 -0.5194774866104126 -2.2367539405822754 -0.71227169036865234 0.10940849035978317 -2.097576379776001 -0.83572399616241455 0.60696703195571899 -1.6310559511184692 -0.86492782831192017
1504.1629999950528 -0.21069431304931641 -0.9702487587928772 -0.24445289373397827 -1.101082444190979 -1.5477248430252075 -0.54975032806396484 -1.2245839834213257 -1.7956002950668335 -0.64125931262969971 -0.52147215604782104 -1.9159194231033325 -0.50428509712219238 -0.54733544588088989 -2.2006895542144775 -0.56411248445510864 0.096151575446128845 -2.0653905868530273 -0.67959111928939819 0.63372427225112915 -1.5842795372009277 -0.75730842351913452
1504.1629999950528 -0.073644913733005524 -0.9582250714302063 -0.30332717299461365 -1.0853730440139771 -1.5963709354400635 -0.62401747703552246 -1.216905951499939 -1.8451236486434937 -0.72299367189407349 -0.4984641969203949 -1.984356164932251 -0.5197218656539917 -0.53119820356369019 -2.2653253078460693 -0.58159738779067993 0.12731657922267914 -2.1687436103820801 -0.72203850746154785 0.67884093523025513 -1.7136449813842773 -0.82974207401275635
1565.3740999922156 0.048155594617128372 -0.86534595489501953 -0.1837645024061203 -0.96620553731918335 -1.4660176038742065 -0.65583068132400513 -1.0648281574249268 -1.699415922164917 -0.7385285496711731 -0.50182437896728516 -1.8257672786712646 -0.5530582070350647 -0.52677857875823975 -2.0962657928466797 -0.60013055801391602 0.1453368216753006 -2.0492644309997559 -0.63200420141220093 0.68262898921966553 -1.5852259397506714 -0.66942793130874634
1565.3740999922156 0.023755408823490143 -0.92850935459136963 -0.19048029184341431 -1.0276778936386108 -1.5511339902877808 -0.67979925870895386 -1.1299049854278564 -1.7930624485015869 -0.76551955938339233 -0.54632484912872314 -1.9240314960479736 -0.57327073812484741 -0.57219111919403076 -2.204416036605835 -0.62206345796585083 0.12448834627866745 -2.1556968688964844 -0.65510201454162598 0.68141716718673706 -1.674699068069458 -0.6938934326171875
1623.2369999960065 -0.05261765792965889 -0.93134057521820068 -0.23076750338077545 -0.99728924036026001 -1.5314241647720337 -0.67432540655136108 -1.0940265655517578 -1.7704368829727173 -0.76288503408432007 -0.41696861386299133 -1.8863265514373779 -0.59454166889190674 -0.42411655187606812 -2.158423900604248 -0.64801949262619019 0.19709594547748566 -2.0228784084320068 -0.68840336799621582 0.72874993085861206 -1.5645602941513062 -0.74356192350387573
1623.2369999960065 -0.1483510434627533 -0.82978373765945435 -0.28944474458694458 -0.9651673436164856 -1.5687386989593506 -0.70419955253601074 -1.0790657997131348 -1.8272309303283691 -0.78722923994064331 -0.32180359959602356 -1.9526139497756958 -0.62795108556747437 -0.33536973595619202 -2.2439308166503906 -0.7112574577331543 0.32935246825218201 -2.1115286350250244 -0.76178985834121704 0.86352545022964478 -1.6151237487792969 -0.77552050352096558
1680.145900003612 -0.47566968202590942 -0.99798411130905151 -0.28188174962997437 -0.92760962247848511 -1.615613579750061 -0.70268630981445313 -1.0238190889358521 -1.8838636875152588 -0.76914048194885254 -0.39438357949256897 -1.9204038381576538 -0.79227572679519653 -0.43361717462539673 -2.2212176322937012 -0.89156037569046021 0.16970746219158173 -2.0909380912780762 -0.89147019386291504 0.84262323379516602 -1.6668694019317627 -0.81669425964355469
1680.145900003612 -0.61678951978683472 -0.99892228841781616 -0.28814738988876343 -1.0787930488586426 -1.6303049325942993 -0.71832221746444702 -1.1771447658538818 -1.9045282602310181 -0.78625613451004028 -0.53369337320327759 -1.9418820142745972 -0.80990654230117798 -0.57380062341690063 -2.2493941783905029 -0.91140204668045044 0.042958524078130722 -2.1162135601043701 -0.91130983829498291 0.7308584451675415 -1.6827020645141602 -0.83486884832382202
1740.3821999952197 -0.6062353253364563 -1.1628150939941406 -0.21791024506092072 -0.96704685688018799 -1.7302035093307495 -0.66468894481658936 -1.0759750604629517 -2.0149435997009277 -0.73357546329498291 -0.47779873013496399 -2.0064163208007813 -0.75186389684677124 -0.52771997451782227 -2.3425078392028809 -0.85139238834381104 0.10029672831296921 -2.1975953578948975 -0.87166875600814819 0.78239166736602783 -1.635936975479126 -0.84470081329345703
1740.3821999952197 -0.94253247976303101 -1.5951606035232544 -0.50121545791625977 -0.53122556209564209 -1.8589521646499634 -0.41022381186485291 -0.6027405858039856 -2.1124804019927979 -0.49639487266540527 -0.076857157051563263 -1.8793318271636963 -0.36133074760437012 -0.097469255328178406 -2.1285560131072998 -0.46106228232383728 0.39360004663467407 -1.9912854433059692 -0.44634068012237549 0.91423714160919189 -1.589296817779541 -0.40293595194816589
1812.6124999970198 0.65855205059051514 -0.94149190187454224 -0.21018703281879425 0.10100570321083069 -1.3514021635055542 -0.71005749702453613 0.063503138720989227 -1.5715482234954834 -0.74448049068450928 -0.15029650926589966 -1.5277112722396851 -0.83580154180526733 -0.19916099309921265 -1.7413973808288574 -0.91881293058395386 -0.38042888045310974 -1.6295077800750732 -0.8640407919883728 -0.54373425245285034 -1.3778582811355591 -0.85242199897766113
1812.6124999970198 -0.23601634800434113 -1.2585831880569458 -1.2170299291610718 -0.2881639301776886 -1.8072433471679688 -1.1869992017745972 -0.24717921018600464 -1.8258997201919556 -1.3809375762939453 0.26124939322471619 -1.9017565250396729 -1.0839031934738159 0.2482818216085434 -1.9118078947067261 -1.3331137895584106 0.66713231801986694 -1.7923886775970459 -1.2548868656158447 1.152543306350708 -1.4847449064254761 -1.2682738304138184
1881.8852000012994 0.055099435150623322 -0.63501584529876709 -1.3683313131332397 -0.42182517051696777 -1.2822303771972656 -1.359331488609314 -0.41365748643875122 -1.4071218967437744 -1.4949431419372559 -0.02016785554587841 -1.3637056350708008 -1.2904181480407715 -0.0040772710926830769 -1.4482978582382202 -1.4744551181793213 0.47200518846511841 -1.2829782962799072 -1.4182367324829102 0.94049417972564697 -0.96617603302001953 -1.4309910535812378
1881.8852000012994 0.94816654920578003 -0.92393505573272705 -0.78109455108642578 0.51920211315155029 -1.1124955415725708 -1.3206548690795898 0.5320131778717041 -1.3269187211990356 -1.3759976625442505 0.11756939440965652 -1.2112892866134644 -1.5245827436447144 0.082346245646476746 -1.4446492195129395 -1.7017511129379272 -0.25385916233062744 -1.3479020595550537 -1.5875446796417236 -0.3268623948097229 -0.99128150939941406 -1.331433892250061
1968.9730000048876 0.035869155079126358 -0.75892508029937744 -0.26147878170013428 -0.14430704712867737 -1.0466911792755127 -0.905903160572052 -0.20107577741146088 -1.2426396608352661 -0.90321981906890869 0.15924306213855743 -1.1733938455581665 -1.1903889179229736 0.092080488801002502 -1.3938204050064087 -1.3164118528366089 0.53137344121932983 -1.2002946138381958 -1.1865179538726807 1.0211777687072754 -0.81691533327102661 -1.1396043300628662
1968.9730000048876 -0.082824781537055969 -0.71489614248275757 -0.38035982847213745 -0.48718318343162537 -1.2180633544921875 -0.63909655809402466 -0.54907214641571045 -1.4424461126327515 -0.74170792102813721 0.037530329078435898 -1.364601731300354 -0.63231992721557617 0.028721937909722328 -1.5779184103012085 -0.74306368827819824 0.53504723310470581 -1.3870657682418823 -0.8164331316947937 1.0448672771453857 -0.95591443777084351 -0.87824445962905884
2032.7190999984741 0.56092554330825806 -1.0981321334838867 -0.22636425495147705 0.14662712812423706 -1.5787086486816406 -1.1008880138397217 0.11648054420948029 -1.8336280584335327 -1.1874752044677734 0.15713681280612946 -1.8192282915115356 -1.2331752777099609 0.14280106127262115 -2.1116533279418945 -1.4291716814041138 0.29968661069869995 -1.886993408203125 -1.2583713531494141 0.30764544010162354 -1.5324634313583374 -1.1470268964767456
2032.7190999984741 -0.32771947979927063 -0.98900806903839111 -0.090498447418212891 -0.30488437414169312 -1.4319483041763306 -0.86084079742431641 -0.34693977236747742 -1.6997933387756348 -0.96322602033615112 0.18483981490135193 -1.6002442836761475 -1.1655713319778442 0.17835617065429688 -1.9248011112213135 -1.4128893613815308 0.74756789207458496 -1.7388749122619629 -1.3035019636154175 1.2375096082687378 -1.1937077045440674 -1.1703236103057861
2101.5907000005245 -0.088616162538528442 -0.85675972700119019 -0.33947119116783142 -0.43206453323364258 -1.4370744228363037 -0.87773364782333374 -0.51863884925842285 -1.7157614231109619 -1.0051829814910889 0.12600028514862061 -1.6269402503967285 -1.0439331531524658 0.10467753559350967 -1.9169707298278809 -1.1946117877960205 0.64930254220962524 -1.6814541816711426 -1.2171223163604736 1.3467974662780762 -1.1224985122680664 -1.2702229022979736
2101.5907000005245 -0.17009872198104858 -0.97800779342651367 -0.035486176609992981 -0.51336312294006348 -1.5893521308898926 -0.7476075291633606 -0.58847486972808838 -1.8539611101150513 -0.83396482467651367 0.011795784346759319 -1.7686792612075806 -0.9294014573097229 -0.00050147844012826681 -2.0556504726409912 -1.024367094039917 0.53385478258132935 -1.8388098478317261 -0.99026185274124146 1.2309012413024902 -1.3008896112442017 -1.0013140439987183
2156.8555000051856 -0.21416333317756653 -0.93371230363845825 -0.033959761261940002 -0.54256933927536011 -1.5185941457748413 -0.71525651216506958 -0.61442983150482178 -1.7717494964599609 -0.79787582159042358 -0.040142249315977097 -1.6901590824127197 -0.88918143510818481 -0.051907215267419815 -1.964708685874939 -0.98003637790679932 0.45931908488273621 -1.7572540044784546 -0.94740736484527588 1.1261935234069824 -1.2426179647445679 -0.9579811692237854
2156.8555000051856 -0.17898364365100861 -1.0166255235671997 -0.4914669394493103 -0.45125213265419006 -1.4937814474105835 -1.0096783638000488 -0.51139456033706665 -1.7426353693008423 -1.1338504552841187 0.060104899108409882 -1.5991716384887695 -1.1682593822479248 0.053931493312120438 -1.8489797115325928 -1.3449920415878296 0.58345460891723633 -1.6375380754470825 -1.2730904817581177 1.1546388864517212 -1.1228086948394775 -1.2191046476364136
2228.6581000089645 -0.29701930284500122 -0.91896951198577881 -0.17549970746040344 -0.36106240749359131 -1.3199245929718018 -0.86488866806030273 -0.40620815753936768 -1.5465493202209473 -0.96108484268188477 0.082125820219516754 -1.4203851222991943 -1.0787153244018555 0.08678755909204483 -1.6827378273010254 -1.2396702766418457 0.55692523717880249 -1.4772658348083496 -1.1356843709945679 1.0369918346405029 -0.96248072385787964 -1.0336494445800781
2228.6581000089645 -0.14903837442398071 -0.90595144033432007 0.22202520072460175 -0.44549638032913208 -1.3757032155990601 -0.37354892492294312 -0.47090983390808105 -1.6008346080780029 -0.41695123910903931 0.06025097519159317 -1.5250911712646484 -0.60442435741424561 0.082675881683826447 -1.7722657918930054 -0.65329641103744507 0.5825570821762085 -1.5847078561782837 -0.7233283519744873 1.2948149442672729 -1.033117413520813 -0.84420639276504517
2285.5055000036955 -0.14800345897674561 -1.234343409538269 -0.255440354347229 -0.56375771760940552 -1.8756816387176514 -0.80670726299285889 -0.60990363359451294 -2.1763672828674316 -0.92876452207565308 0.097387820482254028 -2.038668155670166 -0.98147356510162354 0.12142088264226913 -2.3572514057159424 -1.1176654100418091 0.74811792373657227 -2.0827832221984863 -1.1446529626846313 1.5064444541931152 -1.4068666696548462 -1.205740213394165
2285.5055000036955 -0.093037955462932587 -0.98714131116867065 -0.36422336101531982 -0.56335508823394775 -1.5985822677612305 -0.97434496879577637 -0.59647989273071289 -1.8703762292861938 -1.0961670875549316 0.036989703774452209 -1.7304823398590088 -1.0659525394439697 0.068144649267196655 -2.0218925476074219 -1.2146210670471191 0.65013182163238525 -1.7847998142242432 -1.1823222637176514 1.2579822540283203 -1.2219429016113281 -1.1713188886642456
2343.7017999961972 -0.10939566045999527 -0.94124758243560791 -0.43595173954963684 -0.53145003318786621 -1.5112220048904419 -0.85383278131484985 -0.56265354156494141 -1.7582733631134033 -0.97475993633270264 0.049987360835075378 -1.6434179544448853 -0.95397335290908813 0.064576059579849243 -1.9032529592514038 -1.1138484477996826 0.62177985906600952 -1.7043468952178955 -1.1199350357055664 1.2568360567092896 -1.1701468229293823 -1.1017595529556274
2343.7017999961972 -0.11778455227613449 -0.96346169710159302 -0.43677368760108948 -0.54063820838928223 -1.534515380859375 -0.85544610023498535 -0.57190078496932983 -1.7820346355438232 -0.97660219669342041 0.041900280863046646 -1.6669617891311646 -0.95577627420425415 0.056516602635383606 -1.9272887706756592 -1.1159541606903076 0.61477553844451904 -1.7280060052871704 -1.1220521926879883 1.2510343790054321 -1.1927944421768188 -1.1038422584533691
2401.9019000008702 -0.3298335075378418 -1.0408130884170532 0.12988771498203278 -0.54701673984527588 -1.5043251514434814 -0.50756627321243286 -0.55553096532821655 -1.7314924001693726 -0.55958718061447144 -0.049494944512844086 -1.6219475269317627 -0.79347860813140869 -0.029459604993462563 -1.8767622709274292 -0.89266675710678101 0.49072316288948059 -1.7410708665847778 -0.86736637353897095 1.2299904823303223 -1.2561730146408081 -0.8980897068977356
2401.9019000008702 -0.30340182781219482 -1.1516792774200439 -0.006354867946356535 -0.63776248693466187 -1.5062693357467651 -0.75907576084136963 -0.65413004159927368 -1.75191330909729 -0.85584908723831177 -0.027301223948597908 -1.6150257587432861 -0.99727076292037964 0.013207785785198212 -1.8938874006271362 -1.145764946937561 0.56933194398880005 -1.7074770927429199 -1.1086740493774414 1.2578414678573608 -1.226584792137146 -1.0609928369522095
2456.582800000906 -0.2029590904712677 -0.95584172010421753 -0.18100859224796295 -0.49697723984718323 -1.3864670991897583 -0.93442773818969727 -0.50855636596679688 -1.6170563697814941 -1.0467368364334106 -0.0091995531693100929 -1.5021395683288574 -1.1787018775939941 -0.00065522419754415751 -1.757482647895813 -1.3529082536697388 0.53024381399154663 -1.5843280553817749 -1.2687784433364868 1.1865119934082031 -1.1402277946472168 -1.2641654014587402
2456.582800000906 -0.14457091689109802 -0.93705219030380249 -0.16780032217502594 -0.41714596748352051 -1.3362715244293213 -0.86627161502838135 -0.42788058519363403 -1.5500435829162598 -0.97038984298706055 0.035057477653026581 -1.4435077905654907 -1.0927305221557617 0.04297865554690361 -1.680228590965271 -1.2542319297790527 0.53515857458114624 -1.5197023153305054 -1.1762377023696899 1.1435643434524536 -1.1079907417297363 -1.1719610691070557
2516.543799996376 -0.31289291381835938 -0.99454253911972046 0.072893604636192322 -0.41985145211219788 -1.300919771194458 -0.69015347957611084 -0.41680961847305298 -1.5019446611404419 -0.75600206851959229 -0.039225038141012192 -1.4030711650848389 -0.95417553186416626 -0.038792546838521957 -1.6402037143707275 -1.0842607021331787 0.41612842679023743 -1.4966572523117065 -0.97179502248764038 1.0632607936859131 -1.1074973344802856 -0.95924699306488037
2516.543799996376 -0.31338605284690857 -0.94791650772094727 -0.007848602719604969 -0.41787856817245483 -1.2467191219329834 -0.85807853937149048 -0.40348806977272034 -1.4472535848617554 -0.92854321002960205 -0.12853001058101654 -1.3532729148864746 -1.2071812152862549 -0.1420949250459671 -1.5887569189071655 -1.3658337593078613 0.35706156492233276 -1.4861606359481812 -1.2102228403091431 1.0539720058441162 -1.127393364906311 -1.221703052520752
2575.5693000033498 -0.25456815958023071 -0.93779093027114868 -0.0075168963521718979 -0.35455888509750366 -1.2237204313278198 -0.82111704349517822 -0.34078839421272278 -1.415615439414978 -0.88854581117630005 -0.077676109969615936 -1.3256834745407104 -1.155179500579834 -0.090656623244285583 -1.5510224103927612 -1.3069968223571777 0.38699507713317871 -1.4528462886810303 -1.1580901145935059 1.0538809299468994 -1.1095354557037354 -1.1690757274627686
2575.5693000033498 -0.094214200973510742 -0.83293431997299194 0.22651517391204834 -0.2133471816778183 -1.1966792345046997 -0.55639159679412842 -0.20003814995288849 -1.3933144807815552 -0.59893625974655151 -0.051493622362613678 -1.3147062063217163 -0.91788250207901001 -0.062433883547782898 -1.5505199432373047 -1.0682392120361328 0.36056509613990784 -1.4554802179336548 -0.88221585750579834 0.90495741367340088 -1.0919898748397827 -0.87389302253723145
2742.6456999927759 -0.039941444993019104 -0.87329351902008057 1.2376317977905273 -0.37515711784362793 -0.70493578910827637 1.0562020540237427 -0.38158363103866577 -0.68097078800201416 1.1139799356460571 -0.5044676661491394 -0.58290082216262817 0.80901479721069336 -0.48081076145172119 -0.49490240216255188 0.72824645042419434 -0.47879788279533386 -0.35179340839385986 0.38353317975997925 -0.37348517775535583 -0.5679972767829895 0.31202977895736694
2855.8083000034094 -1.4260947704315186 -1.3980913162231445 2.0784659385681152 -2.1365046501159668 -2.1714370250701904 1.3497837781906128 -2.3455214500427246 -2.3509535789489746 1.4245367050170898 -0.93809866905212402 -1.8477257490158081 1.3929632902145386 -0.9445878267288208 -1.6753939390182495 1.5824316740036011 -0.38818114995956421 -1.5338672399520874 1.2529448270797729 0.42534586787223816 -2.1529941558837891 0.69146519899368286
2945.3634999990463 -0.11635683476924896 -1.4120677709579468 1.469611644744873 -0.099618896842002869 -1.1675359010696411 1.2294497489929199 -0.046873580664396286 -1.1877599954605103 1.3736040592193604 -0.25368461012840271 -1.0757870674133301 1.027962327003479 -0.15350876748561859 -1.0159966945648193 1.1343177556991577 -0.13492214679718018 -0.85069525241851807 0.79740017652511597 0.014522695913910866 -0.96753597259521484 0.56406962871551514
2945.3634999990463 -0.65259814262390137 -0.99015837907791138 4.3516802787780762 -0.54124945402145386 -1.279094934463501 4.7182068824768066 -0.51824164390563965 -1.2892694473266602 4.9061188697814941 -0.18720608949661255 -1.3526557683944702 5.043372631072998 -0.17349743843078613 -1.3413126468658447 5.3812117576599121 0.15767650306224823 -1.339841365814209 4.5924396514892578 0.62684530019760132 -1.3633196353912354 4.5252351760864258
3047.0899000018835 -0.51983219385147095 -0.24985545873641968 0.62853735685348511 -0.39966776967048645 -0.27597817778587341 0.36111763119697571 -0.38899344205856323 -0.24990205466747284 0.31548094749450684 -0.28235054016113281 -0.31770819425582886 0.30042415857315063 -0.27914571762084961 -0.27673918008804321 0.27803254127502441 -0.1373022198677063 -0.34318092465400696 0.21705949306488037 0.12370669841766357 -0.45326226949691772 0.057979252189397812
3141.1019999980927 -0.9831550121307373 -1.1842837333679199 2.3581726551055908 -0.63959091901779175 -1.4054902791976929 1.2111430168151855 -0.59863144159317017 -1.388891339302063 1.1852186918258667 -0.51771140098571777 -1.5107269287109375 0.81762796640396118 -0.47470182180404663 -1.4336903095245361 0.82769870758056641 -0.16886378824710846 -1.5271151065826416 0.44162836670875549 0.61733752489089966 -1.9145461320877075 -0.030019775032997131
3141.1019999980927 -0.5559535026550293 -0.75914126634597778 2.247931957244873 -0.41738837957382202 -0.78948456048965454 1.5135178565979004 -0.40020370483398438 -0.75290143489837646 1.5210627317428589 -0.11694355309009552 -0.84009259939193726 1.5360316038131714 -0.084682725369930267 -0.77171725034713745 1.6221604347229004 0.15829922258853912 -0.88476914167404175 1.1989462375640869 0.71026134490966797 -1.3172134160995483 0.92228668928146362
3196.8401999995112 -0.31049877405166626 -0.50315231084823608 2.2704620361328125 -0.29259601235389709 -0.62388825416564941 1.5714457035064697 -0.28337019681930542 -0.61573463678359985 1.5665767192840576 -0.090225555002689362 -0.61497020721435547 1.5657885074615479 -0.071969561278820038 -0.54481244087219238 1.5374698638916016 0.15548853576183319 -0.60442149639129639 1.0499532222747803 0.69567358493804932 -1.0931180715560913 1.1353816986083984
3196.8401999995112 -0.24334175884723663 -0.47259920835494995 2.1492834091186523 -0.22639453411102295 -0.5868910551071167 1.4875760078430176 -0.21766114234924316 -0.57917261123657227 1.4829668998718262 -0.034825306385755539 -0.57844901084899902 1.4822207689285278 -0.017543697729706764 -0.51203584671020508 1.4554135799407959 0.19777417182922363 -0.56846332550048828 0.99391746520996094 0.70912766456604004 -1.0310764312744141 1.0747863054275513
3255.5882999971509 -0.2756311297416687 -0.51080101728439331 1.9686886072158813 -0.083429105579853058 -0.68706464767456055 2.0691323280334473 -0.053722470998764038 -0.69533050060272217 2.2802190780639648 0.0083865271881222725 -0.85983771085739136 1.8270821571350098 0.069496728479862213 -0.90686273574829102 2.0116961002349854 0.15146179497241974 -0.81643229722976685 1.5907242298126221 0.44236865639686584 -0.79576468467712402 1.3147318363189697
3255.5882999971509 -0.17390088737010956 -0.46164634823799133 2.0400102138519287 0.034008882939815521 -0.67304158210754395 2.1586127281188965 0.056042514741420746 -0.68704354763031006 2.3647546768188477 0.24344207346439362 -0.89391708374023438 1.9021204710006714 0.30868580937385559 -0.96696257591247559 2.0917825698852539 0.51012283563613892 -0.98221629858016968 1.5723769664764404 0.654308021068573 -0.90753370523452759 1.2095614671707153
3309.3011000007391 -0.22962187230587006 -0.54355931282043457 2.1371514797210693 -0.011811655946075916 -0.76502096652984619 2.261401891708374 0.011271193623542786 -0.77968966960906982 2.4773602485656738 0.20759449899196625 -0.99641424417495728 1.992695689201355 0.27594512701034546 -1.072938084602356 2.1913890838623047 0.4869743287563324 -1.0889183282852173 1.6472501754760742 0.63802546262741089 -1.0106793642044067 1.2671575546264648
3420.6255000084639 -0.65371179580688477 -0.32698944211006165 1.2046273946762085 -0.45063981413841248 -0.40004473924636841 0.77442258596420288 -0.44836816191673279 -0.37695297598838806 0.79536086320877075 -0.1560724675655365 -0.45748671889305115 0.66712439060211182 -0.13570286333560944 -0.42115244269371033 0.68191015720367432 0.17298531532287598 -0.54631710052490234 0.42537626624107361 0.63129758834838867 -0.80502092838287354 0.25123396515846252
3420.6255000084639 -0.60286968946456909 -1.043786883354187 0.060045827180147171 -0.47983095049858093 -1.6634105443954468 -0.30425795912742615 -0.41255840659141541 -1.6249827146530151 -0.25019216537475586 -0.44013789296150208 -2.381028413772583 -1.4577798843383789 -0.3863258957862854 -2.7455074787139893 -1.6522871255874634 0.23525896668434143 -2.4073147773742676 -1.444416880607605 0.70540720224380493 -1.3889390230178833 -1.5847269296646118
3508.604699999094 -0.38445627689361572 -1.0617543458938599 0.014876394532620907 -0.8859829306602478 -1.7589194774627686 -0.72049206495285034 -0.90317970514297485 -1.9272990226745605 -0.67402291297912598 -0.6010277271270752 -2.3294456005096436 -1.0773470401763916 -0.6822744607925415 -2.6934459209442139 -1.1166518926620483 0.20736066997051239 -2.6412341594696045 -0.94644325971603394 1.2038059234619141 -2.029653787612915 -1.0541445016860962
3508.604699999094 -0.26139625906944275 -0.92964696884155273 -0.21144139766693115 -1.3046908378601074 -1.7318592071533203 -0.61346209049224854 -1.3952484130859375 -2.0433437824249268 -0.67364192008972168 -0.79508817195892334 -2.1651923656463623 -0.62901371717453003 -0.8313935399055481 -2.5218203067779541 -0.68497025966644287 -0.0079268366098403931 -2.4763774871826172 -0.8377569317817688 0.6882510781288147 -1.9171764850616455 -1.0464942455291748
3565.1066000014544 -0.32954698801040649 -1.0208677053451538 -0.20066951215267181 -1.3196516036987305 -1.7821811437606812 -0.58219414949417114 -1.4055925607681274 -2.0777854919433594 -0.63930588960647583 -0.83603000640869141 -2.1934220790863037 -0.59695291519165039 -0.87048435211181641 -2.5318679809570313 -0.65005666017532349 -0.089000076055526733 -2.4887423515319824 -0.79505389928817749 0.57168489694595337 -1.9580503702163696 -0.99314922094345093
3565.1066000014544 -0.29452571272850037 -0.91237902641296387 -0.17934416234493256 -1.1794109344482422 -1.5927869081497192 -0.52032375335693359 -1.2562187910079956 -1.856977105140686 -0.57136619091033936 -0.74718421697616577 -1.9603248834609985 -0.53351414203643799 -0.7779771089553833 -2.2628037929534912 -0.58097445964813232 -0.079541951417922974 -2.2242610454559326 -0.71056270599365234 0.51093137264251709 -1.7499663829803467 -0.88760626316070557
3623.8108999952674 -0.047009095549583435 -0.72144782543182373 -0.82029229402542114 -1.1444895267486572 -1.3894040584564209 -1.0348260402679443 -1.2584536075592041 -1.6495037078857422 -1.1746490001678467 -0.57908254861831665 -1.8082791566848755 -0.92593377828598022 -0.62782925367355347 -2.1042919158935547 -1.0704256296157837 0.1208493784070015 -2.0195853710174561 -1.2190870046615601 0.74531728029251099 -1.4919071197509766 -1.288183331489563
3623.8108999952674 -0.51227784156799316 -0.91812098026275635 -0.2030496746301651 -1.2435803413391113 -1.606450080871582 -0.99832296371459961 -1.3488461971282959 -1.8757306337356567 -1.0844805240631104 -0.66447830200195313 -1.9529397487640381 -1.0661362409591675 -0.7189440131187439 -2.2775702476501465 -1.1807529926300049 0.017627110704779625 -2.1618859767913818 -1.1613112688064575 0.7264779806137085 -1.6113001108169556 -1.0520117282867432
3684.2751000002027 -0.564369797706604 -0.97927308082580566 -0.5856163501739502 -0.95694047212600708 -1.4814263582229614 -1.0819855928421021 -1.0510590076446533 -1.7512931823730469 -1.1753426790237427 -0.40925595164299011 -1.7208988666534424 -1.1529576778411865 -0.45472189784049988 -2.045518159866333 -1.3140794038772583 0.16514213383197784 -1.9338654279708862 -1.3220939636230469 0.73813772201538086 -1.4276739358901978 -1.1634153127670288
3684.2751000002027 -0.5901297926902771 -0.94522702693939209 -0.60473299026489258 -0.99552404880523682 -1.4637835025787354 -1.1173166036605835 -1.0927170515060425 -1.7424659729003906 -1.2137231826782227 -0.42994898557662964 -1.7110787630081177 -1.1906070709228516 -0.47690010070800781 -2.0463020801544189 -1.3569918870925903 0.16321234405040741 -1.9310020208358765 -1.365268349647522 0.75492537021636963 -1.4082752466201782 -1.2014062404632568
3748.6940999999642 -0.60131210088729858 -0.94759416580200195 -0.56132400035858154 -0.96803957223892212 -1.4763962030410767 -1.4242942333221436 -1.0699619054794312 -1.757875919342041 -1.5324956178665161 -0.33020526170730591 -1.7353196144104004 -1.5369873046875 -0.37527742981910706 -2.0865993499755859 -1.7455977201461792 0.29973357915878296 -2.0023472309112549 -1.6130867004394531 0.86748576164245605 -1.4398864507675171 -1.3900035619735718
3748.6940999999642 -0.77132415771484375 -0.86983811855316162 -0.78309059143066406 -0.81445616483688354 -1.1870299577713013 -1.7206751108169556 -0.89228224754333496 -1.4431450366973877 -1.8343684673309326 -0.24482817947864532 -1.3939975500106812 -1.9369368553161621 -0.30036312341690063 -1.7171127796173096 -2.1887016296386719 0.24335865676403046 -1.7051492929458618 -1.9886075258255005 0.76520180702209473 -1.2881356477737427 -1.6487056016921997
3817.1675999984145 0.77476418018341064 -0.69790619611740112 -0.56209647655487061 0.4301283061504364 -0.96492332220077515 -1.1384395360946655 0.42685720324516296 -1.1711405515670776 -1.128933310508728 0.055027216672897339 -1.0610798597335815 -1.3151674270629883 0.020605800673365593 -1.3027024269104004 -1.3712115287780762 -0.46136996150016785 -1.1803172826766968 -1.2765063047409058 -0.70706343650817871 -0.87001484632492065 -1.2122074365615845
3817.1675999984145 0.54006493091583252 -0.78726643323898315 -1.0339052677154541 0.1786501407623291 -0.85251069068908691 -1.5049264430999756 0.13344117999076843 -0.97762829065322876 -1.5499721765518188 0.10091042518615723 -1.206264853477478 -1.9245007038116455 0.055911865085363388 -1.4295694828033447 -2.2378146648406982 -0.10042698681354523 -1.4251376390457153 -2.1189916133880615 -0.42645955085754395 -1.1610361337661743 -2.0742142200469971
3902.4702000021935 0.76585644483566284 -0.58275908231735229 0.14928075671195984 0.45192369818687439 -0.91702419519424438 -0.32126528024673462 0.46651476621627808 -1.0670058727264404 -0.28634616732597351 0.14257800579071045 -0.98438125848770142 -0.4606863260269165 0.1067364290356636 -1.1513468027114868 -0.45625388622283936 -0.24799253046512604 -1.0206946134567261 -0.58449363708496094 -0.5525551438331604 -0.69079726934432983 -0.6200445294380188
3902.4702000021935 -0.23110911250114441 -0.95129597187042236 -0.49573621153831482 -0.95865899324417114 -1.4381809234619141 -1.5359013080596924 -1.1049025058746338 -1.7823225259780884 -1.7255532741546631 -0.27102378010749817 -1.702547550201416 -1.8306580781936646 -0.317252516746521 -2.090407133102417 -2.1184637546539307 0.44012242555618286 -1.7604804039001465 -1.8828390836715698 1.114912748336792 -1.1784878969192505 -1.716900110244751
3958.4362999945879 -0.32088258862495422 -1.0636947154998779 -0.82641959190368652 -0.74867647886276245 -1.3883744478225708 -1.5946623086929321 -0.83712881803512573 -1.6592637300491333 -1.772051215171814 -0.13870802521705627 -1.5616778135299683 -1.7402486801147461 -0.14784149825572968 -1.8614926338195801 -2.0204739570617676 0.42791169881820679 -1.6496398448944092 -1.8716241121292114 0.99522072076797485 -1.2115660905838013 -1.5816680192947388
3958.4362999945879 -0.35531893372535706 -0.87042659521102905 -0.35182300209999084 -0.5528293251991272 -1.0192559957504272 -1.2935395240783691 -0.62546050548553467 -1.237709641456604 -1.4216845035552979 -0.062245797365903854 -1.1342465877532959 -1.488233208656311 -0.070669606328010559 -1.4020835161209106 -1.6742469072341919 0.39567804336547852 -1.2620288133621216 -1.4589948654174805 0.91824793815612793 -0.87117612361907959 -1.2313518524169922
4016.9183999970555 -0.25165531039237976 -0.87313050031661987 -0.3135262131690979 -0.41702190041542053 -1.003209114074707 -1.2892823219299316 -0.4815390408039093 -1.2340768575668335 -1.4329463243484497 0.025232724845409393 -1.2048404216766357 -1.4596244096755981 0.016810033470392227 -1.4822889566421509 -1.7186503410339355 0.39976233243942261 -1.3604675531387329 -1.2903132438659668 0.67732292413711548 -1.0818346738815308 -0.92643314599990845
4016.9183999970555 -0.459891676902771 -0.93450623750686646 -0.35074895620346069 -0.64489716291427612 -1.0800328254699707 -1.4423854351043701 -0.71707630157470703 -1.3383184671401978 -1.6031107902526855 -0.15012052655220032 -1.3056098222732544 -1.6329572200775146 -0.15954349935054779 -1.6160080432891846 -1.9227451086044312 0.26888805627822876 -1.4797190427780151 -1.4435386657714844 0.57941162586212158 -1.1679959297180176 -1.0364444255828857
4185.8174000009894 0.94648939371109009 -0.72754651308059692 0.53960525989532471 0.25098049640655518 -1.09661865234375 -0.13849674165248871 0.16701260209083557 -1.3082274198532104 -0.086570560932159424 0.013264250010251999 -1.1727666854858398 -0.49930959939956665 -0.039948530495166779 -1.3853915929794312 -0.53713232278823853 0.078270815312862396 -1.1956748962402344 -0.6304020881652832 0.43595364689826965 -0.53576815128326416 -0.37057957053184509
4227.8654000014067 0.35007697343826294 -1.2874175310134888 -0.30718475580215454 -0.98840582370758057 -2.1676485538482666 -1.098124623298645 -1.1167466640472412 -2.5228381156921387 -1.1139934062957764 -0.54284101724624634 -2.6226866245269775 -1.456057071685791 -0.59997272491455078 -2.9595546722412109 -1.5345996618270874 0.31716963648796082 -2.8241546154022217 -1.4738997220993042 1.0210291147232056 -2.1920044422149658 -1.8003770112991333
4314.7773000076413 0.044808294624090195 -0.79064273834228516 -0.11463209986686707 -0.68952256441116333 -1.3765158653259277 -0.90968340635299683 -0.78916275501251221 -1.6337376832962036 -0.99919778108596802 -0.28445881605148315 -1.6436736583709717 -1.1331437826156616 -0.32035607099533081 -1.9469754695892334 -1.284087061882019 0.37281531095504761 -1.7850323915481567 -1.2119443416595459 0.93792241811752319 -1.2764288187026978 -1.2905322313308716
4314.7773000076413 0.077270984649658203 -0.85179996490478516 -0.61142855882644653 -0.67571914196014404 -1.5118924379348755 -0.89385831356048584 -0.78273266553878784 -1.7832067012786865 -1.0051032304763794 -0.18274247646331787 -1.7696155309677124 -0.92258161306381226 -0.20388078689575195 -2.0633161067962646 -1.042235255241394 0.37326708436012268 -1.8686145544052124 -1.0338947772979736 0.94311630725860596 -1.4010053873062134 -1.1055605411529541
4374.0376999974251 -0.086309395730495453 -0.90035909414291382 -0.15859599411487579 -0.83771318197250366 -1.5555069446563721 -0.91862368583679199 -0.93560981750488281 -1.834070086479187 -1.0150840282440186 -0.42578223347663879 -1.8478879928588867 -1.0576378107070923 -0.46835803985595703 -2.1720843315124512 -1.1847147941589355 0.21844196319580078 -2.0138278007507324 -1.1013563871383667 0.84472346305847168 -1.5067172050476074 -1.2013773918151855
4374.0376999974251 -0.10677916556596756 -0.91372531652450562 -0.5110543966293335 -0.80041384696960449 -1.5658915042877197 -0.98781633377075195 -0.90503013134002686 -1.8265092372894287 -1.1050945520401001 -0.33869016170501709 -1.8097916841506958 -1.0639107227325439 -0.36775174736976624 -2.0912270545959473 -1.2260292768478394 0.30926191806793213 -1.9178532361984253 -1.2127630710601807 0.87989252805709839 -1.4100898504257202 -1.2903679609298706
4429.6156000047922 0.2240111380815506 -0.96340423822402954 0.017213013023138046 -0.3696838915348053 -1.4165441989898682 -0.74854737520217896 -0.45957851409912109 -1.6811320781707764 -0.83569329977035522 -0.30322170257568359 -1.632604718208313 -1.0875270366668701 -0.40848323702812195 -1.9046365022659302 -1.3305835723876953 0.2938629686832428 -1.8297146558761597 -0.90356415510177612 0.70259249210357666 -1.3675593137741089 -0.84121125936508179
4431.7574000060558 -0.45206555724143982 -0.97390103340148926 0.10180296748876572 -0.81273233890533447 -1.5013355016708374 -0.91414302587509155 -0.90693920850753784 -1.7551063299179077 -0.99041962623596191 -0.38744145631790161 -1.7803219556808472 -1.1743940114974976 -0.4249139130115509 -2.0906641483306885 -1.2960561513900757 0.20650835335254669 -1.9722510576248169 -1.1199138164520264 0.87689220905303955 -1.5409234762191772 -1.1154813766479492
4506.5604999959469 -0.074354074895381927 -0.7647627592086792 -0.11607034504413605 -0.76224559545516968 -1.4404417276382446 -0.55427557229995728 -0.8356594443321228 -1.6890289783477783 -0.61435848474502563 -0.30896982550621033 -1.7340644598007202 -0.5999605655670166 -0.31362015008926392 -1.9963834285736084 -0.64298486709594727 0.27089530229568481 -1.8616156578063965 -0.71840959787368774 0.81465429067611694 -1.4239093065261841 -0.90427440404891968
4506.5604999959469 -0.025430463254451752 -1.0713088512420654 0.18041668832302094 -0.8327261209487915 -1.7575862407684326 -0.64243060350418091 -0.95040208101272583 -2.0216457843780518 -0.73654025793075562 -0.41915619373321533 -2.0641896724700928 -0.88643795251846313 -0.44434261322021484 -2.3625385761260986 -1.0032668113708496 0.27594640851020813 -2.1377143859863281 -0.93764674663543701 0.85848736763000488 -1.5902447700500488 -1.063051700592041
4566.0182000026107 -0.013477207161486149 -0.96948862075805664 0.1313549131155014 -0.70976728200912476 -1.5859459638595581 -0.77660608291625977 -0.80989784002304077 -1.8257665634155273 -0.86965650320053101 -0.33692950010299683 -1.8475525379180908 -1.0062822103500366 -0.35521966218948364 -2.1515152454376221 -1.135470986366272 0.37019118666648865 -1.9863860607147217 -0.9853203296661377 0.94674444198608398 -1.42693030834198 -0.97564560174942017
4566.0182000026107 -0.097742043435573578 -0.85545182228088379 0.07082328200340271 -0.63368761539459229 -1.6200345754623413 -0.63388025760650635 -0.72894471883773804 -1.8741017580032349 -0.68872839212417603 -0.26631772518157959 -1.8838424682617188 -0.83627557754516602 -0.30086255073547363 -2.1910901069641113 -0.93424415588378906 0.3572409451007843 -2.0648050308227539 -0.86334961652755737 1.0114314556121826 -1.5561810731887817 -0.94401991367340088
4636.1293999999762 0.21779762208461761 -0.91885346174240112 -0.84375077486038208 -0.69926691055297852 -1.7643715143203735 -0.94107139110565186 -0.83674782514572144 -2.0569159984588623 -1.0689494609832764 -0.094794504344463348 -2.0299925804138184 -0.81387048959732056 -0.11052171140909195 -2.3031852245330811 -0.91418063640594482 0.4730955958366394 -2.0304951667785645 -1.0305211544036865 0.94532787799835205 -1.5155742168426514 -1.1589463949203491
4636.1293999999762 0.15079620480537415 -0.8889765739440918 -0.2639504075050354 -0.59697377681732178 -1.488150954246521 -0.63685482740402222 -0.71910309791564941 -1.736402153968811 -0.73784542083740234 -0.1723342090845108 -1.7389647960662842 -0.6905972957611084 -0.1952565461397171 -2.0008673667907715 -0.80803203582763672 0.39088624715805054 -1.7829079627990723 -0.87521642446517944 0.84060823917388916 -1.3248646259307861 -1.0116221904754639
4695.81740000844 0.069600850343704224 -1.0350714921951294 -0.29565826058387756 -0.76799935102462769 -1.7062251567840576 -0.7133600115776062 -0.90480011701583862 -1.9842991828918457 -0.82648265361785889 -0.2923474907875061 -1.9871695041656494 -0.77355855703353882 -0.31802350282669067 -2.2805347442626953 -0.90510088205337524 0.33853310346603394 -2.0363914966583252 -0.98035609722137451 0.84228062629699707 -1.5233231782913208 -1.1331484317779541
4695.81740000844 0.056671489030122757 -0.91916006803512573 -0.37999862432479858 -0.70295941829681396 -1.6902914047241211 -0.77453416585922241 -0.81044584512710571 -1.9834303855895996 -0.8790249228477478 -0.24447198212146759 -1.9528201818466187 -0.79406142234802246 -0.27472350001335144 -2.2504935264587402 -0.91151279211044312 0.36393582820892334 -2.0339455604553223 -0.97321009635925293 0.88820642232894897 -1.5257091522216797 -1.1266704797744751
4754.5952999964356 0.059089921414852142 -0.91081929206848145 -0.16337130963802338 -0.73281180858612061 -1.6705554723739624 -0.65864336490631104 -0.85428369045257568 -1.9441357851028442 -0.74665898084640503 -0.28929862380027771 -1.9691696166992188 -0.72780442237854004 -0.32171928882598877 -2.2686638832092285 -0.83140021562576294 0.34281939268112183 -2.0955746173858643 -0.87143790721893311 0.91300457715988159 -1.5535669326782227 -1.0449751615524292
4754.5952999964356 0.14059914648532867 -0.95499742031097412 0.077639423310756683 -0.6526942253112793 -1.6588921546936035 -0.40242713689804077 -0.77487975358963013 -1.9046605825424194 -0.46999558806419373 -0.23167483508586884 -1.9810448884963989 -0.51721411943435669 -0.27089989185333252 -2.2592530250549316 -0.59692680835723877 0.37529343366622925 -2.1485395431518555 -0.69928145408630371 0.98869824409484863 -1.6131670475006104 -0.91840922832489014
4830.7302999943495 0.47980219125747681 -1.1472607851028442 0.031678907573223114 0.0032319843303412199 -1.6852532625198364 -0.65622490644454956 -0.060616403818130493 -1.9458076953887939 -0.74507611989974976 -0.14568106830120087 -1.8932719230651855 -0.78446012735366821 -0.18141299486160278 -2.1823692321777344 -0.90933656692504883 -0.05484800785779953 -1.9159252643585205 -0.88989877700805664 0.099007956683635712 -1.4958999156951904 -0.91273790597915649
4830.7302999943495 0.78692704439163208 -1.1838783025741577 -0.0041076941415667534 0.30368617177009583 -1.8019084930419922 -0.59608918428421021 0.2576657235622406 -2.0697593688964844 -0.68926000595092773 0.052817735821008682 -2.0100078582763672 -0.74208521842956543 -0.010430469177663326 -2.2965660095214844 -0.87283551692962646 -0.050039183348417282 -2.0653455257415771 -0.96266967058181763 -0.017151236534118652 -1.6577645540237427 -1.006299614906311
4890.7868999987841 -0.08621525764465332 -1.0301781892776489 0.34211155772209167 -0.67597734928131104 -1.7792338132858276 -0.42645451426506042 -0.77801716327667236 -2.0410044193267822 -0.47179919481277466 -0.21141992509365082 -2.0505228042602539 -0.63410645723342896 -0.22718982398509979 -2.3527507781982422 -0.70186954736709595 0.41568756103515625 -2.1477575302124023 -0.78948819637298584 1.0251902341842651 -1.6072306632995605 -0.92041587829589844
4890.7868999987841 0.11826344579458237 -1.0326226949691772 0.27553808689117432 -0.59118431806564331 -1.7771340608596802 -0.56227278709411621 -0.69671505689620972 -2.0253927707672119 -0.63623207807540894 -0.1611931174993515 -2.0719523429870605 -0.74900722503662109 -0.19198396801948547 -2.3724820613861084 -0.83968871831893921 0.49395066499710083 -2.1936001777648926 -0.85863274335861206 1.1305928230285645 -1.5980250835418701 -0.97624242305755615
4951.847199998796 0.028817398473620415 -0.95489746332168579 0.25560098886489868 -0.62928670644760132 -1.6455276012420654 -0.52157634496688843 -0.72718000411987305 -1.875819206237793 -0.59018313884735107 -0.2304144948720932 -1.9190093278884888 -0.69479662179946899 -0.25897699594497681 -2.197789192199707 -0.77891534566879272 0.37731561064720154 -2.0318534374237061 -0.79648834466934204 0.96788316965103149 -1.4793809652328491 -0.9055863618850708
4951.847199998796 -0.055415213108062744 -1.0074598789215088 0.33093050122261047 -0.55394899845123291 -1.6663423776626587 -0.35718560218811035 -0.64850729703903198 -1.8939038515090942 -0.43327522277832031 -0.14182750880718231 -1.9190678596496582 -0.58700037002563477 -0.1534564197063446 -2.1966056823730469 -0.68768656253814697 0.40873259305953979 -2.0134041309356689 -0.80543291568756104 0.94312572479248047 -1.4685244560241699 -0.91916680335998535
