8.4615000113844872 -0.15855687856674194 -1.0909073352813721 -0.0090134497731924057 -0.6110808253288269 -0.58125418424606323 0.0068093626759946346 -0.53783184289932251 -0.55391758680343628 0.1484871506690979 -0.67224693298339844 -0.40472593903541565 0.068229138851165771 -0.58446943759918213 -0.39267468452453613 0.32888412475585938 -0.57104641199111938 -0.25500774383544922 0.10231016576290131 -0.57539427280426025 -0.12164315581321716 -0.23619566857814789
8.4615000113844872 -0.18932101130485535 -1.1530656814575195 -0.010107212699949741 -0.69631975889205933 -0.58206051588058472 0.0076203490607440472 -0.61425304412841797 -0.55143314599990845 0.16635328531265259 -0.76484906673431396 -0.38428178429603577 0.076433829963207245 -0.66650485992431641 -0.37077981233596802 0.36846643686294556 -0.6514660120010376 -0.21654056012630463 0.11461752653121948 -0.65633726119995117 -0.067121535539627075 -0.26463758945465088
64.778099998831749 -0.17541566491127014 -1.1600178480148315 0.066382467746734619 -0.72326600551605225 -0.64466822147369385 0.070491299033164978 -0.68088287115097046 -0.62083190679550171 0.23311907052993774 -0.78913521766662598 -0.42250987887382507 0.038196280598640442 -0.71870154142379761 -0.40574577450752258 0.27999287843704224 -0.7031397819519043 -0.22194619476795197 0.0011548125185072422 -0.69513499736785889 -0.066183649003505707 -0.33196631073951721
64.778099998831749 -0.18250325322151184 -1.2984302043914795 -0.069103360176086426 -0.75785905122756958 -0.7376788854598999 -0.17387790977954865 -0.68469500541687012 -0.70330697298049927 0.012686889618635178 -0.88954073190689087 -0.45097699761390686 -0.0033147893846035004 -0.77547323703765869 -0.41444721817970276 0.36421379446983337 -0.75644499063491821 -0.21143133938312531 0.083702892065048218 -0.73560225963592529 -0.040717873722314835 -0.33373710513114929
119.57129999995232 -0.16411638259887695 -1.1064037084579468 -0.05841229110956192 -0.65045177936553955 -0.63241308927536011 -0.14697587490081787 -0.58860784769058228 -0.60335922241210938 0.010723182000219822 -0.76175940036773682 -0.39007037878036499 -0.0028026814106851816 -0.66534072160720825 -0.35919255018234253 0.30786103010177612 -0.64925658702850342 -0.18758775293827057 0.070751428604125977 -0.63163864612579346 -0.043287463486194611 -0.28210130333900452
119.57129999995232 -0.18330630660057068 -1.128447413444519 -0.23189669847488403 -0.66106587648391724 -0.60759681463241577 -0.17445294559001923 -0.59096568822860718 -0.59283936023712158 -0.016914699226617813 -0.7474437952041626 -0.41547238826751709 -0.1140647828578949 -0.64757740497589111 -0.40373381972312927 0.17126697301864624 -0.64145451784133911 -0.2352944016456604 0.014311731792986393 -0.64200854301452637 -0.089524693787097931 -0.33863267302513123
178.54460000246763 -0.13078039884567261 -1.0918546915054321 0.10945475846529007 -0.58660686016082764 -0.65063124895095825 0.077863648533821106 -0.53453367948532104 -0.62683022022247314 0.21369612216949463 -0.68840956687927246 -0.40829461812973022 0.056741278618574142 -0.60657805204391479 -0.39546191692352295 0.27389964461326599 -0.59520721435546875 -0.21984416246414185 0.067942038178443909 -0.60096752643585205 -0.07840583473443985 -0.27111527323722839
178.54460000246763 -0.18413722515106201 -1.2451134920120239 0.12366035580635071 -0.69911456108093262 -0.74663418531417847 0.087969787418842316 -0.64028406143188477 -0.71974462270736694 0.24142873287200928 -0.81412780284881592 -0.47285047173500061 0.064106442034244537 -0.72167736291885376 -0.4583524763584137 0.30944463610649109 -0.70883101224899292 -0.25994548201560974 0.076760679483413696 -0.71533876657485962 -0.10015323758125305 -0.30629485845565796
235.41980000585318 -0.19181473553180695 -1.2477512359619141 -0.39593568444252014 -0.72210311889648438 -0.70441353321075439 -0.38943970203399658 -0.64534008502960205 -0.69014102220535278 -0.23654505610466003 -0.83272963762283325 -0.48291200399398804 -0.23545064032077789 -0.71910721063613892 -0.46614885330200195 0.10880981385707855 -0.71195411682128906 -0.26283833384513855 -0.0070799151435494423 -0.72039198875427246 -0.10279082506895065 -0.42771506309509277
235.41980000585318 -0.073767073452472687 -0.96483242511749268 0.27789241075515747 -0.51908308267593384 -0.58349543809890747 0.41121438145637512 -0.48171183466911316 -0.56692808866500854 0.57028257846832275 -0.59578734636306763 -0.34743911027908325 0.38478901982307434 -0.53399789333343506 -0.3245292603969574 0.58556371927261353 -0.51435017585754395 -0.15586115419864655 0.24421241879463196 -0.51448595523834229 -0.026108147576451302 -0.036896102130413055
299.87330000847578 -0.18607291579246521 -1.590097188949585 -0.32773369550704956 -0.93684333562850952 -0.94976615905761719 -0.53960710763931274 -0.90409320592880249 -0.92950493097305298 -0.28576013445854187 -1.1033045053482056 -0.59192121028900146 -0.47609445452690125 -1.0059641599655151 -0.55485028028488159 -0.051639467477798462 -0.98079454898834229 -0.29952874779701233 -0.21677720546722412 -0.97951400279998779 -0.088097400963306427 -0.70027893781661987
302.18259999901056 -0.071714401245117188 -1.1365411281585693 -0.22828410565853119 -0.59473490715026855 -0.69045764207839966 -0.37588465213775635 -0.57191967964172363 -0.67634278535842896 -0.19904345273971558 -0.71069926023483276 -0.44116678833961487 -0.33163890242576599 -0.64288753271102905 -0.41534149646759033 -0.035944439470767975 -0.62535327672958374 -0.23747299611568451 -0.15098682045936584 -0.62446123361587524 -0.090180404484272003 -0.48781588673591614
363.2943000048399 -0.084059752523899078 -1.1144376993179321 -0.075341664254665375 -0.55007696151733398 -0.72745311260223389 -0.27083045244216919 -0.52391618490219116 -0.70262259244918823 -0.07108742743730545 -0.68498176336288452 -0.45904392004013062 -0.17463579773902893 -0.62377315759658813 -0.41918200254440308 0.14108693599700928 -0.61738544702529907 -0.23140397667884827 -0.063062697649002075 -0.64372378587722778 -0.06916511058807373 -0.4513384997844696
363.2943000048399 -0.15540733933448792 -1.3892481327056885 0.30673497915267944 -0.85252970457077026 -0.81906890869140625 0.54141032695770264 -0.83342587947845459 -0.80455636978149414 0.7885059118270874 -0.95576512813568115 -0.52737331390380859 0.44425320625305176 -0.90394002199172974 -0.5245368480682373 0.73898863792419434 -0.90777546167373657 -0.25594276189804077 0.31870570778846741 -0.88591784238815308 -0.03839864581823349 0.021632198244333267
418.94730000197887 -0.33846566081047058 -1.6590319871902466 -0.1283930242061615 -1.0815529823303223 -1.0376694202423096 -0.29471585154533386 -1.0596915483474731 -1.0399184226989746 -0.017776185646653175 -1.3048949241638184 -0.59137862920761108 -0.19199638068675995 -1.2166216373443604 -0.53855466842651367 0.28280177712440491 -1.1959595680236816 -0.22838844358921051 -0.097198210656642914 -1.1599745750427246 0.0021583142224699259 -0.5129665732383728
418.94730000197887 -0.19745023548603058 -1.2273392677307129 -0.090470001101493835 -0.72105282545089722 -0.78950774669647217 -0.20766626298427582 -0.70564854145050049 -0.79109245538711548 -0.012525921687483788 -0.87842655181884766 -0.47503727674484253 -0.13528691232204437 -0.81622636318206787 -0.43781584501266479 0.19927071034908295 -0.80166727304458618 -0.21926304697990417 -0.068489164113998413 -0.77631103992462158 -0.056812603026628494 -0.36145254969596863
474.75689999759197 -0.20827171206474304 -1.2207026481628418 -0.19603590667247772 -0.77667015790939331 -0.72619152069091797 -0.081846006214618683 -0.77468854188919067 -0.71952670812606812 0.14619575440883636 -0.87860608100891113 -0.45846301317214966 -0.052756320685148239 -0.82639259099960327 -0.42961761355400085 0.29524290561676025 -0.81680667400360107 -0.21475368738174438 0.090818911790847778 -0.78342020511627197 -0.07239958643913269 -0.13068817555904388
582.90450000762939 -0.52766931056976318 -1.3837448358535767 0.98215854167938232 -1.0168547630310059 -0.71325415372848511 1.1670593023300171 -0.93053996562957764 -0.67357736825942993 1.3055607080459595 -1.0666745901107788 -0.4999525249004364 1.0739905834197998 -0.99320220947265625 -0.48785969614982605 1.0836466550827026 -0.94660860300064087 -0.25334170460700989 0.80803138017654419 -0.83918195962905884 -0.023736648261547089 0.63829326629638672
582.90450000762939 -0.5077241063117981 -1.7360260486602783 1.1150743961334229 -1.1259028911590576 -0.97132772207260132 0.72881823778152466 -1.004878044128418 -0.94383525848388672 1.0660786628723145 -1.2639141082763672 -0.6219215989112854 0.69473958015441895 -1.1067519187927246 -0.6043815016746521 0.99965935945510864 -1.132042407989502 -0.27918714284896851 0.85139912366867065 -1.0923706293106079 0.017237000167369843 0.7887229323387146
653.18520000576973 -0.19610276818275452 -2.1249458789825439 0.13792693614959717 -1.1510689258575439 -1.0357564687728882 -0.66913944482803345 -1.0667922496795654 -0.93942117691040039 -0.38796573877334595 -1.3310441970825195 -0.62110286951065063 -0.40735271573066711 -1.1141319274902344 -0.58319348096847534 -0.047546163201332092 -1.1044379472732544 -0.15322758257389069 -0.1520540863275528 -1.1419425010681152 0.20894050598144531 0.072584062814712524
771.31860000640154 -0.26269254088401794 -1.9323685169219971 0.78965866565704346 -0.99327784776687622 -0.87049978971481323 0.83754336833953857 -0.86552906036376953 -0.79166132211685181 1.099766731262207 -1.1233078241348267 -0.52738046646118164 0.84534966945648193 -0.95786607265472412 -0.4913519024848938 1.0078403949737549 -0.93055838346481323 -0.15713010728359222 0.77434933185577393 -0.81941688060760498 0.18014530837535858 0.55466264486312866
885.19560000300407 -0.4803796112537384 -1.7380896806716919 1.5502355098724365 -1.1455861330032349 -0.82091552019119263 1.8708548545837402 -1.0771317481994629 -0.76699566841125488 2.2184016704559326 -1.2217683792114258 -0.53746533393859863 1.7785229682922363 -1.118064284324646 -0.49501624703407288 2.1443452835083008 -1.0278315544128418 -0.24771307408809662 1.504278302192688 -0.93203341960906982 0.026325523853302002 1.2217344045639038
885.19560000300407 -0.50321435928344727 -1.6672437191009521 0.56735724210739136 -1.1301096677780151 -0.82499182224273682 -0.017397578805685043 -0.99746906757354736 -0.76865583658218384 0.22711962461471558 -1.2388383150100708 -0.52916532754898071 0.042549386620521545 -1.0853683948516846 -0.50526368618011475 0.31601274013519287 -1.1494653224945068 -0.21196192502975464 0.30727189779281616 -1.1798367500305176 0.052535083144903183 0.26471936702728271
950.03980000317097 -0.23253586888313293 -1.9814695119857788 0.29869076609611511 -0.97834330797195435 -1.0073744058609009 -0.39561495184898376 -0.8229219913482666 -0.94132167100906372 -0.16118824481964111 -1.1238174438476563 -0.6730538010597229 -0.29644617438316345 -0.93927919864654541 -0.65179556608200073 -0.0040545105002820492 -0.99928498268127441 -0.34002587199211121 0.015083787962794304 -0.99583125114440918 -0.065386392176151276 -0.14185327291488647
950.03980000317097 -0.21605448424816132 -1.7109122276306152 0.18021483719348907 -0.77185970544815063 -0.89889544248580933 -0.30914834141731262 -0.59059357643127441 -0.84457695484161377 -0.11058205366134644 -0.87527179718017578 -0.61492252349853516 -0.24570536613464355 -0.72081565856933594 -0.60414737462997437 -0.039044249802827835 -0.79476273059844971 -0.33198395371437073 0.058153364807367325 -0.79938364028930664 -0.10637605935335159 -0.087998270988464355
1008.8775000050664 -0.31066131591796875 -1.5360566377639771 0.49155890941619873 -0.79336273670196533 -0.80007916688919067 -0.022941239178180695 -0.66651809215545654 -0.73588824272155762 0.11862968653440475 -0.89287281036376953 -0.51668453216552734 0.044967610388994217 -0.72711139917373657 -0.49477380514144897 0.21465833485126495 -0.77017456293106079 -0.24079267680644989 0.29828527569770813 -0.76270240545272827 -0.023975851014256477 0.26063540577888489
1008.8775000050664 -0.36265382170677185 -1.6964817047119141 0.20826910436153412 -0.97864902019500732 -0.7717287540435791 -0.042657703161239624 -0.83375376462936401 -0.70265203714370728 0.15134038031101227 -1.0559490919113159 -0.49862432479858398 0.080479279160499573 -0.88998329639434814 -0.47422456741333008 0.33699950575828552 -0.94801026582717896 -0.20430569350719452 0.40896004438400269 -0.9814954400062561 0.032947398722171783 0.26674595475196838
1067.587900005281 -0.35919114947319031 -1.7410192489624023 0.20769022405147552 -0.97349894046783447 -0.81879949569702148 -0.04254923015832901 -0.82900065183639526 -0.74991202354431152 0.1509174257516861 -1.0505872964859009 -0.54644316434860229 0.080250442028045654 -0.88507610559463501 -0.52211034297943115 0.33606797456741333 -0.94294404983520508 -0.25293079018592834 0.40783140063285828 -0.97633761167526245 -0.016327627003192902 0.26600688695907593
1067.587900005281 -0.41885939240455627 -1.7338902950286865 1.0200326442718506 -1.0031447410583496 -0.87632375955581665 0.6962580680847168 -0.86149191856384277 -0.824909508228302 0.91286659240722656 -1.0917699337005615 -0.55481541156768799 0.71910107135772705 -0.91662085056304932 -0.54864609241485596 0.92655676603317261 -0.92268204689025879 -0.24174180626869202 0.90714824199676514 -0.86085313558578491 0.027284795418381691 0.86793947219848633
1124.4791999980807 -0.57001781463623047 -1.8413099050521851 0.26358604431152344 -1.1187093257904053 -0.91757512092590332 -0.20074456930160522 -0.88814622163772583 -0.85098332166671753 -0.0079725179821252823 -1.2092657089233398 -0.56060868501663208 -0.21762143075466156 -0.99660652875900269 -0.55029779672622681 -0.13323791325092316 -1.0984526872634888 -0.21061795949935913 0.014018702320754528 -1.0943669080734253 0.071178600192070007 -0.062778420746326447
1124.4791999980807 -0.34909087419509888 -1.4723271131515503 0.68255412578582764 -0.77987515926361084 -0.72438544034957886 0.24186690151691437 -0.64928984642028809 -0.69050848484039307 0.46784597635269165 -0.87506860494613647 -0.48904216289520264 0.19825802743434906 -0.73049527406692505 -0.48708188533782959 0.33132833242416382 -0.79422259330749512 -0.23487755656242371 0.28259837627410889 -0.77345424890518188 -0.0019549948628991842 0.19489240646362305
1180.8296000063419 -0.42871421575546265 -1.6771341562271118 0.76706421375274658 -0.91284060478210449 -0.83657819032669067 0.2718086838722229 -0.76608556509017944 -0.79850643873214722 0.52576971054077148 -1.0198214054107666 -0.5720934271812439 0.22279992699623108 -0.85734623670578003 -0.56989043951034546 0.37234771251678467 -0.92896461486816406 -0.28645679354667664 0.31758373975753784 -0.9056246280670166 -0.024692485108971596 0.21901755034923553
1180.8296000063419 -0.47967180609703064 -1.5855265855789185 1.6061625480651855 -0.93621045351028442 -0.94305300712585449 1.2907390594482422 -0.80677539110183716 -0.91354656219482422 1.5876580476760864 -1.0863661766052246 -0.59020811319351196 1.2337404489517212 -0.93170511722564697 -0.5734221339225769 1.5180884599685669 -0.98102295398712158 -0.26204374432563782 1.3173192739486694 -0.91236555576324463 0.017287012189626694 1.1508948802947998
1238.2146000042558 -0.60386645793914795 -1.8664032220840454 0.32967406511306763 -1.2128562927246094 -0.90004426240921021 -0.043689291924238205 -1.0200082063674927 -0.85480892658233643 0.23626109957695007 -1.2915642261505127 -0.55693960189819336 -0.0024832065682858229 -1.0994797945022583 -0.55458825826644897 0.19850252568721771 -1.1603249311447144 -0.2347506582736969 0.22621177136898041 -1.1181091070175171 0.04807012528181076 0.050560571253299713
1238.2146000042558 -0.41925555467605591 -1.5159393548965454 0.27406573295593262 -0.92555421590805054 -0.71253299713134766 -0.036339130252599716 -0.76522529125213623 -0.67492532730102539 0.19640456140041351 -0.99099010229110718 -0.42728430032730103 -0.0020814316812902689 -0.83129590749740601 -0.42532950639724731 0.16501303017139435 -0.88188105821609497 -0.15942457318305969 0.1880498081445694 -0.84678387641906738 0.075705505907535553 0.042017832398414612
1295.2573999986053 -0.45432582497596741 -1.466830849647522 0.27604284882545471 -0.89448338747024536 -0.72456204891204834 -0.084503017365932465 -0.72277683019638062 -0.66596865653991699 0.078746028244495392 -0.98223793506622314 -0.42786103487014771 -0.044864587485790253 -0.81980681419372559 -0.41557338833808899 0.038434587419033051 -0.87617397308349609 -0.15013006329536438 0.12363233417272568 -0.83159971237182617 0.068080529570579529 0.059181034564971924
1295.2573999986053 -0.43423482775688171 -1.4319828748703003 0.85337388515472412 -0.83171641826629639 -0.71908682584762573 0.47113710641860962 -0.69918531179428101 -0.64922535419464111 0.5698203444480896 -0.93852782249450684 -0.43577796220779419 0.47994005680084229 -0.78260511159896851 -0.39758434891700745 0.52198636531829834 -0.8354143500328064 -0.14384353160858154 0.50067692995071411 -0.81078928709030151 0.089248515665531158 0.39345338940620422
1358.6867000088096 -0.53990781307220459 -1.6958675384521484 0.98657691478729248 -0.99943602085113525 -0.87168872356414795 0.54467308521270752 -0.84621685743331909 -0.79092192649841309 0.65876078605651855 -1.1229206323623657 -0.5441555380821228 0.55485016107559204 -0.94265848398208618 -0.49999991059303284 0.60345989465713501 -1.0037112236022949 -0.2066502720117569 0.57882404327392578 -0.97524219751358032 0.062827304005622864 0.45486301183700562
1358.6867000088096 -0.52393889427185059 -1.7412526607513428 0.53072166442871094 -1.0228757858276367 -0.86829209327697754 0.10556365549564362 -0.92191159725189209 -0.78895074129104614 0.21898253262042999 -1.1511286497116089 -0.54888027906417847 0.22575189173221588 -1.0040576457977295 -0.50874501466751099 0.34611561894416809 -1.0391190052032471 -0.23531672358512878 0.36831903457641602 -1.0315144062042236 0.014707358554005623 0.26358595490455627
1476.0633000060916 -0.59735488891601563 -1.6115903854370117 0.96956777572631836 -1.1732795238494873 -0.7457471489906311 1.1949023008346558 -1.0353765487670898 -0.72293514013290405 1.448453426361084 -1.1964894533157349 -0.46790412068367004 0.98631441593170166 -1.0829175710678101 -0.47444549202919006 1.1040713787078857 -1.0261440277099609 -0.17139320075511932 0.75965923070907593 -0.91140788793563843 0.10468127578496933 0.50351303815841675
1563.3924999982119 -0.70305460691452026 -1.7085716724395752 0.7839389443397522 -1.203839898109436 -0.77685028314590454 0.58056223392486572 -1.0890469551086426 -0.71254116296768188 0.77857112884521484 -1.2989323139190674 -0.51121771335601807 0.60130006074905396 -1.184850811958313 -0.49268284440040588 0.79978525638580322 -1.1734664440155029 -0.2650122344493866 0.68483942747116089 -1.0890620946884155 -0.04491979256272316 0.51318496465682983
1684.2640000060201 -0.58325451612472534 -1.8570952415466309 0.6819116473197937 -1.2813931703567505 -0.80376529693603516 0.8384438157081604 -1.1191456317901611 -0.7248382568359375 1.0404576063156128 -1.3202934265136719 -0.45640391111373901 0.6935570240020752 -1.1561704874038696 -0.42555198073387146 0.71253114938735962 -1.1110632419586182 -0.12561047077178955 0.57676947116851807 -0.96379810571670532 0.17116373777389526 0.35651129484176636
1803.9161000028253 -0.52699154615402222 -1.3217294216156006 1.6711466312408447 -1.0570224523544312 -0.66941392421722412 1.9245038032531738 -1.0100764036178589 -0.61374622583389282 2.2271559238433838 -1.1394343376159668 -0.43889760971069336 1.7726066112518311 -1.0607247352600098 -0.39265260100364685 2.1340641975402832 -1.0091549158096313 -0.17442494630813599 1.6217643022537231 -0.91100233793258667 0.059553429484367371 1.3119641542434692
1803.9161000028253 -0.60198354721069336 -1.5570156574249268 0.33533772826194763 -1.1133080720901489 -0.68229120969772339 0.053977511823177338 -0.95420879125595093 -0.64074146747589111 0.22658315300941467 -1.1757172346115112 -0.43228960037231445 -0.028278639540076256 -1.0321422815322876 -0.42782148718833923 0.046416621655225754 -1.0923463106155396 -0.17575111985206604 0.009778851643204689 -1.0749883651733398 0.052078310400247574 -0.039546895772218704
1875.1995999962091 -0.40306732058525085 -1.4192829132080078 0.0062918285839259624 -0.8717009425163269 -0.62734746932983398 -0.26385000348091125 -0.75802338123321533 -0.59039443731307983 -0.027496872469782829 -0.92306715250015259 -0.38430780172348022 -0.26754361391067505 -0.80444222688674927 -0.37878242135047913 -0.088067859411239624 -0.85099446773529053 -0.15890277922153473 -0.14276617765426636 -0.82957828044891357 0.03799114003777504 -0.27171090245246887
1988.6574999988079 -0.27361190319061279 -1.2787905931472778 0.6246941089630127 -0.86433893442153931 -0.54242980480194092 0.61037802696228027 -0.8445819616317749 -0.49187976121902466 0.86620795726776123 -0.91890245676040649 -0.33747506141662598 0.56162190437316895 -0.84529751539230347 -0.30125957727432251 0.89750969409942627 -0.80920583009719849 -0.13352634012699127 0.61502701044082642 -0.75656592845916748 0.047288075089454651 0.37075069546699524
2105.6000000014901 -0.69957399368286133 -1.4097162485122681 1.8535974025726318 -1.2463983297348022 -0.86788308620452881 1.9798475503921509 -1.1380361318588257 -0.7982332706451416 2.2699191570281982 -1.3066650629043579 -0.53012901544570923 1.7710427045822144 -1.1759988069534302 -0.46996203064918518 1.9760977029800415 -1.0873777866363525 -0.17438237369060516 1.4980663061141968 -0.93523746728897095 0.096253253519535065 1.206574559211731
2107.6340000033379 -0.66746902465820313 -1.7204669713973999 -0.0043618031777441502 -1.0820647478103638 -0.79110783338546753 0.039826065301895142 -0.95434170961380005 -0.74361968040466309 0.21852602064609528 -1.2147977352142334 -0.50553011894226074 -0.045996882021427155 -1.1090496778488159 -0.48440077900886536 -0.032123532146215439 -1.1692397594451904 -0.23705464601516724 -0.2079082578420639 -1.130652904510498 0.0085915643721818924 -0.31384259462356567
2224.4056000038981 -0.29394146800041199 -0.75103068351745605 1.263119101524353 -0.63518893718719482 -0.43228963017463684 1.3958563804626465 -0.56898099184036255 -0.38166779279708862 1.6166260242462158 -0.64987003803253174 -0.20522323250770569 1.1717903614044189 -0.57501208782196045 -0.1769421249628067 1.2608526945114136 -0.51178991794586182 0.044434498995542526 0.9604179859161377 -0.43469086289405823 0.22661131620407104 0.76815515756607056
2311.2454999983311 -0.67943048477172852 -1.5146046876907349 1.6495505571365356 -1.0193357467651367 -0.96385765075683594 1.5804775953292847 -0.91690361499786377 -0.94105702638626099 1.8481485843658447 -1.1785197257995605 -0.66844886541366577 1.4759924411773682 -1.0697294473648071 -0.64975863695144653 1.7210596799850464 -1.0620214939117432 -0.37413507699966431 1.3860964775085449 -0.98292410373687744 -0.11363460123538971 1.1846078634262085
2432.2715000063181 -0.4195244312286377 -1.7179692983627319 0.8071247935295105 -1.0261541604995728 -0.58568084239959717 1.0954666137695313 -0.86567151546478271 -0.54082775115966797 1.2378393411636353 -1.0723181962966919 -0.21103133261203766 0.78200161457061768 -0.92896318435668945 -0.22041276097297668 0.64978885650634766 -0.84386932849884033 0.10383705049753189 0.23456674814224243 -0.68359202146530151 0.4289151132106781 0.042168725281953812
2432.2715000063181 -0.40017494559288025 -1.1445019245147705 0.04797729104757309 -0.78669345378875732 -0.54786121845245361 -0.41032984852790833 -0.69744288921356201 -0.50315731763839722 -0.26693153381347656 -0.8538326621055603 -0.32019767165184021 -0.28662222623825073 -0.72221225500106812 -0.31172269582748413 -0.12845583260059357 -0.74012798070907593 -0.10327797383069992 -0.042610116302967072 -0.738334059715271 0.071123026311397552 0.013617963530123234
2486.5212000012398 -0.24825391173362732 -1.6770966053009033 -0.14423833787441254 -0.81462281942367554 -0.84845411777496338 -0.77876651287078857 -0.63673692941665649 -0.77831006050109863 -0.56467318534851074 -0.92739617824554443 -0.52598816156387329 -0.58703798055648804 -0.70623064041137695 -0.51527059078216553 -0.33232435584068298 -0.76687490940093994 -0.19087821245193481 -0.24088668823242188 -0.80593335628509521 0.089834056794643402 -0.16558690369129181
2596.0785000026226 -0.33869141340255737 -1.5661724805831909 1.1481809616088867 -0.85468417406082153 -0.54817461967468262 1.5469275712966919 -0.75961786508560181 -0.50593489408493042 1.8024019002914429 -0.90210407972335815 -0.2768474817276001 1.3942306041717529 -0.81107360124588013 -0.26751574873924255 1.5679882764816284 -0.73530834913253784 -0.019182171672582626 1.0436991453170776 -0.60385185480117798 0.23266491293907166 0.79587364196777344
2596.0785000026226 -0.56848561763763428 -1.6230314970016479 -0.048743698745965958 -1.1770995855331421 -0.82960516214370728 -0.49211102724075317 -0.99792599678039551 -0.77455782890319824 -0.27641209959983826 -1.2822396755218506 -0.46763187646865845 -0.29415020346641541 -1.0699843168258667 -0.46833783388137817 -0.085497580468654633 -1.0839935541152954 -0.13772313296794891 0.063773952424526215 -1.0368376970291138 0.13216668367385864 0.088280364871025085
2652.2955000028014 -0.2757323682308197 -1.5408954620361328 -0.23414620757102966 -0.90924590826034546 -0.77701956033706665 -0.86463510990142822 -0.73711228370666504 -0.70800161361694336 -0.67781805992126465 -1.0060585737228394 -0.43956321477890015 -0.60284179449081421 -0.80507373809814453 -0.42868319153785706 -0.32637238502502441 -0.82041078805923462 -0.12838402390480042 -0.18773102760314941 -0.82189756631851196 0.12946705520153046 -0.22721375524997711
2652.2955000028014 -0.17412133514881134 -1.6301391124725342 0.18624237179756165 -0.82028597593307495 -0.84831947088241577 -0.14888225495815277 -0.65833741426467896 -0.76888525485992432 0.064578957855701447 -0.93693286180496216 -0.53550654649734497 -0.046775113791227341 -0.74570643901824951 -0.5133594274520874 0.15023240447044373 -0.75630182027816772 -0.19046355783939362 0.24226517975330353 -0.70948141813278198 0.069198012351989746 0.3507411777973175
2714.2700999975204 -0.2916017472743988 -1.8675490617752075 0.080112256109714508 -1.100023627281189 -0.98824340105056763 -0.62862563133239746 -0.91582208871841431 -0.88263422250747681 -0.4235040545463562 -1.2528235912322998 -0.5831836462020874 -0.43103757500648499 -0.98999643325805664 -0.56369048357009888 -0.26321005821228027 -0.97973048686981201 -0.17357946932315826 -0.091075003147125244 -0.92963624000549316 0.15380333364009857 0.10039905458688736
2714.2700999975204 -0.20158068835735321 -1.6522892713546753 0.070224732160568237 -0.91038823127746582 -0.88133221864700317 -0.55118197202682495 -0.74888414144515991 -0.78873628377914429 -0.37133562564849854 -1.0443601608276367 -0.52618420124053955 -0.37794086337089539 -0.81391870975494385 -0.50909304618835449 -0.23079316318035126 -0.80491769313812256 -0.16705174744129181 -0.079868711531162262 -0.76099610328674316 0.11999072134494781 0.088011778891086578
2814.0048000067472 -0.24199590086936951 -1.7087641954421997 1.086487889289856 -0.87208336591720581 -0.65235751867294312 1.1808075904846191 -0.77256935834884644 -0.59753292798995972 1.4343236684799194 -0.94481253623962402 -0.34175965189933777 1.1473422050476074 -0.79734772443771362 -0.29757717251777649 1.3419332504272461 -0.73391503095626831 -0.02966245636343956 0.93630510568618774 -0.64108926057815552 0.24626585841178894 0.77566182613372803
2884.816800005734 -0.40949752926826477 -1.6384834051132202 -0.21186588704586029 -1.037729024887085 -0.79741960763931274 -0.82205259799957275 -0.86229503154754639 -0.72446656227111816 -0.60173547267913818 -1.124783992767334 -0.48450425267219543 -0.58785468339920044 -0.92296183109283447 -0.47255122661590576 -0.37206834554672241 -0.97403889894485474 -0.19215355813503265 -0.20836937427520752 -0.99627578258514404 0.064653299748897552 -0.072122842073440552
2996.1644000038505 -0.25605371594429016 -1.4947453737258911 1.4725040197372437 -0.91345065832138062 -0.65689754486083984 1.6182103157043457 -0.79482418298721313 -0.5913047194480896 1.9448679685592651 -0.98300397396087646 -0.35691192746162415 1.4496384859085083 -0.8532174825668335 -0.30801203846931458 1.7756873369216919 -0.81253057718276978 -0.033340383321046829 1.1644151210784912 -0.74163734912872314 0.24685965478420258 0.87664788961410522
3107.005900003016 -0.56819003820419312 -1.6017454862594604 1.3794163465499878 -1.1473004817962646 -0.60815227031707764 1.8941309452056885 -1.0277824401855469 -0.54645711183547974 2.1517901420593262 -1.2149242162704468 -0.31882205605506897 1.7211648225784302 -1.0942701101303101 -0.28881320357322693 1.8706703186035156 -1.0328578948974609 -0.015919389203190804 1.2183455228805542 -0.95692336559295654 0.25304803252220154 0.96205246448516846
3107.005900003016 -0.43462514877319336 -1.5904490947723389 -0.080980002880096436 -1.0184760093688965 -0.66903781890869141 -0.50735002756118774 -0.84687012434005737 -0.58534568548202515 -0.23179721832275391 -1.090636134147644 -0.38448253273963928 -0.33437064290046692 -0.90188205242156982 -0.3718719482421875 -0.063798189163208008 -0.97843623161315918 -0.090027809143066406 -0.023953303694725037 -1.0151065587997437 0.16240039467811584 0.0058285174891352654
3202.4248000010848 -0.35020524263381958 -1.2956662178039551 1.2043613195419312 -0.87961053848266602 -0.62045562267303467 1.3829599618911743 -0.75510293245315552 -0.55682104825973511 1.6742396354675293 -0.98045247793197632 -0.35080721974372864 1.2781152725219727 -0.89076405763626099 -0.30822709202766418 1.5581474304199219 -0.8851131796836853 -0.070643536746501923 0.9798848032951355 -0.77953183650970459 0.1753106415271759 0.63761031627655029
3293.2847999930382 -0.62092000246047974 -1.518506646156311 -0.7560005784034729 -0.91640990972518921 -0.72093504667282104 -0.86640548706054688 -0.73308151960372925 -0.67813408374786377 -0.61028826236724854 -0.96837663650512695 -0.43980440497398376 -0.66696935892105103 -0.85705405473709106 -0.4373704195022583 -0.51408892869949341 -0.9537467360496521 -0.18809524178504944 -0.57848864793777466 -0.9910433292388916 0.031115012243390083 -0.7935904860496521
3293.2847999930382 -0.088533118367195129 -0.94770354032516479 -0.11969608813524246 -0.48324549198150635 -0.36858248710632324 -0.47311192750930786 -0.42186522483825684 -0.30846965312957764 -0.33009287714958191 -0.54775917530059814 -0.19694718718528748 -0.31402987241744995 -0.43665280938148499 -0.16544738411903381 -0.10084661841392517 -0.44260251522064209 0.025139261037111282 -0.17270348966121674 -0.43872520327568054 0.16612371802330017 -0.19333440065383911
3357.0917000025511 -0.1226343959569931 -1.4530619382858276 -0.33053511381149292 -0.74093347787857056 -0.63139039278030396 -0.94636332988739014 -0.66774106025695801 -0.5667080283164978 -0.82577025890350342 -0.8333122730255127 -0.37504467368125916 -0.67439168691635132 -0.68980062007904053 -0.34725117683410645 -0.4126410186290741 -0.68015652894973755 -0.083350770175457001 -0.40145155787467957 -0.68365383148193359 0.10938704758882523 -0.43400368094444275
3473.8350000083447 -0.43268206715583801 -0.87228262424468994 0.21614715456962585 -0.75325196981430054 -0.50534969568252563 0.048903543502092361 -0.63116663694381714 -0.43796771764755249 0.28483760356903076 -0.81689518690109253 -0.24169178307056427 -0.092967882752418518 -0.70608842372894287 -0.19786664843559265 -0.033926729112863541 -0.70555013418197632 0.01484635379165411 -0.12296260893344879 -0.64054197072982788 0.19691134989261627 -0.3022274374961853
3473.8350000083447 -0.26974108815193176 -0.97251051664352417 0.53414243459701538 -0.56542199850082397 -0.55169069766998291 0.66167736053466797 -0.52410370111465454 -0.5223119854927063 0.74395930767059326 -0.6288527250289917 -0.37048864364624023 0.70777004957199097 -0.57155019044876099 -0.3364691436290741 0.72838199138641357 -0.55471611022949219 -0.16797982156276703 0.38205999135971069 -0.54485481977462769 -0.005273633636534214 0.26569607853889465
3546.2534999996424 0.29713332653045654 -2.2251980304718018 -2.3514931201934814 -0.55074805021286011 -0.94827646017074585 -3.8745145797729492 -0.26825830340385437 -0.82043337821960449 -3.7035279273986816 -0.77891021966934204 -0.32048320770263672 -3.4049975872039795 -0.37590384483337402 -0.29795974493026733 -3.1820735931396484 -0.46891438961029053 0.20005370676517487 -2.9904286861419678 -0.65749174356460571 0.61472737789154053 -2.3832466602325439
3657.2168000042439 -0.091680340468883514 -0.71992611885070801 1.081830620765686 -0.43724557757377625 -0.3810977041721344 0.98660516738891602 -0.35379794239997864 -0.32637706398963928 1.2606372833251953 -0.51391392946243286 -0.17680484056472778 0.81999123096466064 -0.42846661806106567 -0.13450393080711365 1.0571786165237427 -0.41926306486129761 0.048171967267990112 0.76961332559585571 -0.34769725799560547 0.23462466895580292 0.55303055047988892
3657.2168000042439 -0.46329998970031738 -1.4460364580154419 1.9686657190322876 -0.88526070117950439 -0.88245344161987305 2.036463737487793 -0.84523177146911621 -0.83170336484909058 2.4126768112182617 -0.98881173133850098 -0.5739855170249939 2.075669527053833 -0.87859064340591431 -0.51947730779647827 2.5041446685791016 -0.82296204566955566 -0.26785087585449219 1.8906903266906738 -0.81328880786895752 -0.035324614495038986 1.7910504341125488
3735.2314000055194 -0.092046700417995453 -1.0853581428527832 -1.003253698348999 -0.45908871293067932 -0.47974497079849243 -1.406827449798584 -0.32747089862823486 -0.45025536417961121 -1.2630887031555176 -0.54321432113647461 -0.18837358057498932 -1.1033319234848022 -0.42196732759475708 -0.18499161303043365 -0.97159510850906372 -0.48168069124221802 0.056051619350910187 -0.82215762138366699 -0.5431937575340271 0.24822364747524261 -0.78049743175506592
3735.2314000055194 0.057380456477403641 -1.1027349233627319 -0.86415910720825195 -0.25917312502861023 -0.56259441375732422 -1.6352589130401611 -0.10856270790100098 -0.50519686937332153 -1.5359025001525879 -0.3787740170955658 -0.2550911009311676 -1.3632645606994629 -0.2193574458360672 -0.24755868315696716 -1.2715449333190918 -0.26861664652824402 -0.014387449249625206 -1.1664352416992188 -0.28418764472007751 0.17225033044815063 -1.0634771585464478
3837.9202000051737 -0.076658844947814941 -0.52443444728851318 1.5715173482894897 -0.43191912770271301 -0.23669643700122833 1.6323823928833008 -0.41034114360809326 -0.18590404093265533 1.8904272317886353 -0.49374458193778992 -0.088579818606376648 1.49950110912323 -0.46729409694671631 -0.064594857394695282 1.7836713790893555 -0.41498103737831116 0.094874866306781769 1.3010205030441284 -0.32819962501525879 0.27790889143943787 1.0822666883468628
3924.9931000098586 -0.58881068229675293 -1.6501147747039795 -0.53686225414276123 -0.9184955358505249 -0.92831993103027344 -0.49856734275817871 -0.850291907787323 -0.89399164915084839 -0.2818390429019928 -1.0282702445983887 -0.63913238048553467 -0.23500834405422211 -0.91606581211090088 -0.62270480394363403 -0.071301832795143127 -0.91356474161148071 -0.34459385275840759 -0.23082472383975983 -0.88635712862014771 -0.096868149936199188 -0.28500887751579285
3924.9931000098586 -0.029426354914903641 -1.0442723035812378 -0.79064458608627319 -0.38870617747306824 -0.42060768604278564 -1.6649811267852783 -0.32143160700798035 -0.39912077784538269 -1.6221989393234253 -0.45410111546516418 -0.16559253633022308 -1.3786544799804688 -0.32796624302864075 -0.18318542838096619 -1.2764049768447876 -0.34050887823104858 0.024081224575638771 -1.0068901777267456 -0.37749442458152771 0.21738523244857788 -0.84344941377639771
4024.3439000099897 -0.11396171897649765 -0.59183186292648315 1.9220727682113647 -0.43723046779632568 -0.37497591972351074 1.971265435218811 -0.41103693842887878 -0.32106107473373413 2.2292189598083496 -0.522899329662323 -0.23925398290157318 1.8023912906646729 -0.48759892582893372 -0.21126928925514221 2.1216716766357422 -0.46901160478591919 -0.044892672449350357 1.5946533679962158 -0.42120325565338135 0.13069398701190948 1.3441704511642456
4112.4080999940634 -0.50892037153244019 -1.3937109708786011 0.28090411424636841 -0.84209084510803223 -0.81413507461547852 0.76093792915344238 -0.71848255395889282 -0.77600705623626709 0.93538099527359009 -0.9304472804069519 -0.60288435220718384 0.71193403005599976 -0.81352275609970093 -0.58392256498336792 0.72199952602386475 -0.80239987373352051 -0.32922753691673279 0.26486232876777649 -0.74001175165176392 -0.084216378629207611 0.098456770181655884
4112.4080999940634 -0.133370041847229 -0.99728268384933472 -0.91037660837173462 -0.49550312757492065 -0.43294951319694519 -1.4335142374038696 -0.38425233960151672 -0.41205650568008423 -1.2862721681594849 -0.56949514150619507 -0.19264042377471924 -1.1330642700195313 -0.45282253623008728 -0.21131379902362823 -0.93031096458435059 -0.46876978874206543 -0.0029097639489918947 -0.73301112651824951 -0.47609603404998779 0.16344375908374786 -0.86757242679595947
4173.8391999974847 0.028107054531574249 -0.79058384895324707 -0.94680321216583252 -0.24802885949611664 -0.36316278576850891 -1.4290529489517212 -0.14560489356517792 -0.34276226162910461 -1.3220977783203125 -0.31041640043258667 -0.15569524466991425 -1.2093610763549805 -0.19464097917079926 -0.16727554798126221 -1.0660239458084106 -0.21773877739906311 -0.004029461182653904 -0.91418254375457764 -0.23954138159751892 0.15519526600837708 -0.85917216539382935
4173.8391999974847 0.10689710080623627 -0.88206136226654053 -1.094031810760498 -0.18768666684627533 -0.3532843291759491 -1.6295419931411743 -0.085855588316917419 -0.33434385061264038 -1.5330823659896851 -0.24737992882728577 -0.11942505091428757 -1.4186042547225952 -0.12302036583423615 -0.13870184123516083 -1.3181921243667603 -0.14477121829986572 0.044512275606393814 -1.0309751033782959 -0.16338175535202026 0.2307811826467514 -0.91653084754943848
4231.860799998045 0.10827594995498657 -0.93340152502059937 -1.2421828508377075 -0.19923657178878784 -0.36622366309165955 -1.731579065322876 -0.09935007244348526 -0.3461240828037262 -1.59801185131073 -0.25782045722007751 -0.13273783028125763 -1.5272524356842041 -0.14194318652153015 -0.15153759717941284 -1.3729391098022461 -0.16964474320411682 0.043216723948717117 -1.1404286623001099 -0.19737672805786133 0.23676970601081848 -1.0959316492080688
4231.860799998045 0.10850215703248978 -0.8034437894821167 -1.2063554525375366 -0.16972637176513672 -0.39765140414237976 -1.7873371839523315 -0.08283580094575882 -0.36650422215461731 -1.7127689123153687 -0.23186308145523071 -0.16651876270771027 -1.6679595708847046 -0.10381903499364853 -0.17650917172431946 -1.5787171125411987 -0.13101764023303986 -0.013802287168800831 -1.3695123195648193 -0.16627785563468933 0.14880752563476563 -1.1923941373825073
4289.4002000018954 0.12829300761222839 -0.76628077030181885 -1.2024884223937988 -0.14904272556304932 -0.36179053783416748 -1.7816059589385986 -0.062430970370769501 -0.33074328303337097 -1.7072769403457642 -0.21098002791404724 -0.13139955699443817 -1.6626113653182983 -0.08334687352180481 -0.1413579136133194 -1.5736552476882935 -0.11045820266008377 0.02082686685025692 -1.3651217222213745 -0.14560526609420776 0.18291486799716949 -1.1885718107223511
4406.6899000033736 0.094646140933036804 -0.70472568273544312 0.36209738254547119 -0.286049485206604 -0.26618969440460205 0.38946223258972168 -0.29000520706176758 -0.22818349301815033 0.5452389121055603 -0.35066476464271545 -0.13655351102352142 0.41983473300933838 -0.33683928847312927 -0.11515270918607712 0.65809565782546997 -0.30927407741546631 0.04249245673418045 0.37486466765403748 -0.27218475937843323 0.19978170096874237 0.18623544275760651
4406.6899000033736 -0.29998895525932312 -1.6424045562744141 -1.9225708246231079 -0.72498631477355957 -0.8672487735748291 -2.4455056190490723 -0.53982239961624146 -0.80347716808319092 -2.1670231819152832 -0.76064753532409668 -0.44230136275291443 -2.2534291744232178 -0.6318439245223999 -0.46791097521781921 -2.2031166553497314 -0.6782604455947876 -0.20287691056728363 -1.7115302085876465 -0.61841559410095215 0.080804519355297089 -1.3743349313735962
4480.4182999953628 0.04213179275393486 -0.69926172494888306 -0.6743919849395752 -0.25277939438819885 -0.30301839113235474 -1.154748797416687 -0.19848552346229553 -0.2931121289730072 -1.1221675872802734 -0.31982234120368958 -0.10475964844226837 -1.0603519678115845 -0.25645840167999268 -0.1381356418132782 -1.0436228513717651 -0.26466313004493713 0.019416810944676399 -0.83477270603179932 -0.26995253562927246 0.17064777016639709 -0.71399146318435669
4480.4182999953628 -0.04860779270529747 -1.0603835582733154 -1.0327688455581665 -0.4226422905921936 -0.49148288369178772 -1.6386144161224365 -0.33152103424072266 -0.48999586701393127 -1.5764431953430176 -0.50368738174438477 -0.23397514224052429 -1.5005314350128174 -0.41610950231552124 -0.29238274693489075 -1.4563288688659668 -0.4244321882724762 -0.079381145536899567 -1.1639453172683716 -0.41862013936042786 0.12414290010929108 -0.96845024824142456
4537.4107000008225 0.048479370772838593 -1.0343528985977173 -1.0909445285797119 -0.34661903977394104 -0.43341436982154846 -1.7309085130691528 -0.25036624073982239 -0.43184363842010498 -1.6652361154556274 -0.43222814798355103 -0.16140501201152802 -1.5850493907928467 -0.33971834182739258 -0.22310183942317963 -1.5383574962615967 -0.34850969910621643 0.0018950243247672915 -1.2295082807540894 -0.34237036108970642 0.21688060462474823 -1.0230038166046143
4649.1557000055909 0.0096038570627570152 -1.0753270387649536 -0.88693791627883911 -0.39888188242912292 -0.48174837231636047 -1.1947451829910278 -0.39253637194633484 -0.46900975704193115 -1.0758161544799805 -0.51265960931777954 -0.22708262503147125 -1.003604531288147 -0.48113149404525757 -0.2431810200214386 -0.84216755628585815 -0.48728230595588684 -0.026031574234366417 -0.63382160663604736 -0.46252042055130005 0.18044966459274292 -0.7408713698387146
4649.1557000055909 -0.058104593306779861 -0.78189605474472046 -0.70288532972335815 -0.2851557731628418 -0.42414295673370361 -1.0030128955841064 -0.23063519597053528 -0.40965181589126587 -0.93045508861541748 -0.31825798749923706 -0.25835075974464417 -0.97292238473892212 -0.24699006974697113 -0.26163110136985779 -0.91318607330322266 -0.26294603943824768 -0.13974051177501678 -0.84412217140197754 -0.29266864061355591 0.0016190388705581427 -0.80147427320480347
4707.0251000076532 0.12281752377748489 -1.0296144485473633 -1.1879338026046753 -0.27367028594017029 -0.46065181493759155 -1.8506200313568115 -0.18200841546058655 -0.42453208565711975 -1.759302020072937 -0.38902351260185242 -0.16286168992519379 -1.5429052114486694 -0.24609996378421783 -0.16911187767982483 -1.3879908323287964 -0.28748035430908203 0.044843394309282303 -1.0189635753631592 -0.31556212902069092 0.25637197494506836 -0.90126717090606689
4707.0251000076532 0.061473477631807327 -0.80256044864654541 -0.95844131708145142 -0.25841149687767029 -0.34352341294288635 -1.4930943250656128 -0.18445901572704315 -0.31438213586807251 -1.4194192886352539 -0.35147807002067566 -0.10326740145683289 -1.2448309659957886 -0.23616786301136017 -0.1083100289106369 -1.1198465824127197 -0.26955339312553406 0.064308337867259979 -0.82211673259735107 -0.29220965504646301 0.23496884107589722 -0.72715967893600464
4807.0631000027061 -0.17156995832920074 -0.65627628564834595 -0.48001828789710999 -0.48532199859619141 -0.23647017776966095 -0.66845583915710449 -0.50792962312698364 -0.21443241834640503 -0.52905744314193726 -0.56437456607818604 -0.11227735877037048 -0.61285507678985596 -0.56373387575149536 -0.11335842311382294 -0.42558124661445618 -0.56402140855789185 0.042391844093799591 -0.47938591241836548 -0.51248675584793091 0.2037920206785202 -0.61241048574447632
4881.4278000071645 -0.24126476049423218 -0.89978635311126709 -0.12355054914951324 -0.55952644348144531 -0.48977336287498474 -0.33813098073005676 -0.44883111119270325 -0.44243156909942627 -0.21128462255001068 -0.62560206651687622 -0.27410423755645752 -0.13557370007038116 -0.52454394102096558 -0.25689423084259033 -0.040993116796016693 -0.5453067421913147 -0.089501000940799713 -0.010419093072414398 -0.53264302015304565 0.060731172561645508 -0.0047288089990615845
4881.4278000071645 -0.062041401863098145 -1.5557780265808105 -0.66606336832046509 -0.59462118148803711 -0.84265768527984619 -1.5270726680755615 -0.35227960348129272 -0.75822746753692627 -1.3143378496170044 -0.75534480810165405 -0.36310029029846191 -0.97777968645095825 -0.49084353446960449 -0.33588433265686035 -0.7825663685798645 -0.57904791831970215 0.0068661156110465527 -0.60558408498764038 -0.60132503509521484 0.35564723610877991 -0.43551415205001831
4958.7355999946594 -0.099402427673339844 -1.4543155431747437 -0.83354341983795166 -0.57329785823822021 -0.67189782857894897 -1.5685324668884277 -0.34690237045288086 -0.60285687446594238 -1.3346740007400513 -0.7016492486000061 -0.24915622174739838 -1.1494983434677124 -0.48880299925804138 -0.23266522586345673 -1.0139931440353394 -0.5910523533821106 0.070879317820072174 -0.78987866640090942 -0.60617560148239136 0.35887643694877625 -0.79319190979003906
