44.840900003910065 -1.1609319448471069 -0.75457543134689331 -0.39099997282028198 -0.58592754602432251 -1.6024460792541504 -0.43066394329071045 -0.66454654932022095 -1.8426116704940796 -0.50949388742446899 -0.081872113049030304 -1.7903072834014893 -0.57222491502761841 -0.084125787019729614 -2.034590482711792 -0.66141706705093384 0.42488938570022583 -1.8514841794967651 -0.73153507709503174 0.9340968132019043 -1.3593168258666992 -0.84877860546112061
44.840900003910065 -1.147887110710144 -0.77897369861602783 -0.44565388560295105 -0.52707207202911377 -1.6588809490203857 -0.32667779922485352 -0.588104248046875 -1.8935081958770752 -0.39971792697906494 -0.0061707152053713799 -1.8380395174026489 -0.43247762322425842 0.017489291727542877 -2.077751636505127 -0.50971853733062744 0.49578937888145447 -1.8904109001159668 -0.59361696243286133 0.95909315347671509 -1.3840022087097168 -0.72473084926605225
104.09549999982119 -1.2077511548995972 -0.73587673902511597 -0.44547277688980103 -0.58719056844711304 -1.615423321723938 -0.32654547691345215 -0.6481977105140686 -1.8499546051025391 -0.39955565333366394 -0.066502667963504791 -1.7945085763931274 -0.43230193853378296 -0.042852353304624557 -2.0341227054595947 -0.50951117277145386 0.43525168299674988 -1.8468585014343262 -0.59337520599365234 0.89836561679840088 -1.3406573534011841 -0.72443538904190063
104.09549999982119 -1.2414119243621826 -0.77003204822540283 -0.23194314539432526 -0.66424304246902466 -1.6717253923416138 -0.17137628793716431 -0.75624489784240723 -1.8993544578552246 -0.22248968482017517 -0.099405370652675629 -1.8852300643920898 -0.27619734406471252 -0.086304858326911926 -2.1256215572357178 -0.3276730477809906 0.4495411217212677 -1.9554444551467896 -0.44502860307693481 0.94259339570999146 -1.4184063673019409 -0.61277288198471069
163.51750000566244 -1.2937407493591309 -0.78935927152633667 -0.39751976728439331 -0.68113011121749878 -1.7063801288604736 -0.3573041558265686 -0.75970160961151123 -1.9464989900588989 -0.43029198050498962 -0.1034732311964035 -1.9311481714248657 -0.46570417284965515 -0.076126091182231903 -2.1883182525634766 -0.53566658496856689 0.46427151560783386 -2.0205497741699219 -0.62599152326583862 0.98233151435852051 -1.474664568901062 -0.76857244968414307
163.51750000566244 -1.2773646116256714 -0.72628027200698853 -0.54687470197677612 -0.66380614042282104 -1.6648713350296021 -0.36051696538925171 -0.73373168706893921 -1.9053267240524292 -0.43469375371932983 -0.11715161055326462 -1.8673268556594849 -0.43878805637359619 -0.09104301780462265 -2.1114675998687744 -0.50053036212921143 0.41185614466667175 -1.93763267993927 -0.55753606557846069 0.96254253387451172 -1.4332054853439331 -0.7153971791267395
236.66770000755787 -1.2580111026763916 -0.66325557231903076 -0.49441879987716675 -0.63718187808990479 -1.6494737863540649 -0.64550352096557617 -0.68810319900512695 -1.9029860496520996 -0.72310549020767212 -0.12890757620334625 -1.8337631225585938 -0.73413753509521484 -0.10879579186439514 -2.1064603328704834 -0.82024604082107544 0.37219175696372986 -1.8789882659912109 -0.7991834282875061 0.91035985946655273 -1.3705110549926758 -0.84010034799575806
238.95330000668764 -1.2697063684463501 -0.74801212549209595 -0.36863696575164795 -0.66183274984359741 -1.7325514554977417 -0.53313630819320679 -0.72811603546142578 -2.0000860691070557 -0.60602235794067383 -0.15308953821659088 -1.9271397590637207 -0.65633612871170044 -0.14543001353740692 -2.2152752876281738 -0.73795169591903687 0.42445862293243408 -1.9848859310150146 -0.83929508924484253 0.9476962685585022 -1.4090529680252075 -0.92301845550537109
294.2376000136137 -1.2843300104141235 -0.80684643983840942 -0.35647258162498474 -0.58729016780853271 -1.7719916105270386 -0.3264961838722229 -0.65276920795440674 -2.0299699306488037 -0.39814677834510803 -0.036767669022083282 -1.9727113246917725 -0.45905637741088867 -0.012952009215950966 -2.2328071594238281 -0.53246092796325684 0.50803929567337036 -2.0242006778717041 -0.6196293830871582 1.0302194356918335 -1.4661751985549927 -0.77471333742141724
294.2376000136137 -1.1364285945892334 -0.66462421417236328 -0.39526635408401489 -0.56191229820251465 -1.5824247598648071 -0.35434061288833618 -0.63171094655990601 -1.8156527280807495 -0.4235692024230957 -0.039878260344266891 -1.7665729522705078 -0.4716968834400177 -0.0204181969165802 -2.0056719779968262 -0.5399443507194519 0.4701555073261261 -1.8066610097885132 -0.61214673519134521 0.93946927785873413 -1.295493483543396 -0.74177926778793335
354.0151000097394 -1.2293887138366699 -0.74941122531890869 -0.47477561235427856 -0.63391661643981934 -1.6658505201339722 -0.33738267421722412 -0.71331173181533813 -1.9096848964691162 -0.41182759404182434 -0.091566182672977448 -1.8618885278701782 -0.40865761041641235 -0.074417419731616974 -2.1109738349914551 -0.48007941246032715 0.4645116925239563 -1.9211740493774414 -0.55890923738479614 0.90919983386993408 -1.4022743701934814 -0.67760336399078369
354.0151000097394 -1.3215676546096802 -0.7615121603012085 -0.48480883240699768 -0.71350657939910889 -1.6973260641098022 -0.34451121091842651 -0.79458016157150269 -1.9463151693344116 -0.42052999138832092 -0.15969014167785645 -1.8975085020065308 -0.41729298233985901 -0.14217883348464966 -2.1518597602844238 -0.49022474884986877 0.40814390778541565 -1.9580475091934204 -0.57072114944458008 0.86223328113555908 -1.4281775951385498 -0.6919245719909668
410.8504000082612 -1.301353931427002 -0.77145284414291382 -0.45870649814605713 -0.69212722778320313 -1.7013894319534302 -0.35085326433181763 -0.77165192365646362 -1.9517109394073486 -0.42698207497596741 -0.15095414221286774 -1.9070225954055786 -0.44886317849159241 -0.13173951208591461 -2.1615059375762939 -0.51609152555465698 0.38862183690071106 -1.9760924577713013 -0.56929796934127808 0.93771946430206299 -1.4665094614028931 -0.7218586802482605
410.8504000082612 -1.2676043510437012 -0.77762389183044434 -0.55883646011352539 -0.64343893527984619 -1.6443397998809814 -0.31486803293228149 -0.71137434244155884 -1.887531042098999 -0.37996712327003479 -0.096806026995182037 -1.8458902835845947 -0.34514927864074707 -0.06724248081445694 -2.0945541858673096 -0.39481079578399658 0.42829194664955139 -1.9158681631088257 -0.44566714763641357 0.94747203588485718 -1.4196397066116333 -0.58519423007965088
471.9003000035882 -1.3527922630310059 -0.81335806846618652 -0.57846325635910034 -0.70669698715209961 -1.7105257511138916 -0.32592314481735229 -0.77701932191848755 -1.962261438369751 -0.39330944418907166 -0.14085833728313446 -1.9191577434539795 -0.35726830363273621 -0.11025609821081161 -2.176558256149292 -0.40867465734481812 0.40268880128860474 -1.9915941953659058 -0.46131783723831177 0.94011014699935913 -1.477931022644043 -0.60574710369110107
471.9003000035882 -1.3552085161209106 -0.83529043197631836 -0.60834455490112305 -0.70838809013366699 -1.73737633228302 -0.32765242457389832 -0.77620244026184082 -1.9773848056793213 -0.39027175307273865 -0.15023525059223175 -1.9205621480941772 -0.35406526923179626 -0.13191607594490051 -2.1632394790649414 -0.40656217932701111 0.38614210486412048 -2.0111775398254395 -0.42560115456581116 0.9674457311630249 -1.5363838672637939 -0.57136523723602295
540.755900003016 -1.3043555021286011 -0.73608916997909546 -0.4404054582118988 -0.73199450969696045 -1.575952410697937 -0.20315554738044739 -0.82964247465133667 -1.8022480010986328 -0.2703719437122345 -0.21392333507537842 -1.7710443735122681 -0.26184102892875671 -0.22183731198310852 -1.9974856376647949 -0.31682038307189941 0.28253045678138733 -1.8667769432067871 -0.37130299210548401 0.88561201095581055 -1.3988921642303467 -0.54512917995452881
540.755900003016 -1.3209894895553589 -0.74487924575805664 -0.5094379186630249 -0.68557149171829224 -1.6960792541503906 -0.66539007425308228 -0.74437892436981201 -1.9528318643569946 -0.74949485063552856 -0.16554729640483856 -1.893402099609375 -0.75088787078857422 -0.16073085367679596 -2.1674277782440186 -0.8486437201499939 0.35336607694625854 -1.9561762809753418 -0.83526849746704102 0.93018132448196411 -1.4299942255020142 -0.86573129892349243
597.57609999924898 -1.1677210330963135 -0.70511746406555176 -0.55139422416687012 -0.572296142578125 -1.564605712890625 -0.59743314981460571 -0.62208795547485352 -1.8042110204696655 -0.68455880880355835 -0.089948303997516632 -1.7433640956878662 -0.68093413114547729 -0.076593324542045593 -1.9945299625396729 -0.78047311305999756 0.40169546008110046 -1.8000267744064331 -0.7923959493637085 0.94975793361663818 -1.3106220960617065 -0.84058314561843872
597.57609999924898 -1.2489315271377563 -0.75237059593200684 -0.57882231473922729 -0.62389248609542847 -1.6546064615249634 -0.6271510124206543 -0.67616075277328491 -1.9061288833618164 -0.71860998868942261 -0.11755448579788208 -1.842255711555481 -0.714805006980896 -0.10353528708219528 -2.1059136390686035 -0.81929469108581543 0.39854174852371216 -1.9017366170883179 -0.83181047439575195 0.97386270761489868 -1.3879907131195068 -0.88239437341690063
652.08519999682903 -1.1961780786514282 -0.74725085496902466 -0.49990531802177429 -0.54488915205001831 -1.6516133546829224 -0.57514381408691406 -0.59591394662857056 -1.9009453058242798 -0.66623497009277344 -0.058285277336835861 -1.8287426233291626 -0.69079691171646118 -0.042059142142534256 -2.087468147277832 -0.80002707242965698 0.44145503640174866 -1.8843824863433838 -0.82794439792633057 0.96533834934234619 -1.3849920034408569 -0.89009881019592285
652.08519999682903 -1.138008713722229 -0.79377394914627075 -0.57164210081100464 -0.51397550106048584 -1.701494574546814 -0.48163378238677979 -0.56585347652435303 -1.9459347724914551 -0.56784790754318237 -0.0044033648446202278 -1.8364838361740112 -0.56191039085388184 0.02203555591404438 -2.080554723739624 -0.66403663158416748 0.50559777021408081 -1.8456780910491943 -0.70848274230957031 0.95971399545669556 -1.3668655157089233 -0.78027236461639404
710.2157000079751 -1.1597058773040771 -0.82247066497802734 -0.57573962211608887 -0.53120166063308716 -1.7366948127746582 -0.48508644104003906 -0.58345127105712891 -1.9828865528106689 -0.57191824913024902 -0.017978545278310776 -1.872651219367981 -0.56593817472457886 0.0086498018354177475 -2.1184709072113037 -0.6687961220741272 0.49567660689353943 -1.8819115161895752 -0.71356070041656494 0.95304650068283081 -1.3996683359146118 -0.78586471080780029
710.2157000079751 -1.1103841066360474 -0.78659594058990479 -0.40104269981384277 -0.55515217781066895 -1.6603401899337769 -0.54913938045501709 -0.61539280414581299 -1.9151252508163452 -0.63806736469268799 -0.036088474094867706 -1.8430347442626953 -0.66845661401748657 -0.010471728630363941 -2.1092908382415771 -0.77545434236526489 0.48791587352752686 -1.879660964012146 -0.81138455867767334 0.94904112815856934 -1.3510274887084961 -0.86119669675827026
768.89910000562668 -1.1587854623794556 -0.82413214445114136 -0.68507087230682373 -0.55507975816726685 -1.7359085083007813 -0.51370567083358765 -0.5961068868637085 -1.9858300685882568 -0.60343241691589355 -0.061575233936309814 -1.8760755062103271 -0.58204638957977295 -0.030983289703726768 -2.1258749961853027 -0.67733293771743774 0.42893844842910767 -1.8786126375198364 -0.71913093328475952 0.93850648403167725 -1.3788084983825684 -0.7883182168006897
768.89910000562668 -1.2224700450897217 -0.8682485818862915 -0.69941502809524536 -0.60611677169799805 -1.7991266250610352 -0.52445971965789795 -0.64800339937210083 -2.0542838573455811 -0.61606621742248535 -0.10227332264184952 -1.9422301054000854 -0.59423214197158813 -0.071040481328964233 -2.1972630023956299 -0.69151496887207031 0.39851656556129456 -1.9448202848434448 -0.73418861627578735 0.91876000165939331 -1.4345453977584839 -0.80482536554336548
828.08500000089407 -1.2068675756454468 -0.86163103580474854 -0.74985325336456299 -0.57687735557556152 -1.755979061126709 -0.59427750110626221 -0.62090539932250977 -2.0125062465667725 -0.69365721940994263 -0.061661045998334885 -1.8840823173522949 -0.63238716125488281 -0.024388926103711128 -2.1362967491149902 -0.74245345592498779 0.46686732769012451 -1.8843952417373657 -0.76751399040222168 0.91125404834747314 -1.4025199413299561 -0.80784058570861816
828.08500000089407 -1.1959075927734375 -0.80578351020812988 -0.65441024303436279 -0.55904221534729004 -1.7275042533874512 -0.62717467546463013 -0.61050349473953247 -1.9816422462463379 -0.73600345849990845 -0.049592304974794388 -1.8593217134475708 -0.71246474981307983 -0.012187948450446129 -2.1073548793792725 -0.82688897848129272 0.44237422943115234 -1.8693195581436157 -0.86623793840408325 0.89878761768341064 -1.36383056640625 -0.93624985218048096
885.64670000225306 -1.0825132131576538 -0.79257190227508545 -0.4409802258014679 -0.50478923320770264 -1.6452938318252563 -0.51038306951522827 -0.57768023014068604 -1.8826199769973755 -0.60011368989944458 0.00049677398055791855 -1.7951517105102539 -0.61609834432601929 0.015011795796453953 -2.0363321304321289 -0.72154635190963745 0.49540722370147705 -1.8579283952713013 -0.80836009979248047 0.93604910373687744 -1.3413205146789551 -0.89132952690124512
885.64670000225306 -1.2027865648269653 -0.80315351486206055 -0.44867429137229919 -0.61498385667800903 -1.6707514524459839 -0.51928788423538208 -0.68914639949798584 -1.9122180938720703 -0.61058390140533447 -0.10088280588388443 -1.8232238292694092 -0.62684744596481323 -0.086114563047885895 -2.0686118602752686 -0.73413503170013428 0.40266159176826477 -1.8870956897735596 -0.8224632740020752 0.85099071264266968 -1.3614752292633057 -0.90688019990921021
963.47309999912977 -1.1458746194839478 -0.83781296014785767 -0.73321390151977539 -0.51939213275909424 -1.7188651561737061 -0.53608429431915283 -0.563731849193573 -1.9776662588119507 -0.63394689559936523 -0.038185480982065201 -1.8399918079376221 -0.54669368267059326 -0.010743903927505016 -2.0935618877410889 -0.64825314283370972 0.45186638832092285 -1.8907015323638916 -0.67022687196731567 0.86306512355804443 -1.4543664455413818 -0.72480142116546631
963.47309999912977 -1.2682915925979614 -0.85526615381240845 -0.70026904344558716 -0.56988120079040527 -1.8000550270080566 -0.59484684467315674 -0.61908155679702759 -2.0648539066314697 -0.67879259586334229 -0.071588672697544098 -1.9539849758148193 -0.60919904708862305 -0.043695550411939621 -2.2264530658721924 -0.69456022977828979 0.48130795359611511 -1.9969756603240967 -0.70333784818649292 0.937774658203125 -1.4877535104751587 -0.74193191528320313
1020.4764000028372 -1.1855760812759399 -0.80981403589248657 -0.37115490436553955 -0.51779395341873169 -1.7235265970230103 -0.4239678680896759 -0.55938822031021118 -1.9646544456481934 -0.49674198031425476 -0.017985345795750618 -1.8608546257019043 -0.53804510831832886 0.020946165546774864 -2.1005423069000244 -0.61626887321472168 0.47959449887275696 -1.8635327816009521 -0.64035433530807495 0.9257965087890625 -1.3394014835357666 -0.72307658195495605
1020.4764000028372 -1.0688458681106567 -0.83427685499191284 -0.64295011758804321 -0.43573826551437378 -1.7489120960235596 -0.51199036836624146 -0.49739345908164978 -1.9934694766998291 -0.6103212833404541 0.050259582698345184 -1.8851326704025269 -0.59415519237518311 0.072530657052993774 -2.1210927963256836 -0.69026404619216919 0.59136408567428589 -1.9007279872894287 -0.76039910316467285 1.0614314079284668 -1.4024214744567871 -0.87474101781845093
1080.8324000015855 -1.141441822052002 -0.74754273891448975 -0.61589020490646362 -0.53497481346130371 -1.623691201210022 -0.49044114351272583 -0.59403562545776367 -1.8579577207565308 -0.58463436365127563 -0.069427236914634705 -1.7541797161102295 -0.56914854049682617 -0.048093315213918686 -1.9802110195159912 -0.661213219165802 0.44890817999839783 -1.7691187858581543 -0.72839707136154175 0.89919543266296387 -1.2917804718017578 -0.83792763948440552
1080.8324000015855 -1.1518999338150024 -0.85343611240386963 -0.71380293369293213 -0.51806813478469849 -1.7182164192199707 -0.40398558974266052 -0.56854861974716187 -1.9458702802658081 -0.48988997936248779 -0.036025431007146835 -1.8335156440734863 -0.44254407286643982 -0.0073321699164807796 -2.0611879825592041 -0.52949857711791992 0.45301192998886108 -1.8718736171722412 -0.56398427486419678 0.90853828191757202 -1.4307430982589722 -0.66393929719924927
1138.1064000055194 -1.1845064163208008 -0.92280203104019165 -0.48050162196159363 -0.56486201286315918 -1.7498984336853027 -0.37469512224197388 -0.64512163400650024 -1.9903438091278076 -0.46813255548477173 -0.044304061681032181 -1.8920078277587891 -0.49021455645561218 -0.029608026146888733 -2.1313314437866211 -0.58829504251480103 0.47402730584144592 -1.9267575740814209 -0.7092442512512207 0.92986613512039185 -1.3913751840591431 -0.85064131021499634
1138.1064000055194 -1.1774232387542725 -0.88791179656982422 -0.46996763348579407 -0.57135802507400513 -1.6968828439712524 -0.36647975444793701 -0.64985871315002441 -1.9320591688156128 -0.45786961913108826 -0.062207765877246857 -1.8358781337738037 -0.4794677197933197 -0.047833781689405441 -2.0699567794799805 -0.57539880275726318 0.44476470351219177 -1.8698662519454956 -0.69369751214981079 0.89061403274536133 -1.3462164402008057 -0.83199590444564819
1195.2682000026107 -1.1373960971832275 -0.92412322759628296 -0.41920793056488037 -0.54725074768066406 -1.7147336006164551 -0.34382033348083496 -0.63183337450027466 -1.9449502229690552 -0.43439054489135742 -0.019257087260484695 -1.8611496686935425 -0.49194079637527466 -0.0071414653211832047 -2.0911684036254883 -0.59094321727752686 0.47907295823097229 -1.9109653234481812 -0.72260308265686035 0.92950797080993652 -1.3935099840164185 -0.89679825305938721
1195.2682000026107 -1.0672484636306763 -0.91134542226791382 -0.41782024502754211 -0.515907883644104 -1.6609441041946411 -0.37437397241592407 -0.59339600801467896 -1.8898855447769165 -0.45579066872596741 -0.045499294996261597 -1.807508111000061 -0.49823591113090515 -0.045589238405227661 -2.0343754291534424 -0.58445173501968384 0.4603327214717865 -1.8785793781280518 -0.74067229032516479 0.88709801435470581 -1.3955175876617432 -0.8959662914276123
1264.1719000041485 -1.004380464553833 -0.9179542064666748 -0.5735974907875061 -0.39961919188499451 -1.6845002174377441 -0.62566071748733521 -0.4584554135799408 -1.9261460304260254 -0.71837759017944336 0.012254612520337105 -1.8092834949493408 -0.72165036201477051 0.020075010135769844 -2.0482587814331055 -0.80683636665344238 0.57920289039611816 -1.8434414863586426 -0.91491550207138062 0.97602283954620361 -1.361204981803894 -1.0150852203369141
1264.1719000041485 -0.90109533071517944 -0.7598499059677124 -0.58146601915359497 -0.30668598413467407 -1.4827562570571899 -0.49793910980224609 -0.34798020124435425 -1.7010418176651001 -0.5900644063949585 0.10664139688014984 -1.6024953126907349 -0.58249253034591675 0.12822568416595459 -1.8157095909118652 -0.66835111379623413 0.51076775789260864 -1.6337114572525024 -0.68139439821243286 0.95746737718582153 -1.1641237735748291 -0.78889697790145874
1322.4893000051379 -1.0394039154052734 -0.86321061849594116 -0.64235776662826538 -0.38273864984512329 -1.6618311405181885 -0.55008256435394287 -0.42835783958435059 -1.9029790163040161 -0.65185672044754028 0.073878951370716095 -1.7941112518310547 -0.64349180459976196 0.097723878920078278 -2.0296566486358643 -0.73834288120269775 0.52033179998397827 -1.8285969495773315 -0.75275218486785889 1.0138169527053833 -1.3098264932632446 -0.87151414155960083
1322.4893000051379 -1.005368709564209 -0.88084453344345093 -0.59108150005340576 -0.3722626268863678 -1.6356954574584961 -0.46466159820556641 -0.40961131453514099 -1.8805077075958252 -0.54078632593154907 0.1052129790186882 -1.7609223127365112 -0.51760339736938477 0.13880515098571777 -1.9983682632446289 -0.58853399753570557 0.62859386205673218 -1.7825289964675903 -0.66576457023620605 1.0360713005065918 -1.2860995531082153 -0.77097594738006592
1379.4924000054598 -0.98327702283859253 -0.90946799516677856 -0.56907361745834351 -0.36656627058982849 -1.7181253433227539 -0.47966268658638 -0.40718486905097961 -1.9585862159729004 -0.56821179389953613 0.13307186961174011 -1.8566831350326538 -0.58958953619003296 0.17269022762775421 -2.0956487655639648 -0.68036478757858276 0.6072617769241333 -1.8824300765991211 -0.75209057331085205 1.0763726234436035 -1.3651670217514038 -0.88067388534545898
1379.4924000054598 -0.97819328308105469 -0.82505971193313599 -0.54163455963134766 -0.39121136069297791 -1.5947353839874268 -0.45653373003005981 -0.42987191677093506 -1.823604941368103 -0.54081434011459351 0.084341548383235931 -1.7266141176223755 -0.56116151809692383 0.12205007672309875 -1.9540603160858154 -0.64756095409393311 0.53567296266555786 -1.7511197328567505 -0.71582913398742676 0.98217028379440308 -1.2587915658950806 -0.83821403980255127
1458.0619000047445 -1.0228996276855469 -0.88027733564376831 -0.53614497184753418 -0.3844013512134552 -1.6589406728744507 -0.4546971321105957 -0.43391567468643188 -1.896492600440979 -0.54359877109527588 0.11144882440567017 -1.7890477180480957 -0.58192175626754761 0.13865315914154053 -2.0218524932861328 -0.67764478921890259 0.58127862215042114 -1.8294287919998169 -0.76671230792999268 1.0601609945297241 -1.3349244594573975 -0.91761118173599243
1458.0619000047445 -0.96194308996200562 -0.84826761484146118 -0.6621667742729187 -0.34121516346931458 -1.7323994636535645 -0.50936788320541382 -0.38784193992614746 -1.9831982851028442 -0.59848898649215698 0.13658091425895691 -1.8545534610748291 -0.54839164018630981 0.1692221462726593 -2.099379301071167 -0.6206047534942627 0.66859269142150879 -1.865156888961792 -0.67282474040985107 1.1223565340042114 -1.3264356851577759 -0.76444000005722046
1513.7250000014901 -0.9327617883682251 -0.90082216262817383 -0.84022045135498047 -0.28850972652435303 -1.7439416646957397 -0.40270483493804932 -0.31790724396705627 -1.9768569469451904 -0.48355302214622498 0.19719511270523071 -1.8187646865844727 -0.36486506462097168 0.24421936273574829 -2.0406174659729004 -0.42632138729095459 0.66676020622253418 -1.802547812461853 -0.40289336442947388 1.1547684669494629 -1.2909201383590698 -0.49915045499801636
1513.7250000014901 -1.0573800802230835 -0.91415655612945557 -0.87342542409896851 -0.38766351342201233 -1.7906010150909424 -0.41861671209335327 -0.41822299361228943 -2.0327224731445313 -0.50266045331954956 0.11723917722702026 -1.8683815002441406 -0.37928128242492676 0.16612207889556885 -2.0990028381347656 -0.44316670298576355 0.60536414384841919 -1.8515233993530273 -0.41881269216537476 1.1126613616943359 -1.3196734189987183 -0.5188744068145752
1567.6554000079632 -1.076958179473877 -0.93108266592025757 -0.88959741592407227 -0.39484134316444397 -1.8237550258636475 -0.42636764049530029 -0.42596665024757385 -2.070359468460083 -0.51196753978729248 0.11940992623567581 -1.9029756784439087 -0.38630390167236328 0.16919791698455811 -2.1378672122955322 -0.4513721764087677 0.61657285690307617 -1.8858054876327515 -0.42656725645065308 1.1332628726959229 -1.344107985496521 -0.52848166227340698
1567.6554000079632 -1.0381250381469727 -0.92451423406600952 -0.63635200262069702 -0.40106314420700073 -1.8020849227905273 -0.4539969265460968 -0.44859820604324341 -2.0559914112091064 -0.55046164989471436 0.11476277559995651 -1.9222426414489746 -0.52602618932723999 0.15302334725856781 -2.1648740768432617 -0.61209297180175781 0.61752641201019287 -1.9298355579376221 -0.6528770923614502 1.1487141847610474 -1.3524997234344482 -0.79592376947402954
1622.177400007844 -0.96114695072174072 -0.87503534555435181 -0.79569768905639648 -0.3510381281375885 -1.705114483833313 -0.52087336778640747 -0.38376334309577942 -1.9426853656768799 -0.61076480150222778 0.13461819291114807 -1.7971527576446533 -0.52417182922363281 0.1826513260602951 -2.0275590419769287 -0.60347837209701538 0.60736382007598877 -1.7913472652435303 -0.59417098760604858 1.1152447462081909 -1.2737815380096436 -0.68899053335189819
1622.177400007844 -1.0313388109207153 -0.92289209365844727 -0.83294558525085449 -0.39266711473464966 -1.7918322086334229 -0.54525512456893921 -0.42692437767982483 -2.0405251979827881 -0.6393548846244812 0.11572568863630295 -1.8881793022155762 -0.54870796203613281 0.16600754857063293 -2.1293723583221436 -0.63172739744186401 0.61060339212417603 -1.8821020126342773 -0.62198424339294434 1.142261266708374 -1.3403059244155884 -0.72124284505844116
1679.0192000120878 -0.93611311912536621 -0.90937703847885132 -0.75280487537384033 -0.36331561207771301 -1.7688013315200806 -0.56435483694076538 -0.40161311626434326 -2.0142581462860107 -0.67129033803939819 0.15133269131183624 -1.8667701482772827 -0.60598689317703247 0.20713439583778381 -2.1014895439147949 -0.71054142713546753 0.64955818653106689 -1.8716146945953369 -0.73433834314346313 1.0991102457046509 -1.3409775495529175 -0.83342069387435913
1679.0192000120878 -0.89717686176300049 -0.90382087230682373 -0.72044587135314941 -0.36259555816650391 -1.7041287422180176 -0.55318284034729004 -0.41016429662704468 -1.9512381553649902 -0.66241991519927979 0.14839516580104828 -1.814414381980896 -0.61314249038696289 0.18699930608272552 -2.0543887615203857 -0.72618180513381958 0.62585943937301636 -1.8349705934524536 -0.75188404321670532 1.0553182363510132 -1.3145542144775391 -0.84723079204559326
1747.6974000111222 -1.0097001791000366 -0.87014830112457275 -0.51344996690750122 -0.38806605339050293 -1.7683777809143066 -0.51045966148376465 -0.43602204322814941 -2.0237011909484863 -0.60188460350036621 0.14739973843097687 -1.8868000507354736 -0.62093055248260498 0.18936283886432648 -2.1423869132995605 -0.70773547887802124 0.65604710578918457 -1.8760933876037598 -0.71599876880645752 1.1119623184204102 -1.3002320528030396 -0.80911672115325928
1747.6974000111222 -0.98518085479736328 -0.86975663900375366 -0.51702463626861572 -0.33578595519065857 -1.7267944812774658 -0.560688316822052 -0.37366598844528198 -1.9855165481567383 -0.65206700563430786 0.16189907491207123 -1.8355100154876709 -0.67297792434692383 0.20580348372459412 -2.092984676361084 -0.76397067308425903 0.65303236246109009 -1.8185544013977051 -0.76050370931625366 1.1257716417312622 -1.2463123798370361 -0.84362292289733887
1806.7084999978542 -0.96801143884658813 -0.89350759983062744 -0.70008891820907593 -0.35627290606498718 -1.7605487108230591 -0.64053958654403687 -0.40365001559257507 -2.0272557735443115 -0.73499143123626709 0.11991581320762634 -1.8669320344924927 -0.68909841775894165 0.14898397028446198 -2.1328775882720947 -0.77347028255462646 0.72137749195098877 -1.8229860067367554 -0.84806728363037109 1.1090805530548096 -1.2550309896469116 -0.89718121290206909
1806.7084999978542 -0.9405243992805481 -0.89289587736129761 -0.48149329423904419 -0.32804504036903381 -1.7438467741012573 -0.50266587734222412 -0.37338253855705261 -2.0029757022857666 -0.56737327575683594 0.14518333971500397 -1.8649338483810425 -0.60227835178375244 0.17756946384906769 -2.1323642730712891 -0.67681515216827393 0.77244597673416138 -1.8425078392028809 -0.79139769077301025 1.1879163980484009 -1.2348254919052124 -0.86133360862731934
1863.6135000064969 -0.9459567666053772 -0.92240113019943237 -0.65455204248428345 -0.23784269392490387 -1.7998688220977783 -0.60523772239685059 -0.26063951849937439 -2.0548903942108154 -0.70140153169631958 0.24153386056423187 -1.9022105932235718 -0.71038448810577393 0.29635095596313477 -2.1445808410644531 -0.80740213394165039 0.76062130928039551 -1.8669418096542358 -0.88272351026535034 1.2186814546585083 -1.2753956317901611 -0.99871009588241577
1863.6135000064969 -0.96510410308837891 -0.82979017496109009 -0.61351895332336426 -0.30137786269187927 -1.6522541046142578 -0.56729590892791748 -0.322745680809021 -1.8912897109985352 -0.65743172168731689 0.14794917404651642 -1.7481807470321655 -0.66585159301757813 0.19933007657527924 -1.975358247756958 -0.75678771734237671 0.63449788093566895 -1.7151228189468384 -0.82738757133483887 1.0638446807861328 -1.1606574058532715 -0.93610352277755737
1926.6645000055432 -0.91716408729553223 -0.83297091722488403 -0.59540730714797974 -0.29208135604858398 -1.6777826547622681 -0.55522662401199341 -0.33022448420524597 -1.9307870864868164 -0.65488415956497192 0.19761961698532104 -1.7803006172180176 -0.6475406289100647 0.24501387774944305 -2.0236585140228271 -0.75069689750671387 0.66256487369537354 -1.7642192840576172 -0.78369283676147461 1.1003857851028442 -1.2141469717025757 -0.88012474775314331
1926.6645000055432 -1.0125695466995239 -0.88361656665802002 -0.61758357286453247 -0.36419820785522461 -1.7599034309387207 -0.57590585947036743 -0.40376242995262146 -2.022334098815918 -0.67927634716033936 0.14374753832817078 -1.8662409782409668 -0.67165923118591309 0.19290757179260254 -2.1186654567718506 -0.77865880727767944 0.62601518630981445 -1.8495603799819946 -0.81288403272628784 1.0801479816436768 -1.278994083404541 -0.91290873289108276
1983.9790000021458 -0.9762798547744751 -0.86328911781311035 -0.52074253559112549 -0.31589886546134949 -1.7101461887359619 -0.52502691745758057 -0.33367183804512024 -1.9714049100875854 -0.62122827768325806 0.17104324698448181 -1.8295578956604004 -0.65677261352539063 0.22924518585205078 -2.0833630561828613 -0.75364851951599121 0.65374457836151123 -1.8261874914169312 -0.82835608720779419 1.0794605016708374 -1.2213176488876343 -0.94362020492553711
1983.9790000021458 -0.96764916181564331 -0.87142777442932129 -0.51602381467819214 -0.31325632333755493 -1.7106058597564697 -0.52026933431625366 -0.33086812496185303 -1.969495415687561 -0.61559838056564331 0.16927036643028259 -1.8289347887039185 -0.65082043409347534 0.22694453597068787 -2.0804386138916016 -0.74681782722473145 0.64759469032287598 -1.8255949020385742 -0.82084804773330688 1.0694503784179688 -1.2262099981307983 -0.93506693840026855
2039.547300003469 -0.90334665775299072 -0.92669153213500977 -0.53498941659927368 -0.244228795170784 -1.7271925210952759 -0.56169146299362183 -0.25917094945907593 -1.9795116186141968 -0.65614515542984009 0.28156468272209167 -1.8002264499664307 -0.69137781858444214 0.3440747857093811 -2.0427684783935547 -0.79051429033279419 0.76910394430160522 -1.759647011756897 -0.85340762138366699 1.1528751850128174 -1.195391058921814 -0.97976040840148926
2039.547300003469 -0.95123624801635742 -0.90510797500610352 -0.73162895441055298 -0.26918607950210571 -1.7046831846237183 -0.66800636053085327 -0.2594967782497406 -1.9537419080734253 -0.76686960458755493 0.22849714756011963 -1.7762422561645508 -0.76202559471130371 0.29165306687355042 -2.0166375637054443 -0.86178034543991089 0.66307628154754639 -1.7391015291213989 -0.89038902521133423 1.0637350082397461 -1.20633864402771 -0.98364758491516113
2095.8513000011444 -0.9643176794052124 -0.87486875057220459 -0.71979504823684692 -0.29329138994216919 -1.6615206003189087 -0.65720069408416748 -0.28375869989395142 -1.9065538644790649 -0.75446605682373047 0.19634783267974854 -1.7319231033325195 -0.74970036745071411 0.25848299264907837 -1.9684329032897949 -0.8478427529335022 0.62390291690826416 -1.6953827142715454 -0.87598907947540283 1.0180858373641968 -1.1712307929992676 -0.96774029731750488
2095.8513000011444 -0.92208981513977051 -0.92207401990890503 -0.65293818712234497 -0.2420872300863266 -1.6404496431350708 -0.61186087131500244 -0.22702950239181519 -1.8911234140396118 -0.70800596475601196 0.25202015042304993 -1.7189794778823853 -0.70299398899078369 0.31506967544555664 -1.9672048091888428 -0.8033517599105835 0.67004406452178955 -1.7051972150802612 -0.82227426767349243 0.9964638352394104 -1.2058632373809814 -0.89479285478591919
2167.1696000099182 -0.93071579933166504 -0.82232236862182617 -0.46919193863868713 -0.20938733220100403 -1.6893460750579834 -0.56132084131240845 -0.23817408084869385 -1.9467605352401733 -0.63527971506118774 0.28263381123542786 -1.7861155271530151 -0.6863858699798584 0.32948991656303406 -2.0444412231445313 -0.78084433078765869 0.83895397186279297 -1.7577528953552246 -0.8204994797706604 1.2460850477218628 -1.1436947584152222 -0.88626879453659058
2167.1696000099182 -1.0294208526611328 -0.90565979480743408 -0.58394902944564819 -0.28139612078666687 -1.7538589239120483 -0.64403009414672852 -0.29438722133636475 -2.0248796939849854 -0.75351834297180176 0.21715009212493896 -1.8418225049972534 -0.79295307397842407 0.28292635083198547 -2.1113724708557129 -0.92003214359283447 0.72367030382156372 -1.8190761804580688 -0.97415202856063843 1.1168073415756226 -1.1849472522735596 -1.05904221534729
2224.9256000071764 -0.99747627973556519 -0.89352625608444214 -0.56725984811782837 -0.27083179354667664 -1.7174817323684692 -0.62562364339828491 -0.28345158696174622 -1.9807562828063965 -0.73198246955871582 0.21346478164196014 -1.8029310703277588 -0.77029001712799072 0.27736100554466248 -2.0647768974304199 -0.89373683929443359 0.70550745725631714 -1.7808349132537842 -0.94630986452102661 1.0874077081680298 -1.1648309230804443 -1.0287737846374512
2224.9256000071764 -0.87224429845809937 -0.88783121109008789 -0.6429067850112915 -0.175490602850914 -1.6636198759078979 -0.74830436706542969 -0.180784672498703 -1.918068528175354 -0.86551886796951294 0.34287089109420776 -1.7325572967529297 -0.86613750457763672 0.41547384858131409 -1.9808001518249512 -1.0002597570419312 0.82804405689239502 -1.6881766319274902 -1.0570179224014282 1.1652787923812866 -1.1002377271652222 -1.1389145851135254
2279.5430000051856 -0.82082170248031616 -0.82550919055938721 -0.60536670684814453 -0.20246899127960205 -1.576938271522522 -0.70336300134658813 -0.21741576492786407 -1.822771430015564 -0.8134315013885498 0.29962536692619324 -1.636107325553894 -0.81388020515441895 0.35685449838638306 -1.8783941268920898 -0.93124395608901978 0.75129663944244385 -1.5921381711959839 -0.98654651641845703 1.0713093280792236 -1.0282825231552124 -1.0725021362304688
2279.5430000051856 -0.93175452947616577 -0.91135483980178833 -0.63821524381637573 -0.27984839677810669 -1.7035582065582275 -0.74152910709381104 -0.29560622572898865 -1.962730884552002 -0.85757017135620117 0.24949084222316742 -1.7659380435943604 -0.85804325342178345 0.30982542037963867 -2.0213718414306641 -0.98177546262741089 0.72567093372344971 -1.7195830345153809 -1.04007887840271 1.0630484819412231 -1.1251310110092163 -1.1306986808776855
2338.2384999990463 -0.87948644161224365 -0.86842083930969238 -0.58593016862869263 -0.21705809235572815 -1.6169619560241699 -0.77275806665420532 -0.22004549205303192 -1.8834487199783325 -0.88481581211090088 0.27886280417442322 -1.6960951089859009 -0.84679150581359863 0.3447607159614563 -1.9696890115737915 -0.96682298183441162 0.78965902328491211 -1.6831494569778442 -1.0031883716583252 1.0369747877120972 -1.1469146013259888 -1.0263532400131226
2338.2384999990463 -0.8991541862487793 -0.91931557655334473 -0.6070244312286377 -0.21287828683853149 -1.6948041915893555 -0.80057811737060547 -0.21597322821617126 -1.9708845615386963 -0.91666996479034424 0.30089589953422546 -1.7767863273620605 -0.87727683782577515 0.36916613578796387 -2.0602295398712158 -1.0016293525695801 0.83008086681365967 -1.7633745670318604 -1.0393038988113403 1.0863000154495239 -1.2078351974487305 -1.063302755355835
2395.7711000069976 -0.89717763662338257 -0.90913313627243042 -0.71431732177734375 -0.19350840151309967 -1.6745282411575317 -1.0091075897216797 -0.19399292767047882 -1.9553723335266113 -1.1424363851547241 0.32339522242546082 -1.7368310689926147 -1.0690820217132568 0.39593395590782166 -2.0203373432159424 -1.215768575668335 0.80427384376525879 -1.7395484447479248 -1.1641905307769775 1.1146819591522217 -1.1958757638931274 -1.1435015201568604
2395.7711000069976 -0.93018603324890137 -0.90140140056610107 -0.71213459968566895 -0.22866806387901306 -1.6644564867019653 -1.006023645401001 -0.22915109992027283 -1.9444420337677002 -1.1389448642730713 0.28665527701377869 -1.7265690565109253 -1.065814733505249 0.35897228121757507 -2.0092084407806396 -1.2120528221130371 0.76606374979019165 -1.7292779684066772 -1.1606324911117554 1.0755228996276855 -1.1872674226760864 -1.1400067806243896
2451.6217000037432 -0.90369564294815063 -0.94920569658279419 -0.53454899787902832 -0.1169259324669838 -1.6486039161682129 -0.66696834564208984 -0.10757295787334442 -1.9163880348205566 -0.75432890653610229 0.27326583862304688 -1.7605201005935669 -0.67170512676239014 0.28845268487930298 -2.0486674308776855 -0.74958121776580811 0.8499637246131897 -1.7757514715194702 -0.89152705669403076 0.99337399005889893 -1.2844170331954956 -0.86643093824386597
2451.6217000037432 -1.0230312347412109 -1.0521490573883057 -0.5371023416519165 -0.13138249516487122 -1.78508460521698 -0.89850461483001709 -0.1311119943857193 -2.0609571933746338 -0.97517490386962891 0.27671021223068237 -1.898236870765686 -0.75087565183639526 0.28880167007446289 -2.2006258964538574 -0.79946690797805786 0.828041672706604 -1.9177145957946777 -0.71015554666519165 0.94480383396148682 -1.4370573759078979 -0.52483659982681274
2509.4393000081182 -1.0819649696350098 -1.017483115196228 -0.54447644948959351 -0.17808358371257782 -1.7604738473892212 -0.91083681583404541 -0.17780937254428864 -2.0401310920715332 -0.98855900764465332 0.23560778796672821 -1.875178337097168 -0.76118254661560059 0.24786511063575745 -2.1817159652709961 -0.81044048070907593 0.79450303316116333 -1.8949233293533325 -0.71990376710891724 0.91286706924438477 -1.4076719284057617 -0.53204244375228882
2509.4393000081182 -1.1214931011199951 -1.0427550077438354 -0.6875147819519043 -0.20197992026805878 -1.7660481929779053 -0.8947831392288208 -0.18780039250850677 -2.069075345993042 -0.99993032217025757 0.18885107338428497 -1.9238258600234985 -0.80355215072631836 0.19975019991397858 -2.2571530342102051 -0.87985539436340332 0.87294262647628784 -1.9632654190063477 -1.0080511569976807 0.91961312294006348 -1.501379132270813 -0.89553529024124146
2564.9004999995232 -1.0077782869338989 -0.97685396671295166 -0.8747934103012085 -0.16195859014987946 -1.711538553237915 -0.85632532835006714 -0.14152266085147858 -1.981501579284668 -0.96201819181442261 0.18716807663440704 -1.8140441179275513 -0.71777492761611938 0.18537318706512451 -2.1012330055236816 -0.7845039963722229 0.84191113710403442 -1.8156617879867554 -0.94275718927383423 0.87000447511672974 -1.3972024917602539 -0.87065315246582031
2564.9004999995232 -1.0080301761627197 -0.95054340362548828 -0.85338300466537476 -0.18291212618350983 -1.6672463417053223 -0.83536690473556519 -0.16297636926174164 -1.930601954460144 -0.9384729266166687 0.15766958892345428 -1.7672431468963623 -0.70020759105682373 0.15591862797737122 -2.0474028587341309 -0.76530343294143677 0.79638767242431641 -1.7688212394714355 -0.91968333721160889 0.82379341125488281 -1.3606036901473999 -0.84934407472610474
2619.6558000072837 -1.0110923051834106 -0.95122414827346802 -0.86667823791503906 -0.17826324701309204 -1.6352289915084839 -0.96848231554031372 -0.17474888265132904 -1.9008723497390747 -1.0671577453613281 0.1983911395072937 -1.7482587099075317 -0.77818244695663452 0.19532205164432526 -2.0432453155517578 -0.83800232410430908 0.81104189157485962 -1.7828360795974731 -0.83450132608413696 0.85780161619186401 -1.3729344606399536 -0.66305762529373169
2619.6558000072837 -1.0561481714248657 -0.97862088680267334 -0.9029882550239563 -0.21562032401561737 -1.7029479742050171 -0.97218811511993408 -0.20878158509731293 -1.9752150774002075 -1.0744534730911255 0.16121257841587067 -1.8093025684356689 -0.8238072395324707 0.15949928760528564 -2.1052267551422119 -0.89665472507476807 0.8216051459312439 -1.8564383983612061 -0.98881810903549194 0.84358465671539307 -1.459668755531311 -0.86528503894805908
2674.263400003314 -0.95106452703475952 -0.88627570867538452 -0.85247981548309326 -0.15755198895931244 -1.5700873136520386 -0.91780894994735718 -0.15109579265117645 -1.827125072479248 -1.0143539905548096 0.19820261001586914 -1.6704928874969482 -0.77772784233093262 0.19658513367176056 -1.949864387512207 -0.84650057554244995 0.82165586948394775 -1.7149920463562012 -0.93350881338119507 0.84240585565567017 -1.3404158353805542 -0.81688559055328369
2674.263400003314 -0.98465776443481445 -0.94334203004837036 -0.95559573173522949 -0.17809638381004333 -1.5578653812408447 -1.1342986822128296 -0.17000414431095123 -1.830089807510376 -1.2334314584732056 0.19095121324062347 -1.6918997764587402 -1.0192724466323853 0.19549272954463959 -1.9972853660583496 -1.1182820796966553 0.7997017502784729 -1.7950717210769653 -1.0984472036361694 0.83696985244750977 -1.4302521944046021 -0.89588838815689087
2732.2021000012755 -1.0726186037063599 -0.97773844003677368 -0.77284413576126099 -0.2488025575876236 -1.5188806056976318 -1.2662279605865479 -0.26003342866897583 -1.7927560806274414 -1.3294332027435303 0.13157904148101807 -1.6954083442687988 -1.1172239780426025 0.12121471017599106 -2.0077283382415771 -1.1924325227737427 0.72702556848526001 -1.8452363014221191 -1.0206712484359741 0.79511165618896484 -1.4912433624267578 -0.71397906541824341
2732.2021000012755 -1.2352466583251953 -1.0242886543273926 -0.90863275527954102 -0.43398109078407288 -1.6463181972503662 -1.2379746437072754 -0.45134332776069641 -1.9325104951858521 -1.3050872087478638 -0.046490006148815155 -1.8041937351226807 -1.0936309099197388 -0.070104919373989105 -2.1266205310821533 -1.181727409362793 0.6226271390914917 -1.9519708156585693 -1.0734522342681885 0.75137990713119507 -1.5718928575515747 -0.75743705034255981
2788.8342000097036 -1.1874946355819702 -1.0665919780731201 -0.91910195350646973 -0.37700080871582031 -1.6957854032516479 -1.2522368431091309 -0.3945629894733429 -1.9852738380432129 -1.3201223611831665 0.014953035861253738 -1.8554792404174805 -1.1062307357788086 -0.0089338533580303192 -2.18161940574646 -1.1953418254852295 0.69177645444869995 -2.0049583911895752 -1.0858197212219238 0.82201206684112549 -1.6205029487609863 -0.76616495847702026
2788.8342000097036 -1.1718275547027588 -1.048816442489624 -1.0370709896087646 -0.39787423610687256 -1.6686758995056152 -1.1645511388778687 -0.39217445254325867 -1.9446746110916138 -1.2715656757354736 -0.01266299095004797 -1.7705093622207642 -1.0295785665512085 0.00061224418459460139 -2.0607821941375732 -1.1511794328689575 0.66462063789367676 -1.8945826292037964 -1.0921926498413086 0.72107893228530884 -1.5586341619491577 -0.81680005788803101
2859.4193000122905 -0.92485058307647705 -0.87636488676071167 -1.0793055295944214 -0.26196625828742981 -1.4733437299728394 -1.2000353336334229 -0.26410311460494995 -1.7255715131759644 -1.2999025583267212 0.12220168113708496 -1.5409152507781982 -1.0704132318496704 0.11402813345193863 -1.8114036321640015 -1.1955827474594116 0.73207169771194458 -1.6357166767120361 -1.1038693189620972 0.82567697763442993 -1.2794716358184814 -0.83433282375335693
2859.4193000122905 -0.87839531898498535 -0.79625797271728516 -0.84190064668655396 -0.10582608729600906 -1.5871810913085938 -0.88643217086791992 -0.10868909955024719 -1.8685183525085449 -0.98146611452102661 0.41016566753387451 -1.6561570167541504 -0.74957007169723511 0.44241812825202942 -1.9536148309707642 -0.80613172054290771 1.0437568426132202 -1.6340203285217285 -0.82679080963134766 1.0192134380340576 -1.0213042497634888 -0.68186640739440918
2914.6909000054002 -1.1156520843505859 -1.1901923418045044 -1.1560266017913818 -0.21755045652389526 -2.1236362457275391 -1.224364161491394 -0.23090697824954987 -2.4579575061798096 -1.3720272779464722 0.37367868423461914 -2.1732656955718994 -1.0450282096862793 0.40590515732765198 -2.5161633491516113 -1.1610848903656006 1.070719838142395 -2.1179294586181641 -1.1869107484817505 1.1643365621566772 -1.4938082695007324 -1.060927152633667
2914.6909000054002 -0.91702032089233398 -0.97165787220001221 -1.2733014822006226 -0.17834758758544922 -1.726422905921936 -1.2180945873260498 -0.18788199126720428 -2.0081830024719238 -1.3747209310531616 0.31756049394607544 -1.7735604047775269 -1.0551465749740601 0.33936840295791626 -2.0709056854248047 -1.1928917169570923 0.91815871000289917 -1.7254183292388916 -1.2571715116500854 0.98240143060684204 -1.2011529207229614 -1.1335691213607788
2978.094400011003 -0.93223154544830322 -0.93228733539581299 -1.1365106105804443 -0.19051958620548248 -1.6505857706069946 -1.2530437707901001 -0.20240011811256409 -1.9203938245773315 -1.3909463882446289 0.30870351195335388 -1.6949756145477295 -1.1014237403869629 0.32847508788108826 -1.9807671308517456 -1.2274054288864136 0.83885848522186279 -1.6659009456634521 -1.1626361608505249 0.96908712387084961 -1.1757396459579468 -1.0159952640533447
2978.094400011003 -0.97438454627990723 -0.93963593244552612 -1.1561840772628784 -0.21983139216899872 -1.6703702211380005 -1.2747348546981812 -0.2319176197052002 -1.9448496103286743 -1.4150248765945435 0.28803467750549316 -1.7155287265777588 -1.1204898357391357 0.30814856290817261 -2.0062680244445801 -1.2486525774002075 0.82736819982528687 -1.6859505176544189 -1.1827619075775146 0.95985144376754761 -1.1873030662536621 -1.033582329750061
3038.2184000015259 -0.97987312078475952 -0.93255382776260376 -1.2241811752319336 -0.23745717108249664 -1.6350634098052979 -1.2912658452987671 -0.25163021683692932 -1.9012768268585205 -1.4448528289794922 0.30579975247383118 -1.7121968269348145 -1.1796114444732666 0.33203816413879395 -2.0109999179840088 -1.3395189046859741 0.80190783739089966 -1.7376663684844971 -1.2341892719268799 0.8878706693649292 -1.1525567770004272 -1.0355324745178223
3038.2184000015259 -0.95821821689605713 -0.86773496866226196 -1.134492039680481 -0.21318930387496948 -1.5662977695465088 -1.0944768190383911 -0.23204344511032104 -1.8239781856536865 -1.2242131233215332 0.26932844519615173 -1.6401201486587524 -0.9733460545539856 0.27731889486312866 -1.926283597946167 -1.1013269424438477 0.77462440729141235 -1.6313128471374512 -1.0730528831481934 0.90323591232299805 -1.1532491445541382 -0.94817787408828735
3097.4882000088692 -0.97558850049972534 -0.89225542545318604 -1.0629411935806274 -0.25141474604606628 -1.600350022315979 -1.22088623046875 -0.26987394690513611 -1.8634631633758545 -1.3584725856781006 0.26635223627090454 -1.6756728887557983 -1.1005760431289673 0.28367811441421509 -1.9692257642745972 -1.2361209392547607 0.74916452169418335 -1.6977460384368896 -1.1113713979721069 0.89928287267684937 -1.164114236831665 -0.94164234399795532
3097.4882000088692 -0.99838805198669434 -0.9246099591255188 -1.0893939733505249 -0.25619697570800781 -1.6503218412399292 -1.2512686252593994 -0.27511543035507202 -1.9199812412261963 -1.3922781944274902 0.27445197105407715 -1.7275187969207764 -1.1279652118682861 0.29220893979072571 -2.0283751487731934 -1.2668824195861816 0.76927661895751953 -1.7501410245895386 -1.1390291452407837 0.9231298565864563 -1.2032326459884644 -0.96507722139358521
3155.6890000030398 -0.98594576120376587 -0.89935421943664551 -1.0535948276519775 -0.24357025325298309 -1.6067320108413696 -1.2608836889266968 -0.26204225420951843 -1.868807315826416 -1.3924756050109863 0.25426849722862244 -1.6988390684127808 -1.1298880577087402 0.27279511094093323 -1.9908883571624756 -1.2652372121810913 0.74727606773376465 -1.7462451457977295 -1.0854352712631226 0.90930163860321045 -1.2764087915420532 -0.88115447759628296
3155.6890000030398 -0.99944084882736206 -0.88404583930969238 -1.1851544380187988 -0.2635122537612915 -1.6127053499221802 -1.3459926843643188 -0.27774655818939209 -1.8777670860290527 -1.49570631980896 0.27094590663909912 -1.6626182794570923 -1.2493225336074829 0.29548195004463196 -1.9495613574981689 -1.416996955871582 0.74137389659881592 -1.6905517578125 -1.2397520542144775 0.9433138370513916 -1.200641393661499 -1.0708081722259521
3216.2721000015736 -0.94158828258514404 -0.84908962249755859 -1.225501537322998 -0.22738054394721985 -1.5219027996063232 -1.3255250453948975 -0.2416655570268631 -1.7830854654312134 -1.4870799779891968 0.25687700510025024 -1.5722969770431519 -1.2438584566116333 0.27231407165527344 -1.8573430776596069 -1.4126334190368652 0.76564693450927734 -1.5982967615127563 -1.3597196340560913 0.93238914012908936 -1.1246262788772583 -1.2282422780990601
3216.2721000015736 -0.89518290758132935 -0.81425535678863525 -1.1723909378051758 -0.21192623674869537 -1.4579113721847534 -1.2680798768997192 -0.22559221088886261 -1.7077754735946655 -1.4226335287094116 0.2513454258441925 -1.5061216354370117 -1.1899523735046387 0.26611348986625671 -1.7788149118423462 -1.3514132499694824 0.73806726932525635 -1.5309946537017822 -1.3007925748825073 0.8975834846496582 -1.077851414680481 -1.1750128269195557
3271.1795000061393 -0.87301725149154663 -0.840351402759552 -1.3071345090866089 -0.21192234754562378 -1.4706165790557861 -1.5380979776382446 -0.23871031403541565 -1.7166801691055298 -1.7060995101928711 0.28053861856460571 -1.4964923858642578 -1.4507120847702026 0.27922356128692627 -1.7686219215393066 -1.6334856748580933 0.7595980167388916 -1.5059622526168823 -1.4590829610824585 0.88500934839248657 -0.97691905498504639 -1.2860331535339355
3271.1795000061393 -0.82040750980377197 -0.75423353910446167 -1.1467533111572266 -0.19392634928226471 -1.3636379241943359 -1.3617897033691406 -0.21916118264198303 -1.5993589162826538 -1.5223308801651001 0.29619958996772766 -1.3716270923614502 -1.3403202295303345 0.30101984739303589 -1.6215546131134033 -1.5216444730758667 0.65055441856384277 -1.3964091539382935 -1.3191512823104858 0.88054066896438599 -0.94818854331970215 -1.2000386714935303
3359.3852000012994 -0.88050782680511475 -0.6990475058555603 -0.55244511365890503 -0.10740330070257187 -1.4456852674484253 -0.60673058032989502 -0.10214581340551376 -1.686133861541748 -0.68955743312835693 0.38148483633995056 -1.4608405828475952 -0.66921788454055786 0.45062842965126038 -1.6953631639480591 -0.75516128540039063 0.88534355163574219 -1.4000000953674316 -0.76001012325286865 1.1669433116912842 -0.82517367601394653 -0.83380550146102905
3359.3852000012994 -0.96978318691253662 -0.98461449146270752 -0.4466145932674408 -0.10157549381256104 -1.9403841495513916 -0.59119606018066406 -0.097358167171478271 -2.2384140491485596 -0.68563002347946167 0.5121113657951355 -1.9882514476776123 -0.78206843137741089 0.61865717172622681 -2.27860426902771 -0.89352279901504517 1.1458724737167358 -1.9092197418212891 -0.96524083614349365 1.5671180486679077 -1.1115169525146484 -1.0901838541030884
3413.7402999997139 -0.836497962474823 -0.95520085096359253 -0.68618524074554443 -0.091042034327983856 -1.8023045063018799 -0.67715334892272949 -0.07673877477645874 -2.0675339698791504 -0.77791094779968262 0.44707125425338745 -1.8287851810455322 -0.77250957489013672 0.53879255056381226 -2.0935132503509521 -0.88193583488464355 1.0224034786224365 -1.7166939973831177 -0.93567633628845215 1.3279939889907837 -1.0194127559661865 -0.97640711069107056
3413.7402999997139 -0.74254834651947021 -0.93277209997177124 -0.65873777866363525 -0.026903204619884491 -1.7460000514984131 -0.65006709098815918 -0.013171929866075516 -2.0006232261657715 -0.74679535627365112 0.48969089984893799 -1.7714219093322754 -0.74160999059677124 0.5777442455291748 -2.0255634784698486 -0.846660315990448 1.042015552520752 -1.6638132333755493 -0.89825171232223511 1.3353855609893799 -0.99441623687744141 -0.93735367059707642
3470.6962000057101 -0.76718592643737793 -0.87956315279006958 -0.80457621812820435 -0.0504448302090168 -1.7158656120300293 -0.79168075323104858 -0.038251671940088272 -1.9762512445449829 -0.9157487154006958 0.48097032308578491 -1.7326329946517944 -0.84608334302902222 0.57752120494842529 -1.9909467697143555 -0.96504408121109009 0.97686493396759033 -1.6390342712402344 -0.93071478605270386 1.2822880744934082 -0.99066448211669922 -0.95849448442459106
3470.6962000057101 -0.83739125728607178 -0.94404292106628418 -0.2821250855922699 -0.10531957447528839 -1.7515213489532471 -0.52460092306137085 -0.10486944019794464 -1.9994368553161621 -0.59359043836593628 0.41709163784980774 -1.7943518161773682 -0.70580381155014038 0.50283372402191162 -2.0457816123962402 -0.78754234313964844 0.96653085947036743 -1.7128874063491821 -0.78870820999145508 1.3179794549942017 -1.0332522392272949 -0.86809998750686646
3526.0558000057936 -0.78174936771392822 -0.9330323338508606 -0.27722859382629395 -0.062400076538324356 -1.7264777421951294 -0.51549053192138672 -0.061957761645317078 -1.9700851440429688 -0.58328109979629517 0.45093241333961487 -1.7685641050338745 -0.69354438781738281 0.53518444299697876 -2.0156242847442627 -0.77386242151260376 0.99082320928573608 -1.6885154247283936 -0.77500802278518677 1.3361639976501465 -1.0206911563873291 -0.85302013158798218
3526.0558000057936 -0.81947028636932373 -0.93086850643157959 -0.48390665650367737 -0.093424804508686066 -1.7149701118469238 -0.6813691258430481 -0.087792739272117615 -1.9601055383682251 -0.77130413055419922 0.44819825887680054 -1.7529053688049316 -0.81577283143997192 0.53759825229644775 -2.0063698291778564 -0.90715008974075317 0.97544956207275391 -1.6767079830169678 -0.93726962804794312 1.289623498916626 -1.0277906656265259 -1.0059952735900879
3582.5551000088453 -0.75875025987625122 -0.87798470258712769 -0.48811116814613342 -0.10268928855657578 -1.5961029529571533 -0.51922464370727539 -0.09872763603925705 -1.8213170766830444 -0.59254670143127441 0.41229239106178284 -1.6262552738189697 -0.58766603469848633 0.4962419867515564 -1.8477468490600586 -0.66169947385787964 0.90493601560592651 -1.5509859323501587 -0.70879560708999634 1.1943608522415161 -0.98749476671218872 -0.79304987192153931
3582.5551000088453 -0.77648913860321045 -0.94780218601226807 -0.5221746563911438 -0.074635438621044159 -1.7160446643829346 -0.55545985698699951 -0.070397265255451202 -1.9569787979125977 -0.63389980792999268 0.4762917160987854 -1.7483017444610596 -0.62867844104766846 0.56610089540481567 -1.9852533340454102 -0.70787936449050903 1.003321647644043 -1.6677786111831665 -0.75826281309127808 1.3129482269287109 -1.0649559497833252 -0.84839797019958496
3636.7707000002265 -0.85221272706985474 -0.96755200624465942 -0.58702516555786133 -0.17587867379188538 -1.749453067779541 -0.60194879770278931 -0.16866500675678253 -1.9913414716720581 -0.69279670715332031 0.36593922972679138 -1.7837611436843872 -0.67985326051712036 0.46176818013191223 -2.0269315242767334 -0.76554083824157715 0.88298922777175903 -1.7241755723953247 -0.84480613470077515 1.189058780670166 -1.1180815696716309 -0.94075465202331543
3636.7707000002265 -0.82285547256469727 -0.98159050941467285 -0.063272997736930847 -0.13756506145000458 -1.6982611417770386 -0.32774412631988525 -0.13119359314441681 -1.9154977798461914 -0.36717423796653748 0.36003395915031433 -1.7464818954467773 -0.46702197194099426 0.45374947786331177 -1.9656875133514404 -0.50270599126815796 0.88045549392700195 -1.6970983743667603 -0.5571938157081604 1.2027474641799927 -1.1371177434921265 -0.65241891145706177
3690.6818000078201 -0.82348281145095825 -0.98912853002548218 -0.066324897110462189 -0.1051911860704422 -1.7403117418289185 -0.34353208541870117 -0.098512887954711914 -1.9680095911026001 -0.38486099243164063 0.41637054085731506 -1.7908544540405273 -0.48951709270477295 0.51459908485412598 -2.0206162929534912 -0.52691954374313354 0.96185392141342163 -1.7390929460525513 -0.58403134346008301 1.299666166305542 -1.1521453857421875 -0.68384218215942383
3690.6818000078201 -0.80735766887664795 -1.0572757720947266 -0.23256440460681915 -0.18926706910133362 -1.8238816261291504 -0.38633915781974792 -0.19580121338367462 -2.064488410949707 -0.45190998911857605 0.36852496862411499 -1.8876966238021851 -0.51311022043228149 0.4630100429058075 -2.1433241367340088 -0.5663912296295166 0.93663269281387329 -1.859106183052063 -0.71975690126419067 1.2985973358154297 -1.1658600568771362 -0.85027730464935303
3762.5932000055909 -0.74875104427337646 -0.99189633131027222 -0.16877034306526184 -0.16467168927192688 -1.6937966346740723 -0.31355011463165283 -0.17636984586715698 -1.9267829656600952 -0.37058261036872864 0.40220198035240173 -1.7457165718078613 -0.41065201163291931 0.4952426552772522 -1.9829624891281128 -0.45504015684127808 0.934792160987854 -1.6976408958435059 -0.56915766000747681 1.2238872051239014 -1.0970863103866577 -0.67984336614608765
3762.5932000055909 -0.92014777660369873 -1.0194180011749268 -0.31326755881309509 -0.14708641171455383 -1.8451089859008789 -0.44114136695861816 -0.16953711211681366 -2.1110908985137939 -0.51066070795059204 0.44297093152999878 -1.8995950222015381 -0.54967939853668213 0.52125644683837891 -2.1548447608947754 -0.61353141069412231 1.012665867805481 -1.8340271711349487 -0.5804133415222168 1.4028127193450928 -1.1809784173965454 -0.68572735786437988
3836.0604000017047 -0.99010336399078369 -1.0525678396224976 -0.26804718375205994 -0.26226186752319336 -1.8724092245101929 -0.39484059810638428 -0.27864554524421692 -2.1392326354980469 -0.46080970764160156 0.28024482727050781 -1.9572654962539673 -0.52600795030593872 0.35311374068260193 -2.2287960052490234 -0.59243917465209961 0.833426833152771 -1.9405571222305298 -0.6664918065071106 1.2635647058486938 -1.2828284502029419 -0.81879377365112305
3836.0604000017047 -0.98952394723892212 -1.1207796335220337 -0.32120034098625183 -0.26753720641136169 -1.855833888053894 -0.2063448429107666 -0.28228586912155151 -2.0936524868011475 -0.27350124716758728 0.24554318189620972 -1.9035185575485229 -0.26676374673843384 0.3194337785243988 -2.1359822750091553 -0.2958199679851532 0.73571240901947021 -1.8941248655319214 -0.40673047304153442 1.122410774230957 -1.2817865610122681 -0.58691543340682983
3890.2161000072956 -0.8178437352180481 -0.9996340274810791 -0.30590003728866577 -0.13023941218852997 -1.6996833086013794 -0.19651418924331665 -0.14428572356700897 -1.9261766672134399 -0.26047247648239136 0.35840705037117004 -1.745097279548645 -0.25405582785606384 0.42877885699272156 -1.966490626335144 -0.28172832727432251 0.82523345947265625 -1.736150860786438 -0.38735705614089966 1.1935164928436279 -1.1529734134674072 -0.55896115303039551
3890.2161000072956 -0.87676173448562622 -1.2007529735565186 -0.29894900321960449 -0.27451282739639282 -1.8775700330734253 -0.32942071557044983 -0.29018929600715637 -2.1079766750335693 -0.40390282869338989 0.22179429233074188 -1.9369232654571533 -0.40584272146224976 0.28859364986419678 -2.1794028282165527 -0.43974027037620544 0.71793800592422485 -1.9623634815216064 -0.55491137504577637 1.1426137685775757 -1.2905652523040771 -0.70072382688522339
3961.3283000141382 -0.83096307516098022 -1.0075030326843262 -0.4974513053894043 -0.13042110204696655 -1.7336521148681641 -0.30951705574989319 -0.14625798165798187 -1.9630007743835449 -0.36883926391601563 0.34019356966018677 -1.7939989566802979 -0.32805764675140381 0.39044961333274841 -2.0240111351013184 -0.37929108738899231 0.79418331384658813 -1.7806566953659058 -0.39547067880630493 1.1932568550109863 -1.2265052795410156 -0.49689564108848572
3961.3283000141382 -0.95937556028366089 -0.95921194553375244 -0.41646677255630493 -0.27314695715904236 -1.7165429592132568 -0.44860628247261047 -0.30246683955192566 -1.9542473554611206 -0.52703201770782471 0.24302628636360168 -1.7918844223022461 -0.54279404878616333 0.29572984576225281 -2.0250899791717529 -0.61583459377288818 0.71669793128967285 -1.7739149332046509 -0.67686599493026733 1.1025600433349609 -1.2262872457504272 -0.79006260633468628
4016.8002000004053 -0.89545339345932007 -0.85936945676803589 -0.40350937843322754 -0.23057685792446136 -1.5931358337402344 -0.43464884161949158 -0.25898444652557373 -1.8234440088272095 -0.51063430309295654 0.26953557133674622 -1.6661331653594971 -0.52590590715408325 0.3205992579460144 -1.892082691192627 -0.59667384624481201 0.72846883535385132 -1.648722767829895 -0.65580624341964722 1.1023248434066772 -1.1181347370147705 -0.76548069715499878
4016.8002000004053 -1.0425479412078857 -1.0051810741424561 -0.23149976134300232 -0.36973169445991516 -1.7548710107803345 -0.15226456522941589 -0.39385142922401428 -1.9927946329116821 -0.19661124050617218 0.13862611353397369 -1.821147084236145 -0.23666875064373016 0.2041545957326889 -2.0552980899810791 -0.26329198479652405 0.64354115724563599 -1.8180452585220337 -0.38370293378829956 1.0628829002380371 -1.2283446788787842 -0.56910508871078491
4089.7804000005126 -1.0173424482345581 -1.0519652366638184 -0.38139882683753967 -0.34244531393051147 -1.8779853582382202 -0.29831376671791077 -0.37090560793876648 -2.1208415031433105 -0.36652576923370361 0.22740960121154785 -1.946576714515686 -0.35197031497955322 0.29821711778640747 -2.1927995681762695 -0.3987431526184082 0.75825196504592896 -1.9333080053329468 -0.50199919939041138 1.1507136821746826 -1.2880430221557617 -0.6373056173324585
4089.7804000005126 -0.96829813718795776 -1.012738823890686 -0.72682642936706543 -0.24711370468139648 -1.8207929134368896 -0.51789498329162598 -0.26153537631034851 -2.0660281181335449 -0.60034716129302979 0.28435850143432617 -1.8727742433547974 -0.54658132791519165 0.34413179755210876 -2.1138689517974854 -0.62580931186676025 0.77260321378707886 -1.8288449048995972 -0.62155443429946899 1.189732551574707 -1.2543097734451294 -0.69760829210281372
4147.5983000099659 -1.0214097499847412 -0.94474929571151733 -0.51955276727676392 -0.33635643124580383 -1.7726978063583374 -0.30723148584365845 -0.36893334984779358 -2.0077500343322754 -0.37200641632080078 0.16250024735927582 -1.8387465476989746 -0.34963366389274597 0.2000291645526886 -2.066486120223999 -0.40450063347816467 0.63238817453384399 -1.8200348615646362 -0.4335159957408905 1.0778510570526123 -1.2836610078811646 -0.5565451979637146
4147.5983000099659 -1.1179282665252686 -0.93544214963912964 -0.26621291041374207 -0.35779175162315369 -1.7446885108947754 -0.43075719475746155 -0.38213098049163818 -1.9881362915039063 -0.50205713510513306 0.14812767505645752 -1.8264247179031372 -0.54272812604904175 0.21855497360229492 -2.0692563056945801 -0.61569058895111084 0.65372121334075928 -1.8040457963943481 -0.69350183010101318 1.0168540477752686 -1.2310761213302612 -0.79332053661346436
4221.3530000075698 -0.95676660537719727 -1.0729693174362183 0.0085915112867951393 -0.45735985040664673 -1.7473388910293579 -0.12479086965322495 -0.48314651846885681 -1.9822938442230225 -0.16883222758769989 0.049697063863277435 -1.8150352239608765 -0.22814871370792389 0.11094406992197037 -2.0538105964660645 -0.25744345784187317 0.51354885101318359 -1.8229671716690063 -0.38870307803153992 0.84768092632293701 -1.3084734678268433 -0.51738935708999634
4221.3530000075698 -1.0914548635482788 -1.0456104278564453 -0.36938193440437317 -0.32808765769004822 -1.8119112253189087 -0.45579624176025391 -0.35515594482421875 -2.0734446048736572 -0.52934002876281738 0.16441036760807037 -1.9064275026321411 -0.55265134572982788 0.21672287583351135 -2.1707003116607666 -0.62221252918243408 0.65324193239212036 -1.9388140439987183 -0.68147951364517212 1.0889108180999756 -1.408790111541748 -0.81725108623504639
4280.3810000047088 -1.0539582967758179 -0.91701531410217285 -0.46816918253898621 -0.34037959575653076 -1.6557409763336182 -0.41159093379974365 -0.36267432570457458 -1.8920433521270752 -0.49471819400787354 0.13491438329219818 -1.7521982192993164 -0.4610542356967926 0.19437621533870697 -1.9917763471603394 -0.52216655015945435 0.6027606725692749 -1.7914930582046509 -0.57140940427780151 0.98307549953460693 -1.2572904825210571 -0.69178569316864014
4280.3810000047088 -1.1044330596923828 -0.94207054376602173 -0.49251529574394226 -0.35375407338142395 -1.7192037105560303 -0.43299540877342224 -0.37720796465873718 -1.9677919149398804 -0.52044463157653809 0.14625126123428345 -1.8206759691238403 -0.48503044247627258 0.20880462229251862 -2.0727100372314453 -0.54932010173797607 0.63842171430587769 -1.8620139360427856 -0.6011231541633606 1.0385098457336426 -1.3000370264053345 -0.72775799036026001
4358.1645000055432 -1.1351823806762695 -0.94676142930984497 -0.2282692939043045 -0.54430055618286133 -1.7445610761642456 -0.065766565501689911 -0.59987252950668335 -1.9817429780960083 -0.11498846858739853 0.050913479179143906 -1.8740118741989136 -0.08850463479757309 0.099978871643543243 -2.1124560832977295 -0.10431764274835587 0.58094489574432373 -1.9009461402893066 -0.2314298003911972 0.98538213968276978 -1.3207621574401855 -0.36518248915672302
4358.1645000055432 -1.1824932098388672 -1.0365498065948486 -0.4123251736164093 -0.47565853595733643 -1.8567758798599243 -0.26709172129631042 -0.52135145664215088 -2.1169900894165039 -0.3161652684211731 0.11460716277360916 -1.9637562036514282 -0.31047037243843079 0.16095301508903503 -2.2266654968261719 -0.3607180118560791 0.65645617246627808 -1.9402756690979004 -0.4184679388999939 1.0738985538482666 -1.3547693490982056 -0.53020918369293213
4417.7907000035048 -1.2122975587844849 -1.0354067087173462 -0.41413292288780212 -0.5203862190246582 -1.8342245817184448 -0.15418665111064911 -0.57271569967269897 -2.0855586528778076 -0.20685204863548279 -0.021321304142475128 -1.9529999494552612 -0.17190936207771301 -0.0022096885368227959 -2.2063770294189453 -0.20951339602470398 0.46474820375442505 -1.9888919591903687 -0.25938248634338379 0.95867776870727539 -1.4658904075622559 -0.41309496760368347
4417.7907000035048 -1.1612292528152466 -0.90621912479400635 -0.56743550300598145 -0.49335610866546631 -1.7204805612564087 -0.26964759826660156 -0.548206627368927 -1.9559980630874634 -0.32885313034057617 0.031414713710546494 -1.847104549407959 -0.22796240448951721 0.053865093737840652 -2.0891711711883545 -0.25987473130226135 0.51073217391967773 -1.8963847160339355 -0.29161673784255981 0.99625873565673828 -1.3974000215530396 -0.42812421917915344
4472.1938000023365 -1.156528115272522 -0.86184382438659668 -0.56973576545715332 -0.48595225811004639 -1.6794004440307617 -0.27074271440505981 -0.54102474451065063 -1.9158710241317749 -0.33018782734870911 0.040942266583442688 -1.8065369129180908 -0.22888879477977753 0.063483506441116333 -2.0495829582214355 -0.26093026995658875 0.52219945192337036 -1.8560165166854858 -0.29280075430870056 1.0096908807754517 -1.3550124168395996 -0.42986065149307251
4472.1938000023365 -1.2842566967010498 -0.91912174224853516 -0.48541298508644104 -0.60520303249359131 -1.7695468664169312 -0.15592725574970245 -0.66051483154296875 -2.0160341262817383 -0.21439045667648315 -0.06852857768535614 -1.9043017625808716 -0.12268020957708359 -0.032789546996355057 -2.1649768352508545 -0.14693139493465424 0.43855753540992737 -1.9735444784164429 -0.21017919480800629 0.88614553213119507 -1.4461444616317749 -0.35694652795791626
4546.6003000065684 -1.2583738565444946 -1.0698260068893433 -0.59665852785110474 -0.64391607046127319 -1.895787239074707 -0.2164795994758606 -0.69014459848403931 -2.1450936794281006 -0.27663680911064148 -0.1006351113319397 -2.0248174667358398 -0.18600736558437347 -0.057509362697601318 -2.2781715393066406 -0.22377347946166992 0.4351963996887207 -2.0610637664794922 -0.26280558109283447 0.93070501089096069 -1.5477180480957031 -0.41305285692214966
4546.6003000065684 -1.1980754137039185 -0.89972978830337524 -0.32615703344345093 -0.55101889371871948 -1.6800028085708618 -0.047269709408283234 -0.58432525396347046 -1.9138064384460449 -0.084408178925514221 -0.06462164968252182 -1.8059200048446655 -0.070492297410964966 -0.028615867719054222 -2.0456364154815674 -0.09568457305431366 0.40896883606910706 -1.8550897836685181 -0.16476210951805115 0.83713972568511963 -1.4069657325744629 -0.31991603970527649
4601.0714000016451 -1.374455451965332 -0.94202083349227905 -0.59318834543228149 -0.67205691337585449 -1.8404636383056641 -0.24588912725448608 -0.73765707015991211 -2.0979049205780029 -0.31400051712989807 -0.16242152452468872 -1.9864301681518555 -0.22131127119064331 -0.15280726552009583 -2.2658894062042236 -0.26982328295707703 0.3164103627204895 -2.1150624752044678 -0.31041121482849121 0.83539104461669922 -1.6708725690841675 -0.44917118549346924
4601.0714000016451 -1.2308199405670166 -0.89055848121643066 -0.55936521291732788 -0.56846719980239868 -1.7377785444259644 -0.23186655342578888 -0.63032728433609009 -1.9805423021316528 -0.29609471559524536 -0.087887570261955261 -1.8754230737686157 -0.20868995785713196 -0.078821443021297455 -2.1389493942260742 -0.25443616509437561 0.36364471912384033 -1.9967218637466431 -0.2927100658416748 0.85303688049316406 -1.5778564214706421 -0.42355892062187195
4669.7207000106573 -1.3275331258773804 -0.87479311227798462 -0.43081247806549072 -0.62373811006546021 -1.7464520931243896 -0.2677021324634552 -0.68527829647064209 -1.9833753108978271 -0.33407524228096008 -0.12338300794363022 -1.8937972784042358 -0.29378399252891541 -0.098746851086616516 -2.1455810070037842 -0.32732260227203369 0.35983151197433472 -2.0017035007476807 -0.40895989537239075 0.85367327928543091 -1.518269419670105 -0.57888072729110718
4669.7207000106573 -1.2566192150115967 -0.80213367938995361 -0.12805590033531189 -0.61968880891799927 -1.6804839372634888 -0.16773152351379395 -0.65698587894439697 -1.9136146306991577 -0.20708006620407104 -0.15180084109306335 -1.8543022871017456 -0.27631807327270508 -0.12201991677284241 -2.0946033000946045 -0.31528916954994202 0.34020665287971497 -1.9410778284072876 -0.38169759511947632 0.82006067037582397 -1.4609613418579102 -0.53427892923355103
4725.4099000021815 -1.1887912750244141 -0.8025975227355957 -0.13433738052845001 -0.58285945653915405 -1.6523929834365845 -0.061227470636367798 -0.626503586769104 -1.8910795450210571 -0.097218193113803864 -0.10097195208072662 -1.8028601408004761 -0.16417297720909119 -0.075789414346218109 -2.0433719158172607 -0.19794799387454987 0.39527037739753723 -1.864160418510437 -0.30203154683113098 0.85575205087661743 -1.4022976160049438 -0.47599709033966064
4725.4099000021815 -1.2310646772384644 -0.89087373018264771 -0.14483703672885895 -0.57776105403900146 -1.8071062564849854 -0.066011406481266022 -0.62481725215911865 -2.064453125 -0.10481588542461395 -0.05819958820939064 -1.9693368673324585 -0.17700518667697906 -0.031048275530338287 -2.2286520004272461 -0.21342073380947113 0.47683897614479065 -2.0354294776916504 -0.32564157247543335 0.97332113981246948 -1.5374584197998047 -0.51320767402648926
4784.4902999997139 -1.2955905199050903 -0.82082206010818481 -0.15647628903388977 -0.60426324605941772 -1.760394811630249 0.015513341873884201 -0.63988363742828369 -2.0089683532714844 -0.013276344165205956 -0.10124903172254562 -1.9113781452178955 -0.072067603468894958 -0.074398040771484375 -2.1660771369934082 -0.094364739954471588 0.38255348801612854 -1.9867879152297974 -0.20005756616592407 0.86594182252883911 -1.5370410680770874 -0.39473113417625427
4784.4902999997139 -1.3348667621612549 -0.79214966297149658 -0.33313146233558655 -0.69247347116470337 -1.7375379800796509 -0.10789091140031815 -0.74498480558395386 -1.9986661672592163 -0.1569506973028183 -0.19375304877758026 -1.9121382236480713 -0.14729799330234528 -0.16387735307216644 -2.191551685333252 -0.16567373275756836 0.28906813263893127 -2.0330545902252197 -0.27700811624526978 0.77890974283218384 -1.602838397026062 -0.46152955293655396
4842.1314000040293 -1.3318272829055786 -0.81864798069000244 -0.34073370695114136 -0.67476087808609009 -1.7856301069259644 -0.11034839600324631 -0.72847163677215576 -2.052722692489624 -0.160528764128685 -0.16464912891387939 -1.9642184972763062 -0.15065556764602661 -0.13409101963043213 -2.2500138282775879 -0.169451043009758 0.32920026779174805 -2.0878965854644775 -0.28332841396331787 0.83023041486740112 -1.6478538513183594 -0.4720645546913147
4842.1314000040293 -1.3674972057342529 -0.78093868494033813 -0.28150755167007446 -0.73881185054779053 -1.7892023324966431 -0.11158818751573563 -0.80080646276473999 -2.0482494831085205 -0.16483093798160553 -0.23439349234104156 -1.9828518629074097 -0.17932173609733582 -0.21342559158802032 -2.2607913017272949 -0.20545294880867004 0.27694636583328247 -2.11478590965271 -0.31038171052932739 0.79248189926147461 -1.6338777542114258 -0.50188297033309937
4901.2884000092745 -1.3475159406661987 -0.84541219472885132 -0.097455933690071106 -0.79149973392486572 -1.7778706550598145 -0.073111847043037415 -0.84769129753112793 -2.0301682949066162 -0.12121554464101791 -0.30581355094909668 -1.9967859983444214 -0.1940542608499527 -0.28250712156295776 -2.2761671543121338 -0.20860898494720459 0.19182169437408447 -2.1578516960144043 -0.38472351431846619 0.72669243812561035 -1.6648269891738892 -0.58381235599517822
4901.2884000092745 -1.2528249025344849 -0.90237414836883545 -0.17305536568164825 -0.74764376878738403 -1.7912163734436035 -0.072001703083515167 -0.79001110792160034 -2.0326261520385742 -0.12298499792814255 -0.28258863091468811 -1.9625177383422852 -0.18521817028522491 -0.24749076366424561 -2.2303569316864014 -0.20868320763111115 0.19847604632377625 -2.1021432876586914 -0.37334567308425903 0.67584013938903809 -1.6324588060379028 -0.58345776796340942
4972.9064000025392 -1.3342114686965942 -0.83640825748443604 -0.086319804191589355 -0.73036688566207886 -1.8041894435882568 -0.095200814306735992 -0.8001825213432312 -2.0453090667724609 -0.1375960111618042 -0.22234559059143066 -1.9939215183258057 -0.26369372010231018 -0.22005881369113922 -2.2430951595306396 -0.32089850306510925 0.27892729640007019 -2.0528876781463623 -0.44251027703285217 0.78127932548522949 -1.5853852033615112 -0.60377877950668335
4972.9064000025392 -1.2326133251190186 -0.65886992216110229 0.12309444695711136 -0.65479624271392822 -1.6306614875793457 -0.095903642475605011 -0.69037973880767822 -1.8595298528671265 -0.11216327548027039 -0.2126660943031311 -1.826530933380127 -0.23546971380710602 -0.19313375651836395 -2.0715665817260742 -0.25781837105751038 0.26337349414825439 -1.9264993667602539 -0.31563329696655273 0.73689544200897217 -1.4959667921066284 -0.44931679964065552
