29.29450000077486 -0.73834383487701416 -1.1886508464813232 0.32846468687057495 -1.0567572116851807 -0.48665836453437805 0.5396842360496521 -0.91876643896102905 -0.47553253173828125 0.7476503849029541 -1.069532036781311 -0.27897283434867859 0.52036690711975098 -0.94890254735946655 -0.29961735010147095 0.62961739301681519 -0.93315130472183228 -0.076681375503540039 0.68421459197998047 -0.8676905632019043 0.11487356573343277 0.68673300743103027
29.29450000077486 -0.88832348585128784 -1.3248103857040405 0.3214060366153717 -1.1860666275024414 -0.52908933162689209 0.47756218910217285 -1.0106794834136963 -0.51208537817001343 0.63468098640441895 -1.2087873220443726 -0.27975761890411377 0.52349948883056641 -1.0606595277786255 -0.29226657748222351 0.56060236692428589 -1.0498923063278198 -0.027912508696317673 0.69059300422668457 -0.97206467390060425 0.19021192193031311 0.7639089822769165
91.250200003385544 -0.85078948736190796 -1.3325893878936768 0.19482581317424774 -1.2121740579605103 -0.56558597087860107 0.41402223706245422 -1.0218391418457031 -0.53425115346908569 0.64193856716156006 -1.2363842725753784 -0.28576162457466125 0.47811776399612427 -1.0648070573806763 -0.29612588882446289 0.5700080394744873 -1.0688985586166382 -0.027604658156633377 0.73908007144927979 -0.99260807037353516 0.20698805153369904 0.8059844970703125
91.250200003385544 -0.76196765899658203 -1.3046890497207642 0.28031757473945618 -1.119239330291748 -0.54304230213165283 0.6081087589263916 -0.94819504022598267 -0.50613570213317871 0.77349555492401123 -1.1408900022506714 -0.27551653981208801 0.60941290855407715 -0.98383140563964844 -0.27045044302940369 0.6513398289680481 -0.96453988552093506 -0.014317331835627556 0.77297651767730713 -0.88555270433425903 0.21822521090507507 0.83888339996337891
150.94739999622107 -0.80685549974441528 -1.3551696538925171 0.033996358513832092 -1.0918933153152466 -0.54776293039321899 0.20761564373970032 -0.9167323112487793 -0.55995482206344604 0.25051864981651306 -1.1245728731155396 -0.2863045334815979 0.20302940905094147 -0.99566042423248291 -0.30139327049255371 0.13230116665363312 -0.98868024349212646 -0.03825489804148674 0.34200319647789001 -0.91963452100753784 0.16689524054527283 0.39631181955337524
150.94739999622107 -0.77255785465240479 -1.3578331470489502 -0.010042802430689335 -1.0574064254760742 -0.570140540599823 0.25317025184631348 -0.86956655979156494 -0.58094120025634766 0.34063699841499329 -1.0723434686660767 -0.28000551462173462 0.23334389925003052 -0.92710065841674805 -0.2796877920627594 0.13627904653549194 -0.90916955471038818 -0.0015875172102823853 0.37752440571784973 -0.83029544353485107 0.21414358913898468 0.46503588557243347
207.61219999939203 -0.79479962587356567 -1.3291616439819336 -0.010102521628141403 -1.081386923789978 -0.53666085004806519 0.25471726059913635 -0.89240044355392456 -0.54752737283706665 0.34271791577339172 -1.0964152812957764 -0.24475471675395966 0.23476988077163696 -0.95028585195541382 -0.24443504214286804 0.13711251318454742 -0.93224525451660156 0.035362813621759415 0.37983050942420959 -0.85288971662521362 0.25241079926490784 0.46787616610527039
207.61219999939203 -0.76304131746292114 -1.2769147157669067 -0.027295056730508804 -1.0454965829849243 -0.51458173990249634 0.24545489251613617 -0.88025850057601929 -0.51270556449890137 0.30908510088920593 -1.0667027235031128 -0.24895083904266357 0.27877995371818542 -0.9282456636428833 -0.24095320701599121 0.21935464441776276 -0.91407668590545654 0.018004542216658592 0.44296008348464966 -0.84585028886795044 0.22224156558513641 0.53604972362518311
269.32140000164509 -0.71041113138198853 -1.3092799186706543 0.13465218245983124 -1.1298309564590454 -0.55010342597961426 0.4875752329826355 -0.96181637048721313 -0.52020418643951416 0.63870573043823242 -1.1337172985076904 -0.2661680281162262 0.47550493478775024 -0.97792232036590576 -0.25629490613937378 0.4958588182926178 -0.96593880653381348 0.0086592230945825577 0.67359673976898193 -0.9062160849571228 0.22304344177246094 0.75598376989364624
269.32140000164509 -0.72903162240982056 -1.3078889846801758 0.13011005520820618 -1.1343261003494263 -0.57428044080734253 0.47114720940589905 -0.97196990251541138 -0.54538822174072266 0.61718785762786865 -1.1380815505981445 -0.29990759491920471 0.45948341488838196 -0.98753345012664795 -0.29036694765090942 0.47915181517601013 -0.97595351934432983 -0.03433610126376152 0.65090376138687134 -0.91824215650558472 0.17282798886299133 0.73051613569259644
329.63419999927282 -0.73934012651443481 -1.3354252576828003 0.019445361569523811 -1.1267112493515015 -0.57614421844482422 0.13570162653923035 -0.98917573690414429 -0.51688432693481445 0.30522605776786804 -1.1363430023193359 -0.33040168881416321 0.24072442948818207 -0.97247898578643799 -0.33008661866188049 0.36587020754814148 -0.94765520095825195 -0.095474995672702789 0.56126230955123901 -0.89365440607070923 0.11006923019886017 0.67474657297134399
329.63419999927282 -0.79118311405181885 -1.4048233032226563 0.019930686801671982 -1.1880141496658325 -0.62700003385543823 0.13902601599693298 -1.0471199750900269 -0.56629294157028198 0.31269034743309021 -1.1978812217712402 -0.37525629997253418 0.24661354720592499 -1.0300153493881226 -0.37493354082107544 0.37481546401977539 -1.0045853853225708 -0.13459251821041107 0.57497924566268921 -0.94926589727401733 0.075971245765686035 0.69123482704162598
391.75740000605583 -0.79353195428848267 -1.4720543622970581 -0.11362265050411224 -1.1583606004714966 -0.63999086618423462 0.087013080716133118 -1.0115677118301392 -0.57646673917770386 0.25573542714118958 -1.1906559467315674 -0.37481912970542908 0.23237192630767822 -1.0332286357879639 -0.36408931016921997 0.36655405163764954 -1.0128215551376343 -0.1033664271235466 0.58278131484985352 -0.94912809133529663 0.109328992664814 0.6808050274848938
391.75740000605583 -0.8138459324836731 -1.5150686502456665 -0.11832158267498016 -1.1937503814697266 -0.64862191677093506 0.090604983270168304 -1.0408915281295776 -0.58247286081314087 0.26629939675331116 -1.2273801565170288 -0.37249261140823364 0.2419704794883728 -1.0634475946426392 -0.36131939291954041 0.3816973865032196 -1.0421972274780273 -0.089822709560394287 0.60685974359512329 -0.975871741771698 0.13166187703609467 0.70893406867980957
450.22069999575615 -0.76326733827590942 -1.4570744037628174 -0.19975139200687408 -1.1707683801651001 -0.62209022045135498 -0.11645949631929398 -1.0411903858184814 -0.54274213314056396 0.071836315095424652 -1.1983597278594971 -0.37993150949478149 0.10064530372619629 -1.0248851776123047 -0.37235492467880249 0.32907974720001221 -1.0092942714691162 -0.12469509989023209 0.51108992099761963 -0.96870654821395874 0.084953084588050842 0.5985187292098999
450.22069999575615 -0.77168476581573486 -1.4789812564849854 -0.23508444428443909 -1.1512743234634399 -0.58747625350952148 -0.19620950520038605 -1.0019987821578979 -0.53473305702209473 -0.054705128073692322 -1.1710832118988037 -0.31353470683097839 -0.052446082234382629 -1.0021543502807617 -0.30937007069587708 0.083671256899833679 -0.97336316108703613 -0.038351327180862427 0.28350535035133362 -0.90658396482467651 0.17290690541267395 0.31814867258071899
508.54690000414848 -0.66011506319046021 -1.4594722986221313 -0.19140937924385071 -1.0328000783920288 -0.56692230701446533 -0.30548074841499329 -0.88290572166442871 -0.52489155530929565 -0.15315154194831848 -1.0546600818634033 -0.28721070289611816 -0.18945060670375824 -0.90617531538009644 -0.31602832674980164 -0.042313404381275177 -0.90685552358627319 -0.044507462531328201 0.2069435715675354 -0.84873467683792114 0.18153458833694458 0.32843577861785889
508.54690000414848 -0.69205576181411743 -1.5556958913803101 -0.20873211324214935 -1.0984760522842407 -0.58235287666320801 -0.33312913775444031 -0.93501341342926025 -0.5365174412727356 -0.16701118648052216 -1.1223148107528687 -0.27732193470001221 -0.20659603178501129 -0.96038925647735596 -0.30874812602996826 -0.046140044927597046 -0.96113109588623047 -0.012649332173168659 0.22567953169345856 -0.89774918556213379 0.23385390639305115 0.35816916823387146
562.33869999647141 -0.71911782026290894 -1.5405597686767578 -0.066639676690101624 -1.1037304401397705 -0.54085564613342285 -0.19366738200187683 -0.95589393377304077 -0.49408891797065735 -0.053149089217185974 -1.1361091136932373 -0.23659792542457581 -0.098208174109458923 -0.97353893518447876 -0.26820287108421326 0.032955892384052277 -0.93980377912521362 0.03188372403383255 0.21530352532863617 -0.85074687004089355 0.26573050022125244 0.36283889412879944
671.3201000019908 -0.75560158491134644 -1.4485515356063843 0.27329108119010925 -1.1829169988632202 -0.62030982971191406 0.3395841121673584 -1.0051172971725464 -0.57500690221786499 0.4862101674079895 -1.1723296642303467 -0.29702946543693542 0.34037560224533081 -1.0089149475097656 -0.27198407053947449 0.33285298943519592 -0.9932938814163208 0.028274105861783028 0.55082112550735474 -0.91037160158157349 0.24181970953941345 0.58266192674636841
671.3201000019908 -0.83296644687652588 -1.2421201467514038 -0.12126347422599792 -1.0224337577819824 -0.59021937847137451 -0.067576177418231964 -0.84038746356964111 -0.56047385931015015 0.03938162699341774 -1.0455055236816406 -0.35746669769287109 -0.11713714897632599 -0.91208261251449585 -0.35184520483016968 -0.17046955227851868 -0.9476047158241272 -0.11913509666919708 0.041935846209526062 -0.87177848815917969 0.051210645586252213 0.043929871171712875
728.18930000811815 -0.71224361658096313 -1.2084352970123291 -0.075939260423183441 -0.94860982894897461 -0.5151093602180481 0.10439389199018478 -0.74795550107955933 -0.50482785701751709 0.1954885870218277 -0.95735543966293335 -0.27582058310508728 0.054349355399608612 -0.81874966621398926 -0.27684113383293152 -0.016405882313847542 -0.84684759378433228 -0.027111051604151726 0.23373596370220184 -0.77986264228820801 0.14872430264949799 0.2313353419303894
728.18930000811815 -0.71984690427780151 -1.2399524450302124 0.055731568485498428 -0.99574077129364014 -0.52823227643966675 0.22741658985614777 -0.81558454036712646 -0.50777077674865723 0.3893810510635376 -1.0087591409683228 -0.29708564281463623 0.19334201514720917 -0.86994326114654541 -0.30047529935836792 0.20001901686191559 -0.88473272323608398 -0.056707251816987991 0.43160548806190491 -0.80894917249679565 0.12845849990844727 0.42830979824066162
782.28809999674559 -0.79922324419021606 -1.317548394203186 0.059107080101966858 -1.0918240547180176 -0.56272941827774048 0.241188645362854 -0.90075838565826416 -0.54102885723114014 0.41296097636222839 -1.1056308746337891 -0.31758546829223633 0.20505064725875854 -0.95840883255004883 -0.32118043303489685 0.21213199198246002 -0.97409385442733765 -0.062650769948959351 0.4577423632144928 -0.89372122287750244 0.13372786343097687 0.4542471170425415
782.28809999674559 -0.80991250276565552 -1.3277064561843872 0.12694931030273438 -1.0909347534179688 -0.54402446746826172 0.3324095606803894 -0.8973349928855896 -0.51184505224227905 0.50432044267654419 -1.1118096113204956 -0.30476212501525879 0.23888114094734192 -0.98004913330078125 -0.30770480632781982 0.25042760372161865 -1.0073143243789673 -0.060165755450725555 0.45551493763923645 -0.91216111183166504 0.12332030385732651 0.41091501712799072
840.35530000180006 -0.75844579935073853 -1.2743791341781616 -0.039272885769605637 -1.0613949298858643 -0.52875649929046631 0.049161788076162338 -0.86605095863342285 -0.51699632406234741 0.19373334944248199 -1.0581414699554443 -0.27790066599845886 0.10575038939714432 -0.91947054862976074 -0.29654714465141296 0.15505877137184143 -0.93547546863555908 -0.047677997499704361 0.36393672227859497 -0.87281209230422974 0.13074260950088501 0.28242668509483337
840.35530000180006 -0.76453310251235962 -1.33231520652771 -0.04143809899687767 -1.0841975212097168 -0.54555261135101318 0.051875986158847809 -0.87807536125183105 -0.53314357995986938 0.20442432165145874 -1.0807645320892334 -0.28085571527481079 0.11158686876296997 -0.93444246053695679 -0.30053102970123291 0.1636158674955368 -0.95133036375045776 -0.037930440157651901 0.38401868939399719 -0.88520950078964233 0.15033458173274994 0.29801130294799805
895.96059999614954 -0.7547648549079895 -1.3504148721694946 0.11107978969812393 -1.0683916807174683 -0.57704836130142212 0.24363055825233459 -0.87278497219085693 -0.54825931787490845 0.4278067946434021 -1.0747812986373901 -0.32190588116645813 0.20736671984195709 -0.93107312917709351 -0.3265911340713501 0.24374422430992126 -0.957816481590271 -0.073314286768436432 0.43854352831840515 -0.8868744969367981 0.1158943697810173 0.38138261437416077
895.96059999614954 -0.70446193218231201 -1.2921686172485352 0.085712403059005737 -1.0505483150482178 -0.55174636840820313 0.17573839426040649 -0.85344928503036499 -0.52165371179580688 0.337828129529953 -1.0443248748779297 -0.2864413857460022 0.1930432915687561 -0.90068459510803223 -0.29233422875404358 0.22804084420204163 -0.90827035903930664 -0.035276018083095551 0.43668419122695923 -0.83349114656448364 0.14265821874141693 0.41230064630508423
950.96649999916553 -0.77571195363998413 -1.4108462333679199 0.091871000826358795 -1.1466997861862183 -0.61714953184127808 0.18837450444698334 -0.93541920185089111 -0.58489161729812622 0.36212682723999023 -1.1400285959243774 -0.332755446434021 0.20692451298236847 -0.9860532283782959 -0.33907231688499451 0.24444018304347992 -0.99418473243713379 -0.063518360257148743 0.46809574961662292 -0.91402500867843628 0.12721849977970123 0.44195777177810669
950.96649999916553 -0.75722795724868774 -1.421947717666626 0.099121503531932831 -1.1320171356201172 -0.58703762292861938 0.18757306039333344 -0.93222886323928833 -0.56054383516311646 0.41577038168907166 -1.1116292476654053 -0.30413579940795898 0.25035423040390015 -0.95367425680160522 -0.31828641891479492 0.34032046794891357 -0.94446510076522827 -0.038006797432899475 0.61437314748764038 -0.86570924520492554 0.15691135823726654 0.61162924766540527
1009.4296000003815 -0.75421762466430664 -1.4774931669235229 0.14920191466808319 -1.2171174287796021 -0.59657764434814453 0.33330300450325012 -1.0392060279846191 -0.56040066480636597 0.56981170177459717 -1.2236292362213135 -0.31779423356056213 0.38634255528450012 -1.0577471256256104 -0.33428546786308289 0.53960138559341431 -1.045594334602356 -0.058567281812429428 0.78634381294250488 -0.96543323993682861 0.15043739974498749 0.80207538604736328
1009.4296000003815 -0.7818787693977356 -1.4336267709732056 -0.026796653866767883 -1.2038059234619141 -0.56605768203735352 0.063240937888622284 -1.041695237159729 -0.50813955068588257 0.31703534722328186 -1.2026704549789429 -0.29192548990249634 0.1217854842543602 -1.0476764440536499 -0.29405367374420166 0.32870364189147949 -1.0358686447143555 -0.027190469205379486 0.52931451797485352 -0.95649009943008423 0.17333827912807465 0.51278543472290039
1065.6268000006676 -0.78867226839065552 -1.4029500484466553 -0.02560960128903389 -1.1916861534118652 -0.57427060604095459 0.060391977429389954 -1.0368422269821167 -0.51894873380661011 0.30280986428260803 -1.1906015872955322 -0.31242665648460388 0.11631220579147339 -1.0425553321838379 -0.3144594132900238 0.31395509839057922 -1.0312768220901489 -0.059558592736721039 0.50557339191436768 -0.9554564356803894 0.13198128342628479 0.48978525400161743
1065.6268000006676 -0.74508917331695557 -1.3955411911010742 -0.0060726548545062542 -1.1935883760452271 -0.53347039222717285 0.087058044970035553 -1.0493950843811035 -0.48846542835235596 0.30298671126365662 -1.1882336139678955 -0.28538018465042114 0.19680525362491608 -1.0457586050033569 -0.30919438600540161 0.38280290365219116 -1.0249801874160767 -0.064157359302043915 0.62803375720977783 -0.94921725988388062 0.12740717828273773 0.65778058767318726
1123.395900003612 -0.74895107746124268 -1.4764368534088135 0.037810467183589935 -1.2086931467056274 -0.60143589973449707 0.045263588428497314 -1.0810064077377319 -0.5278325080871582 0.29104655981063843 -1.2192760705947876 -0.34132352471351624 0.13709023594856262 -1.0674694776535034 -0.34494349360466003 0.37001258134841919 -1.0614300966262817 -0.091744706034660339 0.58208835124969482 -0.9970129132270813 0.10611790418624878 0.64604920148849487
1123.395900003612 -0.78147536516189575 -1.4960067272186279 0.037554282695055008 -1.2380944490432739 -0.62694936990737915 0.04495677724480629 -1.1112751960754395 -0.55384588241577148 0.2890702486038208 -1.248605489730835 -0.36860382556915283 0.13615968823432922 -1.0978301763534546 -0.37219920754432678 0.36749985814094543 -1.0918318033218384 -0.120720274746418 0.57813507318496704 -1.0278521776199341 0.075798347592353821 0.64166146516799927
1184.95680000633 -0.69787538051605225 -1.4932012557983398 0.10234522819519043 -1.1869436502456665 -0.69229143857955933 -0.099619247019290924 -1.051647424697876 -0.61137187480926514 0.10427844524383545 -1.2072646617889404 -0.40197417140007019 0.031250126659870148 -1.0489664077758789 -0.39347785711288452 0.26127079129219055 -1.03504478931427 -0.12706956267356873 0.44460365176200867 -0.98236602544784546 0.069055519998073578 0.49759384989738464
1184.95680000633 -0.67717570066452026 -1.5116173028945923 0.091606557369232178 -1.2061975002288818 -0.57747113704681396 0.057806294411420822 -1.0607420206069946 -0.49860191345214844 0.27589434385299683 -1.2084412574768066 -0.29150083661079407 0.19099560379981995 -1.0359818935394287 -0.30435851216316223 0.38841375708580017 -0.99691504240036011 -0.023685051128268242 0.60959774255752563 -0.91671818494796753 0.1812996119260788 0.73396748304367065
1246.1506000012159 -0.71139305830001831 -1.5067121982574463 0.093154974281787872 -1.2493795156478882 -0.5567362904548645 0.058781936764717102 -1.101459264755249 -0.476530522108078 0.28056567907333374 -1.2516613006591797 -0.26591995358467102 0.19422824680805206 -1.0762796401977539 -0.27899551391601563 0.39499181509017944 -1.0365505218505859 0.0064341891556978226 0.61992400884628296 -0.954994797706604 0.21489249169826508 0.74640119075775146
1246.1506000012159 -0.67897629737854004 -1.4809639453887939 0.007356798741966486 -1.16468346118927 -0.58981335163116455 -0.068238630890846252 -1.0140923261642456 -0.50229662656784058 0.1222393736243248 -1.1682190895080566 -0.29226762056350708 0.088858805596828461 -0.9813651442527771 -0.30246186256408691 0.26068156957626343 -0.94523090124130249 -0.024106509983539581 0.44431126117706299 -0.88908857107162476 0.20022320747375488 0.64672106504440308
1322.9236000031233 -0.59910744428634644 -1.604638934135437 -0.0023756055161356926 -1.1361057758331299 -0.59223699569702148 0.1032283753156662 -0.99218517541885376 -0.50503319501876831 0.27404695749282837 -1.1504061222076416 -0.30789211392402649 0.21142256259918213 -0.97618663311004639 -0.28834781050682068 0.4655606746673584 -0.93341946601867676 0.0069372658617794514 0.58840310573577881 -0.89380967617034912 0.21646091341972351 0.52454376220703125
1322.9236000031233 -0.56203126907348633 -1.4811931848526001 -0.0049097649753093719 -1.1009737253189087 -0.59150195121765137 0.13020509481430054 -0.90762841701507568 -0.54830080270767212 0.31212052702903748 -1.0921427011489868 -0.30068513751029968 0.24137890338897705 -0.91597086191177368 -0.30921170115470886 0.35671353340148926 -0.8973955512046814 -0.032517895102500916 0.64299535751342773 -0.82107549905776978 0.18096645176410675 0.65485996007919312
1383.861400000751 -0.64191138744354248 -1.5022834539413452 -0.22305291891098022 -1.1758655309677124 -0.63017493486404419 -0.18175961077213287 -0.97995936870574951 -0.59725356101989746 -0.0051485905423760414 -1.165285587310791 -0.35147389769554138 -0.049574457108974457 -0.99073249101638794 -0.37118396162986755 0.077104933559894562 -0.99791479110717773 -0.10953596234321594 0.37653118371963501 -0.95117849111557007 0.099374555051326752 0.39204639196395874
1383.861400000751 -0.60633403062820435 -1.4823641777038574 -0.09012652188539505 -1.1351468563079834 -0.5697975754737854 -0.039209224283695221 -0.94198215007781982 -0.53742802143096924 0.12553882598876953 -1.131921648979187 -0.29268613457679749 0.12339319288730621 -0.95637482404708862 -0.31122970581054688 0.23794962465763092 -0.96495097875595093 -0.048428487032651901 0.48828718066215515 -0.9007880687713623 0.15646401047706604 0.50626993179321289
1439.9329999983311 -0.61008834838867188 -1.4611519575119019 -0.088509626686573029 -1.1293694972991943 -0.56503409147262573 -0.038510087877511978 -0.93968653678894043 -0.53324800729751587 0.12326841056346893 -1.1262024641036987 -0.29291751980781555 0.12116146087646484 -0.95381975173950195 -0.31112685799598694 0.23365305364131927 -0.96224135160446167 -0.053062539547681808 0.47947832942008972 -0.89923495054244995 0.14813680946826935 0.49713695049285889
1439.9329999983311 -0.63436752557754517 -1.4213864803314209 0.0010019930778071284 -1.1044141054153442 -0.6439017653465271 -0.084443606436252594 -0.9608343243598938 -0.58020132780075073 0.088189423084259033 -1.1172307729721069 -0.35909843444824219 0.05945679172873497 -0.94478327035903931 -0.371684730052948 0.22589139640331268 -0.93263757228851318 -0.10553397238254547 0.5080723762512207 -0.87750500440597534 0.097439870238304138 0.60184520483016968
1497.1618999987841 -0.71422958374023438 -1.4908713102340698 0.05366385355591774 -1.2138502597808838 -0.63973325490951538 -0.023825837299227715 -1.0753010511398315 -0.57629811763763428 0.16114774346351624 -1.210152268409729 -0.33479589223861694 0.1747925728559494 -1.0457117557525635 -0.3369104266166687 0.36372768878936768 -1.0161005258560181 -0.062917754054069519 0.64577358961105347 -0.94300669431686401 0.12580481171607971 0.69151937961578369
1497.1618999987841 -0.72959238290786743 -1.5290930271148682 0.055397406220436096 -1.2453727722167969 -0.65042597055435181 -0.024598591029644012 -1.1023423671722412 -0.58493912220001221 0.16635772585868835 -1.2415552139282227 -0.33562579751014709 0.18044388294219971 -1.0717959403991699 -0.33780872821807861 0.37548983097076416 -1.0412269830703735 -0.054954119026660919 0.66665816307067871 -0.96576905250549316 0.13987244665622711 0.71388357877731323
1554.0839999988675 -0.65433764457702637 -1.5367875099182129 -0.022229410707950592 -1.1875317096710205 -0.65889269113540649 -0.20438046753406525 -1.0555708408355713 -0.59200239181518555 -0.023849908262491226 -1.1889649629592896 -0.32298550009727478 -0.0407838374376297 -1.044766902923584 -0.3238908052444458 0.14056737720966339 -1.0103187561035156 -0.023257622495293617 0.40266618132591248 -0.93306398391723633 0.17454604804515839 0.50700098276138306
1554.0839999988675 -0.65870773792266846 -1.6249246597290039 -0.073164120316505432 -1.2068675756454468 -0.64051514863967896 -0.14804224669933319 -1.0449032783508301 -0.54799747467041016 0.056076511740684509 -1.207871675491333 -0.28885737061500549 0.012440784834325314 -1.0292514562606812 -0.28151524066925049 0.23454290628433228 -0.98831450939178467 0.055183347314596176 0.4395221471786499 -0.91513222455978394 0.2994840145111084 0.56862431764602661
1612.4647000059485 -0.70547997951507568 -1.5922421216964722 -0.071329586207866669 -1.2398457527160645 -0.63260442018508911 -0.14432345330715179 -1.081957221031189 -0.54241490364074707 0.054658796638250351 -1.2408246994018555 -0.28979587554931641 0.012121133506298065 -1.0666992664337158 -0.28263852000236511 0.22863419353961945 -1.0267925262451172 0.045587282627820969 0.42845529317855835 -0.95545172691345215 0.28374028205871582 0.55430865287780762
1612.4647000059485 -0.69246202707290649 -1.6329009532928467 -0.22743502259254456 -1.2029885053634644 -0.61311089992523193 -0.26953238248825073 -1.050264835357666 -0.50866842269897461 -0.055099327117204666 -1.2184758186340332 -0.31876611709594727 -0.15501269698143005 -1.0623376369476318 -0.29000326991081238 0.082864448428153992 -1.0411955118179321 0.014709323644638062 0.27573645114898682 -0.97507685422897339 0.21322380006313324 0.29281619191169739
1710.6440999954939 -0.66930299997329712 -1.4044748544692993 0.31751510500907898 -1.0645643472671509 -0.54014796018600464 0.41067728400230408 -0.90848618745803833 -0.51197677850723267 0.52072638273239136 -1.0457823276519775 -0.23190635442733765 0.38125038146972656 -0.90475291013717651 -0.23291225731372833 0.3268570601940155 -0.86142033338546753 0.017106933519244194 0.45364284515380859 -0.73874109983444214 0.21022653579711914 0.46232661604881287
1783.6278000026941 -0.77377116680145264 -1.4042230844497681 -0.074989967048168182 -1.1062976121902466 -0.61491423845291138 0.028686508536338806 -0.91654753684997559 -0.60821723937988281 0.21516937017440796 -1.0948987007141113 -0.34769365191459656 0.092804424464702606 -0.95315641164779663 -0.36063921451568604 0.16983482241630554 -0.96924084424972534 -0.10946672409772873 0.29200434684753418 -0.92548966407775879 0.08044850081205368 0.21077868342399597
1783.6278000026941 -0.64887666702270508 -1.4137566089630127 -0.15397451817989349 -0.99689871072769165 -0.54865080118179321 -0.035870570689439774 -0.78639203310012817 -0.55646705627441406 0.095469661056995392 -0.97389167547225952 -0.28105831146240234 0.10006558895111084 -0.83493953943252563 -0.2980753481388092 0.12700085341930389 -0.84521627426147461 -0.038615263998508453 0.34151485562324524 -0.79279607534408569 0.15026924014091492 0.29061660170555115
1841.5798000022769 -0.69511944055557251 -1.397540807723999 -0.31196227669715881 -1.0042582750320435 -0.55571663379669189 -0.24458438158035278 -0.79486721754074097 -0.55806934833526611 -0.093428283929824829 -1.0121458768844604 -0.27902567386627197 -0.074980273842811584 -0.85564035177230835 -0.29650691151618958 0.005841029342263937 -0.87700754404067993 -0.029171118512749672 0.20736239850521088 -0.84273684024810791 0.1753784567117691 0.12221747636795044
1841.5798000022769 -0.60255551338195801 -1.3804473876953125 -0.36453136801719666 -1.0059614181518555 -0.59713149070739746 -0.056164201349020004 -0.7782818078994751 -0.59381014108657837 0.14097458124160767 -0.99026328325271606 -0.29121249914169312 0.0020727263763546944 -0.82230174541473389 -0.27943515777587891 0.080430425703525543 -0.81647312641143799 -0.00033109725336544216 0.28113245964050293 -0.75456494092941284 0.18370841443538666 0.12494036555290222
1899.341099999845 -0.64018905162811279 -1.2366081476211548 -0.32794544100761414 -1.0030999183654785 -0.53192371129989624 -0.05053311213850975 -0.7982754111289978 -0.52893579006195068 0.1268162876367569 -0.98897755146026611 -0.25671383738517761 0.0018578210147097707 -0.83787643909454346 -0.24611872434616089 0.072349749505519867 -0.83263289928436279 0.0049680150113999844 0.25290471315383911 -0.77693921327590942 0.17053307592868805 0.1123916432261467
1899.341099999845 -0.5639188289642334 -1.3163211345672607 -0.14442397654056549 -0.96805202960968018 -0.4610520601272583 -0.014914787374436855 -0.80357170104980469 -0.44989845156669617 0.13285104930400848 -0.96513187885284424 -0.21434693038463593 0.077050037682056427 -0.83134090900421143 -0.22882945835590363 0.16323406994342804 -0.79809141159057617 -0.0045085898600518703 0.40924188494682312 -0.71717232465744019 0.159041628241539 0.36468839645385742
1971.6623999997973 -0.49381428956985474 -1.592211127281189 -0.14841024577617645 -1.0860092639923096 -0.60508173704147339 0.0085626812651753426 -0.90229052305221558 -0.55922794342041016 0.1781524121761322 -1.0661567449569702 -0.30800029635429382 0.17978420853614807 -0.89198035001754761 -0.29656204581260681 0.34917154908180237 -0.86185002326965332 -0.022757923230528831 0.53545910120010376 -0.80262267589569092 0.17919141054153442 0.42516177892684937
1971.6623999997973 -0.39750379323959351 -1.5333774089813232 -0.48885917663574219 -0.91504895687103271 -0.56598448753356934 -0.46924120187759399 -0.74519819021224976 -0.52440887689590454 -0.31012439727783203 -0.90674096345901489 -0.2925315797328949 -0.25791096687316895 -0.77475494146347046 -0.28115653991699219 -0.028360296040773392 -0.74241739511489868 -0.022907985374331474 0.086829446256160736 -0.74061042070388794 0.16464309394359589 -0.09472087025642395
2082.5758000090718 -0.49322846531867981 -1.2911041975021362 0.25555366277694702 -0.78367531299591064 -0.57634717226028442 0.44454100728034973 -0.64013487100601196 -0.56157070398330688 0.68451434373855591 -0.82032990455627441 -0.34643092751502991 0.37528619170188904 -0.67315453290939331 -0.33960884809494019 0.44487631320953369 -0.67385309934616089 -0.12149028480052948 0.51152831315994263 -0.60006648302078247 0.073554821312427521 0.44112035632133484
2150.5571999996901 -0.60705471038818359 -1.4006373882293701 -0.091788090765476227 -1.0127073526382446 -0.60656845569610596 -0.091622255742549896 -0.83304095268249512 -0.57352268695831299 0.11361444741487503 -1.0265333652496338 -0.34655946493148804 -0.0057853418402373791 -0.87963420152664185 -0.3476707935333252 0.13871406018733978 -0.90115892887115479 -0.10515905916690826 0.23674821853637695 -0.86295408010482788 0.068619504570960999 0.098341070115566254
2150.5571999996901 -0.46169444918632507 -1.2681577205657959 -0.10184203088283539 -0.92522948980331421 -0.56848520040512085 -0.03241536021232605 -0.77094995975494385 -0.51128613948822021 0.18276967108249664 -0.95422118902206421 -0.32082644104957581 0.031348716467618942 -0.80292534828186035 -0.31346523761749268 0.26186192035675049 -0.82419437170028687 -0.081528611481189728 0.39556315541267395 -0.81112253665924072 0.10490147769451141 0.32004055380821228
2207.0095999985933 -0.58696883916854858 -1.4322664737701416 -0.16216878592967987 -1.0167890787124634 -0.65461176633834839 -0.44409400224685669 -0.87430781126022339 -0.5913550853729248 -0.26651918888092041 -1.0376126766204834 -0.36996930837631226 -0.31480023264884949 -0.88835364580154419 -0.36274510622024536 -0.14286720752716064 -0.87170040607452393 -0.10307571291923523 0.09243958443403244 -0.80071491003036499 0.083630040287971497 0.056732065975666046
2207.0095999985933 -0.48677653074264526 -1.3232473134994507 0.016185937449336052 -0.90729576349258423 -0.46448418498039246 -0.22961720824241638 -0.78610044717788696 -0.4160383939743042 -0.10707501322031021 -0.91520977020263672 -0.20524701476097107 -0.093195550143718719 -0.77610456943511963 -0.21210446953773499 0.073787175118923187 -0.72586756944656372 0.031094390898942947 0.21004287898540497 -0.68726563453674316 0.20787297189235687 0.16364291310310364
2277.0131999999285 -0.66048747301101685 -1.5373121500015259 0.21859802305698395 -1.0737802982330322 -0.61146700382232666 0.018399234861135483 -0.91349154710769653 -0.56265008449554443 0.24196723103523254 -1.1225744485855103 -0.30306500196456909 0.10606251657009125 -0.97596371173858643 -0.29938003420829773 0.28330120444297791 -0.95804059505462646 -0.024597553536295891 0.40979969501495361 -0.87530815601348877 0.17416113615036011 0.33111739158630371
2277.0131999999285 -0.44797271490097046 -1.6723967790603638 -0.289457768201828 -1.0263515710830688 -0.68396776914596558 -0.66949111223220825 -0.94747287034988403 -0.64879351854324341 -0.47733664512634277 -1.0766950845718384 -0.39603710174560547 -0.40094584226608276 -0.96029514074325562 -0.41919270157814026 -0.055750761181116104 -0.91051054000854492 -0.15111319720745087 0.12442563474178314 -0.84258079528808594 0.061683990061283112 0.083561152219772339
2337.866700001061 -0.59760403633117676 -1.629204273223877 -0.28839775919914246 -1.1739189624786377 -0.64430248737335205 -0.66707497835159302 -1.0953216552734375 -0.60925376415252686 -0.47560617327690125 -1.2240828275680542 -0.35739931464195251 -0.39948797225952148 -1.1080981492996216 -0.38047227263450623 -0.055524736642837524 -1.0584913492202759 -0.11334940791130066 0.12400870025157928 -0.99080389738082886 0.098688416182994843 0.083290047943592072
2337.866700001061 -0.55328702926635742 -1.5942785739898682 -0.24959912896156311 -1.0226593017578125 -0.63206928968429565 -0.62718385457992554 -0.89358198642730713 -0.56997716426849365 -0.41940474510192871 -1.0635586977005005 -0.3562031090259552 -0.30119428038597107 -0.90469181537628174 -0.37366440892219543 0.041463520377874374 -0.89668130874633789 -0.11190593987703323 0.1143551841378212 -0.89228558540344238 0.1030702069401741 0.041265290230512619
2412.1921000033617 -0.48495465517044067 -1.4784783124923706 -0.35833439230918884 -0.99070096015930176 -0.50182574987411499 -0.59677982330322266 -0.86899733543395996 -0.44708231091499329 -0.47461932897567749 -1.0097087621688843 -0.23455490171909332 -0.30965757369995117 -0.85426211357116699 -0.23839558660984039 -0.064942702651023865 -0.79721790552139282 0.013640577904880047 0.063911907374858856 -0.76372498273849487 0.19236163794994354 -0.11565949767827988
2412.1921000033617 -0.41736030578613281 -1.2030645608901978 -0.092263989150524139 -0.86472064256668091 -0.44593831896781921 -0.13990521430969238 -0.70194864273071289 -0.42776811122894287 -0.011829562485218048 -0.89050668478012085 -0.21632401645183563 0.018702946603298187 -0.75969189405441284 -0.21938858926296234 0.1826307624578476 -0.77677154541015625 0.0068731964565813541 0.2679116427898407 -0.75529533624649048 0.1691015213727951 0.11582411080598831
2476.35150000453 -0.46107006072998047 -1.5064870119094849 -0.22432656586170197 -0.96714389324188232 -0.59501558542251587 -0.49793288111686707 -0.86106312274932861 -0.53488075733184814 -0.35072541236877441 -1.0047096014022827 -0.35766944289207458 -0.21012391149997711 -0.8589666485786438 -0.35839620232582092 0.10734459012746811 -0.86344790458679199 -0.1352357417345047 0.15878932178020477 -0.88486093282699585 0.045666772872209549 0.05602925643324852
2476.35150000453 -0.58815628290176392 -1.6170053482055664 0.027500670403242111 -1.1287804841995239 -0.66344547271728516 -0.46110978722572327 -1.0685720443725586 -0.59518235921859741 -0.2917417585849762 -1.1650187969207764 -0.38517498970031738 -0.23737245798110962 -1.02166748046875 -0.37657764554023743 0.065164506435394287 -0.98441892862319946 -0.10367906838655472 0.072216369211673737 -0.9754335880279541 0.09830135852098465 0.055454321205615997
2535.1491000056267 -0.46223247051239014 -1.7481293678283691 -0.7289167046546936 -1.0220432281494141 -0.5131496787071228 -1.1863211393356323 -0.97707432508468628 -0.44973546266555786 -1.0554491281509399 -1.0622470378875732 -0.28874975442886353 -0.71916508674621582 -0.92120260000228882 -0.30693605542182922 -0.33274534344673157 -0.86273366212844849 -0.063426151871681213 -0.16664698719978333 -0.83891159296035767 0.15104079246520996 -0.21461795270442963
2535.1491000056267 -0.41904249787330627 -1.5107313394546509 -0.63752454519271851 -0.87480318546295166 -0.43095600605010986 -1.1018291711807251 -0.83282715082168579 -0.36919644474983215 -0.93602257966995239 -0.93134939670562744 -0.22174806892871857 -0.89503234624862671 -0.82809799909591675 -0.22843544185161591 -0.59067356586456299 -0.77271491289138794 0.0048059555701911449 -0.56646060943603516 -0.73503208160400391 0.2445097416639328 -0.6861303448677063
2609.4665000066161 -0.36250197887420654 -1.4136161804199219 -0.20826601982116699 -0.85163670778274536 -0.51414257287979126 -0.45402669906616211 -0.80003958940505981 -0.42793247103691101 -0.25967800617218018 -0.8946424126625061 -0.30351147055625916 -0.17509478330612183 -0.75790828466415405 -0.26624369621276855 0.1600339412689209 -0.73570263385772705 -0.037597782909870148 0.10734689235687256 -0.7314113974571228 0.15905286371707916 0.031337693333625793
2609.4665000066161 -0.39322614669799805 -1.7587193250656128 -0.45425361394882202 -0.94910734891891479 -0.70620191097259521 -1.0678087472915649 -0.94264763593673706 -0.63709050416946411 -0.95252341032028198 -0.98699402809143066 -0.41547569632530212 -0.7057914137840271 -0.85763460397720337 -0.40554210543632507 -0.411182701587677 -0.81488698720932007 -0.1195671409368515 -0.26993328332901001 -0.79930001497268677 0.089531265199184418 -0.23335801064968109
2667.0788000002503 -0.43526995182037354 -1.5734357833862305 -0.43023833632469177 -0.96177297830581665 -0.57654356956481934 -1.0113672018051147 -0.95565468072891235 -0.51108473539352417 -0.90217471122741699 -0.99765735864639282 -0.30118212103843689 -0.66848236322402954 -0.87513458728790283 -0.29177355766296387 -0.38944369554519653 -0.83464610576629639 -0.02091224305331707 -0.25565925240516663 -0.81988292932510376 0.17713536322116852 -0.22101698815822601
2667.0788000002503 -0.35114511847496033 -1.5381358861923218 -0.6266944408416748 -0.90291935205459595 -0.53062331676483154 -1.111670970916748 -0.86340576410293579 -0.46854871511459351 -1.018967866897583 -0.94274067878723145 -0.30565726757049561 -0.77802491188049316 -0.7953876256942749 -0.30212092399597168 -0.47848692536354065 -0.75564384460449219 -0.054658085107803345 -0.32300823926925659 -0.75345772504806519 0.1484673023223877 -0.34780725836753845
2723.8008000031114 -0.31904056668281555 -1.3656047582626343 -0.52604389190673828 -0.83034557104110718 -0.46170440316200256 -0.86693727970123291 -0.80324816703796387 -0.39015465974807739 -0.70575004816055298 -0.8524743914604187 -0.24223029613494873 -0.6069941520690918 -0.73195207118988037 -0.22037844359874725 -0.27082052826881409 -0.68825387954711914 -0.015202481299638748 -0.25850462913513184 -0.65356606245040894 0.150405153632164 -0.37791922688484192
2723.8008000031114 -0.40563923120498657 -1.3315519094467163 -0.53770285844802856 -0.92829596996307373 -0.40758359432220459 -0.88616466522216797 -0.9005969762802124 -0.33444532752037048 -0.72139877080917358 -0.95091617107391357 -0.18323682248592377 -0.62045031785964966 -0.82771807909011841 -0.160899817943573 -0.27681311964988708 -0.78304970264434814 0.048831384629011154 -0.26422381401062012 -0.74759167432785034 0.21811577677726746 -0.38628959655761719
2796.2047000005841 -0.3338567316532135 -1.3646345138549805 -0.71090680360794067 -0.88325297832489014 -0.42099335789680481 -0.97861653566360474 -0.84210926294326782 -0.3488488495349884 -0.81173574924468994 -0.91928398609161377 -0.19485168159008026 -0.64352869987487793 -0.80519115924835205 -0.17046831548213959 -0.29470381140708923 -0.7470930814743042 0.044944349676370621 -0.3005276620388031 -0.69656884670257568 0.23937048017978668 -0.4560234546661377
2796.2047000005841 -0.25029689073562622 -1.2478711605072021 -0.16863185167312622 -0.71553486585617065 -0.43607312440872192 -0.6716039776802063 -0.65218883752822876 -0.37882459163665771 -0.56729406118392944 -0.7452130913734436 -0.20679692924022675 -0.369203120470047 -0.63653194904327393 -0.20174612104892731 -0.11106408387422562 -0.62187248468399048 0.024152146652340889 -0.011268219910562038 -0.64050328731536865 0.2122550904750824 -0.030490342527627945
2851.1236000061035 -0.28487065434455872 -1.8214870691299438 -0.023329582065343857 -0.91935247182846069 -0.80737662315368652 -0.70581310987472534 -0.86290091276168823 -0.75972610712051392 -0.57077890634536743 -1.007625937461853 -0.49524348974227905 -0.51364576816558838 -0.90475571155548096 -0.50372743606567383 -0.28362762928009033 -0.89646178483963013 -0.19398440420627594 -0.12579399347305298 -0.88020575046539307 0.048431925475597382 -0.022921975702047348
2966.7754999995232 -0.65010058879852295 -0.98738229274749756 2.3731892108917236 -0.88469195365905762 -0.58382195234298706 2.60408616065979 -0.65795439481735229 -0.54148906469345093 2.659987211227417 -0.97953671216964722 -0.28534442186355591 2.088172435760498 -0.80854415893554688 -0.25003808736801147 1.8298541307449341 -0.8443748950958252 0.055798668414354324 1.5502731800079346 -0.69405621290206909 0.31852468848228455 1.3205617666244507
2966.7754999995232 -0.81921225786209106 -1.0491623878479004 0.96533721685409546 -1.058643102645874 -0.58052444458007813 0.92193096876144409 -0.9116668701171875 -0.55432695150375366 1.2404072284698486 -1.1303410530090332 -0.32846629619598389 0.71524238586425781 -0.98250007629394531 -0.33631381392478943 0.87563949823379517 -0.97911924123764038 -0.099332258105278015 0.68000316619873047 -0.91115027666091919 0.13588805496692657 0.53694677352905273
3063.3902000039816 -0.76134353876113892 -1.3536508083343506 0.27493411302566528 -1.0690131187438965 -0.61145800352096558 -0.022862497717142105 -0.9118688702583313 -0.60716736316680908 0.28685843944549561 -1.1386243104934692 -0.27530330419540405 0.028257975354790688 -1.0144834518432617 -0.31033837795257568 0.23596292734146118 -0.99714446067810059 -0.062036093324422836 0.17464670538902283 -0.91094619035720825 0.18491311371326447 0.080915264785289764
3063.3902000039816 -0.61023670434951782 -1.6280791759490967 -0.93631720542907715 -0.94908732175827026 -0.61481183767318726 -1.1711161136627197 -0.69896459579467773 -0.58759123086929321 -0.76220101118087769 -0.98419785499572754 -0.26064601540565491 -1.0821372270584106 -0.84523135423660278 -0.30612054467201233 -0.83557707071304321 -0.92633706331253052 0.03649916872382164 -0.63438904285430908 -0.91944724321365356 0.34369799494743347 -0.85235553979873657
3126.8912000060081 -0.2023201584815979 -0.9601324200630188 -0.32700654864311218 -0.51198798418045044 -0.38507261872291565 -0.46855658292770386 -0.38020038604736328 -0.36763021349906921 -0.26703447103500366 -0.54562526941299438 -0.18920828402042389 -0.39079621434211731 -0.45442566275596619 -0.20449469983577728 -0.2069171667098999 -0.48885244131088257 -0.0209041777998209 -0.16311100125312805 -0.47680932283401489 0.12952160835266113 -0.36021888256072998
3126.8912000060081 -0.19003655016422272 -1.0561192035675049 -0.44584870338439941 -0.53160315752029419 -0.40180790424346924 -0.77874672412872314 -0.44960364699363708 -0.39141863584518433 -0.57601010799407959 -0.57857400178909302 -0.20123499631881714 -0.61342966556549072 -0.51865476369857788 -0.22342844307422638 -0.33779329061508179 -0.53112846612930298 -0.039803717285394669 -0.27693918347358704 -0.53996789455413818 0.12622854113578796 -0.5100669264793396
3240.7233999967575 -0.30440184473991394 -0.61295402050018311 0.3229738175868988 -0.48246732354164124 -0.47026488184928894 0.31583619117736816 -0.35335430502891541 -0.41427770256996155 0.53108280897140503 -0.5318945050239563 -0.26503816246986389 -0.01156033668667078 -0.40230974555015564 -0.24344938993453979 0.035475306212902069 -0.42749735713005066 -0.05747893825173378 -0.023490337654948235 -0.38952222466468811 0.1439053863286972 -0.10546459257602692
3309.8746000006795 -0.5093458890914917 -0.67412459850311279 0.56173515319824219 -0.68725579977035522 -0.49515336751937866 0.88867300748825073 -0.57977128028869629 -0.48349204659461975 1.0869452953338623 -0.69528657197952271 -0.34574764966964722 0.74145370721817017 -0.59276765584945679 -0.35086271166801453 0.83332997560501099 -0.56978368759155273 -0.20098549127578735 0.67485916614532471 -0.52345985174179077 -0.053927462548017502 0.62921112775802612
3423.585199996829 -0.72724628448486328 -1.2231227159500122 0.04076727107167244 -1.2274954319000244 -0.73685193061828613 -0.15008755028247833 -1.1120082139968872 -0.69028365612030029 0.40454435348510742 -1.2769728899002075 -0.39751926064491272 -0.24329456686973572 -1.1209349632263184 -0.3865571916103363 0.2263190895318985 -1.0944993495941162 -0.12168954312801361 0.10794736444950104 -0.91697221994400024 0.15850724279880524 -0.27030405402183533
3423.585199996829 -0.57967561483383179 -0.8800995945930481 -0.098641499876976013 -0.84749466180801392 -0.59730392694473267 -0.19969195127487183 -0.75509494543075562 -0.55934733152389526 0.12127901613712311 -0.92638665437698364 -0.39527285099029541 -0.20596025884151459 -0.80803370475769043 -0.36559075117111206 0.0027253201697021723 -0.80050605535507202 -0.1631506085395813 -0.020052926614880562 -0.74978578090667725 0.024282865226268768 -0.0052625667303800583
3501.3484000042081 -0.46159008145332336 -1.0585293769836426 -0.91366446018218994 -0.7105334997177124 -0.60420316457748413 -0.79461634159088135 -0.5767514705657959 -0.55360513925552368 -0.62439525127410889 -0.78591692447662354 -0.38285309076309204 -0.5775032639503479 -0.64070236682891846 -0.34713771939277649 -0.50867658853530884 -0.66082960367202759 -0.17281579971313477 -0.46732696890830994 -0.62940692901611328 0.0074354084208607674 -0.47643697261810303
3501.3484000042081 -0.18095636367797852 -0.87626254558563232 -0.49986129999160767 -0.51066792011260986 -0.3884313702583313 -0.6474117636680603 -0.40599864721298218 -0.34868869185447693 -0.54281234741210938 -0.54094099998474121 -0.18988119065761566 -0.47982782125473022 -0.430845707654953 -0.1795722097158432 -0.34978744387626648 -0.41910034418106079 -0.015000640414655209 -0.30074155330657959 -0.38936939835548401 0.1068393662571907 -0.43865978717803955
3571.0680000036955 -0.17763164639472961 -0.90798819065093994 -0.33923128247261047 -0.50981897115707397 -0.3392137885093689 -0.71463555097579956 -0.44779390096664429 -0.31691601872444153 -0.61174947023391724 -0.54344075918197632 -0.15333756804466248 -0.47441378235816956 -0.4586479663848877 -0.16195946931838989 -0.29656350612640381 -0.46509325504302979 0.0018663124646991491 -0.17423251271247864 -0.48121717572212219 0.14923590421676636 -0.16725847125053406
3571.0680000036955 -0.18048094213008881 -1.5008665323257446 -0.61949217319488525 -0.72831720113754272 -0.63289952278137207 -1.4295730590820313 -0.67486852407455444 -0.62222748994827271 -1.3109825849533081 -0.7719002366065979 -0.3153587281703949 -1.0409491062164307 -0.6481478214263916 -0.34499669075012207 -0.7938275933265686 -0.62480854988098145 -0.052471958100795746 -0.58543252944946289 -0.64778488874435425 0.20224618911743164 -0.45963257551193237
3629.8750000074506 -0.21733871102333069 -1.3739632368087769 -1.0737491846084595 -0.73868530988693237 -0.6049312949180603 -2.0774827003479004 -0.73776346445083618 -0.61105382442474365 -1.9985320568084717 -0.77716469764709473 -0.29747682809829712 -1.730806827545166 -0.70705181360244751 -0.34994113445281982 -1.5432182550430298 -0.65096914768218994 -0.074851915240287781 -1.1853169202804565 -0.62576973438262939 0.16991661489009857 -1.0489548444747925
3629.8750000074506 -0.18129919469356537 -1.0017173290252686 -0.73754560947418213 -0.50657153129577637 -0.3700006902217865 -1.4098771810531616 -0.42698884010314941 -0.33490714430809021 -1.3315176963806152 -0.54540061950683594 -0.13433323800563812 -1.145850658416748 -0.43743562698364258 -0.14410050213336945 -1.063696026802063 -0.41764426231384277 0.053785275667905807 -0.74154716730117798 -0.3902435302734375 0.24133484065532684 -0.56430977582931519
3691.2415999993682 -0.11473600566387177 -1.2291319370269775 -0.92314553260803223 -0.52185773849487305 -0.43845424056053162 -1.7646582126617432 -0.42224940657615662 -0.39452999830245972 -1.6665807962417603 -0.5704575777053833 -0.14348496496677399 -1.4341937303543091 -0.43532496690750122 -0.15570999681949615 -1.3313663005828857 -0.41055339574813843 0.091970480978488922 -0.92815399169921875 -0.37625774741172791 0.32671383023262024 -0.7063177227973938
3691.2415999993682 0.07018405944108963 -1.2544196844100952 -0.91382777690887451 -0.52999246120452881 -0.43753442168235779 -1.5791921615600586 -0.46047276258468628 -0.4154733419418335 -1.4831551313400269 -0.59926784038543701 -0.16682682931423187 -1.3872784376144409 -0.47257018089294434 -0.19175173342227936 -1.1691132783889771 -0.42663496732711792 0.070674516260623932 -1.0188804864883423 -0.38899055123329163 0.3164619505405426 -1.0691580772399902
3864.6049000024796 -0.2353537529706955 -0.55232977867126465 0.16895507276058197 -0.46179458498954773 -0.40704655647277832 -0.058590758591890335 -0.4874020516872406 -0.38773781061172485 0.20649491250514984 -0.5468909740447998 -0.24093228578567505 -0.040584929287433624 -0.54763323068618774 -0.24377390742301941 0.33256593346595764 -0.55605894327163696 -0.060831587761640549 0.092900902032852173 -0.49290779232978821 0.13284750282764435 -0.13078032433986664
3955.0627000033855 -0.65801304578781128 -0.99416553974151611 1.0830388069152832 -0.79989063739776611 -0.6167294979095459 1.4061089754104614 -0.70061999559402466 -0.56125140190124512 1.6923325061798096 -0.85023480653762817 -0.38424703478813171 1.2795366048812866 -0.72558492422103882 -0.34103003144264221 1.3856329917907715 -0.71165788173675537 -0.098464444279670715 1.0967781543731689 -0.67742764949798584 0.11986766010522842 0.92424941062927246
3955.0627000033855 -0.67147386074066162 -1.5891832113265991 0.094814583659172058 -1.03714919090271 -0.75081509351730347 0.26827314496040344 -0.80875426530838013 -0.72348684072494507 0.655464768409729 -1.1472928524017334 -0.40323507785797119 0.23877985775470734 -0.97194111347198486 -0.42197710275650024 0.47314023971557617 -1.0309929847717285 -0.049011688679456711 0.37262225151062012 -0.95644158124923706 0.25467324256896973 0.3151378333568573
4046.6053999960423 -0.48391479253768921 -1.3409814834594727 -0.65459632873535156 -0.88231676816940308 -0.57770222425460815 -0.85892075300216675 -0.68401998281478882 -0.56110537052154541 -0.6192781925201416 -0.95004361867904663 -0.25936847925186157 -0.57949084043502808 -0.77991396188735962 -0.28580671548843384 -0.39905461668968201 -0.8087003231048584 -0.016877571120858192 -0.22462564706802368 -0.77570980787277222 0.22681306302547455 -0.26478621363639832
4046.6053999960423 -0.22044424712657928 -1.2544717788696289 -0.38114377856254578 -0.60395878553390503 -0.64993226528167725 -1.1689109802246094 -0.5242035984992981 -0.6036641001701355 -1.1292327642440796 -0.66056591272354126 -0.33086222410202026 -1.0195907354354858 -0.53074383735656738 -0.34027636051177979 -0.97760194540023804 -0.46919533610343933 -0.086108885705471039 -0.77809059619903564 -0.4146781861782074 0.1086687296628952 -0.4968319833278656
4513.3510999977589 -1.2910140752792358 -0.69657164812088013 1.38379967212677 -1.6430271863937378 -0.36946150660514832 1.6435574293136597 -1.5055336952209473 -0.32975468039512634 2.0555768013000488 -1.6993944644927979 -0.10624899715185165 1.3988360166549683 -1.5707939863204956 -0.10914462804794312 1.6444841623306274 -1.5359357595443726 0.13832181692123413 1.3170195817947388 -1.442129373550415 0.37914857268333435 1.0149668455123901
4605.5490000024438 -0.96267610788345337 -1.0821338891983032 1.203180193901062 -1.1681222915649414 -0.70496034622192383 1.3150309324264526 -0.98948627710342407 -0.65441685914993286 1.4892069101333618 -1.2294607162475586 -0.4422554075717926 1.0850175619125366 -1.0380845069885254 -0.39620837569236755 1.0880551338195801 -1.0301330089569092 -0.1517358124256134 0.94289439916610718 -0.96266734600067139 0.071346461772918701 0.72604465484619141
4605.5490000024438 -0.88909697532653809 -1.2823046445846558 0.20026308298110962 -1.1403889656066895 -0.6397666335105896 0.089215807616710663 -0.98857009410858154 -0.62078160047531128 0.30810067057609558 -1.2353082895278931 -0.34077918529510498 0.10425208508968353 -1.0785317420959473 -0.34311598539352417 0.27414581179618835 -1.0997819900512695 -0.062043897807598114 0.12824411690235138 -1.0518863201141357 0.18868246674537659 0.010282190516591072
4679.9673999994993 -0.57906389236450195 -1.2314306497573853 -0.66338127851486206 -0.88539403676986694 -0.6169816255569458 -0.94682377576828003 -0.69362574815750122 -0.61667418479919434 -0.71852749586105347 -0.9073600172996521 -0.31058210134506226 -0.75334537029266357 -0.76081728935241699 -0.33555221557617188 -0.5596468448638916 -0.81439709663391113 -0.045748613774776459 -0.38344693183898926 -0.84207558631896973 0.19112211465835571 -0.54330629110336304
4679.9673999994993 -0.41086471080780029 -1.0387533903121948 -0.058112397789955139 -0.67295157909393311 -0.50157076120376587 -0.30529594421386719 -0.56477367877960205 -0.47327679395675659 -0.13181512057781219 -0.72564512491226196 -0.30609244108200073 -0.24821929633617401 -0.60778701305389404 -0.3003937304019928 -0.032938972115516663 -0.6331486701965332 -0.10643096268177032 0.0029007955454289913 -0.61917531490325928 0.068395346403121948 -0.1450221836566925
4738.4496000036597 -0.65957188606262207 -1.3495750427246094 0.42244979739189148 -0.89591699838638306 -0.74311274290084839 0.35730347037315369 -0.7271122932434082 -0.70705443620681763 0.58294451236724854 -0.97450679540634155 -0.47312191128730774 0.36063477396965027 -0.81932210922241211 -0.4612850546836853 0.48561185598373413 -0.85946381092071533 -0.19711592793464661 0.44074892997741699 -0.83220928907394409 0.043223943561315536 0.34837421774864197
4738.4496000036597 -0.72813171148300171 -1.4804061651229858 0.58445584774017334 -1.0923072099685669 -0.80701828002929688 0.43859213590621948 -0.97538691759109497 -0.78591883182525635 0.71506905555725098 -1.2283233404159546 -0.48075595498085022 0.50666946172714233 -1.1124366521835327 -0.48387667536735535 0.77661561965942383 -1.1169248819351196 -0.16398909687995911 0.76618605852127075 -1.0297336578369141 0.11365623772144318 0.68924516439437866
4794.6900999993086 -0.91639548540115356 -1.6373070478439331 0.65259188413619995 -1.3230187892913818 -0.88543003797531128 0.48972651362419128 -1.1924703121185303 -0.86187118291854858 0.79842925071716309 -1.474888801574707 -0.52113902568817139 0.56573885679244995 -1.3454943895339966 -0.52462351322174072 0.86714953184127808 -1.3505059480667114 -0.16745026409626007 0.85550433397293091 -1.2531517744064331 0.14255701005458832 0.76959532499313354
4794.6900999993086 -0.90159374475479126 -1.8178128004074097 0.5626564621925354 -1.2567793130874634 -0.90933561325073242 0.42778259515762329 -1.2085007429122925 -0.91632002592086792 0.81686705350875854 -1.4554654359817505 -0.52859258651733398 0.58551961183547974 -1.4237844944000244 -0.5665442943572998 0.96904909610748291 -1.4242823123931885 -0.21847979724407196 0.78403908014297485 -1.3513400554656982 0.11540555208921432 0.76509958505630493
4903.367499999702 -1.1152719259262085 -1.4488366842269897 0.57845813035964966 -1.4182095527648926 -0.7832033634185791 0.68433642387390137 -1.2328373193740845 -0.72978127002716064 0.92153984308242798 -1.5407952070236206 -0.40046092867851257 0.51600176095962524 -1.3911914825439453 -0.35632461309432983 0.41653573513031006 -1.4059412479400635 -0.026497285813093185 0.24614822864532471 -1.2614750862121582 0.2743251621723175 0.01798708550632
4989.1433000043035 -0.50497746467590332 -1.1886706352233887 -0.43846365809440613 -0.77749776840209961 -0.72212415933609009 -0.68290609121322632 -0.63849055767059326 -0.71114188432693481 -0.4423409104347229 -0.88580316305160522 -0.39927753806114197 -0.56727045774459839 -0.7299838662147522 -0.39256873726844788 -0.36892044544219971 -0.75218337774276733 -0.17179082334041595 -0.39099240303039551 -0.70256716012954712 0.0055029098875820637 -0.57015997171401978
