30.766000002622604 -0.70577371120452881 -1.3350458145141602 -0.72960013151168823 0.2366262674331665 -2.0509753227233887 -0.21266256272792816 0.32433789968490601 -2.2869551181793213 -0.22777214646339417 0.81497222185134888 -1.9083317518234253 -0.24226342141628265 0.92323052883148193 -2.1578660011291504 -0.23254960775375366 0.67651915550231934 -0.64921194314956665 -0.87449020147323608 0.56696218252182007 -0.41512840986251831 -0.92424750328063965
33.726899996399879 -0.5332176685333252 -1.3286293745040894 -0.84659898281097412 0.37537643313407898 -1.9485088586807251 -0.43497109413146973 0.47288116812705994 -2.1648879051208496 -0.47284615039825439 0.91100072860717773 -1.7831771373748779 -0.43590420484542847 1.0221339464187622 -2.0067324638366699 -0.49558231234550476 0.64826816320419312 -0.5879979133605957 -0.8546292781829834 0.73441416025161743 -0.41588547825813293 -0.84512335062026978
94.892699994146824 -0.56058359146118164 -1.2792435884475708 -0.82870054244995117 0.33002671599388123 -1.8868449926376343 -0.39384418725967407 0.41612038016319275 -2.0934453010559082 -0.43756821751594543 0.83572095632553101 -1.6928706169128418 -0.36534535884857178 0.93068236112594604 -1.8906307220458984 -0.44368124008178711 0.53614825010299683 -0.59812241792678833 -0.7694929838180542 0.67161256074905396 -0.40585193037986755 -0.75721871852874756
94.892699994146824 -0.59551912546157837 -1.3791282176971436 -0.4211161732673645 0.34330201148986816 -1.9713059663772583 -0.1970733255147934 0.4163157045841217 -2.1750376224517822 -0.19901515543460846 0.87725293636322021 -1.7845975160598755 -0.22098934650421143 0.96394902467727661 -1.9819221496582031 -0.24391764402389526 0.54579132795333862 -0.74238389730453491 -0.37918245792388916 0.69165319204330444 -0.50370281934738159 -0.41352558135986328
155.63189999759197 -0.60278791189193726 -1.3875458240509033 -0.6629558801651001 0.35618087649345398 -1.9331897497177124 -0.3233281672000885 0.43927153944969177 -2.1463372707366943 -0.36267536878585815 0.87149924039840698 -1.7663974761962891 -0.37135151028633118 0.97655737400054932 -1.9790897369384766 -0.44277581572532654 0.66131502389907837 -0.76468640565872192 -0.77161169052124023 0.69748246669769287 -0.48762580752372742 -0.77618002891540527
155.63189999759197 -0.6238478422164917 -1.3998801708221436 -0.6674492359161377 0.34161588549613953 -1.9492197036743164 -0.32552126049995422 0.42526930570602417 -2.1638109683990479 -0.36513495445251465 0.86042433977127075 -1.7812978029251099 -0.37386986613273621 0.9661940336227417 -1.9954303503036499 -0.44577792286872864 0.64881658554077148 -0.77280223369598389 -0.7768409252166748 0.68522906303405762 -0.49386516213417053 -0.78144025802612305
211.570999994874 -0.66583436727523804 -1.3901009559631348 -0.78611326217651367 0.28283578157424927 -1.9448459148406982 -0.40701821446418762 0.36280238628387451 -2.1577095985412598 -0.44942000508308411 0.80799400806427002 -1.7854785919189453 -0.4693431556224823 0.90572112798690796 -2.0054662227630615 -0.52757221460342407 0.57500112056732178 -0.62478429079055786 -0.86292093992233276 0.65279227495193481 -0.46187078952789307 -0.8850134015083313
211.570999994874 -0.64798974990844727 -1.2717717885971069 -0.49796003103256226 0.15342511236667633 -1.7962076663970947 -0.18955110013484955 0.2162461131811142 -1.9898897409439087 -0.21156381070613861 0.7841382622718811 -1.6144834756851196 -0.24511753022670746 0.91315436363220215 -1.8045743703842163 -0.26810598373413086 0.54758477210998535 -0.66721647977828979 -0.60085660219192505 0.49615103006362915 -0.39567095041275024 -0.62768983840942383
266.7694999948144 -0.69427108764648438 -1.3363316059112549 -0.74024903774261475 0.20355898141860962 -1.9411607980728149 -0.18376711010932922 0.28942924737930298 -2.1657485961914063 -0.18854674696922302 0.79376482963562012 -1.7760463953018188 -0.15580503642559052 0.92647308111190796 -2.0049562454223633 -0.15518148243427277 0.62111073732376099 -0.67418980598449707 -0.65051090717315674 0.60606080293655396 -0.47425481677055359 -0.69164460897445679
266.7694999948144 -0.60823279619216919 -1.293460488319397 -0.73186761140823364 0.27942955493927002 -1.8914402723312378 -0.18168768286705017 0.36432734131813049 -2.1134846210479736 -0.18641321361064911 0.86295151710510254 -1.7281955480575562 -0.15404227375984192 0.99415677785873413 -1.9545131921768188 -0.15342578291893005 0.69225263595581055 -0.63881725072860718 -0.64314574003219604 0.67737317085266113 -0.44114649295806885 -0.68381363153457642
326.00640000402927 -0.67239600419998169 -1.3021467924118042 -0.82211506366729736 0.20038844645023346 -1.9880350828170776 -0.29457318782806396 0.27676132321357727 -2.2165071964263916 -0.3090173602104187 0.86792689561843872 -1.7721630334854126 -0.27834522724151611 1.0163503885269165 -1.9827147722244263 -0.31621935963630676 0.62836062908172607 -0.71012884378433228 -0.80508893728256226 0.57385355234146118 -0.43244028091430664 -0.78300750255584717
326.00640000402927 -0.7149471640586853 -1.3787678480148315 -0.86681604385375977 0.20528990030288696 -2.101947546005249 -0.31059208512306213 0.28581511974334717 -2.3428413867950439 -0.32582157850265503 0.90912193059921265 -1.8743385076522827 -0.29348182678222656 1.0656150579452515 -2.0963377952575684 -0.33341515064239502 0.65653061866760254 -0.75456249713897705 -0.84886419773101807 0.59905999898910522 -0.46177613735198975 -0.82558226585388184
382.43379999697208 -0.71221953630447388 -1.3735077381134033 -0.86350899934768677 0.20450669527053833 -2.0939280986785889 -0.30940714478492737 0.28472471237182617 -2.3339030742645264 -0.32457852363586426 0.90565347671508789 -1.8671876192092896 -0.29236215353012085 1.0615496635437012 -2.0883400440216064 -0.33214312791824341 0.6540258526802063 -0.75168371200561523 -0.84562563896179199 0.59677451848983765 -0.46001437306404114 -0.82243251800537109
382.43379999697208 -0.9511370062828064 -1.5339224338531494 -0.80234026908874512 -0.021287856623530388 -2.1147060394287109 -0.39372199773788452 -0.00034402270102873445 -2.3855304718017578 -0.39832541346549988 0.68793243169784546 -1.9714565277099609 -0.38112065196037292 0.77923882007598877 -2.2510433197021484 -0.44503521919250488 0.45399817824363708 -0.68455171585083008 -0.73506027460098267 0.58068454265594482 -0.58906131982803345 -0.74273937940597534
455.41950000077486 -0.79827868938446045 -1.1708134412765503 -0.85367411375045776 0.069499678909778595 -1.8047326803207397 -0.44745230674743652 0.13024896383285522 -2.0348122119903564 -0.47111716866493225 0.68935823440551758 -1.6498513221740723 -0.44073554873466492 0.80893796682357788 -1.8838874101638794 -0.45815861225128174 0.54134786128997803 -0.51782786846160889 -0.84367328882217407 0.46712872385978699 -0.34465605020523071 -0.79215556383132935
455.41950000077486 -0.89286047220230103 -1.2466984987258911 -0.90346366167068481 0.0042608883231878281 -1.929919958114624 -0.45495176315307617 0.048183973878622055 -2.1814937591552734 -0.45579302310943604 0.72272825241088867 -1.755141019821167 -0.37093567848205566 0.85186344385147095 -2.0130977630615234 -0.37405276298522949 0.52021104097366333 -0.52044910192489624 -0.82341575622558594 0.51578152179718018 -0.45833009481430054 -0.76599031686782837
512.83860000222921 -0.86796033382415771 -1.3240140676498413 -0.93653208017349243 0.062003996223211288 -2.03224778175354 -0.47160047292709351 0.10753507912158966 -2.2930316925048828 -0.47247251868247986 0.80677396059036255 -1.8510704040527344 -0.3845086395740509 0.94063669443130493 -2.1184706687927246 -0.38773983716964722 0.59684264659881592 -0.57117724418640137 -0.8535536527633667 0.59225106239318848 -0.50678408145904541 -0.7940259575843811
512.83860000222921 -0.87817162275314331 -1.3180369138717651 -0.86861974000930786 0.0079901441931724548 -2.0346500873565674 -0.22561195492744446 0.075544930994510651 -2.2810955047607422 -0.22207446396350861 0.67736971378326416 -1.8997721672058105 -0.16008864343166351 0.78811919689178467 -2.1528987884521484 -0.13695178925991058 0.57463502883911133 -0.61414825916290283 -0.66348117589950562 0.55191820859909058 -0.55523252487182617 -0.70061248540878296
582.62000000476837 -0.95871663093566895 -1.2512170076370239 -0.83704334497451782 -0.02250899001955986 -1.8989750146865845 -0.58664047718048096 -0.00041713390965014696 -2.1480185985565186 -0.62877863645553589 0.61126720905303955 -1.7349183559417725 -0.56072455644607544 0.71592861413955688 -1.9898681640625 -0.63693070411682129 0.34234395623207092 -0.60443669557571411 -0.87544119358062744 0.40000852942466736 -0.50189852714538574 -0.84725373983383179
582.62000000476837 -1.0252212285995483 -1.2629644870758057 -0.83657455444335938 -0.21007081866264343 -1.940230131149292 -0.41547670960426331 -0.17826412618160248 -2.2035160064697266 -0.44405737519264221 0.53406882286071777 -1.7775394916534424 -0.39346253871917725 0.65018421411514282 -2.0357131958007813 -0.42439404129981995 0.35709425806999207 -0.58281964063644409 -0.88060104846954346 0.35095307230949402 -0.47643586993217468 -0.85145872831344604
654.05560000240803 -0.9793972373008728 -1.324617862701416 -0.84469836950302124 -0.037887539714574814 -2.0165233612060547 -0.48182478547096252 0.0018975981511175632 -2.2738196849822998 -0.50588119029998779 0.64276421070098877 -1.8746283054351807 -0.46604293584823608 0.75678670406341553 -2.1300187110900879 -0.50608056783676147 0.42800554633140564 -0.64660197496414185 -0.90720576047897339 0.44531109929084778 -0.54219084978103638 -0.93338882923126221
654.05560000240803 -0.83428835868835449 -1.2662855386734009 -0.74327301979064941 0.02723933570086956 -1.8900860548019409 -0.42880946397781372 0.090524815022945404 -2.131058931350708 -0.45468851923942566 0.59242641925811768 -1.8093496561050415 -0.42356470227241516 0.6904681921005249 -2.0857400894165039 -0.42680534720420837 0.47448506951332092 -0.53876930475234985 -0.90063959360122681 0.44563326239585876 -0.52081108093261719 -0.88310331106185913
708.49620000272989 -0.92760974168777466 -1.3497304916381836 -0.77891272306442261 -0.11102165281772614 -2.0148317813873291 -0.49481603503227234 -0.067861028015613556 -2.2853386402130127 -0.5390891432762146 0.60694694519042969 -1.9206671714782715 -0.493814617395401 0.73795408010482788 -2.2035620212554932 -0.54116004705429077 0.44925600290298462 -0.6709858775138855 -0.89626669883728027 0.40963184833526611 -0.49274119734764099 -0.85058093070983887
708.49620000272989 -0.89743924140930176 -1.2612794637680054 -0.78408980369567871 -0.16854947805404663 -1.9340543746948242 -0.45342105627059937 -0.15632374584674835 -2.2130024433135986 -0.47916290163993835 0.62946522235870361 -1.8351930379867554 -0.40672597289085388 0.75490063428878784 -2.11600661277771 -0.42937111854553223 0.50283080339431763 -0.58962875604629517 -0.87368810176849365 0.48705634474754333 -0.53556954860687256 -0.82828444242477417
767.93940000236034 -0.83719652891159058 -1.2862377166748047 -0.79304248094558716 -0.099984250962734222 -1.9666943550109863 -0.45859804749488831 -0.087618909776210785 -2.2488276958465576 -0.48463383316993713 0.70714235305786133 -1.8667043447494507 -0.41136980056762695 0.83400994539260864 -2.1507241725921631 -0.43427348136901855 0.57906192541122437 -0.60691797733306885 -0.88366377353668213 0.56310737133026123 -0.55224150419235229 -0.83774173259735107
767.93940000236034 -0.83140790462493896 -1.2773442268371582 -0.7875591516494751 -0.099292926490306854 -1.9530960321426392 -0.4554271399974823 -0.087013088166713715 -2.2332785129547119 -0.48128288984298706 0.70225292444229126 -1.853797435760498 -0.40852543711662292 0.82824331521987915 -2.1358532905578613 -0.4312707781791687 0.57505810260772705 -0.60272157192230225 -0.87755388021469116 0.55921387672424316 -0.54842311143875122 -0.83194935321807861
839.55189999938011 -1.0091171264648438 -1.2136135101318359 -0.94089174270629883 -0.27909055352210999 -2.017533540725708 -0.68384832143783569 -0.29410362243652344 -2.3145134449005127 -0.72902560234069824 0.46753415465354919 -1.9365099668502808 -0.62235891819000244 0.56583642959594727 -2.2227499485015869 -0.7134585976600647 0.31739962100982666 -0.69651859998703003 -0.92546975612640381 0.39922291040420532 -0.59731531143188477 -0.88544201850891113
839.55189999938011 -1.1031380891799927 -1.2033486366271973 -0.8393326997756958 -0.36145481467247009 -1.973222017288208 -0.54768753051757813 -0.36736658215522766 -2.2471897602081299 -0.57362163066864014 0.40054592490196228 -1.8711596727371216 -0.46873694658279419 0.51843661069869995 -2.145294189453125 -0.52195614576339722 0.29105019569396973 -0.67719119787216187 -0.85161894559860229 0.21677350997924805 -0.47577148675918579 -0.79317474365234375
898.24880000203848 -1.0026875734329224 -1.261798620223999 -0.67292284965515137 -0.16106447577476501 -1.9322410821914673 -0.44797202944755554 -0.14269828796386719 -2.1869285106658936 -0.45843005180358887 0.52519863843917847 -1.8513559103012085 -0.38732209801673889 0.62592148780822754 -2.118377685546875 -0.42828160524368286 0.36265867948532104 -0.57736778259277344 -0.71629190444946289 0.49112343788146973 -0.7163042426109314 -0.7159726619720459
898.24880000203848 -1.0482710599899292 -1.2042082548141479 -0.66783875226974487 -0.2481505274772644 -1.9354449510574341 -0.57760941982269287 -0.25409099459648132 -2.2188615798950195 -0.60486221313476563 0.45244848728179932 -1.8911595344543457 -0.56223297119140625 0.54953736066818237 -2.1621396541595459 -0.62769448757171631 0.34436243772506714 -0.62529540061950684 -0.82749497890472412 0.39380896091461182 -0.59636825323104858 -0.78492212295532227
968.58370000123978 -0.99379068613052368 -1.2494678497314453 -0.64215821027755737 -0.1642211526632309 -1.9037518501281738 -0.50332468748092651 -0.11036020517349243 -2.1244721412658691 -0.54750937223434448 0.45902183651924133 -1.8011282682418823 -0.52066940069198608 0.5759318470954895 -2.070955753326416 -0.56376558542251587 0.25497198104858398 -0.52125304937362671 -0.78073328733444214 0.36903092265129089 -0.66573506593704224 -0.78043800592422485
968.58370000123978 -1.032755970954895 -1.2316030263900757 -0.55028873682022095 -0.10272619128227234 -1.9894319772720337 -0.35034886002540588 -0.061388399451971054 -2.2357356548309326 -0.36016440391540527 0.52314871549606323 -1.9073996543884277 -0.36171668767929077 0.651755690574646 -2.2009398937225342 -0.36936122179031372 0.45640140771865845 -0.68440687656402588 -0.7610166072845459 0.30022633075714111 -0.43071389198303223 -0.69552576541900635
1027.8592000007629 -1.286316990852356 -1.3299269676208496 -0.61723810434341431 -0.27074119448661804 -2.1692397594451904 -0.3638252317905426 -0.25802034139633179 -2.4600796699523926 -0.37081694602966309 0.41637027263641357 -2.1044447422027588 -0.3364279568195343 0.52399051189422607 -2.4434022903442383 -0.33655288815498352 0.36920610070228577 -0.68039244413375854 -0.80993247032165527 0.24814657866954803 -0.61794203519821167 -0.82239365577697754
1027.8592000007629 -1.1908425092697144 -1.1837118864059448 -0.59534335136413574 -0.20114989578723907 -2.0681962966918945 -0.45689171552658081 -0.19151096045970917 -2.3479998111724854 -0.47429555654525757 0.47056925296783447 -2.0064661502838135 -0.42480260133743286 0.56493103504180908 -2.3167850971221924 -0.46135884523391724 0.33622238039970398 -0.54945069551467896 -0.77735763788223267 0.34211701154708862 -0.62355643510818481 -0.77448254823684692
1099.6924000009894 -1.2001090049743652 -1.2552312612533569 -0.40026134252548218 -0.29877284169197083 -2.0769345760345459 -0.38130256533622742 -0.27344191074371338 -2.3402242660522461 -0.40179213881492615 0.41497987508773804 -2.013965368270874 -0.45588588714599609 0.54818010330200195 -2.3094193935394287 -0.47870317101478577 0.29051882028579712 -0.76758474111557007 -0.66444915533065796 0.24222767353057861 -0.54256874322891235 -0.60994666814804077
1099.6924000009894 -1.3523904085159302 -1.2386839389801025 -0.32504808902740479 -0.31375434994697571 -2.2139554023742676 -0.1328432708978653 -0.29854568839073181 -2.5013070106506348 -0.1013505607843399 0.37636294960975647 -2.1780648231506348 -0.10414054244756699 0.48515915870666504 -2.4943394660949707 -0.041017327457666397 0.32899674773216248 -0.77216428518295288 -0.33900037407875061 0.1728072315454483 -0.78590738773345947 -0.38811343908309937
1160.2212999984622 -1.2098813056945801 -1.2720155715942383 -0.317167729139328 -0.19643151760101318 -2.223637580871582 -0.12962374091148376 -0.18159164488315582 -2.504021167755127 -0.098894707858562469 0.47695088386535645 -2.1886169910430908 -0.10161703824996948 0.58310884237289429 -2.4972224235534668 -0.040024518966674805 0.43073329329490662 -0.81680887937545776 -0.33078166842460632 0.27833124995231628 -0.83021873235702515 -0.378703773021698
1162.4754000008106 -1.1019688844680786 -1.1913065910339355 -0.47947496175765991 -0.25182819366455078 -2.0539560317993164 -0.29948338866233826 -0.21854478120803833 -2.3421993255615234 -0.31506058573722839 0.38080599904060364 -2.0815937519073486 -0.33705565333366394 0.51784700155258179 -2.3863527774810791 -0.34517768025398254 0.49943932890892029 -0.6671062707901001 -0.7081761360168457 0.27847623825073242 -0.48342493176460266 -0.68533468246459961
1220.4987000003457 -1.1941932439804077 -1.1007575988769531 -0.46218496561050415 -0.40705189108848572 -1.9942793846130371 -0.34497511386871338 -0.41360250115394592 -2.2719783782958984 -0.38473451137542725 0.26002189517021179 -2.0355160236358643 -0.36327081918716431 0.35934120416641235 -2.3302209377288818 -0.40735515952110291 0.28067433834075928 -0.68132656812667847 -0.62327992916107178 0.34061360359191895 -0.82715964317321777 -0.64264291524887085
1220.4987000003457 -1.1809216737747192 -1.0763760805130005 -0.57599431276321411 -0.31800109148025513 -1.9738723039627075 -0.69326627254486084 -0.32891547679901123 -2.2707564830780029 -0.77225792407989502 0.35328099131584167 -2.0084929466247559 -0.73464322090148926 0.46528968214988708 -2.3048410415649414 -0.86816507577896118 0.29687488079071045 -0.6930469274520874 -0.83864319324493408 0.30592560768127441 -0.58097159862518311 -0.74076098203659058
1279.0230000019073 -1.2182512283325195 -1.0919179916381836 -0.58540332317352295 -0.34124144911766052 -2.0040678977966309 -0.70459002256393433 -0.35233402252197266 -2.3057992458343506 -0.78487133979797363 0.34100085496902466 -2.0392534732818604 -0.74664247035980225 0.4548383355140686 -2.3404405117034912 -0.88234436511993408 0.28367379307746887 -0.70233005285263062 -0.85234051942825317 0.29287230968475342 -0.58842480182647705 -0.75286012887954712
1279.0230000019073 -1.1779634952545166 -1.0859153270721436 -0.39674961566925049 -0.47475045919418335 -2.0028364658355713 -0.53083270788192749 -0.50363880395889282 -2.3193027973175049 -0.60138982534408569 0.2926439642906189 -2.0942459106445313 -0.60045832395553589 0.40731906890869141 -2.3993308544158936 -0.71676868200302124 0.25307083129882813 -0.75079196691513062 -0.77095651626586914 0.31887596845626831 -0.6157645583152771 -0.72375679016113281
1337.1743000000715 -1.1853169202804565 -1.089434027671814 -0.21526087820529938 -0.39036554098129272 -1.9677690267562866 -0.37576338648796082 -0.40001598000526428 -2.2718319892883301 -0.43803736567497253 0.33615890145301819 -2.0733480453491211 -0.50594311952590942 0.4766787588596344 -2.3888654708862305 -0.62559270858764648 0.22936172783374786 -0.69407272338867188 -0.66479790210723877 0.31108379364013672 -0.60318243503570557 -0.69023072719573975
1337.1743000000715 -1.1236364841461182 -1.161828875541687 -0.2190118134021759 -0.31483301520347595 -2.0554687976837158 -0.38231110572814941 -0.32465159893035889 -2.3648300170898438 -0.44567018747329712 0.42435115575790405 -2.1628875732421875 -0.51475918292999268 0.56731957197189331 -2.4839029312133789 -0.63649368286132813 0.31569302082061768 -0.75957828760147095 -0.67638200521469116 0.39883911609649658 -0.66710418462753296 -0.70225799083709717
1394.4317000061274 -1.0222570896148682 -1.0468121767044067 -0.30792558193206787 -0.31427764892578125 -1.9967583417892456 -0.30583682656288147 -0.30840933322906494 -2.3057005405426025 -0.35102856159210205 0.4169575572013855 -2.0580506324768066 -0.36569476127624512 0.55610162019729614 -2.3610310554504395 -0.44714599847793579 0.30254295468330383 -0.76370078325271606 -0.66268879175186157 0.33941438794136047 -0.61195248365402222 -0.68308120965957642
1394.4317000061274 -1.0016273260116577 -1.0073033571243286 -0.41691058874130249 -0.37743470072746277 -2.0070128440856934 -0.69486641883850098 -0.40553349256515503 -2.3419768810272217 -0.78304213285446167 0.40635034441947937 -2.1328527927398682 -0.82247143983840942 0.53908354043960571 -2.4596371650695801 -1.0085608959197998 0.24538744986057281 -0.69760698080062866 -0.84043675661087036 0.37128835916519165 -0.58092749118804932 -0.79224342107772827
1451.8121999949217 -1.0005549192428589 -0.96792829036712646 -0.40159249305725098 -0.39929431676864624 -1.9309095144271851 -0.66933655738830566 -0.42636081576347351 -2.2535672187805176 -0.75427275896072388 0.3556954562664032 -2.052126407623291 -0.79225349426269531 0.48355215787887573 -2.3669052124023438 -0.97150629758834839 0.20064611732959747 -0.66960972547531128 -0.80955880880355835 0.32192161679267883 -0.5572168231010437 -0.76313602924346924
1451.8121999949217 -0.90010631084442139 -0.9686245322227478 -0.49604934453964233 -0.43187433481216431 -1.9324764013290405 -0.75737392902374268 -0.47529736161231995 -2.2716596126556396 -0.87173253297805786 0.33056175708770752 -2.0201880931854248 -0.85735827684402466 0.44634884595870972 -2.3439910411834717 -1.0551674365997314 0.30965089797973633 -0.77449721097946167 -0.96023309230804443 0.35935771465301514 -0.53405404090881348 -0.84260523319244385
1508.7797000035644 -0.86952179670333862 -0.99957501888275146 -0.63451939821243286 -0.45444926619529724 -2.0334486961364746 -0.65350037813186646 -0.47497066855430603 -2.3774709701538086 -0.73360973596572876 0.3841874897480011 -2.1155920028686523 -0.65910047292709351 0.54144775867462158 -2.42604660987854 -0.81427121162414551 0.38462191820144653 -0.69586217403411865 -0.82142114639282227 0.40455576777458191 -0.54781973361968994 -0.74921417236328125
1508.7797000035644 -1.0350207090377808 -1.0567340850830078 -0.46025440096855164 -0.43537136912345886 -2.0258421897888184 -0.50080430507659912 -0.47179234027862549 -2.3287715911865234 -0.54747402667999268 0.36236953735351563 -2.1247007846832275 -0.53427696228027344 0.46866104006767273 -2.4330463409423828 -0.62523990869522095 0.31970292329788208 -0.67400962114334106 -0.62609624862670898 0.37266296148300171 -0.69782310724258423 -0.61526286602020264
1564.9607000052929 -1.0108625888824463 -0.99584996700286865 -0.43680021166801453 -0.44176560640335083 -1.9155813455581665 -0.47528409957885742 -0.47633090615272522 -2.2030763626098633 -0.51957595348358154 0.31533005833625793 -2.0094032287597656 -0.50705122947692871 0.41620597243309021 -2.3020386695861816 -0.59337961673736572 0.27483731508255005 -0.63262546062469482 -0.59419232606887817 0.32509899139404297 -0.65522563457489014 -0.58391088247299194
1564.9607000052929 -0.99854433536529541 -1.0128645896911621 -0.42165112495422363 -0.22357621788978577 -1.9558186531066895 -0.46224412322044373 -0.2339557409286499 -2.2402172088623047 -0.51675564050674438 0.42507979273796082 -1.9959914684295654 -0.43536508083343506 0.56394040584564209 -2.2823939323425293 -0.5063515305519104 0.66163748502731323 -0.96598196029663086 -0.59059625864028931 0.19826830923557281 -0.47180086374282837 -0.37135899066925049
1623.5103999972343 -1.0956434011459351 -1.176271915435791 -0.74704068899154663 -0.22186996042728424 -2.0907704830169678 -0.99843096733093262 -0.22281612455844879 -2.3970983028411865 -1.071815013885498 0.50460267066955566 -2.1168925762176514 -0.99520593881607056 0.6873287558555603 -2.4352238178253174 -1.1595309972763062 0.42523735761642456 -0.64286267757415771 -0.74067538976669312 0.44614225625991821 -0.61369204521179199 -0.56963419914245605
1623.5103999972343 -1.0342018604278564 -1.0419331789016724 -0.68184357881546021 -0.23667804896831512 -1.8766283988952637 -0.9112963080406189 -0.23754166066646576 -2.1562244892120361 -0.97827649116516113 0.4263991117477417 -1.9004707336425781 -0.90835273265838623 0.59317970275878906 -2.1910228729248047 -1.0583380460739136 0.35395961999893188 -0.55507183074951172 -0.67603367567062378 0.37304028868675232 -0.5284467339515686 -0.51991838216781616
1683.1070000007749 -1.0712565183639526 -1.1432808637619019 -0.68890058994293213 -0.14416034519672394 -1.9402933120727539 -1.010913610458374 -0.16502724587917328 -2.2001521587371826 -1.1258825063705444 0.45896473526954651 -1.8976877927780151 -0.96615457534790039 0.5778082013130188 -2.1406614780426025 -1.1008408069610596 0.72815048694610596 -0.9405321478843689 -0.82995879650115967 0.19586072862148285 -0.43798425793647766 -0.5203893780708313
1683.1070000007749 -1.0835907459259033 -1.1588542461395264 -0.50430148839950562 -0.31252691149711609 -1.8937028646469116 -0.85385280847549438 -0.30528596043586731 -2.1773953437805176 -0.9635385274887085 0.1974218487739563 -1.9899791479110718 -0.95537734031677246 0.28600755333900452 -2.2984647750854492 -1.0654087066650391 0.80948758125305176 -1.3259333372116089 -1.1029088497161865 0.27003759145736694 -0.67731916904449463 -0.78298485279083252
1744.7301000058651 -1.1445211172103882 -1.171658992767334 -0.66735726594924927 -0.40811869502067566 -1.8365709781646729 -0.98621535301208496 -0.41319212317466736 -2.1293001174926758 -1.1111884117126465 0.12784957885742188 -1.9030420780181885 -1.0835806131362915 0.20539894700050354 -2.2007293701171875 -1.2073794603347778 0.67099839448928833 -1.1991921663284302 -1.2181254625320435 0.17908148467540741 -0.60614019632339478 -0.89969611167907715
1744.7301000058651 -1.2913913726806641 -1.2696225643157959 -0.70267832279205322 -0.51600956916809082 -1.9697297811508179 -1.0384142398834229 -0.52135157585144043 -2.2779538631439209 -1.1700024604797363 0.048328671604394913 -2.0397195816040039 -1.1409333944320679 0.12998288869857788 -2.3531639575958252 -1.2712851762771606 0.62022757530212402 -1.2986131906509399 -1.282599925994873 0.10227238386869431 -0.67416965961456299 -0.94731539487838745
1849.8770000040531 -0.92293137311935425 -1.2052382230758667 -0.82656097412109375 -0.024565292522311211 -1.9653670787811279 -0.27901467680931091 -0.030106905847787857 -2.230088472366333 -0.25794026255607605 0.63204735517501831 -1.9019149541854858 -0.11491298675537109 0.74921554327011108 -2.1692643165588379 -0.12270345538854599 0.68045282363891602 -0.82294857501983643 -0.72104620933532715 0.39440587162971497 -0.34844577312469482 -0.59281402826309204
1921.1620000004768 -0.9741472601890564 -1.1955972909927368 -1.0409682989120483 0.038520459085702896 -2.16469407081604 -0.92887383699417114 0.062661595642566681 -2.4469764232635498 -1.0152629613876343 0.72067111730575562 -2.0853180885314941 -0.84830456972122192 0.82838606834411621 -2.4217920303344727 -0.95633411407470703 0.58017659187316895 -0.69840633869171143 -1.1598427295684814 0.70160585641860962 -0.6949344277381897 -1.0584698915481567
1921.1620000004768 -1.1385825872421265 -1.1631886959075928 -0.53418272733688354 -0.12366414070129395 -1.9738057851791382 -0.45982524752616882 -0.11380884796380997 -2.2229094505310059 -0.50935465097427368 0.4700717031955719 -1.9658193588256836 -0.4107825756072998 0.5662006139755249 -2.2765295505523682 -0.45873552560806274 0.44591265916824341 -0.79179483652114868 -0.69978046417236328 0.38243076205253601 -0.67961698770523071 -0.59011995792388916
1985.3830000013113 -1.3690063953399658 -1.3163907527923584 -0.58475559949874878 -0.25801903009414673 -2.2037384510040283 -0.50335973501205444 -0.2472308874130249 -2.4764213562011719 -0.55757737159729004 0.391917884349823 -2.1949958801269531 -0.44967478513717651 0.49714607000350952 -2.5351166725158691 -0.50216680765151978 0.36547204852104187 -0.90984201431274414 -0.76602828502655029 0.29598119854927063 -0.78704577684402466 -0.64598768949508667
1985.3830000013113 -1.2249132394790649 -1.3939439058303833 -0.55225026607513428 -0.1990201473236084 -2.0993123054504395 -0.50934672355651855 -0.19347970187664032 -2.3336472511291504 -0.60572797060012817 0.46189031004905701 -2.0407629013061523 -0.56869262456893921 0.58085095882415771 -2.3228268623352051 -0.65932691097259521 0.34073555469512939 -0.95975762605667114 -0.92736935615539551 0.34302330017089844 -0.86373686790466309 -0.87946152687072754
2040.5826999992132 -1.2922713756561279 -1.3627921342849731 -0.60417968034744263 -0.16112139821052551 -2.068239688873291 -0.60932081937789917 -0.14772316813468933 -2.302868127822876 -0.69569474458694458 0.35247573256492615 -1.9264768362045288 -0.4967363178730011 0.45840397477149963 -2.1850428581237793 -0.53828936815261841 0.19729670882225037 -0.68622899055480957 -0.52473056316375732 0.39851689338684082 -1.0036373138427734 -0.4790998101234436
2040.5826999992132 -1.2011563777923584 -1.4472969770431519 -0.42549681663513184 -0.17685765027999878 -1.9548602104187012 -0.50841271877288818 -0.19168950617313385 -2.1801033020019531 -0.59502774477005005 0.41097870469093323 -1.8610838651657104 -0.53312802314758301 0.50794154405593872 -2.1188709735870361 -0.59869277477264404 0.22872954607009888 -0.96158373355865479 -0.77604234218597412 0.3491593599319458 -0.95999759435653687 -0.78207433223724365
2096.4887000024319 -1.2168658971786499 -1.4681470394134521 -0.43544450402259827 -0.16863276064395905 -1.9875702857971191 -0.5202978253364563 -0.18381117284297943 -2.218076229095459 -0.6089368462562561 0.4329393208026886 -1.8916027545928955 -0.54559075832366943 0.53216785192489624 -2.1554133892059326 -0.61268746852874756 0.2464316338300705 -0.97108417749404907 -0.79418116807937622 0.36967545747756958 -0.96946102380752563 -0.80035400390625
2096.4887000024319 -1.067253589630127 -1.4432464838027954 -0.66454190015792847 -0.10383126884698868 -1.9764289855957031 -0.69041913747787476 -0.096385851502418518 -2.222153902053833 -0.79748708009719849 0.4862346351146698 -1.8679049015045166 -0.78022325038909912 0.611469566822052 -2.1315836906433105 -0.9321141242980957 0.23286436498165131 -0.94165414571762085 -0.94154453277587891 0.32953208684921265 -0.8541872501373291 -0.90031421184539795
2164.9003999978304 -0.9459342360496521 -1.2124702930450439 -0.67185497283935547 0.15616774559020996 -1.9761356115341187 -0.35131999850273132 0.17518293857574463 -2.1804900169372559 -0.35573482513427734 0.7920987606048584 -1.80722975730896 -0.17283718287944794 0.88597089052200317 -2.0252499580383301 -0.19297933578491211 0.51459616422653198 -0.76630854606628418 -0.46940064430236816 0.49138149619102478 -0.49779453873634338 -0.34297320246696472
2164.9003999978304 -1.1680840253829956 -1.407955527305603 -1.0389078855514526 0.075113318860530853 -2.2936415672302246 -0.61790233850479126 0.11478592455387115 -2.5314340591430664 -0.64440476894378662 0.73640257120132446 -2.145698070526123 -0.42910590767860413 0.83864426612854004 -2.4238078594207764 -0.490062415599823 0.48278191685676575 -0.86047041416168213 -0.8443419337272644 0.48469403386116028 -0.5954400897026062 -0.6494409441947937
2220.2585000023246 -1.1651276350021362 -1.3061285018920898 -0.96933525800704956 -0.0051971138454973698 -2.1324930191040039 -0.57652795314788818 0.031818296760320663 -2.3543586730957031 -0.60125523805618286 0.61180031299591064 -1.9944585561752319 -0.40037673711776733 0.70719403028488159 -2.2539410591125488 -0.45725047588348389 0.3751666247844696 -0.79531288146972656 -0.78780096769332886 0.3769507110118866 -0.54803383350372314 -0.60595411062240601
2220.2585000023246 -1.1924979686737061 -1.3335448503494263 -0.93733447790145874 -0.068773627281188965 -2.1278853416442871 -0.50957626104354858 -0.045077566057443619 -2.3577957153320313 -0.55351376533508301 0.55558699369430542 -2.0022258758544922 -0.37746304273605347 0.6409536600112915 -2.2604684829711914 -0.43770968914031982 0.46488246321678162 -0.8997882604598999 -0.83936405181884766 0.39081907272338867 -0.55108118057250977 -0.68130606412887573
2291.6526000052691 -1.1509096622467041 -1.3219177722930908 -0.71930927038192749 -0.037332262843847275 -2.1699674129486084 -0.65564757585525513 -0.028826933354139328 -2.3944516181945801 -0.69801551103591919 0.65901684761047363 -1.9337786436080933 -0.51913988590240479 0.77211850881576538 -2.164989709854126 -0.58227300643920898 0.3769773542881012 -0.7415851354598999 -0.60232418775558472 0.46146798133850098 -0.53639912605285645 -0.39314311742782593
2291.6526000052691 -1.0917016267776489 -1.4520263671875 -0.92401987314224243 -0.0082660699263215065 -2.2946722507476807 -0.64435988664627075 0.055292610079050064 -2.5787835121154785 -0.67435538768768311 0.70844894647598267 -2.1738314628601074 -0.67661076784133911 0.8178400993347168 -2.5087664127349854 -0.6895982027053833 0.59300553798675537 -0.58343589305877686 -1.1319938898086548 0.49311536550521851 -0.43756371736526489 -1.0007996559143066
2351.083599999547 -1.0518722534179688 -1.3616546392440796 -0.70347583293914795 -0.056391607969999313 -2.0886409282684326 -0.43713107705116272 -0.014082538895308971 -2.3417375087738037 -0.44922217726707458 0.63919097185134888 -1.9137306213378906 -0.44344633817672729 0.75519579648971558 -2.1759240627288818 -0.44186794757843018 0.51962316036224365 -0.59634643793106079 -0.77158349752426147 0.42106994986534119 -0.41851282119750977 -0.62629991769790649
2351.083599999547 -0.98347187042236328 -1.3843348026275635 -0.70710563659667969 0.017146836966276169 -2.1150734424591064 -0.43938612937927246 0.059674281626939774 -2.3694760799407959 -0.45153966546058655 0.71631956100463867 -1.9392602443695068 -0.44573399424552917 0.83292311429977417 -2.2028069496154785 -0.44414746761322021 0.59613466262817383 -0.61507660150527954 -0.77556484937667847 0.49707275629043579 -0.4363250732421875 -0.6295313835144043
2409.6145000010729 -0.95823758840560913 -1.4416693449020386 -0.77636820077896118 -0.053012445569038391 -2.1778147220611572 -0.26534128189086914 -0.019769428297877312 -2.4286763668060303 -0.23483170568943024 0.63932245969772339 -2.0032012462615967 -0.1474548876285553 0.76209557056427002 -2.2650043964385986 -0.10535739362239838 0.53344178199768066 -0.72792321443557739 -0.5423005223274231 0.36005145311355591 -0.59059959650039673 -0.45233669877052307
2409.6145000010729 -0.87772518396377563 -1.2292661666870117 -0.76654523611068726 -0.096800096333026886 -1.890926718711853 -0.47420123219490051 -0.084749504923820496 -2.1487212181091309 -0.49764910340309143 0.61968404054641724 -1.8088635206222534 -0.49757575988769531 0.72630256414413452 -2.0704078674316406 -0.53535890579223633 0.52683538198471069 -0.5994877815246582 -0.89630335569381714 0.51390379667282104 -0.5769956111907959 -0.83743029832839966
2468.5231000036001 -0.91078996658325195 -1.1937413215637207 -0.77229773998260498 -0.12401416897773743 -1.8603589534759521 -0.47776353359222412 -0.11187329888343811 -2.1200850009918213 -0.50138705968856812 0.59783786535263062 -1.7776809930801392 -0.50131314992904663 0.70525521039962769 -2.0411849021911621 -0.53937941789627075 0.50429362058639526 -0.55924463272094727 -0.90302807092666626 0.49126508831977844 -0.53658396005630493 -0.84371387958526611
2468.5231000036001 -1.0074588060379028 -1.2153530120849609 -0.63333779573440552 -0.25301995873451233 -2.0017201900482178 -0.46449539065361023 -0.25576525926589966 -2.2806088924407959 -0.45653918385505676 0.63055604696273804 -1.849672794342041 -0.48785188794136047 0.75568562746047974 -2.1015167236328125 -0.5158308744430542 0.4333728551864624 -0.55661165714263916 -0.8433527946472168 0.30371910333633423 -0.33198601007461548 -0.80338746309280396
2540.6125000044703 -1.0118690729141235 -1.2681372165679932 -0.80452460050582886 -0.18334436416625977 -1.9900178909301758 -0.34142807126045227 -0.17847812175750732 -2.2602953910827637 -0.32235291600227356 0.5497201681137085 -1.9348969459533691 -0.27219986915588379 0.63861227035522461 -2.1862194538116455 -0.29135531187057495 0.52152109146118164 -0.63523125648498535 -0.64068400859832764 0.48795855045318604 -0.63739180564880371 -0.61103606224060059
2540.6125000044703 -1.1057614088058472 -1.0955278873443604 -0.88881415128707886 -0.29479536414146423 -1.8546819686889648 -0.48787578940391541 -0.27076590061187744 -2.1005430221557617 -0.49487528204917908 0.37210965156555176 -1.7772963047027588 -0.39337259531021118 0.46867296099662781 -2.0528860092163086 -0.4006081223487854 0.34845656156539917 -0.5570254921913147 -0.90484058856964111 0.35423582792282104 -0.60428935289382935 -0.86180418729782104
2610.4096000045538 -1.2526968717575073 -1.3480026721954346 -0.57504785060882568 -0.49360784888267517 -2.0517115592956543 -0.085623554885387421 -0.51575320959091187 -2.3341324329376221 -0.056383907794952393 0.21832291781902313 -2.0107152462005615 0.031770169734954834 0.27233338356018066 -2.2857005596160889 0.050570890307426453 0.19089715182781219 -0.6982957124710083 -0.47218862175941467 0.19459235668182373 -0.67806160449981689 -0.50228273868560791
2610.4096000045538 -1.0173414945602417 -1.1967310905456543 -0.50064390897750854 -0.13465316593647003 -1.884005069732666 -0.1954445093870163 -0.10347969830036163 -2.1137528419494629 -0.16976276040077209 0.43086150288581848 -1.7969334125518799 -0.13070522248744965 0.53487074375152588 -2.0774803161621094 -0.076658338308334351 0.40009632706642151 -0.63534605503082275 -0.62542903423309326 0.23204296827316284 -0.57802289724349976 -0.59206604957580566
2682.1448000073433 -1.2394300699234009 -1.3627667427062988 -0.71445852518081665 -0.24025541543960571 -2.2316718101501465 -0.34833621978759766 -0.22407005727291107 -2.5130705833435059 -0.34018614888191223 0.47312244772911072 -2.0656108856201172 -0.31565925478935242 0.58564752340316772 -2.374584436416626 -0.30582144856452942 0.39133012294769287 -0.81697177886962891 -0.89273780584335327 0.16904549300670624 -0.45669436454772949 -0.87554067373275757
2682.1448000073433 -1.260359525680542 -1.2814254760742188 -0.60200929641723633 -0.19203712046146393 -2.1312389373779297 -0.49377894401550293 -0.16064479947090149 -2.429222583770752 -0.50601816177368164 0.40520757436752319 -2.1085512638092041 -0.49145838618278503 0.53221458196640015 -2.4417643547058105 -0.50998967885971069 0.46752423048019409 -0.51946216821670532 -0.72427213191986084 0.34371852874755859 -0.69887197017669678 -0.65180873870849609
2736.5305000022054 -1.4136816263198853 -1.3023726940155029 -0.47146749496459961 -0.45252043008804321 -2.2238168716430664 -0.30174118280410767 -0.45671224594116211 -2.5389223098754883 -0.30077192187309265 0.32239484786987305 -2.2002592086791992 -0.34386000037193298 0.43805193901062012 -2.5284771919250488 -0.32843205332756042 0.38162645697593689 -0.73034250736236572 -0.69263440370559692 0.18871328234672546 -0.70901626348495483 -0.65213102102279663
2736.5305000022054 -1.1605119705200195 -1.1945277452468872 -0.43814516067504883 -0.26729121804237366 -2.0508387088775635 -0.28041613101959229 -0.2711867094039917 -2.3436710834503174 -0.27951538562774658 0.45284849405288696 -2.0289461612701416 -0.31955772638320923 0.56033027172088623 -2.3339641094207764 -0.30522030591964722 0.50789332389831543 -0.66293203830718994 -0.64367866516113281 0.32861638069152832 -0.64311331510543823 -0.60603827238082886
2795.8037000074983 -1.1753363609313965 -1.2097866535186768 -0.44374203681945801 -0.27070561051368713 -2.0770361423492432 -0.28399816155433655 -0.27465087175369263 -2.3736090660095215 -0.28308591246604919 0.4586331844329834 -2.0548639297485352 -0.32363978028297424 0.56748795509338379 -2.3637781143188477 -0.30911919474601746 0.51438111066818237 -0.67140036821365356 -0.6519010066986084 0.33281412720680237 -0.651328444480896 -0.61377978324890137
2795.8037000074983 -1.4111557006835938 -1.2161643505096436 -0.43363898992538452 -0.40909692645072937 -2.1604955196380615 -0.14389243721961975 -0.37392523884773254 -2.4501755237579346 -0.13905860483646393 0.21464842557907104 -2.1229567527770996 -0.11598148941993713 0.34464183449745178 -2.4270257949829102 -0.12642763555049896 0.15453538298606873 -0.70520925521850586 -0.58941751718521118 0.21562929451465607 -0.86360275745391846 -0.64822888374328613
2867.7391000017524 -1.2163368463516235 -1.3005144596099854 -0.65426766872406006 -0.44156700372695923 -2.1795957088470459 -0.053148165345191956 -0.41809338331222534 -2.4340262413024902 -0.022093970328569412 0.15002341568470001 -2.0976812839508057 0.023632558062672615 0.27545231580734253 -2.3697595596313477 0.05426715686917305 0.20773172378540039 -0.93296933174133301 -0.65189439058303833 -0.017305349931120872 -0.60962879657745361 -0.60864871740341187
2867.7391000017524 -1.1310950517654419 -1.3333364725112915 -0.69965726137161255 -0.50603193044662476 -2.2573082447052002 -0.31380966305732727 -0.50160723924636841 -2.5443294048309326 -0.32183486223220825 0.26933777332305908 -2.1107637882232666 -0.2219855785369873 0.403148353099823 -2.3958323001861572 -0.24677072465419769 0.14583414793014526 -0.82761132717132568 -0.66909730434417725 0.10467781871557236 -0.57646656036376953 -0.66429400444030762
2939.470600001514 -1.0599699020385742 -1.2778594493865967 -0.6617128849029541 -0.41827118396759033 -2.1932008266448975 -0.074243046343326569 -0.31953942775726318 -2.4674711227416992 -0.10299243032932281 0.095146447420120239 -2.1186470985412598 -0.038749992847442627 0.23092900216579437 -2.3784677982330322 -0.10478592664003372 -0.108757384121418 -0.90078741312026978 -0.40876397490501404 -0.0094384802505373955 -0.73782116174697876 -0.49899119138717651
2939.470600001514 -1.0022071599960327 -1.0998427867889404 -1.0098778009414673 -0.23288409411907196 -2.2332379817962646 -0.53224802017211914 -0.16632866859436035 -2.4815473556518555 -0.55909913778305054 0.36402314901351929 -2.1358323097229004 -0.43781152367591858 0.4879925549030304 -2.4104094505310059 -0.4890500009059906 0.19315575063228607 -0.72465932369232178 -0.76426911354064941 0.18223664164543152 -0.59745025634765625 -0.80788427591323853
2997.0913000032306 -1.0369391441345215 -1.1328257322311401 -0.71115070581436157 -0.54987651109695435 -1.9990124702453613 -0.83037275075912476 -0.54775863885879517 -2.2738447189331055 -0.93523687124252319 0.15244361758232117 -1.9940810203552246 -0.94066691398620605 0.30186596512794495 -2.2809624671936035 -1.1152245998382568 -0.10694404691457748 -0.8098178505897522 -1.0176968574523926 0.15803965926170349 -0.86622107028961182 -1.1268907785415649
2997.0913000032306 -0.9091869592666626 -0.97817665338516235 -0.64915132522583008 -0.42519575357437134 -1.7665109634399414 -0.35767921805381775 -0.40750801563262939 -1.9672088623046875 -0.42818030714988708 0.15605929493904114 -1.818555474281311 -0.39059385657310486 0.23745149374008179 -2.0191912651062012 -0.46396541595458984 -0.04414522647857666 -0.68577927350997925 -0.57729178667068481 0.091130003333091736 -0.57970857620239258 -0.65622037649154663
3051.8519999980927 -0.87279927730560303 -0.98855847120285034 -0.34791624546051025 -0.63425511121749878 -1.7708845138549805 -0.043722126632928848 -0.61584210395812988 -1.9850383996963501 -0.098785355687141418 0.017251083627343178 -1.8394269943237305 0.021357964724302292 0.13531538844108582 -2.0548937320709229 -0.02847868949174881 -0.1502845287322998 -0.74757331609725952 -0.38146418333053589 -0.024051887914538383 -0.57152748107910156 -0.53295761346817017
3051.8519999980927 -0.90869206190109253 -1.2840176820755005 -0.41692566871643066 -0.62283700704574585 -2.221503734588623 -0.052400194108486176 -0.60077214241027832 -2.4781308174133301 -0.11838420480489731 0.15788350999355316 -2.3036403656005859 0.025587344542145729 0.29936373233795166 -2.5618412494659424 -0.034133497625589371 -0.042879730463027954 -0.99523752927780151 -0.45712721347808838 0.10838884115219116 -0.78427618741989136 -0.63866657018661499
3121.701099999249 -0.88205969333648682 -1.2120041847229004 -0.4182182252407074 -0.57080709934234619 -2.0702168941497803 -0.15794596076011658 -0.55256718397140503 -2.2722272872924805 -0.25402423739433289 0.060465913265943527 -2.0558300018310547 -0.21391762793064117 0.15685978531837463 -2.2509438991546631 -0.32801243662834167 -0.2111252099275589 -0.84305495023727417 -0.62784618139266968 -0.0073487190529704094 -0.68312174081802368 -0.71197807788848877
3121.701099999249 -1.0455890893936157 -1.0091313123703003 -0.41586342453956604 -0.78328841924667358 -1.8462702035903931 -0.14784429967403412 -0.78031295537948608 -2.1049714088439941 -0.18675915896892548 -0.22292843461036682 -1.8468202352523804 -0.122543565928936 -0.15116247534751892 -2.1233718395233154 -0.16818432509899139 -0.32410162687301636 -0.65936368703842163 -0.4738578200340271 -0.21369242668151855 -0.4739677906036377 -0.57420575618743896
3176.5495999976993 -1.1187807321548462 -1.0906983613967896 -0.70272940397262573 -0.73178684711456299 -2.3808238506317139 -0.3562711775302887 -0.72827595472335815 -2.7036209106445313 -0.40760695934295654 0.048716884106397629 -2.4014747142791748 -0.2864062488079071 0.19545784592628479 -2.7550873756408691 -0.34513244032859802 -0.16095742583274841 -0.74178475141525269 -0.50729143619537354 0.036496851593255997 -0.64491647481918335 -0.65245413780212402
3176.5495999976993 -0.91913390159606934 -1.0209662914276123 -0.63212412595748901 -0.57102507352828979 -2.181459903717041 -0.32047799229621887 -0.56786692142486572 -2.4718225002288818 -0.36665555834770203 0.13105371594429016 -2.2000358104705811 -0.25763311982154846 0.26305016875267029 -2.5181176662445068 -0.3104584813117981 -0.057552549988031387 -0.70711147785186768 -0.45632374286651611 0.12006154656410217 -0.6199764609336853 -0.58690059185028076
3231.0719999969006 -0.67601990699768066 -0.98152923583984375 -0.66144269704818726 -0.60816687345504761 -2.0182328224182129 -0.57039332389831543 -0.64283263683319092 -2.2854890823364258 -0.6579781174659729 0.03538837656378746 -2.0292909145355225 -0.6066354513168335 0.13650862872600555 -2.3067874908447266 -0.68305611610412598 -0.2101849764585495 -0.64510911703109741 -0.81744319200515747 -0.00041121355025097728 -0.50060164928436279 -0.94290649890899658
3231.0719999969006 -0.46607741713523865 -1.0014946460723877 -0.43281421065330505 -0.63984018564224243 -1.9926811456680298 -0.50439232587814331 -0.69705414772033691 -2.2885010242462158 -0.59692054986953735 0.00014719624596182257 -2.0384109020233154 -0.54454046487808228 0.10756898671388626 -2.3445250988006592 -0.64556115865707397 -0.14786234498023987 -0.79047089815139771 -0.64275455474853516 -0.0024757804349064827 -0.61041831970214844 -0.7973901629447937
3285.1609000042081 -0.47036087512969971 -1.1136734485626221 -0.45336714386940002 -0.65238016843795776 -2.1519570350646973 -0.52834630012512207 -0.71231269836425781 -2.4618332386016846 -0.62527114152908325 0.018016839399933815 -2.1998598575592041 -0.57040214538574219 0.13054288923740387 -2.5205192565917969 -0.67622298002243042 -0.13702552020549774 -0.89262264966964722 -0.67328298091888428 0.015269230119884014 -0.70401465892791748 -0.83526629209518433
3426.9314000084996 -0.82964128255844116 -0.71773016452789307 -0.52473372220993042 -0.48993033170700073 -1.1566126346588135 -0.13670900464057922 -0.53028541803359985 -1.3569896221160889 -0.26289850473403931 0.003138435073196888 -1.1120058298110962 -0.10136513411998749 0.11816173046827316 -1.2798742055892944 -0.29126635193824768 -0.075373843312263489 -0.013950660824775696 -0.4924548864364624 -0.21729297935962677 -0.29913634061813354 -0.57802712917327881
3514.5817000046372 -1.6723664999008179 -1.2619451284408569 -1.28986656665802 -0.49194103479385376 -2.4125425815582275 -2.0318305492401123 -0.56468230485916138 -2.7623252868652344 -2.1659560203552246 0.34604060649871826 -2.5737206935882568 -1.4608304500579834 0.45437070727348328 -2.9534196853637695 -1.5696382522583008 0.23479624092578888 -1.8317327499389648 -0.70855444669723511 -0.046046879142522812 -0.89938163757324219 -0.043259501457214355
3514.5817000046372 -1.5921212434768677 -0.82264876365661621 -1.1416633129119873 -0.4324282705783844 -2.1598503589630127 -1.3747068643569946 -0.5139194130897522 -2.4925451278686523 -1.497768759727478 0.20644004642963409 -2.3705959320068359 -1.0497134923934937 0.24975541234016418 -2.738703727722168 -1.1838004589080811 0.39616817235946655 -1.0103656053543091 -0.68944853544235229 -0.12504635751247406 -0.41164746880531311 -0.27327606081962585
3573.8735000044107 -1.4956151247024536 -1.0224143266677856 -1.4466105699539185 -0.57008415460586548 -2.1736233234405518 -1.76793372631073 -0.63550704717636108 -2.4599695205688477 -1.9199111461639404 0.089514546096324921 -2.312821626663208 -1.7031146287918091 0.14928962290287018 -2.6076555252075195 -1.9136135578155518 0.5469476580619812 -1.5994421243667603 -1.4609464406967163 -0.11712756752967834 -0.58154422044754028 -0.85382312536239624
3573.8735000044107 -1.0829017162322998 -0.62430012226104736 -1.565332293510437 -0.4093051552772522 -1.28135085105896 -1.9211912155151367 -0.43211683630943298 -1.5132403373718262 -2.0219831466674805 -0.26207005977630615 -1.4082592725753784 -1.5863667726516724 -0.3348107635974884 -1.6084220409393311 -1.6188708543777466 0.46737352013587952 -1.5089977979660034 -1.5685474872589111 0.4662453830242157 -1.3667091131210327 -1.1777230501174927
3687.0522999987006 -0.61762940883636475 -0.30404698848724365 -0.42473208904266357 -0.013266343623399734 -0.77402353286743164 -0.16406689584255219 -0.072823710739612579 -0.8367723822593689 -0.22154822945594788 0.48691678047180176 -0.68537980318069458 -0.17273692786693573 0.4632592499256134 -0.73896241188049316 -0.26132678985595703 0.52864599227905273 -0.21556694805622101 -0.61941194534301758 0.52527987957000732 0.16216178238391876 -0.68525499105453491
3781.4189000055194 -1.6014853715896606 -2.0384867191314697 -1.1639448404312134 -0.41858559846878052 -3.1572086811065674 -2.4288549423217773 -0.58875405788421631 -3.4830868244171143 -2.5987656116485596 0.57263463735580444 -3.2070581912994385 -1.7785079479217529 0.64647704362869263 -3.5718445777893066 -2.0380904674530029 -0.021247170865535736 -1.7611984014511108 -0.42171284556388855 -0.037036538124084473 -1.2698096036911011 0.17247959971427917
3781.4189000055194 -1.1749749183654785 -1.172411322593689 -0.93583387136459351 -0.093360148370265961 -1.9684010744094849 -0.74815458059310913 -0.14261849224567413 -2.1735148429870605 -0.74085438251495361 0.49053683876991272 -2.1611990928649902 -0.59030985832214355 0.54450690746307373 -2.4665074348449707 -0.57119476795196533 0.74258333444595337 -1.7032920122146606 -0.84856337308883667 0.24668057262897491 -0.9703599214553833 -0.61069351434707642
3852.6438999995589 -1.3032667636871338 -1.0437180995941162 -1.0373598337173462 -0.091006040573120117 -2.1226043701171875 -1.027524471282959 -0.11096403747797012 -2.400209903717041 -1.0841951370239258 0.55351561307907104 -2.1605503559112549 -0.83970737457275391 0.62950628995895386 -2.4921844005584717 -0.87407582998275757 0.49190467596054077 -0.76313704252243042 -0.96350061893463135 0.31927579641342163 -0.53144872188568115 -0.70099431276321411
3852.6438999995589 -1.356383204460144 -1.1161718368530273 -1.1189086437225342 -0.25154030323028564 -2.1569094657897949 -1.4739053249359131 -0.26377934217453003 -2.4475195407867432 -1.5813174247741699 0.28786155581474304 -2.2246890068054199 -1.1265565156936646 0.3518977165222168 -2.5957226753234863 -1.2218360900878906 0.21765430271625519 -0.88957983255386353 -0.81697863340377808 0.26983395218849182 -1.0199133157730103 -0.52985721826553345
3909.7864000052214 -1.4538713693618774 -0.99076670408248901 -0.9884265661239624 -0.29635244607925415 -1.8554109334945679 -0.91532152891159058 -0.33180943131446838 -2.1331818103790283 -0.95721596479415894 0.043762587010860443 -2.0562829971313477 -0.59263283014297485 0.061755336821079254 -2.3888938426971436 -0.56671208143234253 0.44418108463287354 -1.7263996601104736 -0.62075173854827881 0.21676613390445709 -1.4027498960494995 -0.31138348579406738
3909.7864000052214 -1.6598478555679321 -1.1224188804626465 -1.0617599487304688 -0.41646158695220947 -2.0512044429779053 -0.98323184251785278 -0.45454889535903931 -2.3495810031890869 -1.0282341241836548 -0.051116015762090683 -2.2669777870178223 -0.63660532236099243 -0.031788520514965057 -2.6242623329162598 -0.60876172780990601 0.37900650501251221 -1.9126228094100952 -0.66681015491485596 0.13472133874893188 -1.5649639368057251 -0.3344922661781311
3963.8692000061274 -1.3328690528869629 -0.98191606998443604 -1.5772765874862671 -0.31631550192832947 -1.8716698884963989 -1.6096692085266113 -0.37333348393440247 -2.150442361831665 -1.6731277704238892 -0.007757882121950388 -1.9848141670227051 -1.2877451181411743 -0.01190238818526268 -2.2939860820770264 -1.346623420715332 0.053776662796735764 -1.4649461507797241 -0.98403841257095337 -0.018135432153940201 -1.3973662853240967 -0.62267327308654785
4082.749200001359 -0.79776513576507568 -0.88407212495803833 0.27743193507194519 0.063047915697097778 -1.2930703163146973 0.69605588912963867 0.083853043615818024 -1.3425829410552979 0.94664126634597778 0.26344642043113708 -1.1248899698257446 0.85816431045532227 0.23786772787570953 -1.0972788333892822 1.0705913305282593 0.4105779230594635 -0.82866692543029785 0.7978101372718811 0.48400378227233887 -0.56223940849304199 0.71484392881393433
4084.7945000007749 -1.37464439868927 -1.322731614112854 -0.66274714469909668 -0.010953456163406372 -2.0384976863861084 0.4304315447807312 -0.080827623605728149 -2.1081037521362305 0.70227217674255371 0.11298872530460358 -1.9595296382904053 0.93220442533493042 0.0052385632880032063 -2.0313131809234619 1.1753909587860107 0.15479417145252228 -1.6334038972854614 1.1678918600082397 0.16191856563091278 -1.3828314542770386 1.2712268829345703
4179.5612000003457 -1.0525578260421753 -1.0275616645812988 -0.77076244354248047 -0.21031980216503143 -1.6097186803817749 -0.24736744165420532 -0.25486913323402405 -1.7826825380325317 -0.16623644530773163 -0.096029676496982574 -1.6141633987426758 0.17101229727268219 -0.15025527775287628 -1.767339825630188 0.27108952403068542 -0.041494041681289673 -1.4312050342559814 0.38086384534835815 -0.014521013014018536 -1.2029402256011963 0.5815015435218811
4179.5612000003457 -1.1115550994873047 -0.97778934240341187 -0.89295196533203125 0.012388848699629307 -1.7708989381790161 -0.6372072696685791 -0.0049735843203961849 -1.9443955421447754 -0.61595112085342407 0.24239377677440643 -1.7040166854858398 -0.15907105803489685 0.2212335616350174 -1.862647533416748 -0.077656731009483337 0.19061152637004852 -1.1398789882659912 0.21468900144100189 0.17682415246963501 -0.95749133825302124 0.45002898573875427
4291.0619000047445 -1.1647800207138062 -1.0579113960266113 -0.90080970525741577 -0.078277662396430969 -1.8615680932998657 -0.24867390096187592 -0.086391128599643707 -2.0796287059783936 -0.19364765286445618 0.60487383604049683 -1.7138733863830566 -0.092271775007247925 0.71610552072525024 -1.9361199140548706 -0.073096685111522675 0.61337310075759888 -0.4497077465057373 -0.67112445831298828 0.462382972240448 -0.19476456940174103 -0.69068092107772827
4381.2755999937654 -1.287209153175354 -1.5162289142608643 -0.94099605083465576 0.021473554894328117 -2.6234085559844971 -1.1333773136138916 -0.029831884428858757 -2.9621407985687256 -1.1325017213821411 0.84870773553848267 -2.4171383380889893 -0.59411972761154175 0.91698938608169556 -2.6977009773254395 -0.5885428786277771 0.41610708832740784 -1.128408670425415 -0.12536433339118958 0.19468246400356293 -0.73081153631210327 0.2603422999382019
4381.2755999937654 -1.2802097797393799 -1.3699369430541992 -0.99828696250915527 -0.22362698614597321 -2.3675751686096191 -0.85637915134429932 -0.21239399909973145 -2.6855359077453613 -0.88520824909210205 0.52904123067855835 -2.3070633411407471 -0.83247166872024536 0.62071347236633301 -2.6572153568267822 -0.88368046283721924 0.54597645998001099 -0.6596074104309082 -1.0797090530395508 0.43315786123275757 -0.52533632516860962 -0.85173726081848145
4437.2757000029087 -1.0944854021072388 -1.1900665760040283 -0.72370308637619019 -0.054803039878606796 -2.1087119579315186 -0.95934110879898071 -0.03619067370891571 -2.379641056060791 -1.0402442216873169 0.57519888877868652 -2.0589993000030518 -0.94605070352554321 0.67433005571365356 -2.3756997585296631 -1.065581202507019 0.38941633701324463 -0.67957383394241333 -0.79849082231521606 0.54976397752761841 -0.75413668155670166 -0.64218497276306152
4437.2757000029087 -1.1772303581237793 -1.12168288230896 -0.6929248571395874 -0.18175867199897766 -2.0012645721435547 -0.91854280233383179 -0.1639377623796463 -2.2606725692749023 -0.99600565433502197 0.42145353555679321 -1.9536657333374023 -0.90581756830215454 0.51636934280395508 -2.2568991184234619 -1.0202653408050537 0.24357107281684875 -0.63289797306060791 -0.76453238725662231 0.39710023999214172 -0.70429009199142456 -0.61487317085266113
4496.7735000029206 -1.1103180646896362 -1.1603491306304932 -0.9453156590461731 -0.094093397259712219 -1.9957313537597656 -1.0967006683349609 -0.079109705984592438 -2.2868995666503906 -1.1871426105499268 0.49087446928024292 -1.9670859575271606 -0.95477837324142456 0.62638729810714722 -2.2785117626190186 -1.1067581176757813 0.21841424703598022 -0.71250283718109131 -0.65594756603240967 0.23938313126564026 -0.64226371049880981 -0.47571966052055359
4496.7735000029206 -1.096809983253479 -1.0980806350708008 -0.99773716926574707 -0.0050525469705462456 -1.8692662715911865 -1.2462069988250732 0.00029594084480777383 -2.1333775520324707 -1.3574777841567993 0.52377766370773315 -1.7606258392333984 -1.0992388725280762 0.60244780778884888 -2.0544638633728027 -1.2547148466110229 0.35189491510391235 -0.55711323022842407 -0.76960837841033936 0.42236059904098511 -0.5495765209197998 -0.55875897407531738
4553.8799000009894 -1.1449339389801025 -1.1032307147979736 -1.0193438529968262 -0.029545783996582031 -1.8911083936691284 -1.2731918096542358 -0.024081530049443245 -2.1609361171722412 -1.3868709802627563 0.51073074340820313 -1.7801166772842407 -1.1230425834655762 0.59110379219055176 -2.0803143978118896 -1.281883716583252 0.33512768149375916 -0.55055433511734009 -0.78627735376358032 0.40711858868598938 -0.5428544282913208 -0.57086420059204102
4553.8799000009894 -1.0744975805282593 -1.1008782386779785 -1.02788245677948 -0.060430333018302917 -1.7564190626144409 -1.4102720022201538 -0.066390030086040497 -2.0345754623413086 -1.5404808521270752 0.45713222026824951 -1.8377524614334106 -1.2545915842056274 0.57986629009246826 -2.1777234077453613 -1.4584711790084839 0.21809814870357513 -0.93419080972671509 -0.72107058763504028 0.32739505171775818 -1.0627015829086304 -0.48741814494132996
4610.3044000044465 -1.0568852424621582 -0.94891136884689331 -0.69505101442337036 -0.16114038228988647 -1.6127021312713623 -0.69432699680328369 -0.14680750668048859 -1.8123213052749634 -0.76949775218963623 0.27931109070777893 -1.5299268960952759 -0.51005798578262329 0.36849617958068848 -1.7461283206939697 -0.57900369167327881 0.13177311420440674 -0.49060484766960144 -0.38285329937934875 0.35077133774757385 -0.9904714822769165 -0.32291385531425476
4610.3044000044465 -1.1926217079162598 -1.0339874029159546 -0.78107309341430664 -0.18601974844932556 -1.7799288034439087 -0.78025949001312256 -0.16991303861141205 -2.0042526721954346 -0.86473339796066284 0.30894190073013306 -1.6869091987609863 -0.57318538427352905 0.40916451811790466 -1.9298676252365112 -0.65066379308700562 0.14314465224742889 -0.51896095275878906 -0.43023791909217834 0.38924607634544373 -1.0806909799575806 -0.36288037896156311
4665.4257000014186 -1.1405080556869507 -1.1064939498901367 -0.93745499849319458 -0.12269667536020279 -1.7988544702529907 -1.0308805704116821 -0.13323520123958588 -2.0520486831665039 -1.1608494520187378 0.35774168372154236 -1.7626050710678101 -0.92029392719268799 0.48100340366363525 -2.0467312335968018 -1.0764518976211548 0.13622500002384186 -0.78025639057159424 -0.61665564775466919 0.17662444710731506 -0.89608889818191528 -0.5655701756477356
4789.3840000033379 -0.70478528738021851 -1.2061350345611572 -0.53930467367172241 0.18512487411499023 -1.9444881677627563 -0.26220250129699707 0.18145759403705597 -2.1840488910675049 -0.24929405748844147 0.85913914442062378 -1.7948616743087769 -0.20446434617042542 0.95917028188705444 -2.0452218055725098 -0.23349092900753021 0.60214048624038696 -0.609244704246521 -0.36772501468658447 0.65145695209503174 -0.51823747158050537 -0.36352285742759705
4789.3840000033379 -0.87040996551513672 -1.2470946311950684 -0.75118952989578247 0.13736480474472046 -2.0255899429321289 -0.51842069625854492 0.15696294605731964 -2.2846591472625732 -0.50641399621963501 0.73693704605102539 -1.9261884689331055 -0.39314928650856018 0.8142738938331604 -2.2042090892791748 -0.38382062315940857 0.51186579465866089 -0.61285781860351563 -0.4404083788394928 0.36755937337875366 -0.51780807971954346 -0.32367563247680664
4851.679800003767 -0.78981697559356689 -1.1893633604049683 -0.67054927349090576 0.044525090605020523 -1.9470447301864624 -0.40888884663581848 0.065403617918491364 -2.1851615905761719 -0.38642039895057678 0.68359285593032837 -1.8077207803726196 -0.31871181726455688 0.7938615083694458 -2.0546324253082275 -0.31489613652229309 0.49139335751533508 -0.63042259216308594 -0.50244063138961792 0.38356932997703552 -0.52869313955307007 -0.39054980874061584
4851.679800003767 -0.90043127536773682 -1.22133469581604 -0.6966356635093689 -0.033632256090641022 -2.0084908008575439 -0.42479634284973145 -0.01194152794778347 -2.2558708190917969 -0.40145382285118103 0.63029611110687256 -1.8637470006942749 -0.33111128211021423 0.74485427141189575 -2.1202640533447266 -0.32714718580245972 0.43061980605125427 -0.64065045118331909 -0.52198737859725952 0.31860128045082092 -0.53496354818344116 -0.40574386715888977
4911.8127999976277 -0.90041792392730713 -1.2771514654159546 -0.55413734912872314 0.015546333976089954 -2.0268979072570801 -0.53474164009094238 0.020701516419649124 -2.2878124713897705 -0.53112161159515381 0.65297597646713257 -1.8842967748641968 -0.39901190996170044 0.79466640949249268 -2.1309225559234619 -0.41072288155555725 0.27963325381278992 -0.87675189971923828 -0.3666934072971344 -0.0087633524090051651 -0.62701451778411865 -0.23215949535369873
4911.8127999976277 -0.9118000864982605 -1.3912050724029541 -0.78486716747283936 0.11035235226154327 -2.1773569583892822 -0.89879775047302246 0.13047856092453003 -2.4582211971282959 -0.90459525585174561 0.79366201162338257 -2.0049924850463867 -0.68716102838516235 0.91657507419586182 -2.2818460464477539 -0.73663824796676636 0.36529263854026794 -0.71247380971908569 -0.48039355874061584 0.50949388742446899 -0.82053148746490479 -0.26289704442024231
4986.1607000008225 -0.76859074831008911 -1.2390767335891724 -1.0554420948028564 0.12277720868587494 -1.9063830375671387 -0.82345563173294067 0.1582617461681366 -2.1550619602203369 -0.85041713714599609 0.64525473117828369 -1.7644094228744507 -0.61341410875320435 0.7909616231918335 -2.0247993469238281 -0.69753724336624146 0.37428292632102966 -0.72320395708084106 -0.76390409469604492 0.22245991230010986 -0.55117624998092651 -0.50194549560546875
4986.1607000008225 -0.95408475399017334 -1.2791739702224731 -0.62906730175018311 -0.019658077508211136 -1.9588953256607056 -0.73434549570083618 -0.022953730076551437 -2.2271344661712646 -0.7503812313079834 0.57421112060546875 -1.9109406471252441 -0.58454477787017822 0.69106602668762207 -2.2071397304534912 -0.60276073217391968 0.38089382648468018 -0.86586737632751465 -0.58338302373886108 0.16411620378494263 -0.63126134872436523 -0.36296650767326355
