54.48369999974966 0.11077862977981567 -1.3821643590927124 0.14258997142314911 -0.33534854650497437 -2.1407723426818848 -0.67564404010772705 -0.34226962924003601 -2.4293482303619385 -0.78859341144561768 0.2535940408706665 -2.2041764259338379 -0.96766042709350586 0.39307025074958801 -2.5056679248809814 -1.0958868265151978 0.18135835230350494 -1.3696990013122559 -0.93523997068405151 0.23457972705364227 -1.0046275854110718 -1.1614135503768921
54.48369999974966 0.035773225128650665 -1.0757397413253784 -0.70440131425857544 -0.38154622912406921 -1.8429324626922607 -0.44385778903961182 -0.38788589835166931 -2.0919210910797119 -0.52005010843276978 0.24087831377983093 -1.8640137910842896 -0.36377403140068054 0.37817701697349548 -2.1083917617797852 -0.46398583054542542 0.11045943200588226 -0.88170838356018066 -0.80530321598052979 0.18567961454391479 -0.70863902568817139 -0.89921146631240845
126.8234000056982 0.088580220937728882 -1.2480920553207397 -0.72415763139724731 -0.58785122632980347 -2.267693042755127 -0.83668768405914307 -0.61032241582870483 -2.6261477470397949 -0.93968194723129272 0.2522716224193573 -2.2730996608734131 -0.72910898923873901 0.41023102402687073 -2.6359195709228516 -0.8330731987953186 0.14902755618095398 -1.1693636178970337 -0.89470791816711426 0.26041698455810547 -0.86691880226135254 -0.96435528993606567
126.8234000056982 0.13935065269470215 -1.4090843200683594 -0.4916808009147644 -0.48287874460220337 -2.3850753307342529 -0.50468927621841431 -0.53490883111953735 -2.708498477935791 -0.5841069221496582 0.38678720593452454 -2.4038863182067871 -0.40034553408622742 0.53210705518722534 -2.735264778137207 -0.47296044230461121 0.1353687196969986 -1.2627750635147095 -0.7233542799949646 0.24409173429012299 -1.0578849315643311 -0.91424208879470825
181.58480000495911 0.10981345921754837 -1.1514203548431396 -0.42852053046226501 -0.43248575925827026 -2.0020377635955811 -0.43985795974731445 -0.47783222794532776 -2.2839148044586182 -0.50907385349273682 0.32546490430831909 -2.0184323787689209 -0.34891799092292786 0.45211732387542725 -2.3072428703308105 -0.41220498085021973 0.10634304583072662 -1.0239057540893555 -0.63043379783630371 0.20109975337982178 -0.84533524513244629 -0.79680067300796509
181.58480000495911 0.15236823260784149 -1.3044278621673584 -0.55950433015823364 -0.58070075511932373 -2.2926442623138428 -0.60171616077423096 -0.64656609296798706 -2.6129884719848633 -0.66466522216796875 0.20288749039173126 -2.3505032062530518 -0.41905635595321655 0.31153419613838196 -2.6809711456298828 -0.46874713897705078 0.31867900490760803 -1.521267294883728 -0.5708310604095459 0.23841474950313568 -1.0100599527359009 -0.6632307767868042
254.18850000202656 0.29419085383415222 -0.98305070400238037 -0.52107030153274536 -0.37223958969116211 -1.7780020236968994 -0.54122555255889893 -0.40810537338256836 -2.0401303768157959 -0.61795002222061157 0.32633909583091736 -1.8696935176849365 -0.44520407915115356 0.44064256548881531 -2.163494348526001 -0.51972365379333496 0.29592269659042358 -0.80492997169494629 -0.42968359589576721 0.40923872590065002 -0.70320731401443481 -0.45962220430374146
254.18850000202656 0.33403694629669189 -1.1535274982452393 -0.82365727424621582 -0.50515156984329224 -2.2455074787139893 -0.48936691880226135 -0.53630942106246948 -2.5919513702392578 -0.58246856927871704 0.21525749564170837 -2.3470425605773926 -0.30974328517913818 0.3349195122718811 -2.6806800365447998 -0.42232683300971985 0.40697950124740601 -1.4569078683853149 -0.77950203418731689 0.45967835187911987 -1.0105656385421753 -0.83513838052749634
312.26180000603199 0.32230779528617859 -1.1276822090148926 -0.79348784685134888 -0.4861321747303009 -2.1796510219573975 -0.47144618630409241 -0.51614832878112793 -2.5134010314941406 -0.56113648414611816 0.20788052678108215 -2.2774658203125 -0.29840412735939026 0.32315802574157715 -2.5988786220550537 -0.4068625271320343 0.39257770776748657 -1.4199464321136475 -0.75095045566558838 0.44334560632705688 -0.98995852470397949 -0.80454826354980469
312.26180000603199 0.2910902202129364 -1.150781512260437 -0.63213133811950684 -0.45167893171310425 -2.1793150901794434 -0.43054482340812683 -0.47979184985160828 -2.493156909942627 -0.51342535018920898 0.2528005838394165 -2.2530341148376465 -0.2646847665309906 0.37206324934959412 -2.5622293949127197 -0.35409510135650635 0.28096619248390198 -1.2380565404891968 -0.57751631736755371 0.3757094144821167 -0.98957264423370361 -0.67905044555664063
373.79710000008345 0.29100129008293152 -1.0472679138183594 -0.60640799999237061 -0.42154991626739502 -2.0339577198028564 -0.41302254796028137 -0.44851911067962646 -2.3350315093994141 -0.49253123998641968 0.25426939129829407 -2.1046779155731201 -0.2539101243019104 0.36868011951446533 -2.4012939929962158 -0.33968299627304077 0.28128913044929504 -1.1309922933578491 -0.55401486158370972 0.37217795848846436 -0.89261740446090698 -0.65141826868057251
373.79710000008345 0.067572310566902161 -1.2164840698242188 -0.74836647510528564 -0.4403497576713562 -2.2190792560577393 -0.43359965085983276 -0.4586929976940155 -2.5351264476776123 -0.48966911435127258 0.35462412238121033 -2.2240200042724609 -0.28725236654281616 0.51016569137573242 -2.555173397064209 -0.36590585112571716 0.2257615327835083 -0.99916183948516846 -0.65470302104949951 0.35081064701080322 -1.0213921070098877 -0.78368616104125977
432.74090000241995 0.090371571481227875 -1.0984216928482056 -0.70891201496124268 -0.39076969027519226 -2.0481538772583008 -0.41074159741401672 -0.40814581513404846 -2.3475370407104492 -0.46385475993156433 0.36228823661804199 -2.0528345108032227 -0.27211064100265503 0.50962871313095093 -2.3665270805358887 -0.34661704301834106 0.24022006988525391 -0.89255809783935547 -0.62018710374832153 0.35867586731910706 -0.91361618041992188 -0.74236941337585449
432.74090000241995 0.1337181031703949 -1.163084864616394 -0.64458727836608887 -0.4244227409362793 -2.1712191104888916 -0.24586859345436096 -0.41964921355247498 -2.4927163124084473 -0.28586921095848083 0.34151673316955566 -2.1918609142303467 -0.081236831843852997 0.49133729934692383 -2.5053920745849609 -0.11370681971311569 0.18661917746067047 -1.0449317693710327 -0.545654296875 0.29874414205551147 -0.86576741933822632 -0.66652697324752808
490.4552000015974 0.16916175186634064 -1.2154492139816284 -0.54614675045013428 -0.41856983304023743 -2.1687016487121582 -0.13574899733066559 -0.44025376439094543 -2.4943780899047852 -0.16253478825092316 0.39289405941963196 -2.2235579490661621 -0.037602599710226059 0.53502213954925537 -2.5487809181213379 -0.070976577699184418 0.1833641529083252 -0.97102642059326172 -0.52676022052764893 0.29943233728408813 -0.82086670398712158 -0.66782140731811523
490.4552000015974 0.16610053181648254 -1.2397221326828003 -0.54569000005722046 -0.42114096879959106 -2.1921799182891846 -0.13563446700572968 -0.44280681014060974 -2.5175845623016357 -0.16239790618419647 0.38964632153511047 -2.2469902038574219 -0.037569891661405563 0.53165590763092041 -2.5719423294067383 -0.070916041731834412 0.18029108643531799 -0.99550318717956543 -0.52631962299346924 0.29626250267028809 -0.84546864032745361 -0.66726315021514893
545.88180000334978 0.14554804563522339 -1.1349387168884277 -0.62920182943344116 -0.48226138949394226 -2.1186113357543945 -0.21340325474739075 -0.51250332593917847 -2.4518167972564697 -0.26443204283714294 0.34360504150390625 -2.1801905632019043 -0.067841142416000366 0.47848808765411377 -2.5007009506225586 -0.13066597282886505 0.20032063126564026 -1.0328736305236816 -0.62487536668777466 0.34353414177894592 -0.84591794013977051 -0.76497220993041992
545.88180000334978 0.17603716254234314 -1.1444061994552612 -0.8907010555267334 -0.51684004068374634 -2.2319035530090332 -0.45651251077651978 -0.55972063541412354 -2.5645127296447754 -0.52269548177719116 0.36568146944046021 -2.2657864093780518 -0.25108674168586731 0.52716279029846191 -2.5941517353057861 -0.34463435411453247 0.22644080221652985 -1.1091021299362183 -0.74677586555480957 0.35235223174095154 -0.94211387634277344 -0.85034787654876709
601.04840000718832 0.24388846755027771 -1.0297787189483643 -0.82740974426269531 -0.39975112676620483 -2.0399956703186035 -0.42407569289207458 -0.43958452343940735 -2.3489689826965332 -0.48555552959442139 0.42005616426467896 -2.0714707374572754 -0.2332480251789093 0.57006222009658813 -2.3765015602111816 -0.32014787197113037 0.29071030020713806 -0.99698340892791748 -0.69371223449707031 0.40767410397529602 -0.8418617844581604 -0.78992414474487305
601.04840000718832 0.21634107828140259 -1.1642416715621948 -0.59297442436218262 -0.34298709034919739 -2.1061973571777344 -0.20744453370571136 -0.36297658085823059 -2.4180669784545898 -0.25183138251304626 0.46558278799057007 -2.1289398670196533 -0.071722231805324554 0.63982701301574707 -2.4401586055755615 -0.13579452037811279 0.24013331532478333 -0.98150259256362915 -0.52606594562530518 0.3236091136932373 -0.82068789005279541 -0.63463133573532104
662.46149999648333 0.26016983389854431 -1.1622231006622314 -0.74906128644943237 -0.43203854560852051 -2.1670010089874268 -0.57435870170593262 -0.46363222599029541 -2.4962489604949951 -0.65832304954528809 0.36659693717956543 -2.2275242805480957 -0.38039174675941467 0.52964210510253906 -2.5614259243011475 -0.47953298687934875 0.26818022131919861 -1.1759275197982788 -0.75724005699157715 0.40609034895896912 -0.9545326828956604 -0.83648347854614258
662.46149999648333 0.2303667813539505 -1.1570056676864624 -0.7443888783454895 -0.45752677321434021 -2.155519962310791 -0.57077527046203613 -0.48892349004745483 -2.4827158451080322 -0.6542162299156189 0.33613049983978271 -2.2156662940979004 -0.37801733613014221 0.49815934896469116 -2.5474867820739746 -0.47654059529304504 0.23832723498344421 -1.1706244945526123 -0.75251662731170654 0.37537768483161926 -0.95060974359512329 -0.83126616477966309
733.35570000857115 0.1813478022813797 -1.2234663963317871 -0.54633688926696777 -0.45004099607467651 -2.1669282913208008 -0.10892597585916519 -0.47551396489143372 -2.5121066570281982 -0.16572345793247223 0.34772148728370667 -2.2288851737976074 -0.010586711578071117 0.49770611524581909 -2.5584301948547363 -0.10256798565387726 0.16895081102848053 -1.1124714612960815 -0.5918000340461731 0.2825990617275238 -0.88447308540344238 -0.75832676887512207
733.35570000857115 0.16160956025123596 -1.2335109710693359 -0.61638939380645752 -0.49171093106269836 -2.2760045528411865 -0.32488837838172913 -0.51186549663543701 -2.6212904453277588 -0.38025093078613281 0.31530055403709412 -2.3247742652893066 -0.17412249743938446 0.46611762046813965 -2.6870791912078857 -0.25321501493453979 0.1593565046787262 -1.0926969051361084 -0.66707181930541992 0.33714497089385986 -0.90867602825164795 -0.8314896821975708
799.50829999893904 0.26625913381576538 -1.1579324007034302 -0.6567872166633606 -0.50082319974899292 -2.2151050567626953 -0.53362208604812622 -0.53977125883102417 -2.5477168560028076 -0.6056714653968811 0.34347915649414063 -2.3084378242492676 -0.32036063075065613 0.49181681871414185 -2.6586449146270752 -0.39672386646270752 0.2573704719543457 -1.076851487159729 -0.57507437467575073 0.40425238013267517 -0.90186417102813721 -0.62205314636230469
799.50829999893904 0.33068758249282837 -1.1779918670654297 -0.63437604904174805 -0.41705012321472168 -2.165841817855835 -0.64924949407577515 -0.45590725541114807 -2.4909262657165527 -0.74433094263076782 0.34973713755607605 -2.2020540237426758 -0.48253276944160461 0.47399783134460449 -2.5453355312347412 -0.56357401609420776 0.2971101701259613 -0.9561467170715332 -0.63701796531677246 0.42354840040206909 -0.83722120523452759 -0.66863900423049927
857.60140000283718 0.28795221447944641 -1.1933043003082275 -0.61301559209823608 -0.39609250426292419 -2.2027909755706787 -0.73406583070755005 -0.43230271339416504 -2.5437989234924316 -0.83916592597961426 0.33167105913162231 -2.2363545894622803 -0.61138325929641724 0.47574400901794434 -2.595609188079834 -0.73367255926132202 0.38173091411590576 -1.0257002115249634 -0.66644954681396484 0.42423528432846069 -0.83984029293060303 -0.65359526872634888
857.60140000283718 0.29547774791717529 -1.3637251853942871 -0.67479944229125977 -0.45751449465751648 -2.4749622344970703 -0.80805087089538574 -0.49737450480461121 -2.8503415584564209 -0.92374444007873535 0.34360319375991821 -2.5119085311889648 -0.67300266027450562 0.50219780206680298 -2.9073736667633057 -0.80761796236038208 0.39870879054069519 -1.1792275905609131 -0.73361921310424805 0.44549733400344849 -0.97463423013687134 -0.71946936845779419
913.7031000033021 0.33658254146575928 -1.2360173463821411 -0.79792290925979614 -0.49359479546546936 -2.3638319969177246 -0.64678001403808594 -0.52700722217559814 -2.7045633792877197 -0.73642843961715698 0.37103191018104553 -2.4263570308685303 -0.45200774073600769 0.49551475048065186 -2.7695622444152832 -0.52608174085617065 0.29161256551742554 -1.2392083406448364 -0.69217860698699951 0.4368082582950592 -0.99501490592956543 -0.76085686683654785
913.7031000033021 0.2356133908033371 -1.173062801361084 -0.6951977014541626 -0.45575970411300659 -2.1236953735351563 -0.74523091316223145 -0.4842207133769989 -2.4489328861236572 -0.85219913721084595 0.33788403868675232 -2.1283102035522461 -0.60087651014328003 0.48549488186836243 -2.4722352027893066 -0.68933951854705811 0.19003431499004364 -0.97929751873016357 -0.73987489938735962 0.3046395480632782 -0.75161647796630859 -0.7690047025680542
972.43940000236034 0.27313971519470215 -1.2706851959228516 -0.74192225933074951 -0.46470049023628235 -2.2852098941802979 -0.79531818628311157 -0.49507436156272888 -2.6323063373565674 -0.90947568416595459 0.38228389620780945 -2.2901349067687988 -0.64126169681549072 0.53981566429138184 -2.657174825668335 -0.73567032814025879 0.22449725866317749 -1.0638970136642456 -0.78960222005844116 0.34680509567260742 -0.82091361284255981 -0.82068979740142822
972.43940000236034 0.43511679768562317 -1.1273916959762573 -0.91283112764358521 -0.3785422146320343 -2.1915903091430664 -0.88182389736175537 -0.42214691638946533 -2.5404775142669678 -1.0135537385940552 0.31417521834373474 -2.2393600940704346 -0.74205517768859863 0.45246940851211548 -2.5945320129394531 -0.85144060850143433 0.41747251152992249 -1.147278904914856 -1.0756365060806274 0.42997089028358459 -0.71705138683319092 -1.1132266521453857
1033.9452000036836 0.39152750372886658 -1.034577488899231 -0.92325896024703979 -0.35890990495681763 -2.2184748649597168 -0.68323707580566406 -0.39164441823959351 -2.5522644519805908 -0.77771806716918945 0.47614431381225586 -2.2323088645935059 -0.45999526977539063 0.64157319068908691 -2.5701863765716553 -0.53476351499557495 0.3168775737285614 -0.95580840110778809 -0.88549458980560303 0.40874719619750977 -0.70042526721954346 -1.0196874141693115
1033.9452000036836 0.34337183833122253 -1.207476019859314 -0.66637426614761353 -0.29548671841621399 -2.1663048267364502 -0.84512394666671753 -0.29232606291770935 -2.5000591278076172 -0.97002327442169189 0.40803378820419312 -2.1723816394805908 -0.79495549201965332 0.56290298700332642 -2.5315995216369629 -0.90640050172805786 0.32115280628204346 -1.0413534641265869 -0.85325503349304199 0.39071974158287048 -0.73961144685745239 -0.88028550148010254
1092.9262999966741 0.3864387571811676 -1.2426464557647705 -0.68260711431503296 -0.26798716187477112 -2.2248396873474121 -0.86571246385574341 -0.26474949717521667 -2.5667264461517334 -0.99365526437759399 0.45267635583877563 -2.2310643196105957 -0.81432151794433594 0.61131930351257324 -2.5990357398986816 -0.92848217487335205 0.36367830634117126 -1.0724759101867676 -0.87404167652130127 0.4349403977394104 -0.7633812427520752 -0.90173083543777466
1092.9262999966741 0.41114893555641174 -1.0579301118850708 -0.96542757749557495 -0.28683397173881531 -2.2298092842102051 -0.70169466733932495 -0.319580078125 -2.5756561756134033 -0.80897259712219238 0.47120651602745056 -2.2575068473815918 -0.51373922824859619 0.62592750787734985 -2.5981488227844238 -0.60264164209365845 0.40217325091362 -1.1449195146560669 -0.99185788631439209 0.41933116316795349 -0.75170183181762695 -1.0926214456558228
1153.2375000044703 0.40435221791267395 -1.1815663576126099 -0.7504618763923645 -0.4327397346496582 -2.2979679107666016 -0.50584161281585693 -0.46097570657730103 -2.6281986236572266 -0.59556138515472412 0.39180529117584229 -2.3336656093597412 -0.34401118755340576 0.52578967809677124 -2.662334680557251 -0.44466143846511841 0.36645045876502991 -1.2005025148391724 -0.74877125024795532 0.45278826355934143 -0.84758251905441284 -0.86611247062683105
1153.2375000044703 0.36709612607955933 -1.157615065574646 -0.71926546096801758 -0.43519565463066101 -2.227604866027832 -0.48481467366218567 -0.46225777268409729 -2.5441069602966309 -0.57080459594726563 0.3550707995891571 -2.2618186473846436 -0.32971200346946716 0.48348507285118103 -2.5768239498138428 -0.42617794871330261 0.33077007532119751 -1.1757642030715942 -0.71764510869979858 0.4135185182094574 -0.83751595020294189 -0.83010810613632202
1212.1777000054717 0.41244333982467651 -1.0795427560806274 -0.92298823595046997 -0.45617190003395081 -2.2129418849945068 -0.60089713335037231 -0.48294016718864441 -2.5358505249023438 -0.68854892253875732 0.27734977006912231 -2.2801823616027832 -0.3833349347114563 0.38767147064208984 -2.5811028480529785 -0.48772192001342773 0.46189188957214355 -1.3740549087524414 -0.77472954988479614 0.50844424962997437 -0.90917038917541504 -0.84203064441680908
1212.1777000054717 0.26069486141204834 -0.98312705755233765 -0.79077333211898804 -0.40685245394706726 -2.0636734962463379 -0.54852771759033203 -0.40671244263648987 -2.3573694229125977 -0.63860630989074707 0.30401426553726196 -2.0948748588562012 -0.38367834687232971 0.41884276270866394 -2.3692362308502197 -0.47553688287734985 0.38030692934989929 -1.0849230289459229 -0.67821639776229858 0.49005168676376343 -0.83459931612014771 -0.7537197470664978
1273.8162000030279 0.30016925930976868 -1.0711767673492432 -0.87738382816314697 -0.42108657956123352 -2.1451992988586426 -0.48568537831306458 -0.43824496865272522 -2.4544241428375244 -0.57226157188415527 0.31372553110122681 -2.2045373916625977 -0.30132624506950378 0.44542783498764038 -2.4802553653717041 -0.41765040159225464 0.4435712993144989 -1.3757891654968262 -0.81075406074523926 0.44720527529716492 -0.96749234199523926 -0.8927580714225769
1273.8162000030279 0.20663374662399292 -0.9833979606628418 -0.847678542137146 -0.49019226431846619 -2.0210418701171875 -0.46924746036529541 -0.50676947832107544 -2.3197927474975586 -0.55289119482040405 0.21973082423210144 -2.0783703327178955 -0.29113280773162842 0.34697222709655762 -2.3447492122650146 -0.40351691842079163 0.34517857432365417 -1.2776926755905151 -0.78330564498901367 0.34868943691253662 -0.88322544097900391 -0.86253207921981812
1332.0690999999642 0.18895211815834045 -1.1416710615158081 -0.70290136337280273 -0.45020541548728943 -2.1095654964447021 -0.42684158682823181 -0.45984408259391785 -2.4286665916442871 -0.52438527345657349 0.21360355615615845 -2.171173095703125 -0.31145638227462769 0.33237332105636597 -2.4572656154632568 -0.42360249161720276 0.35101112723350525 -1.2445055246353149 -0.73800486326217651 0.39082646369934082 -0.93588417768478394 -0.81582725048065186
1332.0690999999642 0.31339612603187561 -1.3706586360931396 -0.63375049829483032 -0.39153274893760681 -2.2753162384033203 -0.74677187204360962 -0.408834308385849 -2.6137957572937012 -0.86838680505752563 0.11762838810682297 -2.3154487609863281 -0.76302045583724976 0.23840594291687012 -2.6479706764221191 -0.8878435492515564 0.5849146842956543 -1.6983225345611572 -1.0998566150665283 0.3545072078704834 -0.91890710592269897 -1.0899504423141479
1405.867499999702 0.25719287991523743 -1.0660736560821533 -0.46179088950157166 -0.37626180052757263 -2.0232524871826172 -0.17338173091411591 -0.39585041999816895 -2.329573392868042 -0.23950393497943878 0.20994505286216736 -2.0979263782501221 -0.081964254379272461 0.29032436013221741 -2.3656778335571289 -0.14613249897956848 0.26470190286636353 -1.3322422504425049 -0.63902413845062256 0.27391260862350464 -0.87923204898834229 -0.78014171123504639
1405.867499999702 0.25845593214035034 -1.1866720914840698 -0.5035979151725769 -0.43377271294593811 -2.2026257514953613 -0.30522421002388 -0.45136344432830811 -2.5118145942687988 -0.35624992847442627 0.16428491473197937 -2.2506866455078125 -0.19257223606109619 0.26300874352455139 -2.5364990234375 -0.23570692539215088 0.36254459619522095 -1.610088586807251 -0.75491249561309814 0.22253696620464325 -0.84838998317718506 -0.84694987535476685
1463.0724000036716 0.28308570384979248 -1.1732034683227539 -0.5059235692024231 -0.41233175992965698 -2.1938369274139404 -0.30663600564002991 -0.43000352382659912 -2.5044500827789307 -0.35789680480957031 0.18848088383674622 -2.242119312286377 -0.19346508383750916 0.28765949606895447 -2.5292482376098633 -0.2367984801530838 0.3876538872718811 -1.5985703468322754 -0.75839585065841675 0.2470012754201889 -0.833362877368927 -0.8508571982383728
1463.0724000036716 0.16825740039348602 -1.1966084241867065 -0.54573220014572144 -0.50721848011016846 -2.2364406585693359 -0.35806813836097717 -0.54018872976303101 -2.5637295246124268 -0.41686317324638367 0.26316401362419128 -2.2779624462127686 -0.19608029723167419 0.38414382934570313 -2.6048812866210938 -0.25122776627540588 0.2304568886756897 -1.4262019395828247 -0.74128627777099609 0.19954097270965576 -0.85073333978652954 -0.88170534372329712
1519.1658999994397 0.19924627244472504 -1.2070738077163696 -0.11543811857700348 -0.47715207934379578 -2.1977913379669189 -0.43901562690734863 -0.4709169864654541 -2.5145218372344971 -0.48571205139160156 0.15163849294185638 -2.3126401901245117 -0.33484706282615662 0.26432093977928162 -2.6517271995544434 -0.34074851870536804 0.4713977575302124 -1.7286027669906616 -0.36908301711082458 0.31456586718559265 -0.8533250093460083 -0.34778529405593872
1519.1658999994397 0.28174018859863281 -1.2577557563781738 -0.50951987504959106 -0.39598444104194641 -2.2955105304718018 -0.36605682969093323 -0.3948996365070343 -2.6408405303955078 -0.44076701998710632 0.36183962225914001 -2.3381731510162354 -0.19589395821094513 0.51558029651641846 -2.6733226776123047 -0.23769553005695343 0.27932506799697876 -1.1413533687591553 -0.58177655935287476 0.35786634683609009 -0.90239411592483521 -0.73314416408538818
1576.410499997437 0.32415091991424561 -1.236944317817688 -0.49830108880996704 -0.33863037824630737 -2.2518174648284912 -0.35800129175186157 -0.33756950497627258 -2.5895330905914307 -0.4310641884803772 0.40248420834541321 -2.2935390472412109 -0.19159038364887238 0.55283504724502563 -2.6212987899780273 -0.23247025907039642 0.32178905606269836 -1.1231085062026978 -0.56896454095840454 0.39859855175018311 -0.88941806554794312 -0.71699458360671997
1576.410499997437 0.24253040552139282 -1.223125696182251 -0.61058735847473145 -0.25335255265235901 -2.2194056510925293 -0.58446985483169556 -0.22871012985706329 -2.5574624538421631 -0.68275225162506104 0.35424050688743591 -2.2137992382049561 -0.4618740975856781 0.48985031247138977 -2.5521903038024902 -0.52143567800521851 0.24001508951187134 -1.0564481019973755 -0.78757691383361816 0.29177179932594299 -0.81191897392272949 -0.91547715663909912
1633.3505999967456 0.25534874200820923 -1.1423791646957397 -0.83486443758010864 -0.39406025409698486 -2.1946892738342285 -0.99918341636657715 -0.42107284069061279 -2.5504636764526367 -1.153303861618042 0.3756159245967865 -2.1910676956176758 -0.88960230350494385 0.51913052797317505 -2.5531485080718994 -1.0002601146697998 0.27661636471748352 -0.96907943487167358 -0.9064067006111145 0.40066024661064148 -0.81846928596496582 -0.97047936916351318
1633.3505999967456 0.29456779360771179 -1.0145007371902466 -0.7582021951675415 -0.29521018266677856 -1.9701842069625854 -0.90743279457092285 -0.31974238157272339 -2.2932901382446289 -1.0474014282226563 0.40379157662391663 -1.9668952226638794 -0.80791378021240234 0.53412812948226929 -2.2957284450531006 -0.90841060876846313 0.31388252973556519 -0.85711413621902466 -0.82317519187927246 0.42653623223304749 -0.7203335165977478 -0.88136446475982666
1689.4404000043869 0.24877752363681793 -0.89813274145126343 -0.71093231439590454 -0.35810822248458862 -1.9644681215286255 -0.94839966297149658 -0.40083140134811401 -2.296168327331543 -1.104567289352417 0.36277273297309875 -1.9911723136901855 -0.85800296068191528 0.50093275308609009 -2.3152318000793457 -1.0008691549301147 0.30824735760688782 -0.73496586084365845 -0.77848929166793823 0.41808536648750305 -0.72812879085540771 -0.82759976387023926
1806.741700001061 -0.12874963879585266 -0.73873364925384521 0.69702440500259399 -0.17372658848762512 -1.2008093595504761 0.70832628011703491 -0.1251223236322403 -1.2674458026885986 0.92916733026504517 0.27735093235969543 -1.0329333543777466 0.66738075017929077 0.29845210909843445 -0.98442655801773071 0.93583458662033081 0.35530048608779907 -0.67817884683609009 0.62130320072174072 0.38656395673751831 -0.4581928551197052 0.39587339758872986
1958.3105000033975 0.85640186071395874 -0.98114687204360962 -1.6721833944320679 0.54602974653244019 -1.6407002210617065 -0.51881492137908936 0.55251193046569824 -1.9649660587310791 -0.85984176397323608 1.3325289487838745 -1.2232005596160889 -0.52393358945846558 1.3378850221633911 -1.3017151355743408 -0.91944795846939087 1.3781827688217163 -0.62406152486801147 -1.4500356912612915 1.3700326681137085 -0.2069377601146698 -1.3340938091278076
2032.5465999990702 1.3952701091766357 -2.194176197052002 -0.072471663355827332 0.01406465470790863 -3.5870075225830078 0.99178552627563477 -0.20165981352329254 -4.1527462005615234 0.92803442478179932 0.16651420295238495 -3.5145096778869629 0.49050542712211609 0.096639260649681091 -3.8682312965393066 0.48138523101806641 1.0805904865264893 -2.3381683826446533 0.13542275130748749 1.1210629940032959 -2.0501911640167236 -0.51474553346633911
2032.5465999990702 0.76035237312316895 -1.5272659063339233 0.16302253305912018 -0.059372697025537491 -2.187730073928833 -0.034238200634717941 -0.14997601509094238 -2.4344439506530762 0.011422915384173393 -0.11102397739887238 -2.2582509517669678 -0.59754496812820435 -0.15783634781837463 -2.5042562484741211 -0.62789404392242432 0.31154268980026245 -1.5599377155303955 -0.73814308643341064 0.22815729677677155 -1.3087658882141113 -1.2013084888458252
2105.0185000002384 0.21316505968570709 -1.2243238687515259 0.49376529455184937 -0.59092491865158081 -1.9667814970016479 0.11804354935884476 -0.68112128973007202 -2.2456746101379395 0.1445481926202774 -0.20981545746326447 -1.7096239328384399 -0.18401004374027252 -0.16868869960308075 -1.8116620779037476 -0.1175210028886795 0.35030904412269592 -1.4676207304000854 -0.72681349515914917 0.59700602293014526 -1.11705482006073 -1.2093833684921265
2105.0185000002384 0.77816170454025269 -1.15656578540802 -2.0578780174255371 -0.1641501784324646 -2.3782598972320557 -2.298255443572998 -0.18008869886398315 -2.7292406558990479 -2.5668063163757324 0.53057569265365601 -2.3332595825195313 -2.2590391635894775 0.71105283498764038 -2.6423797607421875 -2.5836365222930908 0.83109164237976074 -1.4147279262542725 -2.0752465724945068 0.53431791067123413 -0.50446677207946777 -1.9481360912322998
2194.2961999997497 0.71526104211807251 -0.60419470071792603 -0.81940191984176636 -0.073964595794677734 -1.4028844833374023 -0.82594007253646851 -0.11632098257541656 -1.6239408254623413 -0.89270120859146118 0.41714397072792053 -1.5134555101394653 -0.67350202798843384 0.5193668007850647 -1.7425738573074341 -0.77077376842498779 0.819255530834198 -0.93888771533966064 -0.85088419914245605 0.61556786298751831 -0.28105980157852173 -0.78330183029174805
2194.2961999997497 0.60111409425735474 -0.97575533390045166 -1.0218095779418945 -0.10057466477155685 -2.069481372833252 -1.1508654356002808 -0.12358343601226807 -2.4105966091156006 -1.3354130983352661 0.39431923627853394 -2.1190183162689209 -1.1727399826049805 0.56416517496109009 -2.4615740776062012 -1.3689628839492798 0.70473402738571167 -0.92252266407012939 -1.1990056037902832 0.70288747549057007 -0.63883483409881592 -1.2002100944519043
2251.4301999956369 0.66024374961853027 -0.74612075090408325 -1.2075736522674561 -0.07261783629655838 -1.8922483921051025 -1.1011748313903809 -0.061994690448045731 -2.2045705318450928 -1.2416085004806519 0.43780976533889771 -1.9615068435668945 -0.92242395877838135 0.54770123958587646 -2.2655656337738037 -1.0812630653381348 0.6057860255241394 -0.85457098484039307 -1.0967350006103516 0.75826096534729004 -0.60762357711791992 -1.1407601833343506
2251.4301999956369 0.52032053470611572 -0.77773964405059814 -1.2319161891937256 -0.22733600437641144 -1.9470052719116211 -1.1233694553375244 -0.21649840474128723 -2.2656326293945313 -1.2666381597518921 0.29339608550071716 -2.0176618099212646 -0.94100993871688843 0.40550601482391357 -2.3278589248657227 -1.1030557155609131 0.46476343274116516 -0.88837927579879761 -1.1188400983810425 0.62031656503677368 -0.63644653558731079 -1.1637539863586426
2310.8097000047565 0.53194946050643921 -0.86462229490280151 -0.93935328722000122 -0.10738097131252289 -1.9800018072128296 -0.73575437068939209 -0.096222326159477234 -2.2805106639862061 -0.84935396909713745 0.38318315148353577 -1.9959274530410767 -0.56366479396820068 0.50790268182754517 -2.2940428256988525 -0.66344285011291504 0.48541322350502014 -0.83931511640548706 -0.87395566701889038 0.49308484792709351 -0.61526113748550415 -0.94310832023620605
2310.8097000047565 0.65160942077636719 -0.97389054298400879 -1.0011004209518433 -0.23411953449249268 -2.1829869747161865 -0.81142556667327881 -0.23017720878124237 -2.5105888843536377 -0.93235552310943604 0.49371448159217834 -2.2545170783996582 -0.58779311180114746 0.63964128494262695 -2.5919110774993896 -0.71473115682601929 0.49743807315826416 -0.9394412636756897 -0.7802690863609314 0.60918617248535156 -0.73224049806594849 -0.83895176649093628
2386.291400000453 0.62223994731903076 -0.95588314533233643 -0.96526610851287842 -0.28389051556587219 -2.169694185256958 -0.8331449031829834 -0.30723467469215393 -2.5112454891204834 -0.95340615510940552 0.48657366633415222 -2.2441434860229492 -0.62373822927474976 0.61838150024414063 -2.5810527801513672 -0.74925649166107178 0.42565488815307617 -1.0548039674758911 -0.77453964948654175 0.60796380043029785 -0.84849345684051514 -0.82619935274124146
2386.291400000453 0.58244448900222778 -1.0768345594406128 -0.45645123720169067 -0.27705836296081543 -2.0075645446777344 -0.54378265142440796 -0.30969414114952087 -2.3039786815643311 -0.62797200679779053 0.408978670835495 -2.110238790512085 -0.42562404274940491 0.52153533697128296 -2.430016040802002 -0.50829046964645386 0.45616522431373596 -1.0387805700302124 -0.35172677040100098 0.60270875692367554 -0.90464484691619873 -0.37930235266685486
2443.429000005126 0.54917657375335693 -1.0874892473220825 -0.47498854994773865 -0.34523537755012512 -2.0560212135314941 -0.56586700677871704 -0.37919667363166809 -2.3644742965698242 -0.65347570180892944 0.36866533756256104 -2.1628656387329102 -0.44290930032730103 0.48579356074333191 -2.4956309795379639 -0.52893322706222534 0.41776841878890991 -1.0478895902633667 -0.3660106360912323 0.57026386260986328 -0.90830594301223755 -0.39470621943473816
2443.429000005126 0.51631629467010498 -1.1598683595657349 -0.13699160516262054 -0.37693965435028076 -2.1309559345245361 -0.10918780416250229 -0.43949025869369507 -2.4346740245819092 -0.1585693359375 0.32712268829345703 -2.2366335391998291 0.037914536893367767 0.39613404870033264 -2.5676288604736328 0.019838616251945496 0.42567858099937439 -1.0521738529205322 -0.0013743694871664047 0.59843969345092773 -0.95009028911590576 -0.11193908751010895
2498.6472000032663 0.47822397947311401 -1.0944932699203491 -0.65371876955032349 -0.33069726824760437 -2.1586923599243164 -0.72101116180419922 -0.36318856477737427 -2.4968419075012207 -0.85699290037155151 0.26208075881004333 -2.2573609352111816 -0.64305734634399414 0.37350523471832275 -2.5963497161865234 -0.7778095006942749 0.3898489773273468 -1.1070467233657837 -0.84502345323562622 0.52003097534179688 -0.94555032253265381 -0.96575945615768433
2498.6472000032663 0.59904271364212036 -1.035950779914856 -0.61182790994644165 -0.15803840756416321 -2.0319499969482422 -0.67480778694152832 -0.18844746053218842 -2.3484292030334473 -0.8020750880241394 0.39675110578536987 -2.1242952346801758 -0.60184973478317261 0.50103491544723511 -2.4415600299835205 -0.72796618938446045 0.5163312554359436 -1.0476995706558228 -0.79087269306182861 0.63817048072814941 -0.89655274152755737 -0.90387123823165894
2553.506700001657 0.51892238855361938 -1.0807887315750122 -0.39707925915718079 -0.32142040133476257 -2.0536928176879883 -0.30653345584869385 -0.374582439661026 -2.3432857990264893 -0.38109651207923889 0.32454854249954224 -2.1730232238769531 -0.16598024964332581 0.37876987457275391 -2.460212230682373 -0.23847304284572601 0.43483716249465942 -1.0672388076782227 -0.31386071443557739 0.62398982048034668 -1.0079056024551392 -0.40805038809776306
2553.506700001657 0.34412282705307007 -0.93622368574142456 -0.24127639830112457 -0.42652857303619385 -1.8791545629501343 -0.35633677244186401 -0.45462912321090698 -2.144094705581665 -0.40193924307823181 0.14448684453964233 -2.0305044651031494 -0.24714985489845276 0.22272998094558716 -2.3055515289306641 -0.29835957288742065 0.32944223284721375 -1.2633593082427979 -0.28352469205856323 0.48099678754806519 -0.87377035617828369 -0.35930672287940979
2610.4903000071645 0.33359077572822571 -1.0463216304779053 -0.26163819432258606 -0.50215393304824829 -2.0688974857330322 -0.38641718029975891 -0.53262799978256226 -2.3562157154083252 -0.43587148189544678 0.11709247529506683 -2.2330310344696045 -0.2680077850818634 0.20194442570209503 -2.5313100814819336 -0.32354292273521423 0.31767013669013977 -1.4010887145996094 -0.30745503306388855 0.48202583193778992 -0.97859311103820801 -0.38963797688484192
2610.4903000071645 0.19238050282001495 -1.108271598815918 -0.50605499744415283 -0.56521540880203247 -2.1190159320831299 -0.26931971311569214 -0.58415430784225464 -2.4154255390167236 -0.30864033102989197 0.19863884150981903 -2.2254788875579834 -0.052374172955751419 0.32192730903625488 -2.5197975635528564 -0.094907350838184357 0.2262287437915802 -1.2554906606674194 -0.35000821948051453 0.32338473200798035 -1.0016673803329468 -0.46597588062286377
2680.9315000027418 0.27444416284561157 -1.060053825378418 -0.086784318089485168 -0.42724448442459106 -1.9093139171600342 -0.4456811249256134 -0.46342393755912781 -2.2010576725006104 -0.50842016935348511 0.10867097228765488 -2.0099928379058838 -0.40592411160469055 0.19058942794799805 -2.3159787654876709 -0.4484163224697113 0.3567868173122406 -1.4206584692001343 -0.19158075749874115 0.30170151591300964 -0.83362108469009399 -0.16598400473594666
2680.9315000027418 0.47922816872596741 -1.2537726163864136 -0.18394255638122559 -0.39941272139549255 -2.2937064170837402 -0.28450110554695129 -0.46860858798027039 -2.608508825302124 -0.37522852420806885 0.093191072344779968 -2.3449194431304932 -0.25673341751098633 0.17503806948661804 -2.6560919284820557 -0.32334479689598083 0.45780801773071289 -1.3003431558609009 -0.42314639687538147 0.46328532695770264 -1.0023523569107056 -0.6044762134552002
2737.3762999996543 0.39565691351890564 -1.2127410173416138 -0.38942748308181763 -0.43474319577217102 -2.1945021152496338 -0.23370224237442017 -0.4648796021938324 -2.5000655651092529 -0.29795581102371216 0.27053368091583252 -2.2999038696289063 -0.056463122367858887 0.37354862689971924 -2.6065216064453125 -0.096697598695755005 0.32949826121330261 -1.2003439664840698 -0.29194852709770203 0.46832761168479919 -1.028406023979187 -0.42784649133682251
2737.3762999996543 0.42681616544723511 -1.051743745803833 -0.35059410333633423 -0.32077115774154663 -1.9355971813201904 -0.21039877831935883 -0.34790217876434326 -2.2106881141662598 -0.26824456453323364 0.31417098641395569 -2.0304877758026123 -0.050835069268941879 0.40691265463829041 -2.3065276145935059 -0.087057106196880341 0.36725527048110962 -1.0405830144882202 -0.26283636689186096 0.49223965406417847 -0.88579189777374268 -0.385181725025177
2794.7412000000477 0.45475119352340698 -1.1311659812927246 0.027142532169818878 -0.28635188937187195 -2.0093634128570557 0.02827397920191288 -0.31673875451087952 -2.264742374420166 -0.014491569250822067 0.23083576560020447 -2.098111629486084 0.042546331882476807 0.33353903889656067 -2.3700101375579834 0.0065610799938440323 0.4220166802406311 -1.0413906574249268 -0.22054867446422577 0.49508246779441833 -0.91607582569122314 -0.465982586145401
2794.7412000000477 0.29091483354568481 -1.4031323194503784 -0.15678991377353668 -0.28908738493919373 -2.347907543182373 0.047902364283800125 -0.29164287447929382 -2.6644628047943115 0.010994753800332546 0.31572267413139343 -2.4683825969696045 0.0468791164457798 0.41573596000671387 -2.7802703380584717 0.012274347245693207 0.42624518275260925 -1.1616015434265137 -0.25424575805664063 0.54412829875946045 -1.1191222667694092 -0.44388046860694885
2851.8238999992609 0.2947533130645752 -1.2039744853973389 -0.13731430470943451 -0.21321070194244385 -2.0314056873321533 0.041954517364501953 -0.2154487818479538 -2.3086435794830322 0.0096309538930654526 0.31647995114326477 -2.1369171142578125 0.041058361530303955 0.40407127141952515 -2.4100675582885742 0.010751617141067982 0.41327521204948425 -0.99244260787963867 -0.22266583144664764 0.51651686429977417 -0.95523935556411743 -0.38874727487564087
2851.8238999992609 0.36586669087409973 -1.0958290100097656 -0.52106797695159912 -0.22934825718402863 -2.0897722244262695 -0.6272742748260498 -0.24209281802177429 -2.3848052024841309 -0.74575161933898926 0.26561132073402405 -2.1222662925720215 -0.67481756210327148 0.42171302437782288 -2.4032981395721436 -0.80264955759048462 0.38690292835235596 -1.112216591835022 -0.83249533176422119 0.43442344665527344 -0.90100157260894775 -1.0326491594314575
2918.5209999978542 0.36487865447998047 -1.109421968460083 -0.31254100799560547 -0.34590914845466614 -1.995707631111145 -0.27345898747444153 -0.38647365570068359 -2.2746849060058594 -0.32643699645996094 0.26874437928199768 -2.0410623550415039 -0.092518769204616547 0.33794930577278137 -2.3381397724151611 -0.11777429282665253 0.26357167959213257 -0.9654240608215332 -0.27678060531616211 0.34337592124938965 -0.86963742971420288 -0.36981001496315002
2918.5209999978542 0.3626493513584137 -1.0244942903518677 -0.47906920313835144 -0.15027590095996857 -1.9426381587982178 -0.47193819284439087 -0.15458862483501434 -2.2390921115875244 -0.56238061189651489 0.19777074456214905 -1.9593710899353027 -0.4652620255947113 0.29161429405212402 -2.2349545955657959 -0.54833513498306274 0.33200564980506897 -1.0647131204605103 -0.7751462459564209 0.30961591005325317 -0.85952287912368774 -0.96645122766494751
2975.9431000053883 0.50198793411254883 -1.1514294147491455 -0.5233924388885498 -0.058394365012645721 -2.154522180557251 -0.51560169458389282 -0.06310611218214035 -2.4784047603607178 -0.61441206932067871 0.32185441255569458 -2.1728034019470215 -0.5083078145980835 0.42438057065010071 -2.4738843441009521 -0.59906703233718872 0.46850904822349548 -1.1953694820404053 -0.8468632698059082 0.44404774904251099 -0.97119450569152832 -1.0558682680130005
2975.9431000053883 0.42617666721343994 -1.0295318365097046 -0.79884600639343262 -0.34367340803146362 -2.1294102668762207 -0.66031932830810547 -0.37362980842590332 -2.4340245723724365 -0.75241619348526001 0.35015162825584412 -2.1855292320251465 -0.39114204049110413 0.44532611966133118 -2.4888534545898438 -0.4603610634803772 0.39818152785301208 -1.0271315574645996 -0.55235826969146729 0.48298782110214233 -0.89093959331512451 -0.58027207851409912
3045.533100001514 0.31283113360404968 -1.0408811569213867 -0.27100038528442383 -0.32812756299972534 -1.8769038915634155 -0.1626848429441452 -0.36996406316757202 -2.1544227600097656 -0.21408332884311676 0.26614144444465637 -1.9715325832366943 -0.057715978473424911 0.32942628860473633 -2.2514224052429199 -0.098025478422641754 0.32054150104522705 -0.96129310131072998 -0.3052082359790802 0.42763721942901611 -0.87054049968719482 -0.43814897537231445
3045.533100001514 0.40454909205436707 -1.3144645690917969 -0.092144906520843506 -0.34111186861991882 -2.2142331600189209 -0.16206970810890198 -0.40277722477912903 -2.5069847106933594 -0.23919284343719482 0.23071685433387756 -2.2095005512237549 -0.12233512103557587 0.30521312355995178 -2.5207962989807129 -0.16882768273353577 0.34906971454620361 -1.0865496397018433 -0.17818982899188995 0.38336372375488281 -0.93821835517883301 -0.33886948227882385
3104.249000005424 0.41756847500801086 -1.2126355171203613 -0.1187160462141037 -0.18504172563552856 -2.1989433765411377 -0.25733974575996399 -0.21313144266605377 -2.5003776550292969 -0.33951076865196228 0.2908782958984375 -2.1494667530059814 -0.24768541753292084 0.38421031832695007 -2.4625990390777588 -0.2946586012840271 0.28582742810249329 -0.98238480091094971 -0.41984489560127258 0.24099542200565338 -0.79288285970687866 -0.64406722784042358
3104.249000005424 0.39530310034751892 -1.3371251821517944 -0.17260155081748962 -0.38971510529518127 -2.4082474708557129 -0.43030011653900146 -0.43232166767120361 -2.7459325790405273 -0.51246428489685059 0.41474315524101257 -2.4410662651062012 -0.32262274622917175 0.52253347635269165 -2.8049917221069336 -0.36420363187789917 0.28834691643714905 -1.0606398582458496 -0.25001323223114014 0.43779480457305908 -1.0652697086334229 -0.37417745590209961
3159.5846000015736 0.49591284990310669 -1.1599224805831909 -0.37068235874176025 -0.43753224611282349 -2.2395939826965332 -0.3759494423866272 -0.50194549560546875 -2.5570909976959229 -0.43640246987342834 0.20237934589385986 -2.3254852294921875 -0.21456734836101532 0.29036873579025269 -2.6580765247344971 -0.27485069632530212 0.38295036554336548 -1.0664836168289185 -0.27910462021827698 0.48968222737312317 -0.86799132823944092 -0.39757400751113892
3159.5846000015736 0.36811938881874084 -1.3484240770339966 -0.12959037721157074 -0.32345125079154968 -2.3078837394714355 0.022003496065735817 -0.3342902660369873 -2.611825704574585 -0.023265065625309944 0.34556692838668823 -2.3743228912353516 0.1256597638130188 0.446053147315979 -2.6724262237548828 0.10804985463619232 0.32153189182281494 -1.1541119813919067 -0.19596624374389648 0.37879025936126709 -0.98588889837265015 -0.35493916273117065
3217.1988999992609 0.37050288915634155 -1.2334623336791992 -0.1214076429605484 -0.27741572260856628 -2.1323606967926025 0.020617613568902016 -0.28757059574127197 -2.4171178340911865 -0.021793588995933533 0.34937393665313721 -2.1946063041687012 0.11773108690977097 0.44351744651794434 -2.473893404006958 0.10123271495103836 0.32685598731040955 -1.0514152050018311 -0.18359385430812836 0.3805001974105835 -0.89381039142608643 -0.3325323760509491
3217.1988999992609 0.4333186149597168 -1.2399798631668091 -0.1194932609796524 -0.40039461851119995 -2.1805257797241211 -0.096279256045818329 -0.46810010075569153 -2.4824728965759277 -0.15164583921432495 0.2957998514175415 -2.2615988254547119 0.020041566342115402 0.36783525347709656 -2.576073169708252 -0.010819461196660995 0.43522098660469055 -1.1214481592178345 -0.17690190672874451 0.51309782266616821 -0.99200451374053955 -0.3297806978225708
3274.1369999945164 0.36585518717765808 -1.2973724603652954 -0.14508062601089478 -0.36204403638839722 -2.1736321449279785 0.0095914620906114578 -0.39163172245025635 -2.4696674346923828 -0.018577955663204193 0.34016126394271851 -2.2747933864593506 0.18822444975376129 0.40039089322090149 -2.5728223323822021 0.20623037219047546 0.38904163241386414 -1.1557058095932007 -0.094575293362140656 0.4847465455532074 -1.0129843950271606 -0.23369106650352478
3274.1369999945164 0.30626577138900757 -1.2114911079406738 -0.13549423217773438 -0.37354451417922974 -2.0298604965209961 0.0089593743905425072 -0.40117749571800232 -2.306337833404541 -0.017349019646644592 0.28226932883262634 -2.1243383884429932 0.17579090595245361 0.3385198712348938 -2.4026780128479004 0.19260726869106293 0.32792043685913086 -1.0791836977005005 -0.088325567543506622 0.41730251908302307 -0.94589126110076904 -0.21825060248374939
3331.5292000100017 0.18478541076183319 -1.1478468179702759 -0.20605999231338501 -0.37994548678398132 -2.0507941246032715 -0.029134402051568031 -0.40837585926055908 -2.3359346389770508 -0.053710374981164932 0.29925379157066345 -2.1273021697998047 0.13099648058414459 0.36193233728408813 -2.4240679740905762 0.15373131632804871 0.2815508246421814 -0.9517662525177002 -0.15050557255744934 0.34071928262710571 -0.84581154584884644 -0.30646654963493347
3331.5292000100017 0.21011127531528473 -1.0237783193588257 -0.3677421510219574 -0.4994083046913147 -1.9419894218444824 -0.16598682105541229 -0.51952236890792847 -2.218278169631958 -0.21243420243263245 0.16796556115150452 -2.0997636318206787 -0.019070172682404518 0.24128694832324982 -2.3846371173858643 -0.057737763971090317 0.33623462915420532 -0.93325477838516235 -0.2891068160533905 0.42473483085632324 -0.87417453527450562 -0.36029985547065735
3400.9221000000834 0.098253928124904633 -1.2860314846038818 -0.27008262276649475 -0.42194557189941406 -2.1532533168792725 -0.16521841287612915 -0.45905661582946777 -2.4420325756072998 -0.19847321510314941 0.28980717062950134 -2.1273128986358643 -0.01782856322824955 0.38262751698493958 -2.4367697238922119 -0.019433680921792984 0.14715284109115601 -0.97340476512908936 -0.2424510270357132 0.24069695174694061 -0.98910641670227051 -0.38467034697532654
3400.9221000000834 0.19952043890953064 -1.1037596464157104 -0.20041073858737946 -0.39528939127922058 -2.0091795921325684 -0.14445105195045471 -0.43908339738845825 -2.2830185890197754 -0.18432939052581787 0.22105692327022552 -2.0279903411865234 -0.032543521374464035 0.28934022784233093 -2.301835298538208 -0.065827973186969757 0.26856657862663269 -1.0890916585922241 -0.28411978483200073 0.3221639096736908 -0.94849169254302979 -0.4267629086971283
3456.3412000089884 0.18615764379501343 -1.2970542907714844 -0.21070156991481781 -0.51732420921325684 -2.28566575050354 -0.24453115463256836 -0.56127357482910156 -2.5919768810272217 -0.31772589683532715 0.23438195884227753 -2.3172659873962402 -0.12513411045074463 0.32686182856559753 -2.6284096240997314 -0.20187409222126007 0.25226643681526184 -1.0737894773483276 -0.29096740484237671 0.45634520053863525 -1.3852334022521973 -0.44241255521774292
3456.3412000089884 0.27594658732414246 -1.1147679090499878 -0.56419509649276733 -0.39487531781196594 -2.1494121551513672 -0.37881341576576233 -0.42492112517356873 -2.4535031318664551 -0.44982829689979553 0.22286728024482727 -2.2124354839324951 -0.21332970261573792 0.29389634728431702 -2.5272414684295654 -0.28084999322891235 0.26070031523704529 -1.1097484827041626 -0.51302796602249146 0.34127464890480042 -0.98302114009857178 -0.60212719440460205
3515.5158999934793 0.19946572184562683 -1.1513807773590088 -0.54388153553009033 -0.4416128396987915 -2.0882749557495117 -0.695392906665802 -0.43944793939590454 -2.3819870948791504 -0.81473755836486816 0.14240533113479614 -2.1205837726593018 -0.68380051851272583 0.26845821738243103 -2.4220535755157471 -0.78658533096313477 0.26228654384613037 -1.1294955015182495 -0.73169994354248047 0.28319373726844788 -0.91679525375366211 -0.82836812734603882
3515.5158999934793 0.33374446630477905 -1.1621155738830566 -0.54623782634735107 -0.31011450290679932 -2.1030733585357666 -0.69840633869171143 -0.30794024467468262 -2.3980593681335449 -0.81826865673065186 0.27643662691116333 -2.1355223655700684 -0.68676364421844482 0.4030362069606781 -2.4382994174957275 -0.78999429941177368 0.3968377411365509 -1.1401352882385254 -0.73487085103988647 0.41783562302589417 -0.92651259899139404 -0.83195829391479492
3571.2113000005484 0.23390769958496094 -1.2666478157043457 -0.25305566191673279 -0.4016670286655426 -2.0993161201477051 -0.28791928291320801 -0.41377755999565125 -2.3694705963134766 -0.3555319607257843 0.21248108148574829 -2.1719841957092285 -0.28447961807250977 0.33868804574012756 -2.4482431411743164 -0.34825345873832703 0.28451177477836609 -1.2128646373748779 -0.47891181707382202 0.36124202609062195 -1.0238403081893921 -0.63365161418914795
3571.2113000005484 0.17775265872478485 -1.0825161933898926 -0.40600705146789551 -0.59545332193374634 -2.067802906036377 -0.15761435031890869 -0.61511033773422241 -2.3669533729553223 -0.21193064749240875 0.15118472278118134 -2.2356803417205811 -0.037654802203178406 0.2699088454246521 -2.546187162399292 -0.071598269045352936 0.26283061504364014 -0.99362337589263916 -0.27656704187393188 0.36719200015068054 -0.86076396703720093 -0.39187920093536377
3644.0279000028968 0.020200489088892937 -1.2660646438598633 -0.34698456525802612 -0.69047379493713379 -2.2444717884063721 -0.36874097585678101 -0.77241665124893188 -2.5731511116027832 -0.43598046898841858 -0.021550191566348076 -2.3105125427246094 -0.30318185687065125 0.017156234011054039 -2.6443808078765869 -0.3440362811088562 0.14799238741397858 -1.3952785730361938 -0.43280601501464844 0.13869293034076691 -0.99428868293762207 -0.54174363613128662
3644.0279000028968 0.15307320654392242 -1.1960146427154541 -0.37565076351165771 -0.53941804170608521 -2.1396183967590332 -0.43593817949295044 -0.61461377143859863 -2.4687118530273438 -0.50893187522888184 0.00080251635517925024 -2.1758396625518799 -0.38175314664840698 0.04085240513086319 -2.4761850833892822 -0.42188730835914612 0.3281981348991394 -1.7992556095123291 -0.57324677705764771 0.17224819958209991 -0.89920848608016968 -0.61608707904815674
3700.0975000038743 0.18465591967105865 -1.2958718538284302 -0.33762115240097046 -0.54330897331237793 -2.2478940486907959 -0.4213254451751709 -0.61777293682098389 -2.57771897315979 -0.50937676429748535 0.10960740596055984 -2.2624342441558838 -0.40064609050750732 0.1829712837934494 -2.5888063907623291 -0.45354580879211426 0.19484038650989532 -1.3199601173400879 -0.5506322979927063 0.19105300307273865 -0.91922390460968018 -0.66708290576934814
3700.0975000038743 0.11775115877389908 -1.2689943313598633 -0.49906215071678162 -0.5489814281463623 -2.2937037944793701 -0.654194176197052 -0.61108249425888062 -2.6517424583435059 -0.76967591047286987 0.1361130028963089 -2.2981560230255127 -0.6427263617515564 0.22162976861000061 -2.6615793704986572 -0.73325556516647339 0.10463248193264008 -1.2566689252853394 -0.72436690330505371 0.17918248474597931 -0.91625648736953735 -0.83296024799346924
3756.6710999980569 0.15821197628974915 -1.2071044445037842 -0.48168689012527466 -0.48531174659729004 -2.1961438655853271 -0.63141876459121704 -0.54525107145309448 -2.5417191982269287 -0.74288058280944824 0.17593465745449066 -2.2004411220550537 -0.620350182056427 0.25847455859184265 -2.5512137413024902 -0.70772802829742432 0.1455499529838562 -1.1952080726623535 -0.69914877414703369 0.21750487387180328 -0.86664539575576782 -0.80396199226379395
3756.6710999980569 0.0033272309228777885 -1.2182358503341675 -0.27408775687217712 -0.54590868949890137 -2.1683719158172607 -0.541331946849823 -0.6378132700920105 -2.5116491317749023 -0.63057190179824829 0.021072698757052422 -2.226710319519043 -0.59425806999206543 0.041333861649036407 -2.5559332370758057 -0.6737593412399292 0.28824418783187866 -1.7229087352752686 -0.8087957501411438 0.19490006566047668 -0.8475373387336731 -0.82766348123550415
3813.4461000040174 0.076685532927513123 -1.1750138998031616 -0.50184231996536255 -0.52808409929275513 -2.1664571762084961 -0.68068075180053711 -0.6008446216583252 -2.5051512718200684 -0.79470604658126831 0.12765082716941833 -2.1828052997589111 -0.68897706270217896 0.2225060909986496 -2.5278739929199219 -0.78232771158218384 0.17620837688446045 -1.3021308183670044 -0.7519792914390564 0.1145426481962204 -0.77494198083877563 -0.79380178451538086
3813.4461000040174 0.022350804880261421 -1.2173247337341309 -0.38456225395202637 -0.50199705362319946 -2.1623342037200928 -0.48529398441314697 -0.53308677673339844 -2.4888737201690674 -0.57960236072540283 0.095335491001605988 -2.1846704483032227 -0.53810858726501465 0.21745601296424866 -2.5116894245147705 -0.5991019606590271 0.14046379923820496 -1.3495739698410034 -0.71335357427597046 0.061136726289987564 -0.85565638542175293 -0.83490109443664551
3870.2832000032067 0.064016096293926239 -1.267214298248291 -0.39608630537986755 -0.47604826092720032 -2.240548849105835 -0.49983730912208557 -0.50806987285614014 -2.5768759250640869 -0.59697246551513672 0.13918837904930115 -2.2635548114776611 -0.55423492193222046 0.26496928930282593 -2.6003758907318115 -0.61705648899078369 0.18566933274269104 -1.4034274816513062 -0.73473262786865234 0.10396455973386765 -0.89470547437667847 -0.85992336273193359
3870.2832000032067 -0.066123113036155701 -1.3598086833953857 -0.23557806015014648 -0.5141524076461792 -2.2059416770935059 -0.4490627646446228 -0.55899143218994141 -2.5164566040039063 -0.53737932443618774 0.075868040323257446 -2.301182746887207 -0.53451263904571533 0.17993548512458801 -2.6574091911315918 -0.61475902795791626 0.1642894446849823 -1.1140474081039429 -0.61749875545501709 0.15198543667793274 -1.157410740852356 -0.81291782855987549
3928.2985999956727 -0.026532558724284172 -1.2253998517990112 -0.3503546416759491 -0.54508501291275024 -2.0689425468444824 -0.38358491659164429 -0.58052319288253784 -2.3596229553222656 -0.4525320827960968 0.16218282282352448 -2.1502835750579834 -0.36055585741996765 0.30297514796257019 -2.4833106994628906 -0.41231566667556763 0.05682031437754631 -0.96309983730316162 -0.49747276306152344 0.093416325747966766 -0.76403605937957764 -0.63612771034240723
3928.2985999956727 -0.024883341044187546 -1.2425402402877808 -0.35660761594772339 -0.55268263816833496 -2.1011250019073486 -0.39043045043945313 -0.5887528657913208 -2.3969888687133789 -0.46060708165168762 0.16719724237918854 -2.1839165687561035 -0.36699074506759644 0.31050020456314087 -2.5228824615478516 -0.41967356204986572 0.059955891221761703 -0.97556281089782715 -0.50634914636611938 0.097204484045505524 -0.77294933795928955 -0.64747661352157593
3988.4805999994278 -0.01361575722694397 -1.3642669916152954 -0.18275304138660431 -0.57614141702651978 -2.1357605457305908 -0.34208256006240845 -0.65274125337600708 -2.4410841464996338 -0.42212459444999695 0.13936802744865417 -2.1948726177215576 -0.39678776264190674 0.2716633677482605 -2.5495352745056152 -0.46009337902069092 -0.021018249914050102 -1.0062611103057861 -0.40715017914772034 0.013977506197988987 -0.79202985763549805 -0.56647646427154541
3988.4805999994278 -0.10401761531829834 -1.2696367502212524 -0.3943101167678833 -0.50574082136154175 -2.0964832305908203 -0.68089485168457031 -0.55791705846786499 -2.4140715599060059 -0.79154813289642334 9.0557936346158385e-05 -2.1413009166717529 -0.82080024480819702 0.068944215774536133 -2.4964632987976074 -0.94730406999588013 0.05330035462975502 -1.4603010416030884 -0.89420461654663086 -0.084947660565376282 -0.72960776090621948 -0.93118578195571899
4049.195199996233 -0.064770765602588654 -1.2514535188674927 0.32804206013679504 -0.42318785190582275 -1.964460015296936 0.36338648200035095 -0.49106019735336304 -2.2292163372039795 0.35615891218185425 0.013794048689305782 -2.0379543304443359 0.29614213109016418 0.044400755316019058 -2.3201565742492676 0.2767774760723114 0.10366734117269516 -1.526846170425415 0.0038428362458944321 0.11904244869947433 -0.92501610517501831 -0.10253148525953293
4049.195199996233 -0.20740409195423126 -1.3879032135009766 0.37803789973258972 -0.62045055627822876 -2.2095847129821777 0.4187694787979126 -0.69866788387298584 -2.5146949291229248 0.41044026613235474 -0.11686456203460693 -2.294281005859375 0.34127584099769592 -0.081592828035354614 -2.6194963455200195 0.31895965337753296 -0.013292927294969559 -1.7052706480026245 0.0044247759506106377 0.0044256383553147316 -1.0117106437683105 -0.11816295236349106
4122.3510999977589 -0.21015426516532898 -1.4819808006286621 -0.21074388921260834 -0.80945312976837158 -2.3544430732727051 -0.56692099571228027 -0.8864142894744873 -2.7342538833618164 -0.67026150226593018 -0.00050553004257380962 -2.4606738090515137 -0.68768793344497681 0.19916100800037384 -2.9047927856445313 -0.7976919412612915 -0.12560904026031494 -1.1839135885238647 -0.42708790302276611 -0.1782287061214447 -0.79487907886505127 -0.55486011505126953
4122.3510999977589 -0.23981526494026184 -1.2769856452941895 -0.09657645970582962 -0.74722748994827271 -2.273648738861084 -0.42606469988822937 -0.83538258075714111 -2.5982465744018555 -0.53777784109115601 -0.21376942098140717 -2.274127721786499 -0.5210985541343689 -0.16645222902297974 -2.6306791305541992 -0.60521417856216431 -0.19661799073219299 -0.98360598087310791 -0.60439324378967285 -0.20161063969135284 -0.91574043035507202 -0.80411332845687866
4180.1334000006318 -0.041154094040393829 -1.2435727119445801 -0.2987644374370575 -0.48018136620521545 -2.1738629341125488 -0.69517409801483154 -0.56936120986938477 -2.520449161529541 -0.84158790111541748 -0.030519284307956696 -2.0534045696258545 -0.91950309276580811 0.041520740836858749 -2.4221796989440918 -1.0724061727523804 0.048143289983272552 -1.2383569478988647 -1.0145480632781982 -0.074529469013214111 -0.53658664226531982 -1.0717076063156128
4180.1334000006318 -0.13867330551147461 -1.2153496742248535 -0.31473681330680847 -0.41195198893547058 -2.1652684211730957 -0.69629639387130737 -0.48725873231887817 -2.4687623977661133 -0.85117620229721069 0.021698174998164177 -2.0163173675537109 -0.92836940288543701 0.047903008759021759 -2.3145022392272949 -1.0808404684066772 0.04497387632727623 -1.4116228818893433 -1.0053794384002686 -0.11187989264726639 -0.50856602191925049 -0.93324702978134155
4235.597999997437 -0.1032915860414505 -1.1368553638458252 -0.30353251099586487 -0.36684849858283997 -2.0529813766479492 -0.67151826620101929 -0.43947625160217285 -2.3456785678863525 -0.82088828086853027 0.051374740898609161 -1.9093290567398071 -0.89533543586730957 0.076647348701953888 -2.1969060897827148 -1.0423824787139893 0.073822423815727234 -1.3261463642120361 -0.96960586309432983 -0.077451340854167938 -0.45521530508995056 -0.90003961324691772
4235.597999997437 -0.056122083216905594 -1.2362337112426758 -0.38933765888214111 -0.35693415999412537 -2.1310992240905762 -0.77765452861785889 -0.42664235830307007 -2.4561421871185303 -0.93545722961425781 -0.014456131495535374 -1.920461893081665 -1.0518707036972046 0.031086867675185204 -2.2491154670715332 -1.2045691013336182 0.06238248199224472 -1.1513011455535889 -1.1890366077423096 -0.061497889459133148 -0.4298851490020752 -1.2507888078689575
4294.4860000014305 -0.083025895059108734 -1.2053091526031494 -0.26994314789772034 -0.38892650604248047 -2.0456376075744629 -0.52413791418075562 -0.46120989322662354 -2.3435478210449219 -0.64370816946029663 0.075706370174884796 -1.9731841087341309 -0.67986208200454712 0.14056569337844849 -2.2877650260925293 -0.76997298002243042 -0.025026751682162285 -1.0486466884613037 -0.73476266860961914 -0.068154111504554749 -0.65685766935348511 -0.88009929656982422
4294.4860000014305 -0.063964031636714935 -1.2171171903610229 -0.28081622719764709 -0.38219302892684937 -2.0913124084472656 -0.54525554180145264 -0.45738959312438965 -2.4012291431427002 -0.66964477300643921 0.10116545855998993 -2.0159389972686768 -0.70725572109222412 0.16863875091075897 -2.343198299407959 -0.8009982705116272 -0.0036274110898375511 -1.0541408061981201 -0.76436889171600342 -0.048492886126041412 -0.64656203985214233 -0.91556292772293091
4351.7445000037551 -0.091117270290851593 -1.0981725454330444 -0.54274600744247437 -0.37660300731658936 -2.103201150894165 -0.68142807483673096 -0.40964818000793457 -2.4256007671356201 -0.80635732412338257 0.080583967268466949 -2.0171399116516113 -0.81611537933349609 0.19459912180900574 -2.3558378219604492 -0.89908432960510254 -0.13004004955291748 -0.91536349058151245 -0.98868054151535034 -0.14481125771999359 -0.53422528505325317 -1.1172178983688354
4351.7445000037551 -0.1821424663066864 -1.2419703006744385 -0.31789225339889526 -0.43793177604675293 -2.0604767799377441 -0.69855314493179321 -0.50358742475509644 -2.378046989440918 -0.85060733556747437 -0.056889209896326065 -1.998041033744812 -0.93343299627304077 -0.010457759723067284 -2.3288397789001465 -1.106550931930542 -0.068939916789531708 -1.3536584377288818 -1.1607110500335693 -0.098727181553840637 -0.72885578870773315 -1.2418358325958252
4410.7265999987721 -0.096963740885257721 -1.158198356628418 -0.29634526371955872 -0.3354213535785675 -1.9212448596954346 -0.65121340751647949 -0.39662832021713257 -2.2172970771789551 -0.79296475648880005 0.019802626222372055 -1.8630393743515015 -0.87017828226089478 0.063087984919548035 -2.1714239120483398 -1.0315661430358887 0.0085684498772025108 -1.2623188495635986 -1.0820565223693848 -0.019200494512915611 -0.67985141277313232 -1.1576844453811646
4410.7265999987721 -0.027001472190022469 -1.0819061994552612 -0.2029588520526886 -0.33957958221435547 -1.9194960594177246 -0.48612368106842041 -0.39641907811164856 -2.2129776477813721 -0.59212511777877808 0.085068263113498688 -1.8894674777984619 -0.62147718667984009 0.16638323664665222 -2.21803879737854 -0.74001222848892212 -0.021879373118281364 -1.2210512161254883 -0.73960399627685547 -0.077365875244140625 -0.61098480224609375 -0.78934705257415771
4465.4548000022769 -0.062084831297397614 -1.2554609775543213 -0.18155747652053833 -0.39644613862037659 -2.013270378112793 -0.5431894063949585 -0.4757516086101532 -2.3165984153747559 -0.67857122421264648 -0.016484728083014488 -1.9589653015136719 -0.76930522918701172 0.01410169992595911 -2.2709746360778809 -0.91909921169281006 -0.01041122805327177 -1.4776355028152466 -0.94045239686965942 -0.046640597283840179 -0.68403095006942749 -0.95495593547821045
4579.097199998796 -0.11872623860836029 -1.0681142807006836 -0.71867609024047852 -0.23795659840106964 -1.3633755445480347 -0.21480941772460938 -0.24828670918941498 -1.4431995153427124 -0.37490350008010864 0.11107907444238663 -1.1552844047546387 -0.24657943844795227 0.080470561981201172 -1.0893737077713013 -0.35959562659263611 0.072854757308959961 -0.81158208847045898 -0.68406367301940918 0.087816111743450165 -0.67988091707229614 -0.73417043685913086
4693.9257999956608 -0.10557282716035843 -1.1030539274215698 -0.86729151010513306 -0.14769594371318817 -1.4212788343429565 -0.18232521414756775 -0.14069128036499023 -1.5436692237854004 -0.37445634603500366 0.16311855614185333 -1.1239165067672729 -0.42865297198295593 0.10140682011842728 -1.0249676704406738 -0.59090214967727661 0.1943046897649765 -0.81009370088577271 -0.8542335033416748 0.30639031529426575 -0.66177773475646973 -0.80412435531616211
4693.9257999956608 0.035257738083600998 -1.4928836822509766 -2.0284023284912109 -0.0072115948423743248 -2.3057429790496826 -1.2653185129165649 0.012096264399588108 -2.4575908184051514 -1.5333247184753418 0.3658091127872467 -1.8013827800750732 -1.2070993185043335 0.28018695116043091 -1.6951003074645996 -1.4099962711334229 0.32912454009056091 -1.2285530567169189 -1.7805142402648926 0.38550162315368652 -0.9746626615524292 -1.7281475067138672
4929.9897000044584 0.014266214333474636 -1.2419158220291138 -0.54382771253585815 -0.012663583271205425 -1.6006008386611938 0.45092329382896423 -4.2065505112987012e-05 -1.7912279367446899 0.34566706418991089 0.31657600402832031 -1.1910686492919922 0.11967641860246658 0.24998795986175537 -1.112404465675354 0.018665764480829239 0.24223396182060242 -0.80100607872009277 -0.57805496454238892 0.30443024635314941 -0.69390779733657837 -0.66571873426437378
