28.486300051212311 -0.78992897272109985 15.424496650695801 0.6468733549118042 15.868453979492188 0.89824861288070679 9.7121562957763672 1.0611720085144043 12.022253036499023
66.213500022888184 -0.79011386632919312 0.65001606941223145 0.64778673648834229 0.6821739673614502 1.2288734912872314 0.23285113275051117 1.0316423177719116 0.52078801393508911
97.316000044345856 -0.82532203197479248 1.4921197891235352 -0.86486166715621948 1.4702152013778687 1.2576406002044678 0.54207807779312134 1.0593520402908325 1.2046234607696533
129.88909995555878 -0.81158334016799927 0.73979902267456055 -0.85046476125717163 0.72893869876861572 1.2367053031921387 0.26876452565193176 1.041717529296875 0.59725719690322876
181.25590008497238 -0.79841327667236328 0.73787260055541992 0.65536290407180786 0.78153347969055176 1.0409131050109863 0.6004098653793335 1.0582085847854614 0.60415631532669067
213.57770001888275 -0.80866891145706177 23.275066375732422 -0.74233067035675049 24.234306335449219 -0.550495445728302 13.958324432373047 0.91689163446426392 12.833123207092285
246.28700006008148 -0.82075381278991699 109.95108795166016 0.7014041543006897 116.94520568847656 1.0282355546951294 91.187286376953125 1.0478626489639282 92.139190673828125
277.11410003900528 -0.8083198070526123 1.3058590888977051 0.65064048767089844 1.3941818475723267 -0.55766576528549194 0.77277117967605591 -0.27680706977844238 1.0702055692672729
321.50470000505447 -0.83405649662017822 1.3696414232254028 0.63956284523010254 1.460387110710144 1.0137509107589722 1.1178443431854248 1.0352498292922974 1.1251435279846191
351.78060007095337 -0.84397029876708984 0.64954817295074463 0.61184698343276978 0.63458043336868286 1.0338672399520874 0.52271544933319092 1.0594031810760498 0.52669507265090942
383.54720002412796 -0.82346886396408081 0.63063955307006836 -0.81985819339752197 0.61431258916854858 1.2319972515106201 0.24629533290863037 -0.39068180322647095 0.56767189502716064
421.27660000324249 -0.86772918701171875 9.3402261734008789 -0.8324924111366272 9.4755105972290039 -0.44180324673652649 6.304689884185791 1.0617836713790894 9.5435848236083984
450.10350000858307 -0.85539281368255615 1.3214523792266846 -0.82065701484680176 1.3405925035476685 -0.43552219867706299 0.89198571443557739 1.046688437461853 1.3502235412597656
486.11810004711151 -0.89808154106140137 1.4986758232116699 0.72152656316757202 1.6341788768768311 -0.75786656141281128 0.82905060052871704 1.0645358562469482 1.2624403238296509
516.78820008039474 -0.80603796243667603 1.4409905672073364 0.70655739307403564 2.0249123573303223 -0.74409466981887817 1.061794638633728 1.1264138221740723 1.6619116067886353
546.88730007410049 -0.85856831073760986 1.3781478404998779 1.0040848255157471 1.2450234889984131 -0.5989423394203186 0.48648276925086975 1.1737414598464966 1.1481339931488037
580.62030005455017 -0.85555875301361084 0.70820808410644531 1.0005651712417603 0.6397976279258728 -0.59684282541275024 0.24999569356441498 1.1696270704269409 0.59000766277313232
613.80200004577637 -0.69469213485717773 0.71832680702209473 0.62758791446685791 0.78007882833480835 1.0099631547927856 0.57761168479919434 1.0219618082046509 0.58259475231170654
644.64550006389618 -0.67132079601287842 0.78642064332962036 0.73192822933197021 1.5478140115737915 -0.51809185743331909 0.6236082911491394 -0.02511388435959816 1.2336349487304688
689.88370001316071 -0.77534496784210205 1.2500543594360352 0.67880713939666748 1.2335660457611084 -0.44751548767089844 0.34940728545188904 -0.0095589589327573776 0.98910009860992432
728.04080003499985 -0.74660128355026245 99.015853881835938 -0.753074049949646 95.218345642089844 -0.51802366971969604 56.481216430664063 -0.55550575256347656 58.174835205078125
761.68130004405975 -0.75846177339553833 16.977020263671875 -0.91165661811828613 15.872567176818848 -0.19742362201213837 8.8565340042114258 0.042014289647340775 6.4282851219177246
791.47190004587173 -0.7395051121711731 8.6413650512695313 -0.77943390607833862 8.2336044311523438 -0.21231667697429657 4.7293701171875 1.2830239534378052 2.8811538219451904
824.82410001754761 -0.75754070281982422 8.3457498550415039 -0.79844331741333008 7.9519391059875488 -0.21749480068683624 4.5675816535949707 1.3143153190612793 2.7825915813446045
855.8785001039505 -0.7364426851272583 8.4578533172607422 -0.77775353193283081 7.9726018905639648 -0.17865912616252899 4.3770174980163574 0.096108533442020416 3.4704039096832275
885.72350007295609 -0.7436065673828125 39.899051666259766 -0.76120203733444214 38.638908386230469 -0.5128638744354248 22.834144592285156 0.03322998434305191 13.414655685424805
920.93660002946854 -0.69522231817245483 11.373547554016113 0.65610337257385254 11.310859680175781 -0.37599465250968933 2.889683723449707 1.0745903253555298 8.7308168411254883
954.77660006284714 -0.62164098024368286 0.59557253122329712 -0.50218671560287476 0.57387429475784302 1.0980181694030762 0.50770282745361328 1.1142220497131348 0.51087087392807007
988.62459999322891 -0.61992442607879639 17.692005157470703 -0.50079995393753052 17.047439575195313 1.0949862003326416 15.081758499145508 1.1111452579498291 15.175868034362793
1024.1781000494957 -0.71062266826629639 8.1067867279052734 -0.71085983514785767 8.1145181655883789 -0.58866620063781738 6.8546061515808105 -0.55523067712783813 8.0965843200683594
1057.0396000742912 -0.85375577211380005 0.76267790794372559 0.72452026605606079 1.4295717477798462 -0.57102644443511963 0.60685247182846069 -0.57435733079910278 0.55180257558822632
1088.104600071907 1.2328395843505859 44.120273590087891 -0.54948717355728149 41.554134368896484 -0.65957188606262207 22.294845581054688 -0.68871021270751953 22.816322326660156
1123.2716000080109 -0.58607769012451172 0.45451667904853821 -0.60151255130767822 0.45693299174308777 -0.65346658229827881 0.32925763726234436 -0.61678880453109741 0.38052311539649963
1155.2224000692368 -0.50716507434844971 20.252140045166016 -0.51845359802246094 20.463376998901367 -0.63207119703292847 15.217965126037598 -0.73636096715927124 18.007572174072266
1187.4590001106262 -0.50354301929473877 33.032459259033203 -0.51475095748901367 33.376998901367188 -0.62755709886550903 24.821416854858398 -0.7311021089553833 29.371431350708008
1228.2919000387192 -0.5719720721244812 45.523735046386719 -0.62117290496826172 47.200462341308594 -0.55821353197097778 35.366439819335938 -0.64096623659133911 41.706302642822266
1259.5335000157356 -0.4845346212387085 88.748611450195313 -0.54151958227157593 88.073234558105469 -0.68795007467269897 54.577793121337891 -0.71599525213241577 54.066017150878906
1291.4478999972343 -0.43626195192337036 292.3778076171875 -0.38750568032264709 425.861083984375 -0.47951537370681763 240.203125 -0.48314651846885681 257.343505859375
1323.1749000549316 -0.55011665821075439 0.62241506576538086 0.67337310314178467 0.6599772572517395 -0.44280540943145752 0.17295889556407928 -0.46220958232879639 0.16879794001579285
1355.9196999669075 -0.6668473482131958 1.341504693031311 0.75916546583175659 1.3899799585342407 -0.40053549408912659 0.29026898741722107 -0.39618146419525146 0.29673206806182861
1387.6407999992371 -0.66660284996032715 0.65235072374343872 0.75888711214065552 0.67592340707778931 -0.40038862824440002 0.14115282893180847 -0.39603620767593384 0.14429570734500885
1421.7713000774384 -0.58451110124588013 0.71799570322036743 0.72853624820709229 0.67273503541946411 1.3182454109191895 0.24359755218029022 1.1347502470016479 0.50866305828094482
1454.5800999999046 -0.61274045705795288 0.7518506646156311 0.66468065977096558 0.70981454849243164 1.1148300170898438 0.55472922325134277 1.1283119916915894 0.56017494201660156
1486.4692000746727 -0.59484726190567017 0.66744452714920044 0.70957696437835693 0.65363132953643799 -0.45740559697151184 0.37054094672203064 1.0243351459503174 0.32451444864273071
1517.5767999887466 -0.62500858306884766 5.3994951248168945 0.74995887279510498 5.4082770347595215 -0.11576436460018158 1.838650107383728 0.077277496457099915 1.8003036975860596
1549.6658000349998 -0.62779933214187622 8.8728742599487305 0.75330764055252075 8.8873052597045898 -0.11628127843141556 3.021414041519165 0.077622562646865845 2.9584002494812012
1581.1482999920845 -0.64274871349334717 7.6732864379882813 -0.76094317436218262 7.3515644073486328 -0.10998745262622833 2.678128719329834 0.058186449110507965 2.6821174621582031
1616.3822000026703 -0.71858549118041992 4.5872030258178711 -0.76132726669311523 4.5024290084838867 1.3221557140350342 1.667150616645813 0.10610421001911163 1.8377090692520142
1649.8902000188828 -0.69242000579833984 9.5692014694213867 -0.82579433917999268 8.874171257019043 1.3825654983520508 3.2168662548065186 0.13314750790596008 3.8868615627288818
1690.3940000534058 -0.67536842823028564 5.1224393844604492 0.74079561233520508 4.8722271919250488 1.3596609830856323 1.7660460472106934 1.150274395942688 4.2452945709228516
1725.4352000355721 -0.59831762313842773 1.6330474615097046 0.79287111759185791 1.5452511310577393 1.0051045417785645 0.96249496936798096 1.1655645370483398 1.1785191297531128
1755.3630000352859 -0.59635645151138306 1.6337438821792603 0.79027217626571655 1.5459102392196655 1.0018099546432495 0.96290546655654907 1.1617438793182373 1.1790217161178589
1789.6294000148773 -0.60373228788375854 1.6204500198364258 0.73199409246444702 1.5577179193496704 -0.5779116153717041 1.6410151720046997 1.1589236259460449 1.1526235342025757
1821.1898999810219 -15.853645324707031 11.324566841125488 16.403066635131836 12.056816101074219 28.621480941772461 8.9329614639282227 29.037534713745117 8.9384241104125977
1854.7516999840736 -0.72033035755157471 0.5850827693939209 0.71758013963699341 0.62910020351409912 -0.3709198534488678 0.36032530665397644 0.98022502660751343 0.31306523084640503
1886.5373000502586 -0.70695692300796509 12.742389678955078 0.74735045433044434 13.393778800964355 -0.46658232808113098 7.8121809959411621 1.1768577098846436 9.8638572692871094
1922.8370000123978 -0.69951152801513672 1.3819752931594849 0.739479660987854 1.4526215791702271 -0.461668461561203 0.84726971387863159 1.1644635200500488 1.0697841644287109
1955.8150000572205 -0.64874356985092163 1.3191992044448853 0.73238760232925415 1.2840321063995361 1.1798365116119385 1.0994637012481689 1.1971321105957031 1.1071135997772217
1987.8865000009537 -0.70481866598129272 0.48993805050849915 0.72408372163772583 0.73399358987808228 -0.59020090103149414 0.35301747918128967 1.030933141708374 0.36602160334587097
