27.91240006685257 -0.48759666085243225 4.0773715972900391 -0.50243991613388062 4.0051393508911133 -0.12644264101982117 1.2937616109848022 1.2731236219406128 2.9394376277923584
61.311600029468536 -0.45803400874137878 3.4712512493133545 -0.48584231734275818 3.4620652198791504 -0.16168223321437836 1.0687609910964966 1.3609721660614014 2.3726015090942383
106.05050003528595 -0.55684918165206909 3.2711732387542725 -0.56680262088775635 3.2061100006103516 -0.23508280515670776 1.2517330646514893 1.5513198375701904 2.2625055313110352
142.37519997358322 -0.45151036977767944 2.9382059574127197 -0.43578290939331055 2.7303497791290283 -0.14235974848270416 0.89570260047912598 1.2685035467147827 2.0241162776947021
173.21850001811981 -0.46057772636413574 2.7343032360076904 -0.44453442096710205 2.5408718585968018 -0.14521867036819458 0.83354353904724121 1.2939779758453369 1.8836487531661987
204.42040008306503 -0.44378256797790527 2.5183959007263184 1.3014012575149536 1.4908236265182495 -0.17346484959125519 0.6575128436088562 1.3219060897827148 1.7158766984939575
237.63200002908707 -0.44162663817405701 1.4635578393936157 0.90093487501144409 1.5032171010971069 -0.21563692390918732 0.41535753011703491 1.2946687936782837 1.0526108741760254
270.457200050354 -0.49904131889343262 1.7528533935546875 -0.48078709840774536 1.6706461906433105 -0.27658402919769287 0.34090527892112732 0.19148644804954529 0.50480490922927856
302.85250002145767 -0.47679570317268372 2.1228599548339844 1.1746655702590942 1.2910271883010864 1.0326472520828247 0.73092490434646606 1.2802435159683228 1.4622355699539185
332.96560001373291 -0.47171998023986816 1.600084662437439 1.1621606349945068 0.97309893369674683 1.0216542482376099 0.55092740058898926 1.2666146755218506 1.1021455526351929
365.34940004348755 -0.47171998023986816 1.600084662437439 1.1621606349945068 0.97309893369674683 1.0216542482376099 0.55092740058898926 1.2666146755218506 1.1021455526351929
401.29640001058578 -0.45004373788833618 1.4878333806991577 0.83161062002182007 1.3342406749725342 -0.17452059686183929 0.50533962249755859 1.2554982900619507 1.1199021339416504
438.34200000762939 -0.49600303173065186 1.6017493009567261 -0.18140895664691925 0.20316764712333679 -0.21136301755905151 0.52967065572738647 1.2342280149459839 1.1111458539962769
469.60379999876022 -0.47624588012695313 1.5733693838119507 0.87128889560699463 1.6041796207427979 -0.21835021674633026 0.61711412668228149 -0.26755040884017944 0.68929910659790039
500.5110000371933 -0.47173929214477539 3.5509068965911865 0.86304408311843872 3.6204416751861572 -0.21628402173519135 1.3927528858184814 -0.26501864194869995 1.5556657314300537
532.63460004329681 -0.49456691741943359 3.5818672180175781 -0.49454379081726074 3.5445184707641602 -0.20713382959365845 1.455524206161499 -0.27384495735168457 1.7062417268753052
562.68159997463226 -0.30785876512527466 1.4159548282623291 -0.42838120460510254 0.86032629013061523 -0.19180604815483093 0.79807430505752563 -0.14134183526039124 0.77493792772293091
605.63440001010895 -0.42928960919380188 3.8322925567626953 0.8385319709777832 4.1095733642578125 -0.19453687965869904 1.8834843635559082 1.2409723997116089 3.1986720561981201
637.87850004434586 -0.37588101625442505 2.4632201194763184 -0.38161683082580566 2.3911855220794678 -0.20317859947681427 1.1714992523193359 -0.24507556855678558 1.1574293375015259
674.50110006332397 -0.51852136850357056 0.66152429580688477 0.79510444402694702 0.62740164995193481 -0.18774072825908661 0.23342171311378479 -0.28258374333381653 0.31307435035705566
706.24320006370544 -0.51729327440261841 2.5268018245697021 0.79322123527526855 2.3964645862579346 -0.187296062707901 0.89159291982650757 -0.28191447257995605 1.1958394050598145
737.93910002708435 -0.646492600440979 2.3876791000366211 -0.73551416397094727 1.0714455842971802 -0.27909582853317261 0.88956737518310547 -0.30175104737281799 0.92051458358764648
769.7393000125885 -0.64842456579208374 2.9021470546722412 -0.73771214485168457 1.3023074865341187 -0.27992987632751465 1.0812404155731201 -0.30265280604362488 1.1188558340072632
799.7664999961853 -0.52746087312698364 3.6657943725585938 -0.52891165018081665 3.7653059959411621 -0.15892145037651062 1.2292319536209106 0.11613799631595612 -0.78298407793045044
831.12740004062653 -0.67544108629226685 3.3145632743835449 1.7677195072174072 0.87294626235961914 -0.21220353245735168 1.1733824014663696 1.7644988298416138 0.86531007289886475
862.27820003032684 -0.67844563722610474 4.5256733894348145 1.7755827903747559 1.1919126510620117 -0.21314747631549835 1.6021252870559692 1.7723478078842163 1.1814862489700317
894.7315000295639 -0.56674551963806152 4.8684544563293457 0.82795137166976929 4.5508818626403809 1.1503342390060425 3.6130688190460205 1.1798906326293945 3.6444485187530518
926.53369998931885 -0.69519543647766113 4.6071014404296875 1.0217863321304321 4.4962501525878906 -0.39509770274162292 1.7922259569168091 1.3907207250595093 3.231337308883667
962.99980002641678 -0.69667321443557739 6.065223217010498 0.91962981224060059 6.4133191108703613 -0.67596352100372314 6.6451468467712402 1.2701475620269775 5.0657634735107422
996.6418000459671 -0.71947848796844482 1.9008926153182983 -0.74487549066543579 1.8809216022491455 -0.44685724377632141 1.0248956680297852 -0.51799136400222778 1.0404845476150513
1029.6350000500679 -0.69869762659072876 8.1157913208007813 -0.72336107492446899 8.0305252075195313 -0.43395057320594788 4.3757543563842773 -0.50303012132644653 4.4423103332519531
1073.184800028801 -0.65051352977752686 9.7491044998168945 0.72244828939437866 9.2507181167602539 -0.44749841094017029 5.0904803276062012 1.0968377590179443 7.3875527381896973
1106.6777000427246 -0.6280636191368103 14.659397125244141 0.75720763206481934 15.564755439758301 -0.44353100657463074 8.3817481994628906 -0.76254570484161377 6.9671053886413574
1135.709900021553 -0.67258590459823608 49.837558746337891 0.93256247043609619 43.183429718017578 -0.49401220679283142 27.288995742797852 1.0931524038314819 41.914886474609375
1171.4284999966621 -0.73815912008285522 0.64730590581893921 0.70270663499832153 0.69903403520584106 -0.45820009708404541 0.36072739958763123 0.91671550273895264 0.36475783586502075
1203.3756999373436 -0.75116008520126343 50.036853790283203 0.69623863697052002 52.923942565917969 -0.44037345051765442 28.234004974365234 1.0734347105026245 38.765830993652344
1235.0420000553131 -0.74415212869644165 37.434120178222656 0.68974310159683228 39.594039916992188 -0.43626499176025391 21.122734069824219 1.0634201765060425 29.001916885375977
1272.1183000206947 -0.7419171929359436 45.379566192626953 0.66684246063232422 48.688304901123047 -0.48114675283432007 26.769550323486328 -0.65597182512283325 48.908668518066406
1309.4107999801636 0.78300672769546509 24.506303787231445 0.68785476684570313 45.717937469482422 -0.47344309091567993 27.444259643554688 1.0072759389877319 34.45416259765625
1341.6123000383377 -0.73888218402862549 68.777488708496094 0.65746283531188965 73.140945434570313 -0.5710034966468811 43.273616790771484 0.99009621143341064 55.011970520019531
1374.2711000442505 -0.74341267347335815 49.434951782226563 -0.73089295625686646 48.645229339599609 -0.60226994752883911 29.656059265136719 1.1809999942779541 14.985896110534668
1405.6733000874519 -0.58699154853820801 33.196643829345703 0.63900566101074219 53.195701599121094 -0.56089168787002563 32.698810577392578 -0.60955250263214111 29.207914352416992
1439.3353000283241 -0.59679198265075684 66.774040222167969 0.64967453479766846 107.00153350830078 -0.57025635242462158 65.772659301757813 -0.61972963809967041 58.750831604003906
1471.5581000447273 1.1771870851516724 57.722602844238281 0.63876473903656006 179.04757690429688 -0.62157511711120605 105.08742523193359 1.1804451942443848 53.715854644775391
1507.3055999875069 -0.66873598098754883 0.37078791856765747 -0.64695370197296143 0.35087338089942932 -0.60593068599700928 0.41217860579490662 1.0000479221343994 0.49977239966392517
1538.2872000336647 -0.77643662691116333 1.4101957082748413 0.60016769170761108 1.468336820602417 -0.63172727823257446 0.89671820402145386 0.98262310028076172 1.1217634677886963
1570.3783000707626 -0.72807431221008301 0.81103503704071045 0.66144776344299316 0.8299567699432373 -0.59441876411437988 0.46091452240943909 0.98901945352554321 0.62922215461730957
1604.2201000452042 -0.71347862482070923 255.09930419921875 0.64818769693374634 261.05084228515625 -0.58250242471694946 144.97396850585938 0.96919256448745728 197.91270446777344
1638.7595000267029 0.98336273431777954 84.144798278808594 0.60117107629776001 112.25437927246094 -0.62377411127090454 67.816154479980469 0.99728316068649292 85.815948486328125
1673.6562000513077 -0.61242324113845825 0.39782735705375671 0.6021418571472168 0.62847787141799927 -0.5644606351852417 0.35601732134819031 -0.55943608283996582 0.35049819946289063
1705.4965000152588 -0.7676270604133606 12.366305351257324 0.61119967699050903 12.516051292419434 -0.61668217182159424 7.8691105842590332 1.0063227415084839 9.5807075500488281
1740.8007000684738 -0.59508293867111206 0.47649785876274109 0.59525603055953979 0.63149333000183105 -0.39520475268363953 0.35021176934242249 -0.5612218976020813 0.36493849754333496
1770.6215000748634 0.62869924306869507 12.731094360351563 0.6041300892829895 12.832040786743164 -0.62972640991210938 7.1750779151916504 -0.63303947448730469 6.9674258232116699
1803.8270000219345 0.63761055469512939 38.797515869140625 0.61269313097000122 39.105140686035156 -0.6386522650718689 21.86577033996582 -0.64201229810714722 21.23295783996582
1837.6080000400543 -0.79178696870803833 34.034770965576172 -0.55789154767990112 19.205377578735352 -0.56281173229217529 20.130395889282227 -0.61351770162582397 19.763788223266602
1874.7198999524117 -0.75619333982467651 212.17857360839844 0.70467042922973633 227.24385070800781 -0.56747448444366455 130.1383056640625 -0.59729230403900146 129.02189636230469
1907.3768000006676 -0.79199349880218506 22.928888320922852 -0.8236963152885437 22.693239212036133 -0.59421819448471069 14.23155403137207 -0.8709074854850769 10.73613452911377
1939.0795000195503 -0.75517910718917847 78.676307678222656 -0.79162299633026123 77.588333129882813 -0.5621793270111084 49.483341217041016 -0.5524367094039917 48.115962982177734
1972.4642000198364 -0.52601355314254761 1.1143871545791626 0.68355095386505127 1.3905575275421143 -0.5262458324432373 0.86676663160324097 -0.52502775192260742 0.85098093748092651
