28.486300051212311 122.92948150634766 540.52435302734375 583.574951171875 551.02471923828125 664.1669921875 405.4173583984375 716.4010009765625 460.05523681640625
66.213500022888184 122.39965057373047 528.44073486328125 589.5013427734375 545.62176513671875 778.26727294921875 305.56198120117188 714.19671630859375 459.3980712890625
97.316000044345856 118.18663787841797 524.9075927734375 105.73397064208984 519.86041259765625 774.1983642578125 306.00042724609375 711.7490234375 458.66314697265625
129.88909995555878 118.18663787841797 524.9075927734375 105.73397064208984 519.86041259765625 774.1983642578125 306.00042724609375 711.7490234375 458.66314697265625
181.25590008497238 125.66804504394531 523.8631591796875 589.42889404296875 544.1788330078125 712.4210205078125 459.90090942382813 717.93841552734375 461.6441650390625
213.57770001888275 118.0462646484375 523.3201904296875 139.65586853027344 537.464599609375 202.14596557617188 385.94058227539063 680.1455078125 369.3489990234375
246.28700006008148 122.23226165771484 521.02935791015625 608.26531982421875 542.6431884765625 712.62432861328125 463.0439453125 718.891357421875 465.98562622070313
277.11410003900528 128.04840087890625 520.48876953125 592.5487060546875 543.4075927734375 207.85102844238281 382.15774536132813 297.2701416015625 459.33901977539063
321.50470000505447 119.62574768066406 524.28350830078125 589.02362060546875 547.0374755859375 708.21527099609375 461.146728515625 715.06341552734375 462.97695922851563
351.78060007095337 122.13516235351563 527.99713134765625 576.25531005859375 519.97320556640625 707.89813232421875 460.00445556640625 715.86370849609375 462.13784790039063
383.54720002412796 126.60967254638672 503.73361206054688 127.74877166748047 495.3856201171875 775.065185546875 307.218994140625 263.14471435546875 471.538330078125
421.27660000324249 114.20475769042969 474.04153442382813 125.09916687011719 478.23773193359375 245.89143371582031 379.88662719726563 710.76654052734375 480.34921264648438
450.10350000858307 114.20475769042969 474.04153442382813 125.09916687011719 478.23773193359375 245.89143371582031 379.88662719726563 710.76654052734375 480.34921264648438
486.11810004711151 104.50605010986328 513.20849609375 608.26898193359375 543.0008544921875 148.11851501464844 365.98159790039063 714.9586181640625 461.2686767578125
516.78820008039474 156.13510131835938 441.06259155273438 589.82086181640625 545.083251953125 173.89524841308594 373.5120849609375 710.20062255859375 480.41775512695313
546.88730007410049 138.46159362792969 512.9940185546875 665.615478515625 481.11947631835938 211.93896484375 299.49887084960938 713.63043212890625 457.92083740234375
580.62030005455017 138.46159362792969 512.9940185546875 665.615478515625 481.11947631835938 211.93896484375 299.49887084960938 713.63043212890625 457.92083740234375
613.80200004577637 161.58935546875 517.62835693359375 583.37652587890625 546.4180908203125 705.348388671875 452.0247802734375 709.17572021484375 454.34796142578125
644.64550006389618 184.76058959960938 367.04278564453125 592.25506591796875 541.8857421875 229.25729370117188 329.6552734375 372.4149169921875 469.73904418945313
689.88370001316071 145.49264526367188 543.0400390625 584.914794921875 538.3358154296875 244.5576171875 286.0772705078125 376.90127563476563 468.58746337890625
728.04080003499985 147.48291015625 545.71783447265625 145.49588012695313 531.91943359375 217.65328979492188 391.16647338867188 206.14675903320313 397.3203125
761.68130004405975 145.91964721679688 541.85919189453125 99.143310546875 518.6868896484375 317.22647094726563 371.48480224609375 390.336181640625 320.5382080078125
791.47190004587173 143.53939819335938 543.4478759765625 131.01899719238281 526.60260009765625 308.84896850585938 381.83697509765625 777.7403564453125 305.48416137695313
824.82410001754761 143.53939819335938 543.4478759765625 131.01899719238281 526.60260009765625 308.84896850585938 381.83697509765625 777.7403564453125 305.48416137695313
855.8785001039505 146.77134704589844 541.70745849609375 134.05290222167969 521.28619384765625 318.49737548828125 369.969970703125 403.09066772460938 331.81613159179688
885.72350007295609 149.14015197753906 542.0721435546875 143.77369689941406 530.84515380859375 219.51449584960938 390.03546142578125 386.06793212890625 306.1142578125
920.93660002946854 153.96833801269531 549.66961669921875 587.2947998046875 547.67169189453125 256.3343505859375 279.28387451171875 721.49005126953125 465.4442138671875
954.77660006284714 187.89991760253906 500.1527099609375 224.20042419433594 488.64498901367188 710.48052978515625 453.5509033203125 715.4046630859375 455.2310791015625
988.62459999322891 187.89991760253906 500.1527099609375 224.20042419433594 488.64498901367188 710.48052978515625 453.5509033203125 715.4046630859375 455.2310791015625
1024.1781000494957 148.00027465820313 333.65496826171875 147.92417907714844 333.79803466796875 187.13713073730469 310.48330688476563 197.86685180664063 333.46615600585938
1057.0396000742912 124.12062072753906 372.25787353515625 587.00927734375 536.3719482421875 207.04159545898438 333.91122436523438 206.06468200683594 320.3641357421875
1088.104600071907 708.7774658203125 448.062744140625 223.08222961425781 432.64779663085938 193.08343505859375 316.9561767578125 185.14306640625 320.08871459960938
1123.2716000080109 218.92274475097656 448.65383911132813 215.02188110351563 450.06585693359375 201.89154052734375 375.45620727539063 211.16111755371094 405.41421508789063
1155.2224000692368 239.11793518066406 463.35687255859375 236.29127502441406 466.27700805664063 207.84140014648438 393.76522827148438 181.72720336914063 432.32830810546875
1187.4590001106262 239.11793518066406 463.35687255859375 236.29127502441406 466.27700805664063 207.84140014648438 393.76522827148438 181.72720336914063 432.32830810546875
1228.2919000387192 212.9525146484375 447.29092407226563 200.33140563964844 456.90988159179688 216.48188781738281 389.02114868164063 195.25398254394531 425.39129638671875
1259.5335000157356 229.4102783203125 466.7960205078125 214.43106079101563 464.65887451171875 175.93991088867188 358.6646728515625 168.56788635253906 357.04519653320313
1291.4478999972343 204.75445556640625 389.00729370117188 221.41267395019531 481.7998046875 189.97634887695313 352.73739624023438 188.73573303222656 364.65274047851563
1323.1749000549316 171.70904541015625 501.63442993164063 570.4197998046875 520.703857421875 206.67962646484375 273.45602416992188 200.356201171875 271.34359741210938
1355.9196999669075 143.54714965820313 531.3411865234375 582.80950927734375 543.8311767578125 225.58061218261719 260.48358154296875 226.92179870605469 262.14883422851563
1387.6407999992371 143.54714965820313 531.3411865234375 582.80950927734375 543.8311767578125 225.58061218261719 260.48358154296875 226.92179870605469 262.14883422851563
1421.7713000774384 153.75387573242188 565.8299560546875 583.46868896484375 541.80157470703125 776.46002197265625 313.97744750976563 716.408447265625 454.69766235351563
1454.5800999999046 140.01985168457031 551.24481201171875 561.51837158203125 530.728759765625 710.0499267578125 455.0379638671875 714.4984130859375 457.69583129882813
1486.4692000746727 143.14945983886719 551.38494873046875 576.13665771484375 543.80438232421875 188.77149963378906 388.44677734375 680.61669921875 363.18783569335938
1517.5767999887466 133.91761779785156 545.62481689453125 583.67626953125 546.2139892578125 300.49392700195313 306.71267700195313 363.63888549804688 304.13986206054688
1549.6658000349998 133.91761779785156 545.62481689453125 583.67626953125 546.2139892578125 300.49392700195313 306.71267700195313 363.63888549804688 304.13986206054688
1581.1482999920845 122.64372253417969 526.881591796875 83.386375427246094 512.624267578125 299.59603881835938 305.5185546875 355.45364379882813 305.6953125
1616.3822000026703 98.388465881347656 516.7244873046875 84.107666015625 510.63601684570313 780.237548828125 307.0068359375 373.93243408203125 319.25631713867188
1649.8902000188828 123.23810577392578 538.9814453125 81.164840698242188 513.65338134765625 777.79779052734375 307.49209594726563 383.66555786132813 331.90780639648438
1690.3940000534058 128.81887817382813 538.005615234375 580.77008056640625 520.7489013671875 778.2733154296875 306.52081298828125 711.4501953125 477.51043701171875
1725.4352000355721 155.19174194335938 561.94696044921875 594.37750244140625 541.80950927734375 661.377685546875 408.1451416015625 712.033447265625 457.69369506835938
1755.3630000352859 155.19174194335938 561.94696044921875 594.37750244140625 541.80950927734375 661.377685546875 408.1451416015625 712.033447265625 457.69369506835938
1789.6294000148773 158.62872314453125 559.7823486328125 580.84161376953125 545.310546875 166.79045104980469 564.52655029296875 715.790771484375 451.85867309570313
1821.1898999810219 126.29473876953125 523.83709716796875 578.16046142578125 545.77813720703125 749.3211669921875 452.17523193359375 755.1494140625 452.33889770507813
1854.7516999840736 124.20183563232422 521.2811279296875 585.284423828125 546.2584228515625 236.24433898925781 393.7445068359375 669.5045166015625 366.92718505859375
1886.5373000502586 150.50843811035156 527.6588134765625 586.98077392578125 545.2388916015625 222.65060424804688 394.59945678710938 715.88616943359375 449.97128295898438
1922.8370000123978 150.50843811035156 527.6588134765625 586.98077392578125 545.2388916015625 222.65060424804688 394.59945678710938 715.88616943359375 449.97128295898438
1955.8150000572205 172.489501953125 512.029296875 580.3603515625 503.27896118164063 712.49945068359375 457.35446166992188 717.60711669921875 459.25790405273438
1987.8865000009537 159.78669738769531 423.41448974609375 589.6009521484375 543.00018310546875 194.26374816894531 356.32427978515625 681.9013671875 362.69622802734375
