27.91240006685257 151.32505798339844 550.9307861328125 146.53195190429688 545.2744140625 267.94656372070313 332.9505615234375 719.885498046875 461.8209228515625
61.311600029468536 150.43878173828125 545.502685546875 141.18962097167969 544.70428466796875 249.00665283203125 336.69110107421875 755.447998046875 450.01394653320313
106.05050003528595 147.7447509765625 548.882568359375 145.05567932128906 542.86273193359375 234.67491149902344 362.03875732421875 717.2991943359375 455.55801391601563
142.37519997358322 140.15632629394531 545.9317626953125 145.42250061035156 524.69384765625 243.67216491699219 337.23635864257813 716.08489990234375 452.53350830078125
173.21850001811981 140.15632629394531 545.9317626953125 145.42250061035156 524.69384765625 243.67216491699219 337.23635864257813 716.08489990234375 452.53350830078125
204.42040008306503 148.11851501464844 547.25299072265625 710.49676513671875 427.12060546875 235.22727966308594 329.6990966796875 717.1043701171875 453.43130493164063
237.63200002908707 147.5599365234375 536.85955810546875 589.6263427734375 544.4730224609375 221.97177124023438 335.63543701171875 719.271484375 457.96966552734375
270.457200050354 136.31390380859375 541.76776123046875 142.31793212890625 528.26397705078125 209.48260498046875 309.83367919921875 363.43624877929688 336.7567138671875
302.85250002145767 142.06423950195313 546.86553955078125 678.09136962890625 434.03359985351563 631.99542236328125 358.05987548828125 712.359619140625 457.25674438476563
332.96560001373291 142.06423950195313 546.86553955078125 678.09136962890625 434.03359985351563 631.99542236328125 358.05987548828125 712.359619140625 457.25674438476563
365.34940004348755 142.06423950195313 546.86553955078125 678.09136962890625 434.03359985351563 631.99542236328125 358.05987548828125 712.359619140625 457.25674438476563
401.29640001058578 151.54139709472656 527.487060546875 577.0626220703125 499.5877685546875 243.01765441894531 349.02224731445313 717.79730224609375 460.654296875
438.34200000762939 138.97010803222656 545.94464111328125 243.30715942382813 294.6337890625 233.37271118164063 353.30303955078125 712.8118896484375 457.78823852539063
469.60379999876022 142.2210693359375 541.62548828125 587.0633544921875 547.2568359375 227.35646057128906 366.84466552734375 211.11471557617188 380.03836059570313
500.5110000371933 142.2210693359375 541.62548828125 587.0633544921875 547.2568359375 227.35646057128906 366.84466552734375 211.11471557617188 380.03836059570313
532.63460004329681 138.53886413574219 526.012939453125 138.54652404785156 523.13592529296875 233.68606567382813 362.21743774414063 211.60310363769531 381.53060913085938
562.68159997463226 205.42330932617188 419.4923095703125 165.94013977050781 354.35385131835938 243.44219970703125 347.0557861328125 259.97427368164063 344.34344482421875
605.63440001010895 165.00660705566406 505.0482177734375 583.2288818359375 523.38165283203125 242.44558715820313 376.19595336914063 715.98382568359375 463.15420532226563
637.87850004434586 183.21464538574219 486.20648193359375 181.29336547851563 479.28671264648438 241.06338500976563 362.12179565429688 227.02949523925781 360.77023315429688
674.50110006332397 137.22149658203125 541.38323974609375 581.795654296875 526.34619140625 249.16854858398438 352.72805786132813 217.07054138183594 387.82919311523438
706.24320006370544 137.22149658203125 541.38323974609375 581.795654296875 526.34619140625 249.16854858398438 352.72805786132813 217.07054138183594 387.82919311523438
737.93910002708435 153.2337646484375 525.6546630859375 130.69346618652344 373.67471313476563 246.25885009765625 352.67401123046875 240.52253723144531 356.24734497070313
769.7393000125885 153.2337646484375 525.6546630859375 130.69346618652344 373.67471313476563 246.25885009765625 352.67401123046875 240.52253723144531 356.24734497070313
799.7664999961853 149.44189453125 543.40802001953125 148.96453857421875 551.6927490234375 270.70809936523438 340.5546875 361.21514892578125 173.02981567382813
831.12740004062653 151.78282165527344 525.5301513671875 773.15240478515625 308.2342529296875 269.59814453125 334.97207641601563 772.33331298828125 307.55465698242188
862.27820003032684 151.78282165527344 525.5301513671875 773.15240478515625 308.2342529296875 269.59814453125 334.97207641601563 772.33331298828125 307.55465698242188
894.7315000295639 154.06602478027344 545.430908203125 606.8658447265625 524.863525390625 711.53009033203125 464.126708984375 721.12579345703125 466.15899658203125
926.53369998931885 161.62767028808594 553.7547607421875 613.17437744140625 545.8453369140625 240.54997253417969 352.90957641601563 710.19989013671875 455.59210205078125
962.99980002641678 158.16416931152344 530.1644287109375 612.80255126953125 548.11370849609375 163.98944091796875 560.067626953125 711.397216796875 478.62826538085938
996.6418000459671 152.55917358398438 523.81610107421875 145.4544677734375 520.5621337890625 228.82379150390625 381.08450317382813 208.92431640625 383.62448120117188
1029.6350000500679 152.55917358398438 523.81610107421875 145.4544677734375 520.5621337890625 228.82379150390625 381.08450317382813 208.92431640625 383.62448120117188
1073.184800028801 163.83914184570313 538.87005615234375 594.8648681640625 522.0421142578125 227.57344055175781 381.57254028320313 712.40020751953125 459.13272094726563
1106.6777000427246 178.50637817382813 524.78143310546875 614.9920654296875 544.83660888671875 236.65083312988281 385.72140502929688 136.13236999511719 354.38479614257813
1135.709900021553 173.00209045410156 535.68182373046875 661.93511962890625 490.83267211914063 227.39617919921875 383.70343017578125 710.851318359375 482.28265380859375
1171.4284999966621 162.93583679199219 524.8114013671875 600.3221435546875 550.65142822265625 247.91964721679688 381.65533447265625 665.28619384765625 383.668701171875
1203.3756999373436 163.33670043945313 531.75006103515625 599.29718017578125 550.923828125 256.94650268554688 386.95291137695313 712.90966796875 456.89691162109375
1235.0420000553131 163.33670043945313 531.75006103515625 599.29718017578125 550.923828125 256.94650268554688 386.95291137695313 712.90966796875 456.89691162109375
1272.1183000206947 170.64138793945313 525.7349853515625 598.7354736328125 549.64593505859375 249.88435363769531 391.24771118164063 196.75846862792969 551.2384033203125
1309.4107999801636 642.613037109375 383.8172607421875 613.05810546875 546.27056884765625 252.34967041015625 406.31814575195313 712.2728271484375 460.00482177734375
1341.6123000383377 169.30245971679688 523.1793212890625 606.93255615234375 543.90679931640625 221.91751098632813 402.02963256835938 711.18359375 457.78970336914063
1374.2711000442505 176.01631164550781 541.75726318359375 179.87841796875 536.23822021484375 219.5562744140625 403.53018188476563 769.66265869140625 301.00604248046875
1405.6733000874519 224.01339721679688 415.5250244140625 605.592041015625 545.809326171875 232.13671875 412.2818603515625 216.99154663085938 389.54034423828125
1439.3353000283241 224.01339721679688 415.5250244140625 605.592041015625 545.809326171875 232.13671875 412.2818603515625 216.99154663085938 389.54034423828125
1471.5581000447273 775.0869140625 312.40780639648438 608.38104248046875 547.48419189453125 218.15577697753906 404.1807861328125 776.09564208984375 304.64443969726563
1507.3055999875069 207.69625854492188 389.53128051757813 214.36076354980469 379.32904052734375 226.91218566894531 410.73577880859375 718.27764892578125 455.6102294921875
1538.2872000336647 172.43875122070313 526.762451171875 596.50006103515625 540.33197021484375 217.01629638671875 406.9224853515625 714.31494140625 459.445556640625
1570.3783000707626 192.03807067871094 535.569091796875 612.39752197265625 543.4556884765625 232.4716796875 389.63934326171875 711.49481201171875 459.78976440429688
1604.2201000452042 192.03807067871094 535.569091796875 612.39752197265625 543.4556884765625 232.4716796875 389.63934326171875 711.49481201171875 459.78976440429688
1638.7595000267029 712.62518310546875 459.30841064453125 595.0267333984375 548.2581787109375 218.11726379394531 407.63818359375 716.908447265625 464.59658813476563
1673.6562000513077 221.01950073242188 416.69338989257813 591.69647216796875 547.221435546875 235.65736389160156 393.03256225585938 237.19082641601563 389.90924072265625
1705.4965000152588 174.81515502929688 540.12969970703125 594.71722412109375 544.35955810546875 220.78327941894531 413.096435546875 715.04632568359375 461.44427490234375
1740.8007000684738 224.99079895019531 459.83279418945313 589.154541015625 547.7877197265625 286.14007568359375 388.16952514648438 235.34999084472656 396.52645874023438
1770.6215000748634 596.12469482421875 548.7916259765625 588.666259765625 551.626953125 214.10385131835938 392.73593139648438 213.09809875488281 386.90347290039063
1803.8270000219345 596.12469482421875 548.7916259765625 588.666259765625 551.626953125 214.10385131835938 392.73593139648438 213.09809875488281 386.90347290039063
1837.6080000400543 164.00436401367188 526.8004150390625 233.96585083007813 380.2879638671875 232.49415588378906 389.42703247070313 217.32728576660156 385.80499267578125
1874.7198999524117 170.46452331542969 524.509765625 609.54949951171875 548.2689208984375 227.18687438964844 395.12564086914063 218.22467041015625 393.36495971679688
1907.3768000006676 162.14543151855469 525.6927490234375 152.68295288085938 522.23809814453125 221.17630004882813 398.1875 138.59162902832031 346.9437255859375
1939.0795000195503 161.25184631347656 525.62188720703125 150.12385559082031 520.99554443359375 220.18354797363281 401.4859619140625 223.15843200683594 395.6715087890625
1972.4642000198364 222.04966735839844 456.01947021484375 600.91046142578125 522.30126953125 221.97691345214844 396.58966064453125 222.35842895507813 392.80105590820313
