27.91240006685257 -157.45156860351563 319.292724609375 -162.24467468261719 313.6363525390625 -40.830043792724609 101.31249237060547 411.10888671875 230.182861328125
61.311600029468536 -152.34407043457031 301.70257568359375 -161.59323120117188 300.90414428710938 -53.776203155517578 92.890983581542969 452.6651611328125 206.21382141113281
106.05050003528595 -150.44140625 302.65737915039063 -153.1304931640625 296.63754272460938 -63.511249542236328 115.81356811523438 419.113037109375 209.33283996582031
142.37519997358322 -151.18350219726563 300.21499633789063 -145.91732788085938 278.97702026367188 -47.667667388916016 91.519569396972656 424.74505615234375 206.81671142578125
173.21850001811981 -151.18350219726563 300.21499633789063 -145.91732788085938 278.97702026367188 -47.667667388916016 91.519569396972656 424.74505615234375 206.81671142578125
204.42040008306503 -143.00709533691406 294.42303466796875 419.37115478515625 174.29063415527344 -55.898326873779297 76.869132995605469 425.97872924804688 200.60134887695313
237.63200002908707 -145.41477966308594 280.96078491210938 296.651611328125 288.57418823242188 -71.002960205078125 79.73663330078125 426.29672241210938 202.07084655761719
270.457200050354 -164.14028930664063 287.9329833984375 -158.13627624511719 274.42919921875 -90.971595764160156 55.998908996582031 62.982044219970703 82.92193603515625
302.85250002145767 -154.75715637207031 287.9501953125 381.26998901367188 175.11825561523438 335.17404174804688 99.144538879394531 415.5382080078125 198.34140014648438
332.96560001373291 -154.75715637207031 287.9501953125 381.26998901367188 175.11825561523438 335.17404174804688 99.144538879394531 415.5382080078125 198.34140014648438
365.34940004348755 -154.75715637207031 287.9501953125 381.26998901367188 175.11825561523438 335.17404174804688 99.144538879394531 415.5382080078125 198.34140014648438
401.29640001058578 -149.41871643066406 270.25714111328125 276.10247802734375 242.35781860351563 -57.942466735839844 91.79229736328125 416.837158203125 203.42436218261719
438.34200000762939 -164.50245666503906 287.81802368164063 -60.165397644042969 36.507156372070313 -70.099845886230469 95.176422119140625 409.33932495117188 199.66160583496094
469.60379999876022 -157.21621704101563 287.57467651367188 287.6260986328125 293.20602416992188 -72.080818176269531 112.79384613037109 -88.322578430175781 125.987548828125
500.5110000371933 -157.21621704101563 287.57467651367188 287.6260986328125 293.20602416992188 -72.080818176269531 112.79384613037109 -88.322578430175781 125.987548828125
532.63460004329681 -163.71343994140625 275.91683959960938 -163.70578002929688 273.03982543945313 -68.566230773925781 112.12130737304688 -90.649200439453125 131.43447875976563
562.68159997463226 -100.85458374023438 165.99784851074219 -140.33775329589844 100.85936737060547 -62.835697174072266 93.561325073242188 -46.303607940673828 90.848960876464844
605.63440001010895 -141.61178588867188 253.38540649414063 276.61050415039063 271.71881103515625 -64.172798156738281 124.53315734863281 409.36541748046875 211.49139404296875
637.87850004434586 -125.90583801269531 236.62065124511719 -127.82711791992188 229.70089721679688 -68.057098388671875 112.53598785400391 -82.090995788574219 111.18441009521484
674.50110006332397 -175.48468017578125 291.51895141601563 269.0894775390625 276.48187255859375 -63.537631988525391 102.86371612548828 -95.635635375976563 137.96485900878906
706.24320006370544 -175.48468017578125 291.51895141601563 269.0894775390625 276.48187255859375 -63.537631988525391 102.86371612548828 -95.635635375976563 137.96485900878906
737.93910002708435 -163.69230651855469 275.69528198242188 -186.23260498046875 123.71531677246094 -70.667228698730469 102.71460723876953 -76.403541564941406 106.28794860839844
769.7393000125885 -163.69230651855469 275.69528198242188 -186.23260498046875 123.71531677246094 -70.667228698730469 102.71460723876953 -76.403541564941406 106.28794860839844
799.7664999961853 -173.55857849121094 305.19174194335938 -174.03593444824219 313.47647094726563 -52.292369842529297 102.33837127685547 38.214672088623047 -65.186485290527344
831.12740004062653 -171.78507995605469 294.98529052734375 449.58453369140625 77.689361572265625 -53.969776153564453 104.42719268798828 448.76541137695313 77.009765625
862.27820003032684 -171.78507995605469 294.98529052734375 449.58453369140625 77.689361572265625 -53.969776153564453 104.42719268798828 448.76541137695313 77.009765625
894.7315000295639 -183.99859619140625 315.3021240234375 268.80123901367188 294.7347412109375 373.46548461914063 233.9979248046875 383.06121826171875 236.03021240234375
926.53369998931885 -182.8284912109375 328.722900390625 268.71817016601563 320.81353759765625 -103.90620422363281 127.87773132324219 365.74374389648438 230.56025695800781
962.99980002641678 -195.96226501464844 312.74734497070313 258.6761474609375 330.69659423828125 -190.13697814941406 342.65054321289063 357.27078247070313 261.211181640625
996.6418000459671 -201.27099609375 309.7242431640625 -208.37570190429688 306.47024536132813 -125.00638580322266 166.99261474609375 -144.90583801269531 169.53260803222656
1029.6350000500679 -201.27099609375 309.7242431640625 -208.37570190429688 306.47024536132813 -125.00638580322266 166.99261474609375 -144.90583801269531 169.53260803222656
1073.184800028801 -204.22132873535156 329.176513671875 226.80441284179688 312.34857177734375 -140.48703002929688 171.8790283203125 344.33975219726563 249.439208984375
1106.6777000427246 -197.89683532714844 324.72927856445313 238.5888671875 344.784423828125 -139.75236511230469 185.66925048828125 -240.27082824707031 154.33262634277344
1135.709900021553 -204.8717041015625 335.907470703125 284.06134033203125 291.058349609375 -150.47761535644531 183.92910766601563 332.97750854492188 282.50833129882813
1171.4284999966621 -224.07408142089844 323.35208129882813 213.31221008300781 349.19210815429688 -139.09028625488281 180.19602966308594 278.27627563476563 182.20936584472656
1203.3756999373436 -226.25148010253906 332.30499267578125 209.708984375 351.47872924804688 -132.64169311523438 187.5078125 323.32147216796875 257.45181274414063
1235.0420000553131 -226.25148010253906 332.30499267578125 209.708984375 351.47872924804688 -132.64169311523438 187.5078125 323.32147216796875 257.45181274414063
1272.1183000206947 -225.45391845703125 327.94033813476563 202.64019775390625 351.85125732421875 -146.21095275878906 193.45304870605469 -199.33682250976563 353.44375610351563
1309.4107999801636 243.20816040039063 187.68620300292969 213.6531982421875 350.13955688476563 -147.05522155761719 210.18708801269531 312.86795043945313 263.873779296875
1341.6123000383377 -231.57392883300781 326.7100830078125 206.05619812011719 347.43756103515625 -178.95887756347656 205.56037902832031 310.30722045898438 261.32046508789063
1374.2711000442505 -229.32931518554688 345.48187255859375 -225.46719360351563 339.96282958984375 -185.78935241699219 207.25480651855469 364.31704711914063 104.73067474365234
1405.6733000874519 -182.69490051269531 216.26028442382813 198.88374328613281 346.5445556640625 -174.57159423828125 213.01712036132813 -189.71676635742188 190.27560424804688
1439.3353000283241 -182.69490051269531 216.26028442382813 198.88374328613281 346.5445556640625 -174.57159423828125 213.01712036132813 -189.71676635742188 190.27560424804688
1471.5581000447273 364.4796142578125 111.84195709228516 197.77375793457031 346.91836547851563 -192.45152282714844 203.61492919921875 365.48834228515625 104.07857513427734
1507.3055999875069 -204.6065673828125 189.9552001953125 -197.94206237792969 179.75296020507813 -185.39065551757813 211.15971374511719 305.97479248046875 256.03414916992188
1538.2872000336647 -239.18035888671875 329.12408447265625 184.88092041015625 342.69354248046875 -194.60281372070313 209.28410339355469 302.69586181640625 261.80715942382813
1570.3783000707626 -220.2576904296875 338.038330078125 200.10176086425781 345.92486572265625 -179.82408142089844 192.10855102539063 299.19903564453125 262.25894165039063
1604.2201000452042 -220.2576904296875 338.038330078125 200.10176086425781 345.92486572265625 -179.82408142089844 192.10855102539063 299.19903564453125 262.25894165039063
1638.7595000267029 302.57577514648438 266.26712036132813 184.97732543945313 355.21685791015625 -191.93215942382813 214.59690856933594 306.8590087890625 271.5552978515625
1673.6562000513077 -186.90737915039063 225.13548278808594 183.76956176757813 355.66351318359375 -172.26953125 201.47467041015625 -170.73605346679688 198.35133361816406
1705.4965000152588 -233.7698974609375 349.31378173828125 186.13217163085938 353.54367065429688 -187.80178833007813 222.280517578125 306.46127319335938 270.62838745117188
1740.8007000684738 -182.05538940429688 270.3970947265625 182.10833740234375 358.35198974609375 -120.90609741210938 198.73381042480469 -171.69619750976563 207.09075927734375
1770.6215000748634 190.85453796386719 357.58712768554688 183.39605712890625 360.42245483398438 -191.16633605957031 201.53140258789063 -192.17208862304688 195.69892883300781
1803.8270000219345 190.85453796386719 357.58712768554688 183.39605712890625 360.42245483398438 -191.16633605957031 201.53140258789063 -192.17208862304688 195.69892883300781
1837.6080000400543 -236.83489990234375 336.25897216796875 -166.8734130859375 189.74653625488281 -168.34512329101563 198.88560485839844 -183.51199340820313 195.26358032226563
1874.7198999524117 -227.28549194335938 334.622802734375 211.79948425292969 358.3819580078125 -170.56314086914063 205.2386474609375 -179.52534484863281 203.47798156738281
1907.3768000006676 -236.38980102539063 336.14364624023438 -245.85227966308594 332.68896484375 -177.35893249511719 208.63839721679688 -259.943603515625 157.39462280273438
1939.0795000195503 -230.59089660644531 334.5517578125 -241.71888732910156 329.9254150390625 -171.65919494628906 210.41581726074219 -168.68431091308594 204.60137939453125
1972.4642000198364 -164.75839233398438 267.45675659179688 214.10238647460938 333.73858642578125 -164.83113098144531 208.02696228027344 -164.44961547851563 204.23834228515625
