28.486300051212311 -253.2548828125 364.8167724609375 207.39059448242188 375.31716918945313 287.982666015625 229.70976257324219 340.2166748046875 284.34768676757813
66.213500022888184 -256.66830444335938 347.28414916992188 210.43338012695313 364.46514892578125 399.19931030273438 124.4053955078125 335.1287841796875 278.241455078125
97.316000044345856 -259.92828369140625 343.81198120117188 -272.38095092773438 338.7647705078125 396.08340454101563 124.90481567382813 333.63409423828125 277.5675048828125
129.88909995555878 -259.92828369140625 343.81198120117188 -272.38095092773438 338.7647705078125 396.08340454101563 124.90481567382813 333.63409423828125 277.5675048828125
181.25590008497238 -254.697265625 343.33657836914063 209.06358337402344 363.6522216796875 332.05572509765625 279.37429809570313 337.57308959960938 281.11758422851563
213.57770001888275 -263.42291259765625 343.201416015625 -241.81332397460938 357.34585571289063 -179.32322692871094 205.82182312011719 298.67636108398438 189.230224609375
246.28700006008148 -262.07101440429688 339.77981567382813 223.9620361328125 361.39358520507813 328.32101440429688 281.79437255859375 334.58807373046875 284.73602294921875
277.11410003900528 -257.35092163085938 338.85739135742188 207.14936828613281 361.7762451171875 -177.54829406738281 200.52639770507813 -88.129173278808594 277.70767211914063
321.50470000505447 -265.67535400390625 343.43014526367188 203.72251892089844 366.18414306640625 322.91415405273438 280.29339599609375 329.76229858398438 282.12362670898438
351.78060007095337 -263.26373291015625 348.21087646484375 190.85638427734375 340.18695068359375 322.49923706054688 280.21817016601563 330.46478271484375 282.35159301757813
383.54720002412796 -259.78677368164063 322.445068359375 -258.64767456054688 314.09707641601563 388.66873168945313 125.93042755126953 -123.25173950195313 290.249755859375
421.27660000324249 -268.28225708007813 289.71099853515625 -257.38784790039063 293.90719604492188 -136.5955810546875 195.55609130859375 328.27951049804688 296.0186767578125
450.10350000858307 -268.28225708007813 289.71099853515625 -257.38784790039063 293.90719604492188 -136.5955810546875 195.55609130859375 328.27951049804688 296.0186767578125
486.11810004711151 -279.33929443359375 329.50576782226563 224.42362976074219 359.298095703125 -235.72683715820313 182.27886962890625 331.11325073242188 277.56594848632813
516.78820008039474 -231.104248046875 256.70013427734375 202.58154296875 360.72079467773438 -213.34410095214844 189.14962768554688 322.96124267578125 296.05532836914063
546.88730007410049 -242.9854736328125 329.9757080078125 284.16842651367188 298.10122680664063 -169.50808715820313 116.48061370849609 332.18338012695313 274.90255737304688
580.62030005455017 -242.9854736328125 329.9757080078125 284.16842651367188 298.10122680664063 -169.50808715820313 116.48061370849609 332.18338012695313 274.90255737304688
613.80200004577637 -221.59617614746094 334.89508056640625 200.19096374511719 363.684814453125 322.162841796875 269.29150390625 325.99020385742188 271.61468505859375
644.64550006389618 -194.94723510742188 180.59007263183594 212.5472412109375 355.43301391601563 -150.45053100585938 143.20259094238281 -7.292910099029541 283.28634643554688
689.88370001316071 -234.29718017578125 356.65185546875 205.12496948242188 351.94760131835938 -135.23222351074219 99.689079284667969 -2.888568639755249 282.19924926757813
728.04080003499985 -229.1968994140625 359.77813720703125 -231.18394470214844 345.979736328125 -159.02653503417969 205.22679138183594 -170.53305053710938 211.380615234375
761.68130004405975 -231.58793640136719 356.19158935546875 -278.36428833007813 333.019287109375 -60.2811279296875 185.81723022460938 12.82859992980957 134.87060546875
791.47190004587173 -231.88534545898438 356.98886108398438 -244.40576171875 340.14361572265625 -66.575775146484375 195.37797546386719 402.31564331054688 119.02516174316406
824.82410001754761 -231.88534545898438 356.98886108398438 -244.40576171875 340.14361572265625 -66.575775146484375 195.37797546386719 402.31564331054688 119.02516174316406
855.8785001039505 -226.73019409179688 355.93951416015625 -239.44863891601563 335.51821899414063 -55.004169464111328 184.20201110839844 29.589138031005859 146.04815673828125
885.72350007295609 -226.79296875 355.47335815429688 -232.15940856933594 344.246337890625 -156.41862487792969 203.43667602539063 10.134831428527832 119.51544189453125
920.93660002946854 -222.93533325195313 362.48165893554688 210.39114379882813 360.48373413085938 -120.56932830810547 92.095916748046875 344.58636474609375 278.25625610351563
954.77660006284714 -188.90809631347656 315.862548828125 -152.60758972167969 304.3548583984375 333.67254638671875 269.2607421875 338.59664916992188 270.94091796875
988.62459999322891 -188.90809631347656 315.862548828125 -152.60758972167969 304.3548583984375 333.67254638671875 269.2607421875 338.59664916992188 270.94091796875
1024.1781000494957 -228.04470825195313 150.01646423339844 -228.12081909179688 150.15953063964844 -188.90785217285156 126.84479522705078 -178.17813110351563 149.82765197753906
1057.0396000742912 -250.39591979980469 187.68533325195313 212.49275207519531 351.7994384765625 -167.47492980957031 149.33866882324219 -168.45184326171875 135.79161071777344
1088.104600071907 335.95654296875 265.03292846679688 -149.73870849609375 249.61798095703125 -179.73750305175781 133.92636108398438 -187.67787170410156 137.05889892578125
1123.2716000080109 -148.11941528320313 265.60595703125 -152.02027893066406 267.01797485351563 -165.15061950683594 192.40830993652344 -155.88104248046875 222.36631774902344
1155.2224000692368 -126.99429321289063 279.96246337890625 -129.82095336914063 282.882568359375 -158.27082824707031 210.37081909179688 -184.38502502441406 248.93389892578125
1187.4590001106262 -126.99429321289063 279.96246337890625 -129.82095336914063 282.882568359375 -158.27082824707031 210.37081909179688 -184.38502502441406 248.93389892578125
1228.2919000387192 -146.72348022460938 261.15786743164063 -159.34458923339844 270.77685546875 -143.19412231445313 202.88810729980469 -164.42201232910156 239.25825500488281
1259.5335000157356 -127.36612701416016 280.83929443359375 -142.34535217285156 278.70211791992188 -180.83650207519531 172.70791625976563 -188.20852661132813 171.08843994140625
1291.4478999972343 -149.05453491210938 203.25006103515625 -132.39631652832031 296.0426025390625 -163.83262634277344 166.98017883300781 -165.07325744628906 178.89552307128906
1323.1749000549316 -179.27197265625 315.985595703125 219.43876647949219 335.05502319335938 -144.3013916015625 87.807182312011719 -150.62483215332031 85.69476318359375
1355.9196999669075 -205.41255187988281 345.64727783203125 233.84982299804688 358.13720703125 -123.37908935546875 74.789657592773438 -122.03790283203125 76.454910278320313
1387.6407999992371 -205.41255187988281 345.64727783203125 233.84982299804688 358.13720703125 -123.37908935546875 74.789657592773438 -122.03790283203125 76.454910278320313
1421.7713000774384 -191.29017639160156 381.17559814453125 238.42462158203125 357.147216796875 431.41595458984375 129.3231201171875 371.36434936523438 270.0433349609375
1454.5800999999046 -202.18017578125 366.94732666015625 219.31837463378906 346.43124389648438 367.84991455078125 270.740478515625 372.29840087890625 273.3983154296875
1486.4692000746727 -197.45205688476563 366.28787231445313 235.53514099121094 358.70733642578125 -151.83001708984375 203.34971618652344 340.01513671875 178.09075927734375
1517.5767999887466 -204.44338989257813 362.27490234375 245.31527709960938 362.8641357421875 -37.867099761962891 123.36279296875 25.277853012084961 120.78997039794922
1549.6658000349998 -204.44338989257813 362.27490234375 245.31527709960938 362.8641357421875 -37.867099761962891 123.36279296875 25.277853012084961 120.78997039794922
1581.1482999920845 -213.48377990722656 340.045654296875 -252.74111938476563 325.78839111328125 -36.531440734863281 118.68266296386719 19.32615852355957 118.85942077636719
1616.3822000026703 -240.09262084960938 329.45208740234375 -254.3734130859375 323.36361694335938 441.7564697265625 119.73445129394531 35.451362609863281 131.98393249511719
1649.8902000188828 -218.42572021484375 348.71710205078125 -260.49899291992188 323.38909912109375 436.1339111328125 117.227783203125 42.001731872558594 141.64349365234375
1690.3940000534058 -215.53547668457031 353.2860107421875 236.41574096679688 336.029296875 433.9189453125 121.80122375488281 367.09585571289063 292.79083251953125
1725.4352000355721 -188.88349914550781 374.56536865234375 250.30227661132813 354.42788696289063 317.30245971679688 220.76351928710938 367.95822143554688 270.31207275390625
1755.3630000352859 -188.88349914550781 374.56536865234375 250.30227661132813 354.42788696289063 317.30245971679688 220.76351928710938 367.95822143554688 270.31207275390625
1789.6294000148773 -190.83515930175781 373.82421875 231.37773132324219 359.35244750976563 -182.67343139648438 378.56845092773438 366.326904296875 265.90057373046875
1821.1898999810219 -222.0845947265625 339.32839965820313 229.78111267089844 361.26947021484375 400.94186401367188 267.66653442382813 406.77011108398438 267.83023071289063
1854.7516999840736 -230.98223876953125 332.00006103515625 230.100341796875 356.97735595703125 -118.93972778320313 204.46342468261719 314.32046508789063 177.64610290527344
1886.5373000502586 -212.17465209960938 343.89907836914063 224.29771423339844 361.47915649414063 -140.03250122070313 210.8397216796875 353.20309448242188 266.2115478515625
1922.8370000123978 -212.17465209960938 343.89907836914063 224.29771423339844 361.47915649414063 -140.03250122070313 210.8397216796875 353.20309448242188 266.2115478515625
1955.8150000572205 -191.58470153808594 328.24456787109375 216.28617858886719 319.49423217773438 348.42523193359375 273.56973266601563 353.53289794921875 275.47317504882813
1987.8865000009537 -212.00967407226563 240.06657409667969 217.80461120605469 359.65228271484375 -177.53262329101563 172.97636413574219 310.10501098632813 179.34829711914063
