25.960899997502565 0.99511468410491943 -1.1675248146057129 0.075383976101875305 -0.50294750928878784 -1.7375733852386475 -0.88154083490371704 -0.59822678565979004 -2.0570359230041504 -0.90684616565704346 -0.83517932891845703 -1.3202030658721924 -0.84974288940429688 -0.94988322257995605 -1.5604039430618286 -0.90444755554199219
25.960899997502565 0.93387782573699951 -1.1330381631851196 0.13553264737129211 -0.4647853672504425 -1.7226943969726563 -0.80332696437835693 -0.54494911432266235 -2.0314962863922119 -0.81223839521408081 -0.83253419399261475 -1.300180196762085 -0.78657382726669312 -0.94289892911911011 -1.5360053777694702 -0.82293260097503662
120.70440000295639 0.94013774394989014 -1.1433192491531372 0.13435734808444977 -0.45607390999794006 -1.7358179092407227 -0.84857189655303955 -0.53775680065155029 -2.0482985973358154 -0.86120986938476563 -0.81844103336334229 -1.317619800567627 -0.8173750638961792 -0.925853431224823 -1.5556885004043579 -0.86008822917938232
120.70440000295639 0.95136737823486328 -1.1231561899185181 0.15964305400848389 -0.41491240262985229 -1.7322922945022583 -0.82168471813201904 -0.4900088906288147 -2.0458381175994873 -0.83993887901306152 -0.77567994594573975 -1.3184287548065186 -0.81102782487869263 -0.87566715478897095 -1.5612694025039673 -0.8529515266418457
212.54999999701977 0.90127897262573242 -1.1293923854827881 0.15179389715194702 -0.43148124217987061 -1.7245593070983887 -0.8459630012512207 -0.50530791282653809 -2.0339982509613037 -0.85371899604797363 -0.79556733369827271 -1.3065793514251709 -0.82772111892700195 -0.8947405219078064 -1.5472795963287354 -0.85874462127685547
214.68939999490976 0.96893680095672607 -1.1612250804901123 0.16429805755615234 -0.37088280916213989 -1.7203166484832764 -0.7669563889503479 -0.43527492880821228 -2.0151429176330566 -0.78727668523788452 -0.76725637912750244 -1.3790556192398071 -0.64482790231704712 -0.86976867914199829 -1.6108255386352539 -0.68776535987854004
301.09729999676347 0.95585775375366211 -1.2212926149368286 0.21328867971897125 -0.38067492842674255 -1.7980141639709473 -0.73767709732055664 -0.44112133979797363 -2.0982248783111572 -0.75899231433868408 -0.81252914667129517 -1.4434589147567749 -0.62655359506607056 -0.92143815755844116 -1.679286003112793 -0.67383408546447754
303.78079999983311 0.94340682029724121 -1.1582467555999756 0.16948117315769196 -0.31623288989067078 -1.7486035823822021 -0.71827340126037598 -0.36759969592094421 -2.0421595573425293 -0.74217754602432251 -0.76126247644424438 -1.3992421627044678 -0.62447386980056763 -0.86254680156707764 -1.6280771493911743 -0.67421388626098633
395.06219999864697 0.93177258968353271 -1.0878100395202637 0.17738588154315948 -0.30293959379196167 -1.646202564239502 -0.76523298025131226 -0.36333459615707397 -1.9407861232757568 -0.7952839732170105 -0.71495890617370605 -1.2924296855926514 -0.69274842739105225 -0.81226658821105957 -1.5212390422821045 -0.7459530234336853
395.06219999864697 0.95523196458816528 -1.1782593727111816 0.20893177390098572 -0.34462055563926697 -1.7856872081756592 -0.75642174482345581 -0.40597867965698242 -2.0884757041931152 -0.77677547931671143 -0.78335219621658325 -1.3963714838027954 -0.70376831293106079 -0.88533830642700195 -1.6344083547592163 -0.7502143383026123
494.77879999950528 0.94849377870559692 -1.1580256223678589 0.20536810159683228 -0.32920387387275696 -1.7551003694534302 -0.74353182315826416 -0.38951623439788818 -2.0527281761169434 -0.763538658618927 -0.76045775413513184 -1.3724201917648315 -0.69177579879760742 -0.86070561408996582 -1.6063998937606812 -0.73743021488189697
494.77879999950528 0.96936166286468506 -1.1599434614181519 0.2019999772310257 -0.33155187964439392 -1.7766079902648926 -0.67706465721130371 -0.39791947603225708 -2.0690221786499023 -0.69514298439025879 -0.76622271537780762 -1.3683394193649292 -0.64064723253250122 -0.87399125099182129 -1.5929560661315918 -0.67886662483215332
580.03599999845028 0.97057235240936279 -1.1318566799163818 0.18842373788356781 -0.33732384443283081 -1.7516802549362183 -0.62723767757415771 -0.39964303374290466 -2.0297579765319824 -0.64199566841125488 -0.75260943174362183 -1.3532339334487915 -0.57313144207000732 -0.85929512977600098 -1.5671482086181641 -0.60327994823455811
580.03599999845028 1.0224068164825439 -1.222718358039856 0.32669666409492493 -0.32938778400421143 -1.8803433179855347 -0.5656203031539917 -0.39406806230545044 -2.1511178016662598 -0.59458929300308228 -0.76893121004104614 -1.487019419670105 -0.52175915241241455 -0.8892362117767334 -1.7004783153533936 -0.56925868988037109
651.74329999834299 0.99957233667373657 -1.1693159341812134 0.46585187315940857 -0.25456273555755615 -1.8262724876403809 -0.53363758325576782 -0.31295904517173767 -2.0958492755889893 -0.54925990104675293 -0.68535995483398438 -1.4250588417053223 -0.56129276752471924 -0.8003385066986084 -1.6384451389312744 -0.60152357816696167
651.74329999834299 0.94965630769729614 -1.2730492353439331 0.48801165819168091 -0.26129108667373657 -1.8897112607955933 -0.58030027151107788 -0.32112032175064087 -2.1577389240264893 -0.58171021938323975 -0.70913016796112061 -1.5066007375717163 -0.60783463716506958 -0.82779306173324585 -1.7246074676513672 -0.64514738321304321
731.95589999854565 0.96152502298355103 -1.2144266366958618 0.502022385597229 -0.24057291448116302 -1.8169699907302856 -0.54410332441329956 -0.27929443120956421 -2.062474250793457 -0.54678303003311157 -0.70281553268432617 -1.457869291305542 -0.53925490379333496 -0.80493026971817017 -1.6554663181304932 -0.57777392864227295
731.95589999854565 0.9713139533996582 -1.2270025014877319 0.55520319938659668 -0.23839224874973297 -1.7878602743148804 -0.48137360811233521 -0.29666897654533386 -2.0282511711120605 -0.49580508470535278 -0.62728404998779297 -1.4371297359466553 -0.48994442820549011 -0.73363959789276123 -1.627206563949585 -0.53402853012084961
814.90430000051856 0.98072248697280884 -1.2579392194747925 0.44644591212272644 -0.25710153579711914 -1.8663259744644165 -0.47622904181480408 -0.29766729474067688 -2.1129839420318604 -0.4942190945148468 -0.68973499536514282 -1.511865496635437 -0.47805896401405334 -0.7951507568359375 -1.7132136821746826 -0.525584876537323
814.90430000051856 0.90959274768829346 -1.1815766096115112 0.41193819046020508 -0.24371786415576935 -1.7351692914962769 -0.41837874054908752 -0.27645513415336609 -1.9634813070297241 -0.40929284691810608 -0.66071641445159912 -1.4191907644271851 -0.42812228202819824 -0.75470191240310669 -1.6149041652679443 -0.44913658499717712
920.90320000052452 0.96085691452026367 -1.1924210786819458 0.53825312852859497 -0.27033716440200806 -1.7884074449539185 -0.27327218651771545 -0.33501139283180237 -2.0157277584075928 -0.24666973948478699 -0.63667535781860352 -1.4423296451568604 -0.31639954447746277 -0.74982792139053345 -1.631110668182373 -0.32279303669929504
920.90320000052452 0.97284930944442749 -1.1864850521087646 0.365500807762146 -0.30118933320045471 -1.8607795238494873 -0.33973744511604309 -0.35004636645317078 -2.0848345756530762 -0.329173743724823 -0.68800926208496094 -1.5312036275863647 -0.28272855281829834 -0.78901767730712891 -1.7083417177200317 -0.28864225745201111
1014.3875999972224 0.90120184421539307 -1.0409995317459106 0.30363151431083679 -0.24273763597011566 -1.6279830932617188 -0.43921267986297607 -0.28782594203948975 -1.8438066244125366 -0.45451989769935608 -0.61367517709732056 -1.2993240356445313 -0.44687762856483459 -0.70944017171859741 -1.4764395952224731 -0.47892516851425171
1014.3875999972224 0.9938812255859375 -1.2884961366653442 0.5224500298500061 -0.27283397316932678 -1.9321526288986206 -0.28982573747634888 -0.32112497091293335 -2.1698417663574219 -0.28118407726287842 -0.67633229494094849 -1.5863304138183594 -0.31310006976127625 -0.787250816822052 -1.7845520973205566 -0.33079430460929871
1105.9323999993503 0.88102728128433228 -1.1106573343276978 0.37334215641021729 -0.23272800445556641 -1.7194781303405762 -0.31481674313545227 -0.26965200901031494 -1.9318073987960815 -0.31213092803955078 -0.6029781699180603 -1.4143579006195068 -0.23165793716907501 -0.68857133388519287 -1.5839875936508179 -0.24363750219345093
1105.9323999993503 0.87877768278121948 -1.0720700025558472 0.27324569225311279 -0.29716992378234863 -1.7071059942245483 -0.33901631832122803 -0.35111099481582642 -1.9147472381591797 -0.33341690897941589 -0.62540435791015625 -1.3577258586883545 -0.3289349377155304 -0.72115784883499146 -1.5204254388809204 -0.33602431416511536
1200.1350000016391 0.97291475534439087 -1.0380054712295532 0.39580267667770386 -0.26319590210914612 -1.7119739055633545 -0.35970908403396606 -0.31841492652893066 -1.9456841945648193 -0.36683008074760437 -0.62698203325271606 -1.3450767993927002 -0.36159476637840271 -0.73097693920135498 -1.5326715707778931 -0.3835919201374054
1200.1350000016391 1.0464637279510498 -1.2060179710388184 0.48188716173171997 -0.24569950997829437 -1.965071439743042 -0.4221625030040741 -0.28809964656829834 -2.2224442958831787 -0.42420971393585205 -0.69828730821609497 -1.5722486972808838 -0.43179929256439209 -0.80423325300216675 -1.7868255376815796 -0.45677539706230164
1284.5441999994218 0.95232927799224854 -1.2257206439971924 0.62678396701812744 -0.25204464793205261 -1.8711916208267212 -0.28439372777938843 -0.28914189338684082 -2.1077172756195068 -0.28445860743522644 -0.67532777786254883 -1.5360022783279419 -0.2709810733795166 -0.76922088861465454 -1.7308450937271118 -0.29969987273216248
1284.5441999994218 0.9589989185333252 -1.1852707862854004 0.5213083028793335 -0.26899999380111694 -1.836111307144165 -0.21546012163162231 -0.33765101432800293 -2.073333740234375 -0.20761622488498688 -0.58370965719223022 -1.4487541913986206 -0.27032464742660522 -0.69709658622741699 -1.6353793144226074 -0.28262466192245483
1391.0625 0.92563050985336304 -1.1581951379776001 0.31387051939964294 -0.25915965437889099 -1.8651524782180786 -0.23340839147567749 -0.30689746141433716 -2.0723965167999268 -0.21358668804168701 -0.61173862218856812 -1.4959039688110352 -0.24388730525970459 -0.70756930112838745 -1.6622978448867798 -0.23689064383506775
1391.0625 0.8830142617225647 -0.9249643087387085 0.34244707226753235 -0.2514985203742981 -1.6412906646728516 -0.25213006138801575 -0.30733820796012878 -1.8553167581558228 -0.24353393912315369 -0.56960368156433105 -1.2845734357833862 -0.26247879862785339 -0.66847169399261475 -1.4532312154769897 -0.2630651593208313
1481.751099999994 1.0420881509780884 -1.130866527557373 0.42554143071174622 -0.2289661318063736 -1.9116479158401489 -0.33761891722679138 -0.2803560197353363 -2.1546940803527832 -0.33797755837440491 -0.6356436014175415 -1.5424909591674805 -0.35373246669769287 -0.74036669731140137 -1.7447876930236816 -0.37119662761688232
1481.751099999994 0.9965825080871582 -1.13926100730896 0.52143853902816772 -0.22599232196807861 -1.8197096586227417 -0.2073625922203064 -0.26272761821746826 -2.0546159744262695 -0.19687502086162567 -0.60640650987625122 -1.4727580547332764 -0.18880385160446167 -0.69679301977157593 -1.6627130508422852 -0.19517068564891815
1577.5854000002146 0.9567299485206604 -1.1705964803695679 0.7640642523765564 -0.21333017945289612 -1.8975433111190796 -0.13561989367008209 -0.25469577312469482 -2.1284825801849365 -0.11227526515722275 -0.64505845308303833 -1.5399725437164307 -0.14706198871135712 -0.74111759662628174 -1.7343603372573853 -0.14929385483264923
1577.5854000002146 0.91441845893859863 -1.128322958946228 0.25660291314125061 -0.21356099843978882 -1.816328763961792 -0.34988436102867126 -0.23856788873672485 -2.048551082611084 -0.36737361550331116 -0.6197853684425354 -1.4846733808517456 -0.3074314296245575 -0.70192724466323853 -1.6723600625991821 -0.33571383357048035
1656.6842000000179 0.88537055253982544 -0.91089260578155518 0.36284640431404114 -0.21022279560565948 -1.5940828323364258 -0.21285848319530487 -0.24502277374267578 -1.8066637516021729 -0.21501772105693817 -0.58503150939941406 -1.2714493274688721 -0.17415055632591248 -0.6704556941986084 -1.4387319087982178 -0.18357159197330475
1656.6842000000179 1.0233778953552246 -1.0577019453048706 0.43104425072669983 -0.19104699790477753 -1.8651249408721924 -0.31734552979469299 -0.23007774353027344 -2.1195576190948486 -0.31940773129463196 -0.64193010330200195 -1.4878721237182617 -0.33989229798316956 -0.74827736616134644 -1.6991914510726929 -0.35968402028083801
1721.8767999969423 0.99618339538574219 -1.1126981973648071 0.59187334775924683 -0.18808193504810333 -1.9037113189697266 -0.18178567290306091 -0.21612709760665894 -2.1507539749145508 -0.16575732827186584 -0.66668552160263062 -1.5425983667373657 -0.20668429136276245 -0.76688641309738159 -1.7484885454177856 -0.21268947422504425
1721.8767999969423 0.91241657733917236 -1.0505402088165283 0.49317231774330139 -0.20612478256225586 -1.8103121519088745 -0.20417433977127075 -0.23862263560295105 -2.051403284072876 -0.20397248864173889 -0.64253175258636475 -1.4593371152877808 -0.23855224251747131 -0.74192291498184204 -1.6611448526382446 -0.2552490234375
1805.9776999987662 0.90836191177368164 -1.0167577266693115 0.4912504255771637 -0.20582382380962372 -1.7735710144042969 -0.20338073372840881 -0.23819513618946075 -2.013723611831665 -0.20317967236042023 -0.64053142070770264 -1.4239629507064819 -0.23762476444244385 -0.73953551054000854 -1.6249848604202271 -0.25425654649734497
1805.9776999987662 0.93333905935287476 -1.1197210550308228 0.60367512702941895 -0.18478521704673767 -1.8532754182815552 -0.26709172129631042 -0.21817076206207275 -2.0906662940979004 -0.2668735682964325 -0.64405685663223267 -1.5041203498840332 -0.28343769907951355 -0.74411851167678833 -1.7015646696090698 -0.31032782793045044
1897.5308999978006 0.88764071464538574 -1.0358693599700928 0.259590744972229 -0.19590142369270325 -1.7580580711364746 -0.28085705637931824 -0.21905553340911865 -1.9820600748062134 -0.26978409290313721 -0.61593300104141235 -1.4384195804595947 -0.21795700490474701 -0.69844728708267212 -1.6158120632171631 -0.22149387001991272
1897.5308999978006 0.90878301858901978 -0.97089993953704834 0.49000522494316101 -0.14537134766578674 -1.7236347198486328 -0.16538555920124054 -0.16964061558246613 -1.9468230009078979 -0.15552355349063873 -0.57427549362182617 -1.3973547220230103 -0.19130727648735046 -0.66227757930755615 -1.5862843990325928 -0.19663240015506744
1987.4449000023305 0.93136930465698242 -1.0550857782363892 0.618461012840271 -0.15419657528400421 -1.8331351280212402 -0.10660967975854874 -0.16702455282211304 -2.0665283203125 -0.085832387208938599 -0.61468273401260376 -1.5083034038543701 -0.12214640527963638 -0.69473904371261597 -1.7067631483078003 -0.12641064822673798
1987.4449000023305 0.9017670750617981 -1.0466268062591553 0.54618096351623535 -0.19503746926784515 -1.7260997295379639 -0.23118633031845093 -0.22149829566478729 -1.9622046947479248 -0.23510591685771942 -0.60540539026260376 -1.3996655941009521 -0.23278014361858368 -0.6899493932723999 -1.5916885137557983 -0.25592556595802307
2086.9685999974608 0.92051988840103149 -1.0756863355636597 0.42102161049842834 -0.15792728960514069 -1.882129430770874 -0.20425908267498016 -0.19078162312507629 -2.1178069114685059 -0.19168435037136078 -0.5953478217124939 -1.5254988670349121 -0.22286678850650787 -0.69051212072372437 -1.7197264432907104 -0.23129400610923767
2086.9685999974608 0.85366576910018921 -0.9022182822227478 0.34899225831031799 -0.13911905884742737 -1.6364327669143677 -0.22811982035636902 -0.17514853179454803 -1.8650971651077271 -0.21815894544124603 -0.53297019004821777 -1.2867802381515503 -0.26236343383789063 -0.6264687180519104 -1.4728208780288696 -0.27033939957618713
2163.1198999993503 1.0018569231033325 -1.0353353023529053 0.58476829528808594 -0.19060300290584564 -1.91611647605896 -0.11198721081018448 -0.2248542308807373 -2.1565709114074707 -0.086464405059814453 -0.63164710998535156 -1.5660017728805542 -0.12810488045215607 -0.72903817892074585 -1.7654213905334473 -0.11880824714899063
2163.1198999993503 0.95975387096405029 -1.0611704587936401 0.62835907936096191 -0.14865598082542419 -1.8584408760070801 -0.14558088779449463 -0.17405442893505096 -2.1080563068389893 -0.12376920878887177 -0.61624491214752197 -1.5021789073944092 -0.19339552521705627 -0.71128237247467041 -1.7138054370880127 -0.19945342838764191
2242.9402999989688 0.93345195055007935 -1.1076977252960205 0.70040160417556763 -0.17880445718765259 -1.8791711330413818 -0.087227016687393188 -0.20295228064060211 -2.1198556423187256 -0.059661626815795898 -0.62862914800643921 -1.5268874168395996 -0.12255188077688217 -0.71564137935638428 -1.727811336517334 -0.12357978522777557
2242.9402999989688 0.88180047273635864 -1.1136702299118042 0.66106289625167847 -0.22457002103328705 -1.855140209197998 -0.1145346388220787 -0.26430568099021912 -2.0918469429016113 -0.093693092465400696 -0.60868829488754272 -1.491791844367981 -0.12651017308235168 -0.69630187749862671 -1.6859922409057617 -0.12802766263484955
2343.9332999959588 0.91518276929855347 -1.0554863214492798 0.28677725791931152 -0.17937064170837402 -1.867098331451416 -0.1987653523683548 -0.21956737339496613 -2.1113550662994385 -0.19758594036102295 -0.5893053412437439 -1.4841020107269287 -0.23145347833633423 -0.69290506839752197 -1.6826258897781372 -0.2354278564453125
2343.9332999959588 0.84764564037322998 -0.89506101608276367 0.44416755437850952 -0.20709364116191864 -1.6648389101028442 -0.067580521106719971 -0.25245466828346252 -1.881727933883667 -0.040420502424240112 -0.58196067810058594 -1.3195568323135376 -0.091162979602813721 -0.67868673801422119 -1.4956426620483398 -0.074493966996669769
2420.3561999984086 0.98970037698745728 -1.0926710367202759 0.52280116081237793 -0.20600748062133789 -1.9533182382583618 -0.16299420595169067 -0.25197651982307434 -2.2179417610168457 -0.13377809524536133 -0.64628660678863525 -1.5595642328262329 -0.21181607246398926 -0.75968050956726074 -1.7776623964309692 -0.20317144691944122
2420.3561999984086 0.96842348575592041 -1.0204951763153076 0.50950253009796143 -0.19687245786190033 -1.8592525720596313 -0.15885020792484283 -0.2416723221540451 -2.1171455383300781 -0.13037717342376709 -0.62595343589782715 -1.4755133390426636 -0.2064303457736969 -0.73646318912506104 -1.6880643367767334 -0.19800557196140289
2516.8003000020981 0.97762387990951538 -1.2654112577438354 0.69645369052886963 -0.26633653044700623 -2.054124116897583 -0.013845108449459076 -0.31857779622077942 -2.2913269996643066 0.026979502290487289 -0.64638251066207886 -1.6848454475402832 -0.045089069753885269 -0.74763071537017822 -1.8827829360961914 -0.027483852580189705
2516.8003000020981 0.86081767082214355 -1.0226098299026489 0.25604584813117981 -0.16561171412467957 -1.7924404144287109 -0.17234386503696442 -0.19262850284576416 -2.0070419311523438 -0.16321752965450287 -0.55107063055038452 -1.4459372758865356 -0.18915101885795593 -0.63843220472335815 -1.6196824312210083 -0.18701858818531036
2596.8272999972105 0.80348116159439087 -0.88929688930511475 0.38856253027915955 -0.21080635488033295 -1.5666337013244629 -0.16236534714698792 -0.24222938716411591 -1.761961817741394 -0.14968663454055786 -0.56090861558914185 -1.2552222013473511 -0.12810611724853516 -0.63919103145599365 -1.4095524549484253 -0.12409090995788574
2596.8272999972105 0.94181865453720093 -1.0100600719451904 0.44435206055641174 -0.21809171140193939 -1.7846431732177734 -0.18567334115505219 -0.25402623414993286 -2.0080149173736572 -0.1711743175983429 -0.61845868825912476 -1.4285218715667725 -0.14649546146392822 -0.70798027515411377 -1.6050095558166504 -0.14190378785133362
2689.409200001508 0.95865607261657715 -1.0346493721008301 0.57356005907058716 -0.23372584581375122 -1.8965667486190796 -0.017458371818065643 -0.26929733157157898 -2.120258092880249 0.029827848076820374 -0.63391762971878052 -1.5254031419754028 -0.017847975715994835 -0.72570466995239258 -1.7081791162490845 0.012373384088277817
2689.409200001508 0.96609461307525635 -1.0102981328964233 0.576377272605896 -0.21578249335289001 -1.8240474462509155 0.069055981934070587 -0.23758327960968018 -2.0321671962738037 0.12505424022674561 -0.60584509372711182 -1.4780217409133911 0.06405976414680481 -0.68322151899337769 -1.6519328355789185 0.1022481769323349
2793.0539999976754 0.89919835329055786 -1.0842932462692261 0.65503376722335815 -0.24639219045639038 -1.8200670480728149 0.07614406943321228 -0.2815392017364502 -2.028228759765625 0.12595346570014954 -0.62533849477767944 -1.4671964645385742 0.061032161116600037 -0.71263241767883301 -1.6417299509048462 0.08989880234003067
2793.0539999976754 0.82711398601531982 -1.0523726940155029 0.37076762318611145 -0.26937371492385864 -1.8710304498672485 -0.12282097339630127 -0.31056052446365356 -2.0718140602111816 -0.08666500449180603 -0.63753771781921387 -1.5390019416809082 -0.1105162650346756 -0.72893679141998291 -1.703534722328186 -0.088096268475055695
2877.014699999243 0.78102278709411621 -0.85140711069107056 0.47158581018447876 -0.23418821394443512 -1.5767971277236938 -0.072308346629142761 -0.27568671107292175 -1.7657771110534668 -0.043595045804977417 -0.57838290929794312 -1.2700390815734863 -0.081527136266231537 -0.66704964637756348 -1.423957347869873 -0.06528937816619873
2877.014699999243 0.92894762754440308 -1.0171594619750977 0.6342436671257019 -0.21403059363365173 -1.850557804107666 0.026658374816179276 -0.24649569392204285 -2.0681540966033936 0.071591414511203766 -0.63224565982818604 -1.4903068542480469 0.0073219118639826775 -0.72596144676208496 -1.6706533432006836 0.034277494996786118
2979.7786999978125 0.89307326078414917 -1.127017617225647 0.48243147134780884 -0.29374265670776367 -1.8806886672973633 0.047051966190338135 -0.34456378221511841 -2.0990748405456543 0.094344764947891235 -0.64346504211425781 -1.4931386709213257 -0.021542606875300407 -0.75093770027160645 -1.6704919338226318 0.0102014085277915
2979.7786999978125 0.85077804327011108 -0.98643529415130615 0.28795561194419861 -0.27315801382064819 -1.769183874130249 -0.16606611013412476 -0.3117445707321167 -1.9840695858001709 -0.14815777540206909 -0.62092721462249756 -1.4171667098999023 -0.15506760776042938 -0.70941561460494995 -1.5855705738067627 -0.14503808319568634
3051.2912000007927 0.84840512275695801 -0.8718913197517395 0.45280471444129944 -0.2925809919834137 -1.684046745300293 -0.0027069211937487125 -0.34875577688217163 -1.8860589265823364 0.038359206169843674 -0.62724131345748901 -1.3237617015838623 -0.029788371175527573 -0.73077839612960815 -1.4827072620391846 -0.0014249233063310385
3051.2912000007927 0.95468240976333618 -0.92938464879989624 0.3924345076084137 -0.28550201654434204 -1.8100794553756714 -0.034673672169446945 -0.35515585541725159 -2.0301098823547363 -0.0024624119978398085 -0.63826268911361694 -1.4218666553497314 -0.092025279998779297 -0.75985234975814819 -1.5984159708023071 -0.067459613084793091
3114.6239000037313 0.92704629898071289 -1.0032575130462646 0.66312968730926514 -0.29517802596092224 -1.8896164894104004 0.048338767141103745 -0.34580063819885254 -2.1189107894897461 0.10521380603313446 -0.68013143539428711 -1.5069961547851563 0.0067637772299349308 -0.78653788566589355 -1.6968051195144653 0.043243009597063065
3114.6239000037313 0.98428893089294434 -1.0761114358901978 0.58022356033325195 -0.30097445845603943 -1.9733384847640991 -0.016268162056803703 -0.37044256925582886 -2.222062349319458 0.02440904825925827 -0.67462223768234253 -1.5836052894592285 -0.091673575341701508 -0.80139660835266113 -1.7882751226425171 -0.070475682616233826
3200.8813000023365 0.92275828123092651 -1.0587178468704224 0.53433209657669067 -0.30545011162757874 -1.905070424079895 -0.008886958472430706 -0.36496314406394958 -2.1404123306274414 0.034026287496089935 -0.66099286079406738 -1.5304756164550781 -0.090716354548931122 -0.7745935320854187 -1.7277700901031494 -0.071763575077056885
3200.8813000023365 0.91224521398544312 -1.1255819797515869 0.56308168172836304 -0.28864100575447083 -1.9012482166290283 -0.03148949146270752 -0.3546445369720459 -2.1233921051025391 0.016938947141170502 -0.63591325283050537 -1.5309770107269287 -0.093939207494258881 -0.75292336940765381 -1.7126880884170532 -0.068404890596866608
3293.325300000608 0.87809795141220093 -1.0281381607055664 0.29095461964607239 -0.24361532926559448 -1.8704994916915894 -0.033987626433372498 -0.28601717948913574 -2.0830695629119873 -0.0068367165513336658 -0.60848617553710938 -1.5159761905670166 -0.056874942034482956 -0.70564717054367065 -1.6890339851379395 -0.034520391374826431
3293.325300000608 0.76317697763442993 -0.82404685020446777 0.25885653495788574 -0.25945964455604553 -1.5505925416946411 -0.11054924875497818 -0.30183854699134827 -1.7415518760681152 -0.096412792801856995 -0.59344851970672607 -1.2279294729232788 -0.10515276342630386 -0.68287575244903564 -1.3792209625244141 -0.095805749297142029
3383.7934000007808 0.93767422437667847 -0.87171667814254761 0.32184478640556335 -0.25485733151435852 -1.7891175746917725 -0.077520757913589478 -0.29633462429046631 -2.0063185691833496 -0.051780436187982559 -0.64246201515197754 -1.4022508859634399 -0.096072211861610413 -0.74038708209991455 -1.5784537792205811 -0.076443254947662354
3383.7934000007808 0.96562421321868896 -0.92056882381439209 0.53598260879516602 -0.25518789887428284 -1.858277440071106 0.031892359256744385 -0.31075140833854675 -2.0934743881225586 0.081708945333957672 -0.65731513500213623 -1.4767457246780396 0.002931227907538414 -0.76783639192581177 -1.6686851978302002 0.036286476999521255
3478.7038000002503 0.97698956727981567 -1.0268874168395996 0.58629518747329712 -0.26627436280250549 -1.929210901260376 0.094868659973144531 -0.33185771107673645 -2.1574275493621826 0.15244124829769135 -0.63071298599243164 -1.5630191564559937 0.034164335578680038 -0.74476474523544312 -1.7518117427825928 0.075422212481498718
3478.7038000002503 0.90257745981216431 -0.93924784660339355 0.55697870254516602 -0.2785126268863678 -1.7964473962783813 0.090127721428871155 -0.34081625938415527 -2.0132513046264648 0.14482118189334869 -0.62472617626190186 -1.4485684633255005 0.032459136098623276 -0.73307430744171143 -1.6279197931289673 0.071653760969638824
3574.3816999979317 0.94658267498016357 -1.1112337112426758 0.69398635625839233 -0.27506953477859497 -1.9300912618637085 0.055441994220018387 -0.33474227786064148 -2.1733970642089844 0.10593649744987488 -0.63350468873977661 -1.5609779357910156 0.0044784396886825562 -0.73738455772399902 -1.7624130249023438 0.030794672667980194
3574.3816999979317 0.86777609586715698 -1.1127784252166748 0.66245239973068237 -0.31932827830314636 -1.904123067855835 0.1148533970117569 -0.3778405487537384 -2.1216347217559814 0.17988760769367218 -0.6453709602355957 -1.5429891347885132 0.053247909992933273 -0.7448042631149292 -1.7256710529327393 0.094627529382705688
3669.1555000022054 0.85262566804885864 -1.0075793266296387 0.32760897278785706 -0.22455514967441559 -1.8954153060913086 0.046184234321117401 -0.28125536441802979 -2.1093945503234863 0.085528105497360229 -0.57947003841400146 -1.5346319675445557 -0.0027273667510598898 -0.68794900178909302 -1.7101784944534302 0.02789430133998394
3669.1555000022054 0.77979481220245361 -0.77633577585220337 0.45741131901741028 -0.23002181947231293 -1.5888930559158325 0.045825481414794922 -0.28450644016265869 -1.7940410375595093 0.081605724990367889 -0.57364994287490845 -1.2686586380004883 -0.00070665008388459682 -0.67782425880432129 -1.4359632730484009 0.022483546286821365
3761.296200003475 0.92858290672302246 -0.91248399019241333 0.56282240152359009 -0.23215338587760925 -1.8581205606460571 0.087119780480861664 -0.29529428482055664 -2.1014299392700195 0.12951721251010895 -0.6262010931968689 -1.4984499216079712 0.031094705685973167 -0.74599629640579224 -1.6953696012496948 0.060326464474201202
3761.296200003475 0.8672603964805603 -1.0320172309875488 0.66230684518814087 -0.22438740730285645 -1.8782304525375366 0.090552724897861481 -0.28493225574493408 -2.1119124889373779 0.14656476676464081 -0.5846172571182251 -1.5325055122375488 0.0042860857211053371 -0.69380974769592285 -1.7303828001022339 0.03287627175450325
3860.2413999997079 0.81316137313842773 -1.0389249324798584 0.70167607069015503 -0.26971453428268433 -1.8716248273849487 0.10488208383321762 -0.32938298583030701 -2.0936357975006104 0.15899704396724701 -0.6223442554473877 -1.5356602668762207 0.050384633243083954 -0.72373116016387939 -1.7233854532241821 0.083027675747871399
3860.2413999997079 0.83042514324188232 -1.0086237192153931 0.38398203253746033 -0.2084672600030899 -1.8744117021560669 0.093793526291847229 -0.25639387965202332 -2.1017670631408691 0.13227576017379761 -0.56944948434829712 -1.5213025808334351 0.072552919387817383 -0.67280137538909912 -1.7005984783172607 0.10573027282953262
3941.0045000016689 0.74864977598190308 -0.86800193786621094 0.54526585340499878 -0.22768010199069977 -1.6174274682998657 0.092895388603210449 -0.27955788373947144 -1.8290313482284546 0.13716554641723633 -0.56401348114013672 -1.3125960826873779 0.056751776486635208 -0.65832823514938354 -1.4910552501678467 0.08526611328125
3941.0045000016689 0.81537485122680664 -1.0362939834594727 0.65966963768005371 -0.2714880108833313 -1.8707554340362549 0.11835869401693344 -0.33137592673301697 -2.1039893627166748 0.17890103161334991 -0.65017938613891602 -1.5506293773651123 0.066287651658058167 -0.74968934059143066 -1.7540831565856934 0.10196277499198914
4017.0046999976039 0.7707558274269104 -1.0462523698806763 0.73572450876235962 -0.19983682036399841 -1.8314114809036255 0.10815171897411346 -0.24230290949344635 -2.0502495765686035 0.16196700930595398 -0.60472244024276733 -1.5454288721084595 0.058347135782241821 -0.69211381673812866 -1.7467795610427856 0.082746751606464386
4017.0046999976039 0.70428121089935303 -1.0648297071456909 0.71395164728164673 -0.23899903893470764 -1.7844672203063965 0.043720994144678116 -0.27781122922897339 -1.9931681156158447 0.089944504201412201 -0.63063710927963257 -1.4880994558334351 0.0059099821373820305 -0.71834713220596313 -1.6709589958190918 0.018542369827628136
4104.3713999986649 0.68280375003814697 -1.0880283117294312 0.73537713289260864 -0.22652989625930786 -1.7762762308120728 0.005606453400105238 -0.27364903688430786 -1.9910376071929932 0.045461408793926239 -0.60274434089660645 -1.4819307327270508 -0.046357076615095139 -0.69483679533004761 -1.6705822944641113 -0.037751059979200363
4104.3713999986649 0.74604934453964233 -1.0538010597229004 0.66066926717758179 -0.25217878818511963 -1.7794816493988037 -0.022735957056283951 -0.30844628810882568 -1.9998372793197632 0.0080029061064124107 -0.58366250991821289 -1.4668419361114502 -0.085754260420799255 -0.67740005254745483 -1.6537840366363525 -0.078008376061916351
4203.0603999979794 0.77377009391784668 -1.112401008605957 0.46621155738830566 -0.19003193080425262 -1.919002890586853 -0.025354770943522453 -0.23252059519290924 -2.1529858112335205 0.021779987961053848 -0.58347094058990479 -1.6037834882736206 -0.034267522394657135 -0.67831504344940186 -1.8023377656936646 -0.0084802107885479927
4203.0603999979794 0.76276648044586182 -0.82779872417449951 0.41567644476890564 -0.14548854529857635 -1.6625527143478394 0.097229272127151489 -0.18325568735599518 -1.8720431327819824 0.14291533827781677 -0.48682528734207153 -1.4001353979110718 0.048950411379337311 -0.56933718919754028 -1.5818095207214355 0.077794216573238373
4296.0291000008583 0.70856809616088867 -0.98427748680114746 0.68039745092391968 -0.17484919726848602 -1.7640637159347534 0.033782616257667542 -0.22411583364009857 -1.9737548828125 0.079385876655578613 -0.53230500221252441 -1.489768385887146 -0.024533184245228767 -0.62164264917373657 -1.6772876977920532 -0.0077579612843692303
4296.0291000008583 0.71122413873672485 -1.0282105207443237 0.70145535469055176 -0.19952718913555145 -1.8321244716644287 0.034833412617444992 -0.25031819939613342 -2.0483036041259766 0.081847704946994781 -0.56804317235946655 -1.5493420362472534 -0.025286756455898285 -0.66014504432678223 -1.7426635026931763 -0.0079924846068024635
4401.8743000030518 0.76205456256866455 -1.0257935523986816 0.59831249713897705 -0.18849280476570129 -1.8521428108215332 0.10137230902910233 -0.24296912550926208 -2.0782997608184814 0.15435750782489777 -0.52662396430969238 -1.5343589782714844 -0.003004417521879077 -0.62531024217605591 -1.7288415431976318 0.023903915658593178
4401.8743000030518 0.71216249465942383 -1.1219638586044312 0.49965363740921021 -0.13993389904499054 -1.8348811864852905 -0.023261114954948425 -0.1824973076581955 -2.0438191890716553 0.031067283824086189 -0.53366118669509888 -1.5516852140426636 -0.042258981615304947 -0.62485754489898682 -1.735254168510437 -0.012264917604625225
4470.7560000009835 0.62826210260391235 -0.90431499481201172 0.58559805154800415 -0.14402009546756744 -1.5966116189956665 0.059517428278923035 -0.18568944931030273 -1.7871373891830444 0.10592970997095108 -0.50452107191085815 -1.3431639671325684 0.0188300721347332 -0.58770447969436646 -1.5155717134475708 0.041804630309343338
4470.7560000009835 0.68325453996658325 -0.96993494033813477 0.64353382587432861 -0.165427565574646 -1.730718731880188 0.065409399569034576 -0.21121916174888611 -1.9400925636291504 0.11641312390565872 -0.56159192323684692 -1.4521981477737427 0.02069694921374321 -0.65300452709197998 -1.6416618824005127 0.045944321900606155
4536.7103000022471 0.78176426887512207 -0.91534388065338135 0.57424503564834595 -0.15667819976806641 -1.7936142683029175 0.093527078628540039 -0.1989867091178894 -2.0185980796813965 0.15087457001209259 -0.57685929536819458 -1.5023828744888306 0.045295290648937225 -0.67212623357772827 -1.7034478187561035 0.080711111426353455
4536.7103000022471 0.70013695955276489 -1.1015204191207886 0.62986934185028076 -0.12993326783180237 -1.7907861471176147 -0.0010909646516665816 -0.17200513184070587 -2.006230354309082 0.063646778464317322 -0.53143823146820068 -1.5078706741333008 -0.045979347079992294 -0.61957395076751709 -1.7066665887832642 -0.011085938662290573
4617.5648000016809 0.64279377460479736 -1.1043651103973389 0.63331979513168335 -0.19181542098522186 -1.7973997592926025 -0.0010907386895269156 -0.23411734402179718 -2.0140221118927002 0.064001001417636871 -0.59551584720611572 -1.5129371881484985 -0.046224575489759445 -0.68413352966308594 -1.7128204107284546 -0.011140367016196251
4617.5648000016809 0.66429543495178223 -1.109370231628418 0.65176749229431152 -0.20991475880146027 -1.8325917720794678 -0.015547339804470539 -0.25738990306854248 -2.0475380420684814 0.039025623351335526 -0.57578259706497192 -1.5612697601318359 -0.052759211510419846 -0.66003495454788208 -1.7575868368148804 -0.028476005420088768
4709.5903999991715 0.66370886564254761 -1.0783179998397827 0.63270413875579834 -0.1652199923992157 -1.785918116569519 -0.05379163846373558 -0.211994469165802 -2.0015084743499756 -0.011422388255596161 -0.54104340076446533 -1.516566276550293 -0.094801805913448334 -0.62956434488296509 -1.7114565372467041 -0.080020532011985779
4709.5903999991715 0.66291886568069458 -1.0755859613418579 0.71036499738693237 -0.16312848031520844 -1.7867108583450317 0.012017763219773769 -0.20176324248313904 -1.9942493438720703 0.060629811137914658 -0.53998202085494995 -1.5209317207336426 -0.025953255593776703 -0.62147343158721924 -1.7093462944030762 -0.0081089185550808907
4803.4384000003338 0.63418847322463989 -1.114607572555542 0.67670136690139771 -0.1651386022567749 -1.7857956886291504 -0.0077085336670279503 -0.21549658477306366 -1.9952747821807861 0.036129962652921677 -0.51526987552642822 -1.5089737176895142 -0.060016747564077377 -0.6069372296333313 -1.6967095136642456 -0.042794246226549149
4803.4384000003338 0.63055109977722168 -1.1146913766860962 0.67629218101501465 -0.17194966971874237 -1.7868326902389526 0.0089228413999080658 -0.22276057302951813 -2.0011763572692871 0.049878977239131927 -0.51113241910934448 -1.5089796781539917 -0.065988875925540924 -0.60349828004837036 -1.7020419836044312 -0.051263503730297089
4884.9986000023782 0.64816242456436157 -1.0854957103729248 0.73663961887359619 -0.16395565867424011 -1.8282644748687744 0.035792548209428787 -0.21593132615089417 -2.055300235748291 0.074738450348377228 -0.49757760763168335 -1.5360578298568726 -0.076643951237201691 -0.59022265672683716 -1.7404606342315674 -0.068204119801521301
4884.9986000023782 0.70625066757202148 -1.1166772842407227 0.65507644414901733 -0.13960416615009308 -1.8890963792800903 0.040717843919992447 -0.18708352744579315 -2.1131494045257568 0.088398963212966919 -0.48989558219909668 -1.5842790603637695 -0.068094298243522644 -0.58497899770736694 -1.7853696346282959 -0.04691183939576149
4961.1435999982059 0.68654590845108032 -1.0438607931137085 0.70388650894165039 -0.16349145770072937 -1.7850278615951538 0.063357822597026825 -0.20558866858482361 -1.99798583984375 0.10991325229406357 -0.49911081790924072 -1.496201753616333 -0.020138956606388092 -0.58343160152435303 -1.6840097904205322 -0.0015180493937805295
4961.1435999982059 0.66826552152633667 -1.1349166631698608 0.69973266124725342 -0.17143926024436951 -1.8546357154846191 0.041623994708061218 -0.22222791612148285 -2.0683150291442871 0.083597421646118164 -0.49089410901069641 -1.5624057054519653 -0.044292788952589035 -0.57560336589813232 -1.7472288608551025 -0.025544971227645874
