0.0 0.9632568359375 -1.0767625570297241 -0.033721406012773514 -0.61721807718276978 -1.6687952280044556 -0.71503967046737671 -0.70847588777542114 -1.9492031335830688 -0.72893935441970825 -1.0942143201828003 -1.1675601005554199 -0.703102707862854 -1.2473105192184448 -1.3707674741744995 -0.74443197250366211
0.0 0.95723128318786621 -1.0296484231948853 -0.030275242403149605 -0.59485173225402832 -1.6312360763549805 -0.72128212451934814 -0.68910729885101318 -1.9111212491989136 -0.74240994453430176 -1.0797991752624512 -1.1504470109939575 -0.70860028266906738 -1.2378942966461182 -1.3524658679962158 -0.75775152444839478
99.513699997216463 0.93944638967514038 -1.035527229309082 -0.05311230942606926 -0.60218161344528198 -1.607822060585022 -0.69982081651687622 -0.6898612380027771 -1.8763265609741211 -0.71210867166519165 -1.0729744434356689 -1.1153895854949951 -0.68668770790100098 -1.2242279052734375 -1.3116190433502197 -0.72425132989883423
99.513699997216463 0.92777037620544434 -1.0028790235519409 0.0048556961119174957 -0.60330241918563843 -1.63292396068573 -0.66383987665176392 -0.69195497035980225 -1.9069366455078125 -0.67909854650497437 -1.0670281648635864 -1.1298213005065918 -0.67412865161895752 -1.2182086706161499 -1.330197811126709 -0.71433031558990479
209.14129999652505 0.95675981044769287 -1.0353857278823853 0.062702491879463196 -0.6088218092918396 -1.6985825300216675 -0.63241195678710938 -0.69524294137954712 -1.9746408462524414 -0.63909727334976196 -1.0915307998657227 -1.1924312114715576 -0.62939387559890747 -1.2445391416549683 -1.3962780237197876 -0.66275042295455933
209.14129999652505 0.97362136840820313 -1.0887209177017212 0.019698239862918854 -0.63853353261947632 -1.7107200622558594 -0.66631162166595459 -0.73742216825485229 -1.9864261150360107 -0.67206764221191406 -1.100947380065918 -1.2036783695220947 -0.64722108840942383 -1.2644684314727783 -1.403965950012207 -0.67902570962905884
335.50129999220371 1.0188709497451782 -1.0700044631958008 0.16302250325679779 -0.59105491638183594 -1.7462457418441772 -0.53810817003250122 -0.68275249004364014 -2.0116348266601563 -0.53155702352523804 -1.0686852931976318 -1.24847412109375 -0.53422969579696655 -1.225553035736084 -1.4469493627548218 -0.55359119176864624
335.50129999220371 1.0726624727249146 -1.1248399019241333 0.10889052599668503 -0.57939749956130981 -1.7572420835494995 -0.58765363693237305 -0.67950570583343506 -2.0249538421630859 -0.60041916370391846 -1.069710373878479 -1.2217355966567993 -0.60053843259811401 -1.2410457134246826 -1.4163575172424316 -0.63597923517227173
440.58289999514818 1.0658830404281616 -1.0855550765991211 0.098910801112651825 -0.57917362451553345 -1.7223981618881226 -0.57845711708068848 -0.6879001259803772 -1.9882465600967407 -0.59110146760940552 -1.0493706464767456 -1.2105656862258911 -0.58718180656433105 -1.2252532243728638 -1.4015896320343018 -0.62202906608581543
440.58289999514818 1.0586378574371338 -1.0879367589950562 0.15276570618152618 -0.59704530239105225 -1.7432540655136108 -0.55485910177230835 -0.70065999031066895 -2.0104966163635254 -0.55534374713897705 -1.0597316026687622 -1.2123222351074219 -0.55980819463729858 -1.2276197671890259 -1.404653787612915 -0.58243709802627563
544.53039999306202 1.0976003408432007 -1.1414750814437866 0.11695757508277893 -0.60708928108215332 -1.7950048446655273 -0.59604901075363159 -0.71067863702774048 -2.0692033767700195 -0.60627204179763794 -1.0959779024124146 -1.2633097171783447 -0.60268014669418335 -1.2700996398925781 -1.4600082635879517 -0.63786858320236206
547.03559999540448 1.0340455770492554 -1.0467660427093506 0.14218553900718689 -0.59530121088027954 -1.695189356803894 -0.55068677663803101 -0.69691097736358643 -1.9564833641052246 -0.55027443170547485 -1.0607048273086548 -1.1789096593856812 -0.56584823131561279 -1.2295472621917725 -1.3675796985626221 -0.59182226657867432
650.70209999382496 1.0909345149993896 -1.1431034803390503 0.081896908581256866 -0.6412695050239563 -1.8083586692810059 -0.59688884019851685 -0.74216234683990479 -2.0821080207824707 -0.59955942630767822 -1.1095774173736572 -1.2827539443969727 -0.59442102909088135 -1.2738484144210815 -1.4811128377914429 -0.62156438827514648
650.70209999382496 1.0562251806259155 -1.1122705936431885 0.18583235144615173 -0.61703324317932129 -1.7545487880706787 -0.54605972766876221 -0.73071825504302979 -2.0296061038970947 -0.54007971286773682 -1.0765327215194702 -1.2496147155761719 -0.54327011108398438 -1.2513906955718994 -1.4477678537368774 -0.56639665365219116
758.48159999400377 1.0664986371994019 -1.1745007038116455 0.11779050529003143 -0.63262832164764404 -1.8498634099960327 -0.60647296905517578 -0.75233972072601318 -2.15022873878479 -0.62022972106933594 -1.0933355093002319 -1.3666311502456665 -0.59118545055389404 -1.2753245830535889 -1.585873007774353 -0.63458561897277832
758.48159999400377 1.0474141836166382 -1.1614787578582764 0.23990586400032043 -0.58420568704605103 -1.830729603767395 -0.44974741339683533 -0.69612765312194824 -2.0867903232574463 -0.4440636932849884 -1.032329797744751 -1.3329592943191528 -0.48277270793914795 -1.2085325717926025 -1.5244290828704834 -0.50256824493408203
859.83779999613762 1.0532016754150391 -1.1963127851486206 0.1935608834028244 -0.61247009038925171 -1.8638890981674194 -0.47367659211158752 -0.73066467046737671 -2.1313154697418213 -0.4755464494228363 -1.0487111806869507 -1.3772894144058228 -0.49481487274169922 -1.2319098711013794 -1.5742192268371582 -0.52302879095077515
859.83779999613762 1.0513478517532349 -1.1829092502593994 0.16248159110546112 -0.62700784206390381 -1.7634236812591553 -0.54485189914703369 -0.77543389797210693 -2.0433170795440674 -0.56187337636947632 -0.95996922254562378 -1.2911175489425659 -0.57938230037689209 -1.1487430334091187 -1.4951604604721069 -0.62366783618927002
971.84829999133945 1.1125494241714478 -1.2817989587783813 0.26409420371055603 -0.6476176381111145 -1.9228010177612305 -0.53969836235046387 -0.78586530685424805 -2.2122550010681152 -0.54523879289627075 -1.0813333988189697 -1.4096376895904541 -0.56246656179428101 -1.283145546913147 -1.6167482137680054 -0.59842711687088013
971.84829999133945 1.0019634962081909 -1.1504275798797607 0.3113684356212616 -0.57782912254333496 -1.7940958738327026 -0.41586118936538696 -0.68750852346420288 -2.0523445606231689 -0.41696178913116455 -1.021475076675415 -1.333299994468689 -0.43580037355422974 -1.1975679397583008 -1.524455189704895 -0.46493536233901978
1078.6437999941409 1.0562928915023804 -1.1881834268569946 0.38488858938217163 -0.56759023666381836 -1.8645187616348267 -0.37164983153343201 -0.68074339628219604 -2.125267505645752 -0.3644166886806488 -1.0046918392181396 -1.3797569274902344 -0.40055713057518005 -1.1800707578659058 -1.5741691589355469 -0.42017939686775208
1081.2919999994338 1.0789357423782349 -1.2068734169006348 0.4018690288066864 -0.55951863527297974 -1.917317271232605 -0.33610460162162781 -0.66740953922271729 -2.1738905906677246 -0.32048836350440979 -1.007292628288269 -1.4247044324874878 -0.37169817090034485 -1.1797271966934204 -1.6155185699462891 -0.38560783863067627
1212.2567999958992 1.0888792276382446 -1.2177786827087402 0.39050480723381042 -0.51407533884048462 -1.8560061454772949 -0.36071386933326721 -0.61762470006942749 -2.1112892627716064 -0.34812939167022705 -0.95685625076293945 -1.3587143421173096 -0.3975776731967926 -1.1249949932098389 -1.5467509031295776 -0.41544583439826965
1215.4405999965966 1.003653883934021 -1.156711220741272 0.11843974143266678 -0.53836899995803833 -1.8177220821380615 -0.38770574331283569 -0.64578050374984741 -2.0575885772705078 -0.38305488228797913 -0.94064301252365112 -1.3536732196807861 -0.368888258934021 -1.1027077436447144 -1.5281432867050171 -0.38308343291282654
1322.0197999924421 1.006821870803833 -1.052020788192749 0.13432379066944122 -0.53009182214736938 -1.6626056432723999 -0.3533482551574707 -0.63786375522613525 -1.8911441564559937 -0.34295552968978882 -0.89095860719680786 -1.2312757968902588 -0.34491890668869019 -1.0423755645751953 -1.3994560241699219 -0.35482940077781677
1322.0197999924421 1.063727855682373 -1.1884571313858032 0.24207152426242828 -0.57470202445983887 -1.8930782079696655 -0.45775735378265381 -0.69992572069168091 -2.181128978729248 -0.4661996066570282 -0.97777575254440308 -1.3838455677032471 -0.47163334488868713 -1.1640158891677856 -1.5976599454879761 -0.50517874956130981
1428.1636999957263 1.0248377323150635 -1.2082430124282837 0.24156861007213593 -0.61016792058944702 -1.9113913774490356 -0.45679765939712524 -0.7351299524307251 -2.1988401412963867 -0.46522223949432373 -1.0123993158340454 -1.4032230377197266 -0.47064465284347534 -1.1982502937316895 -1.6165904998779297 -0.50411993265151978
1428.1636999957263 1.0514559745788574 -1.1906903982162476 0.25220057368278503 -0.53471344709396362 -1.8990859985351563 -0.47873443365097046 -0.64742028713226318 -2.1795685291290283 -0.49608170986175537 -0.95154422521591187 -1.4062381982803345 -0.50249993801116943 -1.1264729499816895 -1.607440710067749 -0.54077929258346558
1535.3731999956071 0.99572676420211792 -1.1361393928527832 0.35627791285514832 -0.50254052877426147 -1.8112025260925293 -0.45396345853805542 -0.6074531078338623 -2.0880475044250488 -0.47350224852561951 -0.93820494413375854 -1.3430682420730591 -0.46978744864463806 -1.1059846878051758 -1.5461544990539551 -0.51281946897506714
1538.6893999949098 1.0713244676589966 -1.2483689785003662 0.4463135302066803 -0.45359870791435242 -2.0046768188476563 -0.50175416469573975 -0.55854600667953491 -2.3033726215362549 -0.52146774530410767 -0.92589807510375977 -1.4972110986709595 -0.51727551221847534 -1.0904532670974731 -1.7158734798431396 -0.56578522920608521
1651.1335999928415 0.97609663009643555 -1.1389379501342773 0.42950046062469482 -0.40805155038833618 -1.8789963722229004 -0.48467805981636047 -0.49775993824005127 -2.1694490909576416 -0.50221353769302368 -0.87517058849334717 -1.3964594602584839 -0.50780445337295532 -1.0274099111557007 -1.6107834577560425 -0.55557918548583984
1651.1335999928415 1.1442444324493408 -1.2859548330307007 0.49630850553512573 -0.44553625583648682 -1.9671480655670166 -0.38631084561347961 -0.53313541412353516 -2.2366392612457275 -0.38312980532646179 -0.91957569122314453 -1.4816310405731201 -0.40420442819595337 -1.0720951557159424 -1.6851620674133301 -0.42920622229576111
1800.1096000000834 0.98839294910430908 -1.1891032457351685 0.14138311147689819 -0.50433492660522461 -1.8169153928756714 -0.40663132071495056 -0.60018312931060791 -2.0543527603149414 -0.40951955318450928 -0.9140893816947937 -1.3977551460266113 -0.36810484528541565 -1.0632560253143311 -1.5727999210357666 -0.38711908459663391
1800.1096000000834 1.037508487701416 -1.0488353967666626 0.20645903050899506 -0.45705625414848328 -1.6826694011688232 -0.32936123013496399 -0.56393009424209595 -1.9230254888534546 -0.33225306868553162 -0.80908393859863281 -1.2681106328964233 -0.32658284902572632 -0.96334600448608398 -1.4412195682525635 -0.34654006361961365
1916.863499995321 1.074877142906189 -1.2140628099441528 0.29366013407707214 -0.5228084921836853 -1.8534613847732544 -0.38181629776954651 -0.63357597589492798 -2.1127958297729492 -0.37970587611198425 -0.91160225868225098 -1.4230985641479492 -0.36241400241851807 -1.0709413290023804 -1.6164566278457642 -0.3844170868396759
1916.863499995321 1.035207986831665 -1.2281298637390137 0.3744683563709259 -0.485645592212677 -1.8638299703598022 -0.44878914952278137 -0.60033202171325684 -2.1451559066772461 -0.46477237343788147 -0.90869569778442383 -1.4082314968109131 -0.45920515060424805 -1.0729814767837524 -1.6187125444412231 -0.50491392612457275
2022.474599994719 1.012559175491333 -1.2313687801361084 0.39232334494590759 -0.47849154472351074 -1.8827743530273438 -0.53995829820632935 -0.59180307388305664 -2.1833121776580811 -0.5748482346534729 -0.91869980096817017 -1.4162367582321167 -0.53561168909072876 -1.0833690166473389 -1.6400749683380127 -0.59977865219116211
2022.474599994719 1.0690960884094238 -1.3220824003219604 0.37602001428604126 -0.50095778703689575 -1.9924885034561157 -0.51935708522796631 -0.60720890760421753 -2.2937386035919189 -0.55412775278091431 -0.93056255578994751 -1.5196908712387085 -0.51879262924194336 -1.0895333290100098 -1.7429512739181519 -0.58407557010650635
2138.6854999959469 1.0975271463394165 -1.3228970766067505 0.48900797963142395 -0.46191960573196411 -1.9562743902206421 -0.42513188719749451 -0.55980700254440308 -2.228071928024292 -0.43147668242454529 -0.93177109956741333 -1.4916192293167114 -0.44303309917449951 -1.0893117189407349 -1.6944948434829712 -0.4841066300868988
2138.6854999959469 1.0099451541900635 -1.253990650177002 0.48820728063583374 -0.44341772794723511 -1.8828427791595459 -0.45185166597366333 -0.54002863168716431 -2.1577718257904053 -0.47306138277053833 -0.91425830125808716 -1.4124076366424561 -0.48690885305404663 -1.073511004447937 -1.6154787540435791 -0.53884607553482056
2279.432099994272 1.0547564029693604 -1.3088939189910889 0.22268311679363251 -0.49248683452606201 -1.9088045358657837 -0.46853414177894592 -0.58965665102005005 -2.1610064506530762 -0.49031800031661987 -0.89487212896347046 -1.4718447923660278 -0.42183750867843628 -1.0457159280776978 -1.6545695066452026 -0.45619276165962219
2279.432099994272 0.95250982046127319 -1.0629082918167114 0.2907368540763855 -0.4261888861656189 -1.7076923847198486 -0.35694584250450134 -0.50600022077560425 -1.9439386129379272 -0.37327057123184204 -0.79202812910079956 -1.2985082864761353 -0.35384875535964966 -0.91424202919006348 -1.4750628471374512 -0.39107879996299744
2385.7030999921262 1.0333758592605591 -1.1844598054885864 0.32576638460159302 -0.44024527072906494 -1.7920230627059937 -0.4925653338432312 -0.53866255283355713 -2.0676829814910889 -0.52926969528198242 -0.82316219806671143 -1.3297204971313477 -0.50575238466262817 -0.96443068981170654 -1.5312741994857788 -0.56043082475662231
2385.7030999921262 1.0381499528884888 -1.2504771947860718 0.43086904287338257 -0.39343786239624023 -1.984723687171936 -0.51676714420318604 -0.495931476354599 -2.2886924743652344 -0.551857590675354 -0.88823235034942627 -1.5085728168487549 -0.57751262187957764 -1.0492216348648071 -1.7476012706756592 -0.64815467596054077
2488.9588999971747 1.0115624666213989 -1.2474304437637329 0.4254319965839386 -0.39368546009063721 -1.9679288864135742 -0.50521904230117798 -0.4894273579120636 -2.265082836151123 -0.53578424453735352 -0.86575871706008911 -1.4919168949127197 -0.54440873861312866 -1.0133740901947021 -1.7156492471694946 -0.60997343063354492
2488.9588999971747 1.04267418384552 -1.2346380949020386 0.5345001220703125 -0.39833560585975647 -1.9303361177444458 -0.34875112771987915 -0.48552149534225464 -2.1902098655700684 -0.34803888201713562 -0.89812147617340088 -1.4723629951477051 -0.38827511668205261 -1.0483479499816895 -1.671491265296936 -0.42245125770568848
2659.8104999959469 0.95877277851104736 -1.1429916620254517 0.18173973262310028 -0.41372069716453552 -1.7682207822799683 -0.46222043037414551 -0.48457765579223633 -2.0204803943634033 -0.48970896005630493 -0.81259900331497192 -1.3611476421356201 -0.42657375335693359 -0.93584346771240234 -1.5488870143890381 -0.46437352895736694
2659.8104999959469 0.95642876625061035 -1.0478630065917969 0.15095140039920807 -0.4816451370716095 -1.6925054788589478 -0.3404102623462677 -0.56683623790740967 -1.9311251640319824 -0.35001721978187561 -0.85015153884887695 -1.2692681550979614 -0.35766565799713135 -0.98696815967559814 -1.448455810546875 -0.37749338150024414
2764.6711999960244 0.96905618906021118 -1.1176633834838867 0.24913483858108521 -0.48614349961280823 -1.8147339820861816 -0.35530596971511841 -0.57241296768188477 -2.0711932182312012 -0.36218652129173279 -0.87584209442138672 -1.3724795579910278 -0.39271289110183716 -1.012090802192688 -1.5697071552276611 -0.41407191753387451
2764.6711999960244 0.98029029369354248 -1.2066501379013062 0.35587376356124878 -0.44078794121742249 -1.9325038194656372 -0.38287851214408875 -0.52282202243804932 -2.2087607383728027 -0.39253711700439453 -0.86104941368103027 -1.4932193756103516 -0.41304275393486023 -0.99276602268218994 -1.7107387781143188 -0.45240494608879089
2866.8180999942124 0.97636264562606812 -1.2359722852706909 0.39484855532646179 -0.45716243982315063 -1.9084992408752441 -0.36239579319953918 -0.53943407535552979 -2.1768393516540527 -0.36584529280662537 -0.8594631552696228 -1.4633382558822632 -0.3693716824054718 -0.9940263032913208 -1.66620934009552 -0.3959648609161377
2866.8180999942124 0.94540137052536011 -1.2116380929946899 0.47934624552726746 -0.45398789644241333 -1.8784346580505371 -0.3697044849395752 -0.53223556280136108 -2.1379265785217285 -0.372170090675354 -0.86205655336380005 -1.4471365213394165 -0.36541804671287537 -0.98812329769134521 -1.6433618068695068 -0.39690053462982178
2979.0215999931097 0.98380988836288452 -1.261155366897583 0.45123907923698425 -0.4110310971736908 -1.9608113765716553 -0.30855169892311096 -0.48155423998832703 -2.2222976684570313 -0.30657336115837097 -0.88230067491531372 -1.5230231285095215 -0.33922049403190613 -1.0182046890258789 -1.7255337238311768 -0.36452102661132813
2979.0215999931097 0.97235572338104248 -1.1995300054550171 0.40468889474868774 -0.38990575075149536 -1.8468461036682129 -0.28420966863632202 -0.45993384718894958 -2.0963659286499023 -0.27851659059524536 -0.81300979852676392 -1.4282785654067993 -0.31198802590370178 -0.94239068031311035 -1.6178429126739502 -0.33290192484855652
3102.6241999939084 0.98391062021255493 -1.1933752298355103 0.21372547745704651 -0.43473213911056519 -1.8866641521453857 -0.22238178551197052 -0.5172392725944519 -2.1136314868927002 -0.20867012441158295 -0.80530953407287598 -1.4502224922180176 -0.24464382231235504 -0.93606573343276978 -1.6229898929595947 -0.2391824871301651
3102.6241999939084 0.93830585479736328 -1.0556374788284302 0.36532473564147949 -0.45385581254959106 -1.7337633371353149 -0.11723978817462921 -0.53967118263244629 -1.9513683319091797 -0.085568793118000031 -0.79513174295425415 -1.3352686166763306 -0.13169527053833008 -0.92469638586044312 -1.4978810548782349 -0.11636437475681305
3210.4157999977469 1.0407170057296753 -1.0543988943099976 0.45558115839958191 -0.42875498533248901 -1.8091902732849121 -0.13600072264671326 -0.52315789461135864 -2.051224946975708 -0.1043676882982254 -0.82110005617141724 -1.3873587846755981 -0.169709712266922 -0.9690132737159729 -1.5739734172821045 -0.16312262415885925
3213.8941999971867 1.0643352270126343 -1.1826580762863159 0.49795821309089661 -0.43321168422698975 -1.9776862859725952 -0.24176064133644104 -0.51284992694854736 -2.2386209964752197 -0.22372837364673615 -0.87800312042236328 -1.5367335081100464 -0.26172056794166565 -1.0147426128387451 -1.7423360347747803 -0.27497196197509766
3321.9628999978304 0.98199427127838135 -1.2199499607086182 0.54405474662780762 -0.39400792121887207 -1.9211852550506592 -0.18557609617710114 -0.47523713111877441 -2.1594939231872559 -0.15977218747138977 -0.83027529716491699 -1.5047441720962524 -0.21946612000465393 -0.96621072292327881 -1.6965165138244629 -0.22336043417453766
3321.9628999978304 0.97339558601379395 -1.1986511945724487 0.51151657104492188 -0.41023388504981995 -1.8943091630935669 -0.027785543352365494 -0.48822367191314697 -2.1130590438842773 0.012427902780473232 -0.78195810317993164 -1.4792767763137817 -0.078425802290439606 -0.90871596336364746 -1.6524549722671509 -0.060555394738912582
3475.9850999936461 0.93377566337585449 -1.0956692695617676 0.33148097991943359 -0.39985182881355286 -1.7930665016174316 -0.13809351623058319 -0.47661459445953369 -2.0046525001525879 -0.11719588190317154 -0.73863303661346436 -1.4106526374816895 -0.099974900484085083 -0.85601216554641724 -1.560356616973877 -0.088243104517459869
3475.9850999936461 0.90731251239776611 -0.88884609937667847 0.34442207217216492 -0.38022634387016296 -1.6324611902236938 -0.039042163640260696 -0.45910352468490601 -1.8307764530181885 -0.01070068497210741 -0.70466434955596924 -1.233830451965332 -0.080522403120994568 -0.82552933692932129 -1.3797371387481689 -0.061605978757143021
3577.8309999965131 1.0573276281356812 -1.0903445482254028 0.42660656571388245 -0.43813863396644592 -1.8808238506317139 -0.070501647889614105 -0.52299797534942627 -2.1083283424377441 -0.019532617181539536 -0.82118666172027588 -1.4531097412109375 -0.073268070816993713 -0.95387327671051025 -1.6200777292251587 -0.040506590157747269
3577.8309999965131 1.0455846786499023 -1.0380377769470215 0.47749406099319458 -0.37830707430839539 -1.8857966661453247 -0.22737851738929749 -0.46880614757537842 -2.1459593772888184 -0.2032921314239502 -0.81711173057556152 -1.44446861743927 -0.24943928420543671 -0.95933890342712402 -1.6434037685394287 -0.25866585969924927
3683.5102999955416 1.1119927167892456 -1.0670703649520874 0.41453409194946289 -0.37423968315124512 -1.9379516839981079 -0.22640907764434814 -0.46477106213569641 -2.2052507400512695 -0.20300111174583435 -0.81622505187988281 -1.4774758815765381 -0.25895664095878601 -0.96463000774383545 -1.6846020221710205 -0.26500588655471802
3686.64849999547 1.0714075565338135 -1.1347639560699463 0.43086659908294678 -0.35299262404441833 -1.9574927091598511 -0.3459850549697876 -0.43398317694664001 -2.2341763973236084 -0.34754371643066406 -0.82772290706634521 -1.5090243816375732 -0.39216437935829163 -0.96778470277786255 -1.7338976860046387 -0.43491551280021667
3778.9250999987125 0.99564659595489502 -1.1796872615814209 0.46411919593811035 -0.34858438372612 -1.95753014087677 -0.34031873941421509 -0.43469613790512085 -2.2375142574310303 -0.34472522139549255 -0.80053967237472534 -1.5171689987182617 -0.3843676745891571 -0.94158411026000977 -1.7419345378875732 -0.42950889468193054
3778.9250999987125 0.96844965219497681 -1.1559891700744629 0.46548387408256531 -0.36971873044967651 -1.9504595994949341 -0.33094337582588196 -0.45960947871208191 -2.2328059673309326 -0.33370023965835571 -0.79226744174957275 -1.4894535541534424 -0.38070306181907654 -0.93619394302368164 -1.7087438106536865 -0.41904613375663757
3926.9735999964178 1.0248403549194336 -1.2400307655334473 0.57654446363449097 -0.37992179393768311 -2.0478746891021729 -0.27947404980659485 -0.46055006980895996 -2.3147714138031006 -0.27229532599449158 -0.83165597915649414 -1.6070007085800171 -0.3049931526184082 -0.97030627727508545 -1.8205435276031494 -0.32663816213607788
3926.9735999964178 0.97479593753814697 -1.1934883594512939 0.21780012547969818 -0.38072928786277771 -1.9138526916503906 -0.21597130596637726 -0.44715267419815063 -2.1473753452301025 -0.20878656208515167 -0.76011621952056885 -1.5265188217163086 -0.1491435170173645 -0.88290351629257202 -1.693193793296814 -0.15017105638980865
