80.0439000017941 -0.0032715010456740856 -1.3300772905349731 0.50350964069366455 -0.25305762887001038 -1.3415086269378662 0.2402203381061554 -0.2091498076915741 -1.2507642507553101 0.33113962411880493 -0.31871455907821655 -1.1241607666015625 0.17958676815032959 -0.25905373692512512 -1.0071042776107788 0.25113740563392639
80.0439000017941 -0.04449545219540596 -1.2850421667098999 0.43182885646820068 -0.237960085272789 -1.3294833898544312 0.15112507343292236 -0.20264704525470734 -1.2397226095199585 0.23429861664772034 -0.3146587610244751 -1.1311576366424561 0.081788152456283569 -0.27221912145614624 -1.0276423692703247 0.14371593296527863
177.90409999713302 -0.01465300377458334 -1.3212745189666748 0.45839774608612061 -0.22456607222557068 -1.3496700525283813 0.15635897219181061 -0.18539266288280487 -1.2560384273529053 0.24198569357395172 -0.29695996642112732 -1.1377555131912231 0.086830683052539825 -0.24822421371936798 -1.0282149314880371 0.15292875468730927
177.90409999713302 -0.05968078225851059 -1.3308147192001343 0.48863989114761353 -0.23999500274658203 -1.3238099813461304 0.15156979858875275 -0.20347623527050018 -1.2319076061248779 0.21853381395339966 -0.32259258627891541 -1.1073222160339355 0.072464942932128906 -0.27821534872055054 -0.99971044063568115 0.12227334827184677
276.38400000333786 -0.037839755415916443 -1.2928177118301392 0.46723830699920654 -0.26421800255775452 -1.3202853202819824 0.13149188458919525 -0.22961853444576263 -1.2277383804321289 0.21222241222858429 -0.34429880976676941 -1.1036480665206909 0.058528855443000793 -0.30191686749458313 -0.99501222372055054 0.11844814568758011
276.38400000333786 -0.0066688684746623039 -1.359326958656311 0.49663421511650085 -0.24929560720920563 -1.3874465227127075 0.21968008577823639 -0.21109139919281006 -1.2810901403427124 0.30505719780921936 -0.32966458797454834 -1.1817716360092163 0.14471867680549622 -0.28210332989692688 -1.0625040531158447 0.20559437572956085
381.11899999901652 -0.025581611320376396 -1.2396645545959473 0.5469362735748291 -0.25441303849220276 -1.2568639516830444 0.26568976044654846 -0.21583087742328644 -1.1491720676422119 0.33618056774139404 -0.33715552091598511 -1.0602834224700928 0.18326237797737122 -0.28999203443527222 -0.93707680702209473 0.23503848910331726
383.29019999876618 -0.077406689524650574 -1.260985255241394 0.47990074753761292 -0.2802433967590332 -1.2719769477844238 0.22643080353736877 -0.24649427831172943 -1.1717164516448975 0.3041953444480896 -0.3639739453792572 -1.0652616024017334 0.1678173691034317 -0.32160323858261108 -0.94591391086578369 0.23133553564548492
489.05180000141263 -0.040832206606864929 -1.3056730031967163 0.49110895395278931 -0.25407835841178894 -1.3102904558181763 0.23281428217887878 -0.21504403650760651 -1.2030613422393799 0.32279735803604126 -0.33840826153755188 -1.1142638921737671 0.16294746100902557 -0.2916908860206604 -0.99483060836791992 0.23143425583839417
489.05180000141263 -0.070549577474594116 -1.3104184865951538 0.44469326734542847 -0.2628072202205658 -1.3316309452056885 0.20149281620979309 -0.22835110127925873 -1.2300510406494141 0.28624755144119263 -0.35734289884567261 -1.1236207485198975 0.14834626019001007 -0.31784108281135559 -1.0052175521850586 0.21834543347358704
596.46619999781251 -0.040074385702610016 -1.292737603187561 0.51050651073455811 -0.25685420632362366 -1.3216109275817871 0.24650976061820984 -0.22367067635059357 -1.2178394794464111 0.3264029324054718 -0.34392756223678589 -1.1305373907089233 0.16844257712364197 -0.30467724800109863 -1.0157825946807861 0.228143110871315
596.46619999781251 -0.087848633527755737 -1.2178932428359985 0.43069317936897278 -0.25151664018630981 -1.2894096374511719 0.22501230239868164 -0.21875458955764771 -1.1992977857589722 0.3024553656578064 -0.33002644777297974 -1.0751835107803345 0.17746400833129883 -0.28696021437644958 -0.96018558740615845 0.24074402451515198
706.36919999867678 -0.07033846527338028 -1.2827818393707275 0.47307628393173218 -0.25849485397338867 -1.3359524011611938 0.24245662987232208 -0.23145894706249237 -1.2398558855056763 0.32535359263420105 -0.34245005249977112 -1.0979460477828979 0.21011404693126678 -0.29829144477844238 -0.96365958452224731 0.28225356340408325
709.40870000049472 0.012678611092269421 -1.2660627365112305 0.43186962604522705 -0.20990772545337677 -1.3033736944198608 0.19243431091308594 -0.17055369913578033 -1.1962759494781494 0.26426005363464355 -0.28956916928291321 -1.0913360118865967 0.14054876565933228 -0.23588748276233673 -0.9610258936882019 0.19389845430850983
812.37859999760985 -0.034070283174514771 -1.2453281879425049 0.36832389235496521 -0.2255387008190155 -1.2707197666168213 0.13256849348545074 -0.19078497588634491 -1.1824887990951538 0.19995851814746857 -0.30041509866714478 -1.0449222326278687 0.10829272121191025 -0.25193697214126587 -0.92488652467727661 0.1658242791891098
812.37859999760985 0.023606367409229279 -1.3838049173355103 0.44693371653556824 -0.20207935571670532 -1.3677173852920532 0.19039034843444824 -0.15066218376159668 -1.2492121458053589 0.26990747451782227 -0.28984937071800232 -1.1420067548751831 0.14217491447925568 -0.22370663285255432 -0.99900209903717041 0.20510917901992798
923.60389999672771 -0.013330988585948944 -1.2989792823791504 0.37078794836997986 -0.2260836660861969 -1.2916451692581177 0.17341351509094238 -0.18497288227081299 -1.1949288845062256 0.24198693037033081 -0.28914201259613037 -1.0636889934539795 0.14711116254329681 -0.22914600372314453 -0.93305569887161255 0.20294463634490967
925.82509999349713 -0.01104914303869009 -1.3052343130111694 0.35259154438972473 -0.26385995745658875 -1.2385210990905762 0.12634611129760742 -0.21383686363697052 -1.1448028087615967 0.19715635478496552 -0.33436554670333862 -1.0289022922515869 0.092680901288986206 -0.27734375 -0.91038894653320313 0.15018588304519653
1088.9067999981344 0.12470726668834686 -1.2425813674926758 0.63517677783966064 -0.37060600519180298 -1.2027198076248169 0.3034977912902832 -0.3014691174030304 -1.0696371793746948 0.352385014295578 -0.47652825713157654 -0.95149737596511841 0.24360144138336182 -0.41086673736572266 -0.79710489511489868 0.277972012758255
1088.9067999981344 0.10662554204463959 -1.212937593460083 0.58764553070068359 -0.3679337203502655 -1.0953056812286377 0.17745053768157959 -0.30711925029754639 -0.97217470407485962 0.21701379120349884 -0.46044197678565979 -0.84499591588973999 0.12891155481338501 -0.39988625049591064 -0.69845795631408691 0.15353700518608093
1194.4086000025272 0.11894019693136215 -1.3563777208328247 0.71755647659301758 -0.40538868308067322 -1.2948472499847412 0.31873145699501038 -0.34778463840484619 -1.1415817737579346 0.37691795825958252 -0.51708269119262695 -1.0192137956619263 0.24544061720371246 -0.46186858415603638 -0.84868967533111572 0.28448823094367981
1194.4086000025272 0.058761421591043472 -1.3520355224609375 0.60570681095123291 -0.41416287422180176 -1.2386116981506348 0.26240625977516174 -0.35108798742294312 -1.1050275564193726 0.32101544737815857 -0.50906354188919067 -0.96472901105880737 0.21466816961765289 -0.44366976618766785 -0.80723166465759277 0.25789707899093628
1303.5252000018954 0.16836239397525787 -1.4464848041534424 0.4465312659740448 -0.39817175269126892 -1.1422405242919922 0.095098800957202911 -0.31669712066650391 -1.0043004751205444 0.16574227809906006 -0.47668129205703735 -0.8626372218132019 0.085477434098720551 -0.39302903413772583 -0.70111405849456787 0.13562332093715668
1306.416400000453 0.094452366232872009 -1.4832011461257935 0.4299788773059845 -0.46293115615844727 -1.2560832500457764 0.063592314720153809 -0.38790374994277954 -1.1141163110733032 0.18267524242401123 -0.55032831430435181 -0.95146054029464722 0.050934307277202606 -0.47111228108406067 -0.78606092929840088 0.14360034465789795
1408.4369999989867 0.054038088768720627 -1.3494303226470947 0.41432780027389526 -0.44434511661529541 -1.1236838102340698 0.087273605167865753 -0.36546340584754944 -0.96693283319473267 0.17432086169719696 -0.53909009695053101 -0.88431769609451294 0.081072390079498291 -0.4626515805721283 -0.72164255380630493 0.15412533283233643
1408.4369999989867 0.026671150699257851 -1.3886827230453491 0.42160078883171082 -0.48046585917472839 -1.1589711904525757 0.088802121579647064 -0.40019860863685608 -0.99946695566177368 0.17737829685211182 -0.57687497138977051 -0.91540074348449707 0.082491979002952576 -0.49909383058547974 -0.74986827373504639 0.15682803094387054
1510.943599998951 -0.042291358113288879 -1.2488976716995239 0.24484528601169586 -0.54003798961639404 -1.2864243984222412 -0.086338579654693604 -0.53503966331481934 -1.2285798788070679 -0.0079978397116065025 -0.50852906703948975 -0.895119309425354 -0.0119905024766922 -0.43238779902458191 -0.71732324361801147 0.087371468544006348
1510.943599998951 -0.063997536897659302 -1.3476874828338623 0.23996663093566895 -0.53784137964248657 -1.2734075784683228 -0.036378420889377594 -0.51436257362365723 -1.1664628982543945 0.081469304859638214 -0.52621549367904663 -0.97134274244308472 -0.00056763261090964079 -0.44721737504005432 -0.79488992691040039 0.11367032676935196
1624.4090999960899 -0.058101944625377655 -1.2548788785934448 0.15099954605102539 -0.49870598316192627 -1.1626076698303223 -0.091216146945953369 -0.45101508498191833 -1.0501061677932739 0.04324127733707428 -0.50893980264663696 -0.85203659534454346 -0.064005166292190552 -0.40611815452575684 -0.67079281806945801 0.072687618434429169
1624.4090999960899 0.066366881132125854 -1.2383567094802856 0.19692899286746979 -0.5247652530670166 -1.3099832534790039 -0.20483294129371643 -0.48617604374885559 -1.2787916660308838 -0.099504686892032623 -0.51719599962234497 -0.9249117374420166 -0.14879405498504639 -0.40514451265335083 -0.78095901012420654 -0.035530276596546173
1730.0597000010312 0.070237778127193451 -1.2336328029632568 0.20815156400203705 -0.50712645053863525 -1.286534309387207 -0.14233924448490143 -0.45044249296188354 -1.228163480758667 -0.011115653440356255 -0.53629201650619507 -0.95591682195663452 -0.10174626857042313 -0.42129665613174438 -0.82204580307006836 0.033818922936916351
1732.1458000019193 0.067855872213840485 -1.211906909942627 0.18212474882602692 -0.44959303736686707 -1.1963115930557251 -0.11548040062189102 -0.36609488725662231 -1.157962441444397 -0.0077972849830985069 -0.51988697052001953 -0.93110722303390503 -0.085846595466136932 -0.40677538514137268 -0.85261189937591553 0.018834527581930161
1840.2588999979198 0.14218869805335999 -1.1867387294769287 0.15377466380596161 -0.43794190883636475 -1.1100220680236816 -0.19954080879688263 -0.34902560710906982 -1.0294375419616699 -0.072106771171092987 -0.5380592942237854 -0.89142525196075439 -0.20622020959854126 -0.43106648325920105 -0.79890453815460205 -0.096544168889522552
1840.2588999979198 0.17562238872051239 -1.1402902603149414 0.053017958998680115 -0.34887993335723877 -1.0297245979309082 -0.21492186188697815 -0.23599645495414734 -0.92949336767196655 -0.094457149505615234 -0.49501684308052063 -0.85844886302947998 -0.21462762355804443 -0.38029351830482483 -0.7714989185333252 -0.11867744475603104
2025.0539999976754 0.15988290309906006 -0.74554479122161865 1.4319839477539063 -0.55710768699645996 -0.7960129976272583 1.0804622173309326 -0.46530073881149292 -0.67799746990203857 1.2255560159683228 -0.64780634641647339 -0.5557856559753418 0.9039759635925293 -0.54500973224639893 -0.43665727972984314 1.0301730632781982
2216.7470000013709 -0.012875380925834179 -1.4122623205184937 1.1298784017562866 -0.58407038450241089 -1.4640274047851563 0.61345547437667847 -0.49221110343933105 -1.3261710405349731 0.74750792980194092 -0.69512724876403809 -1.1149750947952271 0.49136781692504883 -0.59833115339279175 -0.94561660289764404 0.58564895391464233
2216.7470000013709 0.090070836246013641 -0.94101494550704956 0.7684023380279541 -0.42402178049087524 -0.97449839115142822 0.3192654550075531 -0.3479437530040741 -0.83139163255691528 0.43026646971702576 -0.54408484697341919 -0.70342016220092773 0.24061797559261322 -0.47701641917228699 -0.56141203641891479 0.31203263998031616
2326.0586999990046 0.0578896664083004 -1.1713800430297852 0.96866440773010254 -0.53533244132995605 -1.2934446334838867 0.31038767099380493 -0.44284316897392273 -1.1106630563735962 0.4349137544631958 -0.68383443355560303 -0.94720959663391113 0.1778201162815094 -0.60830003023147583 -0.76149880886077881 0.24980728328227997
2326.0586999990046 0.036010231822729111 -1.2342690229415894 0.82073086500167847 -0.50609463453292847 -1.1624445915222168 0.23535288870334625 -0.40597608685493469 -0.99937808513641357 0.32068207859992981 -0.63892781734466553 -0.85379290580749512 0.11276081204414368 -0.56471478939056396 -0.69197851419448853 0.15625430643558502
2418.1080999970436 0.043289791792631149 -1.2051507234573364 0.82855063676834106 -0.50659465789794922 -1.1507918834686279 0.16859646141529083 -0.397085040807724 -0.97620302438735962 0.28536596894264221 -0.63646650314331055 -0.84458881616592407 0.043352808803319931 -0.55489939451217651 -0.67494374513626099 0.11058682203292847
2418.1080999970436 0.037253536283969879 -1.1900286674499512 0.84992671012878418 -0.52655231952667236 -1.1308572292327881 0.29910078644752502 -0.43292120099067688 -0.97065293788909912 0.40368911623954773 -0.65773504972457886 -0.83539193868637085 0.17761649191379547 -0.58665323257446289 -0.68074452877044678 0.2414250522851944
2520.3516000024974 0.054926678538322449 -1.2080732583999634 0.95793884992599487 -0.51696908473968506 -1.1630042791366577 0.27000629901885986 -0.41450884938240051 -0.99985671043395996 0.37256008386611938 -0.64941215515136719 -0.84576314687728882 0.14608141779899597 -0.57026225328445435 -0.68543195724487305 0.20263096690177917
2520.3516000024974 0.063111357390880585 -1.2427691221237183 0.9136471152305603 -0.49384418129920959 -1.141552209854126 0.22500693798065186 -0.36767193675041199 -0.97621595859527588 0.33240827918052673 -0.62362188100814819 -0.83906328678131104 0.10735505074262619 -0.52411103248596191 -0.67636972665786743 0.17336815595626831
2622.9549000002444 0.034268841147422791 -1.2451961040496826 0.99664938449859619 -0.51260197162628174 -1.1339348554611206 0.33037209510803223 -0.40912619233131409 -0.9773673415184021 0.39954504370689392 -0.63811111450195313 -0.83617889881134033 0.20257385075092316 -0.56056106090545654 -0.67854034900665283 0.22505839169025421
2622.9549000002444 0.089019455015659332 -1.3095070123672485 0.85169351100921631 -0.46381312608718872 -1.1538716554641724 0.21551565825939178 -0.34056708216667175 -0.99066942930221558 0.31905415654182434 -0.58784365653991699 -0.85014712810516357 0.1051538810133934 -0.49278697371482849 -0.68842965364456177 0.16666217148303986
2718.3151999972761 -0.015884028747677803 -1.1476601362228394 0.92750692367553711 -0.5463491678237915 -1.1095706224441528 0.23139004409313202 -0.44587311148643494 -0.94939225912094116 0.36791568994522095 -0.65072685480117798 -0.78242307901382446 0.11802950501441956 -0.56602466106414795 -0.61852020025253296 0.21240660548210144
2718.3151999972761 0.030538603663444519 -1.32817542552948 0.96282202005386353 -0.5194389820098877 -1.2093346118927002 0.29788884520530701 -0.39776203036308289 -1.0521647930145264 0.41882482171058655 -0.63250935077667236 -0.86580502986907959 0.1963263601064682 -0.53292381763458252 -0.70528364181518555 0.27385422587394714
2820.8297000005841 0.033868800848722458 -1.222312331199646 0.78444951772689819 -0.50010901689529419 -1.2223285436630249 0.16932055354118347 -0.3924095630645752 -1.0711119174957275 0.32308676838874817 -0.61153149604797363 -0.87044775485992432 0.087309680879116058 -0.51669615507125854 -0.70690476894378662 0.19679278135299683
2820.8297000005841 -0.010197620838880539 -1.2072525024414063 0.83475774526596069 -0.52177995443344116 -1.1828474998474121 0.2715265154838562 -0.42243140935897827 -1.0314103364944458 0.44361403584480286 -0.63348835706710815 -0.84680211544036865 0.16004213690757751 -0.54706442356109619 -0.68653702735900879 0.28838831186294556
2926.9637000001967 0.002656848169863224 -1.2363698482513428 0.88585054874420166 -0.53466969728469849 -1.2254108190536499 0.26284807920455933 -0.42390170693397522 -1.0563901662826538 0.43134346604347229 -0.65713977813720703 -0.88827651739120483 0.1402585357427597 -0.56635075807571411 -0.71783417463302612 0.26350077986717224
2926.9637000001967 -0.013515306636691093 -1.1751039028167725 0.69496846199035645 -0.54240518808364868 -1.1768821477890015 0.097992278635501862 -0.44857868552207947 -1.0249050855636597 0.26187825202941895 -0.66607683897018433 -0.86528486013412476 -0.0010530163999646902 -0.58279633522033691 -0.71385133266448975 0.11469633877277374
3033.6025999970734 -0.042746074497699738 -1.1462819576263428 0.49494314193725586 -0.50132292509078979 -1.1357408761978149 -0.014640935696661472 -0.42105388641357422 -0.98838424682617188 0.17330990731716156 -0.60980618000030518 -0.86794722080230713 -0.12985791265964508 -0.54071575403213501 -0.72463369369506836 0.0044896132312715054
3036.2729999981821 0.0059128180146217346 -1.048251748085022 0.53187483549118042 -0.45300760865211487 -1.0754858255386353 0.024471070617437363 -0.38346970081329346 -0.93323719501495361 0.16310180723667145 -0.56084740161895752 -0.83412462472915649 -0.084140688180923462 -0.50252372026443481 -0.69809955358505249 0.0069024963304400444
3140.8194999992847 0.031534101814031601 -1.1043087244033813 0.54541552066802979 -0.45253998041152954 -1.1082339286804199 -0.072949886322021484 -0.37604224681854248 -0.95826971530914307 0.072687990963459015 -0.5755048394203186 -0.84598499536514282 -0.16855543851852417 -0.51365357637405396 -0.70011204481124878 -0.075759641826152802
3140.8194999992847 0.00064245087560266256 -1.0985275506973267 0.58289265632629395 -0.45606875419616699 -1.0825804471969604 0.065848112106323242 -0.37679094076156616 -0.95087212324142456 0.20696382224559784 -0.56243890523910522 -0.8431515097618103 -0.062740728259086609 -0.49786597490310669 -0.71651721000671387 0.02683868445456028
3246.6292999982834 0.0004214505897834897 -1.1706775426864624 0.51998996734619141 -0.46527761220932007 -1.097468376159668 -0.010490681044757366 -0.38109099864959717 -0.9582563042640686 0.11200308799743652 -0.58401554822921753 -0.85847187042236328 -0.14726920425891876 -0.51706981658935547 -0.72522133588790894 -0.078598111867904663
3246.6292999982834 -0.0080152777954936028 -1.105279803276062 0.45543721318244934 -0.46396902203559875 -1.1268061399459839 -0.041345786303281784 -0.3834567666053772 -0.98296105861663818 0.076138295233249664 -0.58288085460662842 -0.87226933240890503 -0.143871009349823 -0.517142653465271 -0.72937268018722534 -0.082257337868213654
3355.1230999976397 0.017325367778539658 -1.1082682609558105 0.45543608069419861 -0.43863013386726379 -1.1297945976257324 -0.04134880006313324 -0.35811755061149597 -0.98594903945922852 0.076135739684104919 -0.55754238367080688 -0.87525683641433716 -0.14387442171573639 -0.49180394411087036 -0.73235970735549927 -0.082260504364967346
3359.5888999961317 0.026230083778500557 -1.1104620695114136 0.40980443358421326 -0.3871198296546936 -1.0971078872680664 -0.058083824813365936 -0.29844456911087036 -0.9718288779258728 0.053313754498958588 -0.49373236298561096 -0.83028566837310791 -0.13876837491989136 -0.41873356699943542 -0.69586348533630371 -0.083245702087879181
3461.7793000005186 0.014372334815561771 -1.2149069309234619 0.40111535787582397 -0.41847130656242371 -1.0990854501724243 -0.038577120751142502 -0.31643486022949219 -0.98166674375534058 0.11248783022165298 -0.52023434638977051 -0.85062086582183838 -0.14008037745952606 -0.43434271216392517 -0.73365175724029541 -0.038161031901836395
3468.0771000012755 -0.012020221911370754 -1.0655343532562256 0.46820950508117676 -0.49981334805488586 -1.0226883888244629 -0.16938401758670807 -0.39669245481491089 -0.87636834383010864 -0.018794352188706398 -0.61324459314346313 -0.75719749927520752 -0.23300164937973022 -0.52122241258621216 -0.61311626434326172 -0.12886887788772583
3570.2139999978244 -0.038298550993204117 -0.99161416292190552 0.48904019594192505 -0.47618186473846436 -1.0117340087890625 -0.018552187830209732 -0.38977256417274475 -0.88454544544219971 0.09883563220500946 -0.57743018865585327 -0.7570154070854187 -0.082697071135044098 -0.50494164228439331 -0.62809044122695923 -0.0057197669520974159
3570.2139999978244 -0.015846384689211845 -1.1251100301742554 0.35457056760787964 -0.46249759197235107 -1.1673547029495239 -0.067539818584918976 -0.36665385961532593 -1.0398885011672974 0.12887485325336456 -0.57330036163330078 -0.8864019513130188 -0.11714283376932144 -0.47723403573036194 -0.74519515037536621 0.049949288368225098
3709.5894999988377 -0.0053854715079069138 -0.97265654802322388 0.31909692287445068 -0.43715515732765198 -1.0283409357070923 -0.072672724723815918 -0.3547700047492981 -0.90778887271881104 0.09991871565580368 -0.53864020109176636 -0.79407674074172974 -0.13001030683517456 -0.46147656440734863 -0.67005378007888794 0.0038667705375701189
3709.5894999988377 -0.020734246820211411 -0.9959108829498291 0.22794534265995026 -0.44964125752449036 -1.0438482761383057 -0.10203474760055542 -0.37946167588233948 -0.9265744686126709 0.095321059226989746 -0.5379638671875 -0.79852467775344849 -0.174960657954216 -0.46580320596694946 -0.67624425888061523 -0.018743488937616348
3809.6369000002742 0.0082361847162246704 -0.94866961240768433 0.19732195138931274 -0.42503046989440918 -0.96109855175018311 -0.19119544327259064 -0.35020920634269714 -0.83640098571777344 -0.062237083911895752 -0.53810304403305054 -0.73155379295349121 -0.27015656232833862 -0.46909847855567932 -0.60763782262802124 -0.18452039361000061
3809.6369000002742 0.04728538915514946 -0.91757333278656006 0.29113864898681641 -0.45773813128471375 -0.97929573059082031 -0.10454721748828888 -0.38345625996589661 -0.85472512245178223 0.064921364188194275 -0.56371283531188965 -0.74418950080871582 -0.18758620321750641 -0.49232852458953857 -0.6241534948348999 -0.060502652078866959
3917.7727000005543 -0.0585513636469841 -0.90789145231246948 0.21279081702232361 -0.46514147520065308 -0.98820668458938599 -0.10408888012170792 -0.38790693879127502 -0.87396025657653809 0.072388105094432831 -0.56579256057739258 -0.74143689870834351 -0.17798446118831635 -0.49075093865394592 -0.62458258867263794 -0.041698582470417023
3917.7727000005543 0.012080487795174122 -0.88960158824920654 0.16154102981090546 -0.46389305591583252 -1.0588405132293701 -0.21087947487831116 -0.38407066464424133 -0.958568274974823 -0.0096340393647551537 -0.56482821702957153 -0.78331530094146729 -0.26223021745681763 -0.48806440830230713 -0.67792439460754395 -0.10019106417894363
