86.762700002640486 -0.25593894720077515 -1.0719709396362305 0.63678359985351563 -0.58713942766189575 -1.0747072696685791 0.17424263060092926 -0.54657411575317383 -0.98436611890792847 0.39793786406517029 -0.66052776575088501 -0.87939083576202393 0.050355087965726852 -0.60678702592849731 -0.79850292205810547 0.24829196929931641
86.762700002640486 -0.22340799868106842 -1.1472108364105225 0.61979931592941284 -0.58627891540527344 -1.1319838762283325 0.10489308834075928 -0.54539585113525391 -1.0544320344924927 0.34906694293022156 -0.64430224895477295 -0.92232471704483032 -0.0077466294169425964 -0.58912879228591919 -0.85458213090896606 0.20178022980690002
176.56570000201464 -0.15167221426963806 -1.0868371725082397 0.65915441513061523 -0.57259571552276611 -1.1136616468429565 0.014764708466827869 -0.5598786473274231 -1.0157613754272461 0.20743010938167572 -0.63674020767211914 -0.88498514890670776 -0.10832595825195313 -0.61281836032867432 -0.78625738620758057 0.05387423187494278
176.56570000201464 -0.15008243918418884 -1.2073968648910522 0.58848857879638672 -0.51674437522888184 -1.160117506980896 -0.058805245906114578 -0.48071226477622986 -1.0576273202896118 0.14239126443862915 -0.57948285341262817 -0.92758482694625854 -0.1628405749797821 -0.53864812850952148 -0.82562839984893799 0.00076421891571953893
261.08320000395179 -0.19804097712039948 -1.1125978231430054 0.6317867636680603 -0.54083824157714844 -1.139765739440918 0.092160038650035858 -0.4972686767578125 -1.0343120098114014 0.3048369288444519 -0.60544461011886597 -0.90674072504043579 -0.0073316982015967369 -0.55709463357925415 -0.80274522304534912 0.16838037967681885
261.08320000395179 -0.2166426032781601 -1.1772428750991821 0.6179889440536499 -0.55768364667892456 -1.1574997901916504 0.03139089047908783 -0.51238363981246948 -1.0486100912094116 0.22325345873832703 -0.62309128046035767 -0.90933406352996826 -0.068211771547794342 -0.5732610821723938 -0.79816389083862305 0.091705098748207092
338.193400003016 -0.2234949916601181 -1.1266871690750122 0.54784059524536133 -0.5762183666229248 -1.1032507419586182 -0.027426837012171745 -0.54310089349746704 -0.98609143495559692 0.16432341933250427 -0.65091246366500854 -0.87602466344833374 -0.13313156366348267 -0.613677978515625 -0.76207393407821655 0.024575190618634224
338.193400003016 -0.21949431300163269 -1.1329114437103271 0.52433645725250244 -0.57205432653427124 -1.1355477571487427 -0.055578678846359253 -0.53906655311584473 -1.0215935707092285 0.12822836637496948 -0.6460564136505127 -0.91074901819229126 -0.15735839307308197 -0.60963255167007446 -0.80043083429336548 -0.010921230539679527
424.01510000228882 -0.19911952316761017 -1.1180870532989502 0.53645449876785278 -0.54155725240707397 -1.1076005697250366 -0.049299456179141998 -0.51585268974304199 -1.0068612098693848 0.14403074979782104 -0.60979741811752319 -0.86583453416824341 -0.14991909265518188 -0.5744439959526062 -0.76206815242767334 0.014671650715172291
424.01510000228882 -0.21088078618049622 -1.1627368927001953 0.60468590259552002 -0.57456201314926147 -1.1627465486526489 0.038997940719127655 -0.54774785041809082 -1.0536590814590454 0.24886907637119293 -0.64963644742965698 -0.93608635663986206 -0.074102155864238739 -0.61772596836090088 -0.82867103815078735 0.09932362288236618
513.32350000366569 -0.21636764705181122 -1.1072124242782593 0.59611225128173828 -0.5641167163848877 -1.1297022104263306 0.078412167727947235 -0.53086763620376587 -1.016288161277771 0.28562968969345093 -0.64840823411941528 -0.90032029151916504 -0.013852021656930447 -0.60898095369338989 -0.7876046895980835 0.16554799675941467
513.32350000366569 -0.22000604867935181 -1.1916100978851318 0.473968505859375 -0.55165493488311768 -1.1717852354049683 0.0029711532406508923 -0.50979733467102051 -1.062130331993103 0.24877576529979706 -0.62485849857330322 -0.92999172210693359 -0.084468469023704529 -0.57508087158203125 -0.82552421092987061 0.13395291566848755
594.82190000265837 -0.21979658305644989 -1.1038984060287476 0.59408301115036011 -0.56773149967193604 -1.1564195156097412 0.034877181053161621 -0.56037712097167969 -1.0723888874053955 0.25084802508354187 -0.63958132266998291 -0.91170352697372437 -0.040190782397985458 -0.61980587244033813 -0.82330137491226196 0.1540980339050293
594.82190000265837 -0.22435542941093445 -1.2054519653320313 0.54195255041122437 -0.59254652261734009 -1.225654125213623 0.023027932271361351 -0.5700153112411499 -1.1417126655578613 0.26391661167144775 -0.66335654258728027 -0.97423350811004639 -0.045278165489435196 -0.63130402565002441 -0.88551336526870728 0.16371998190879822
659.421800006181 -0.203206866979599 -1.1747218370437622 0.5757022500038147 -0.57551336288452148 -1.1899702548980713 0.0077426494099199772 -0.55199635028839111 -1.093005895614624 0.23919177055358887 -0.65410053730010986 -0.96412259340286255 -0.11201407015323639 -0.62179672718048096 -0.8751903772354126 0.083219848573207855
659.421800006181 -0.20379072427749634 -1.2027549743652344 0.64523351192474365 -0.56677538156509399 -1.2093052864074707 0.11546327918767929 -0.54642313718795776 -1.111285924911499 0.33896064758300781 -0.64367383718490601 -0.99217957258224487 -0.00081207416951656342 -0.60850197076797485 -0.89892804622650146 0.19049082696437836
743.20200000330806 -0.17133167386054993 -1.2622276544570923 0.66789400577545166 -0.57806497812271118 -1.2209283113479614 0.085517071187496185 -0.54812800884246826 -1.1373744010925293 0.30669990181922913 -0.62475442886352539 -0.9812278151512146 -0.021891308948397636 -0.57330203056335449 -0.89521574974060059 0.16834317147731781
743.20200000330806 -0.18601284921169281 -1.1474212408065796 0.70686888694763184 -0.58509624004364014 -1.1660176515579224 0.056168984621763229 -0.57339918613433838 -1.0759521722793579 0.24252568185329437 -0.65132391452789307 -0.94593256711959839 -0.060951218008995056 -0.62164098024368286 -0.85882604122161865 0.10260719060897827
835.7276000007987 -0.2163175493478775 -1.1538443565368652 0.65529030561447144 -0.59149736166000366 -1.2135879993438721 0.069968558847904205 -0.57107275724411011 -1.1119948625564575 0.24501036107540131 -0.67422842979431152 -1.0206977128982544 -0.027415020391345024 -0.64835560321807861 -0.92914360761642456 0.11444370448589325
835.7276000007987 -0.18192689120769501 -1.1438326835632324 0.74475258588790894 -0.54184526205062866 -1.1865561008453369 0.16645567119121552 -0.51719963550567627 -1.0971462726593018 0.31621292233467102 -0.63019853830337524 -0.99714791774749756 0.063893027603626251 -0.59754914045333862 -0.91498208045959473 0.18838383257389069
928.9269000031054 -0.1504901647567749 -1.1459071636199951 0.82573622465133667 -0.53628993034362793 -1.2007262706756592 0.21877831220626831 -0.51286327838897705 -1.0923563241958618 0.37683850526809692 -0.63266617059707642 -0.9926568865776062 0.090776853263378143 -0.59967529773712158 -0.88587063550949097 0.22060520946979523
928.9269000031054 -0.11393164843320847 -1.3057557344436646 0.83296036720275879 -0.47879901528358459 -1.3785254955291748 0.24027974903583527 -0.44991707801818848 -1.2762242555618286 0.43425601720809937 -0.58519023656845093 -1.1772774457931519 0.12160333245992661 -0.54795956611633301 -1.082274317741394 0.28244659304618835
1007.4132000021636 -0.089359931647777557 -1.0870469808578491 0.77523988485336304 -0.4389687180519104 -1.2022448778152466 0.15673592686653137 -0.43817782402038574 -1.107795238494873 0.32445695996284485 -0.54247891902923584 -1.0225204229354858 0.038721956312656403 -0.52668309211730957 -0.93553894758224487 0.17541787028312683
1007.4132000021636 -0.12864948809146881 -1.2309533357620239 0.77172094583511353 -0.48052313923835754 -1.3013663291931152 0.14299775660037994 -0.47876924276351929 -1.1828700304031372 0.32055088877677917 -0.58163958787918091 -1.1292606592178345 0.014654967933893204 -0.5629240870475769 -1.0214757919311523 0.16263791918754578
1111.1755999997258 -0.10705426335334778 -1.1228122711181641 0.79809415340423584 -0.43852955102920532 -1.1962354183197021 0.24866241216659546 -0.43556657433509827 -1.0914900302886963 0.34127777814865112 -0.55748140811920166 -1.0057700872421265 0.13228017091751099 -0.54604452848434448 -0.89671742916107178 0.20628310739994049
1111.1755999997258 -0.096805498003959656 -1.2558789253234863 0.79872000217437744 -0.42677351832389832 -1.3086779117584229 0.22124439477920532 -0.41186818480491638 -1.1943641901016235 0.35591474175453186 -0.53092998266220093 -1.1202362775802612 0.085400544106960297 -0.50229638814926147 -1.0066434144973755 0.20020733773708344
1206.5058000013232 -0.074337884783744812 -1.17737877368927 0.72034579515457153 -0.39028012752532959 -1.2376395463943481 0.1699550449848175 -0.38603416085243225 -1.126226544380188 0.32265067100524902 -0.49208095669746399 -1.0670188665390015 0.058780129998922348 -0.46925416588783264 -0.9564318060874939 0.19722527265548706
1206.5058000013232 -0.055319953709840775 -1.1980603933334351 0.7135656476020813 -0.37035936117172241 -1.2587536573410034 0.20454017817974091 -0.35955232381820679 -1.1402347087860107 0.33986455202102661 -0.48069065809249878 -1.0853872299194336 0.10204793512821198 -0.45321235060691833 -0.96763861179351807 0.21980729699134827
1300.2427000030875 -0.048974841833114624 -1.2048441171646118 0.66339981555938721 -0.36052083969116211 -1.2608605623245239 0.13487663865089417 -0.36126002669334412 -1.1571279764175415 0.26221770048141479 -0.45874553918838501 -1.0829806327819824 0.016641246154904366 -0.44418978691101074 -0.97843927145004272 0.12257391214370728
1300.2427000030875 0.0034796837717294693 -1.221692681312561 0.73155874013900757 -0.32898575067520142 -1.3342196941375732 0.18731234967708588 -0.32020097970962524 -1.2114706039428711 0.33115938305854797 -0.44560354948043823 -1.1699100732803345 0.081472165882587433 -0.42179009318351746 -1.0510561466217041 0.20322680473327637
1393.0354000031948 -0.026756945997476578 -1.1140601634979248 0.63484054803848267 -0.28582808375358582 -1.2021421194076538 0.12010655552148819 -0.28256076574325562 -1.1096616983413696 0.24769945442676544 -0.40019941329956055 -1.0397135019302368 0.028387311846017838 -0.38293927907943726 -0.94671308994293213 0.13836480677127838
1393.0354000031948 -0.025993369519710541 -1.2352757453918457 0.79841995239257813 -0.31255167722702026 -1.3543655872344971 0.25229811668395996 -0.31600746512413025 -1.236362099647522 0.34105959534645081 -0.43350023031234741 -1.1932482719421387 0.10695581883192062 -0.42835000157356262 -1.0777825117111206 0.16158382594585419
1489.894500002265 -0.0041162003763020039 -1.1396065950393677 0.75408470630645752 -0.28944244980812073 -1.2372782230377197 0.30485263466835022 -0.28511351346969604 -1.1272908449172974 0.42904454469680786 -0.38787329196929932 -1.0523922443389893 0.17384645342826843 -0.36699321866035461 -0.93900632858276367 0.27062839269638062
1489.894500002265 -0.033963318914175034 -1.2493035793304443 0.92532485723495483 -0.34831658005714417 -1.3458899259567261 0.39028769731521606 -0.32501274347305298 -1.2148176431655884 0.50784873962402344 -0.46189743280410767 -1.1731808185577393 0.23970784246921539 -0.42837256193161011 -1.0435068607330322 0.32372221350669861
1591.6769000031054 -0.0048286295495927334 -1.0878576040267944 0.71348536014556885 -0.30372443795204163 -1.2367364168167114 0.23771089315414429 -0.30301228165626526 -1.1412264108657837 0.32600671052932739 -0.4144381582736969 -1.093409538269043 0.11291124671697617 -0.40834397077560425 -1.0048365592956543 0.16671955585479736
1591.6769000031054 0.0099982777610421181 -1.1803653240203857 0.87000727653503418 -0.30846014618873596 -1.3401660919189453 0.37221634387969971 -0.30506917834281921 -1.2358745336532593 0.51389878988265991 -0.41531601548194885 -1.1452434062957764 0.24288281798362732 -0.38777342438697815 -1.0397666692733765 0.36624574661254883
1646.7862999998033 0.0051009436137974262 -1.1117478609085083 0.94743150472640991 -0.31775900721549988 -1.2963122129440308 0.42917409539222717 -0.3259117603302002 -1.1772197484970093 0.56464916467666626 -0.43289035558700562 -1.1220259666442871 0.2721748948097229 -0.4204980731010437 -1.0074207782745361 0.37587425112724304
1748.700100004673 -0.04195268452167511 -1.2223520278930664 0.92211276292800903 -0.31590896844863892 -1.3354253768920898 0.40935522317886353 -0.32655417919158936 -1.2232036590576172 0.51889204978942871 -0.41335195302963257 -1.1793177127838135 0.25728154182434082 -0.4036315381526947 -1.0885752439498901 0.33543109893798828
1748.700100004673 -0.012876254506409168 -1.1833052635192871 0.84403330087661743 -0.30969393253326416 -1.3854438066482544 0.31028658151626587 -0.32479658722877502 -1.3443607091903687 0.39179748296737671 -0.41767960786819458 -1.1841070652008057 0.19593082368373871 -0.41436260938644409 -1.1332275867462158 0.25505644083023071
1832.9065000005066 -0.018671372905373573 -1.10318922996521 0.81865960359573364 -0.31313216686248779 -1.2455344200134277 0.31638866662979126 -0.31695115566253662 -1.154322624206543 0.4209323525428772 -0.41806691884994507 -1.0732029676437378 0.18384407460689545 -0.40453875064849854 -0.98751932382583618 0.26358717679977417
1832.9065000005066 -0.039967842400074005 -1.1866531372070313 0.92289972305297852 -0.34689885377883911 -1.3099557161331177 0.37397769093513489 -0.35429659485816956 -1.2007676362991333 0.44342929124832153 -0.46329832077026367 -1.1416171789169312 0.21213021874427795 -0.45501655340194702 -1.0422370433807373 0.25384935736656189
1932.0094000026584 0.0024266436230391264 -1.2499179840087891 0.8223608136177063 -0.33279737830162048 -1.3602341413497925 0.33461010456085205 -0.32436415553092957 -1.2634837627410889 0.44340240955352783 -0.42175081372261047 -1.1885538101196289 0.19429033994674683 -0.40000537037849426 -1.102858304977417 0.27466019988059998
1932.0094000026584 -0.066683061420917511 -1.0755687952041626 0.86564517021179199 -0.33233559131622314 -1.1835383176803589 0.36015543341636658 -0.34245157241821289 -1.0799756050109863 0.43104103207588196 -0.4233335554599762 -1.0253269672393799 0.19807569682598114 -0.41993778944015503 -0.93351072072982788 0.23387575149536133
2035.2299000024796 -0.13404648005962372 -1.242611289024353 0.89488190412521362 -0.3778059184551239 -1.3103458881378174 0.36156073212623596 -0.37512975931167603 -1.1970434188842773 0.42681914567947388 -0.47073030471801758 -1.1659618616104126 0.18050219118595123 -0.45822611451148987 -1.0731686353683472 0.20254795253276825
2035.2299000024796 -0.090212076902389526 -1.1290699243545532 0.67042380571365356 -0.35571104288101196 -1.2254551649093628 0.23179773986339569 -0.3587820827960968 -1.1370639801025391 0.29337254166603088 -0.45069617033004761 -1.0723327398300171 0.11501356214284897 -0.44278907775878906 -0.98631471395492554 0.15262731909751892
2124.8861000016332 -0.070196859538555145 -1.1009712219238281 0.85159438848495483 -0.36049625277519226 -1.2473914623260498 0.36364066600799561 -0.36899098753929138 -1.1416394710540771 0.44482395052909851 -0.46636095643043518 -1.0754698514938354 0.21641901135444641 -0.4637925922870636 -0.97556072473526001 0.26504617929458618
2124.8861000016332 -0.1318405419588089 -1.1306244134902954 0.9040188193321228 -0.39854446053504944 -1.2284947633743286 0.41106227040290833 -0.39447975158691406 -1.1145899295806885 0.48190829157829285 -0.50364565849304199 -1.0620213747024536 0.25082972645759583 -0.48942622542381287 -0.95781254768371582 0.28652307391166687
2207.998400002718 -0.1069246307015419 -1.1205118894577026 0.74577623605728149 -0.37599584460258484 -1.209766149520874 0.31685346364974976 -0.36514794826507568 -1.1188085079193115 0.37849360704421997 -0.46614986658096313 -1.0594193935394287 0.19049547612667084 -0.44488492608070374 -0.97031038999557495 0.2283475250005722
2210.0719000026584 -0.10704251378774643 -1.0487333536148071 0.74428164958953857 -0.35668712854385376 -1.1168843507766724 0.35689842700958252 -0.35559400916099548 -1.0298346281051636 0.43366089463233948 -0.45040422677993774 -0.96323227882385254 0.23665525019168854 -0.43250191211700439 -0.88166791200637817 0.290010005235672
2273.2524000033736 -0.11220797151327133 -1.1986325979232788 0.90661442279815674 -0.41739079356193542 -1.2862358093261719 0.41766628623008728 -0.40892559289932251 -1.1743268966674805 0.49511951208114624 -0.51939868927001953 -1.1103841066360474 0.26386114954948425 -0.49870598316192627 -1.0068871974945068 0.31383100152015686
2273.2524000033736 -0.15020105242729187 -1.1857542991638184 0.83389955759048462 -0.39793595671653748 -1.2260934114456177 0.40018662810325623 -0.38450482487678528 -1.1209766864776611 0.4595392644405365 -0.4827347993850708 -1.0801622867584229 0.25130698084831238 -0.4582485556602478 -0.99443364143371582 0.27727249264717102
2370.6626000031829 -0.092081055045127869 -1.0908700227737427 0.67685770988464355 -0.35866421461105347 -1.146274209022522 0.3586096465587616 -0.33925151824951172 -1.0548276901245117 0.41234961152076721 -0.44386151432991028 -1.0081431865692139 0.24796925485134125 -0.41358307003974915 -0.91651028394699097 0.27882406115531921
2374.0133999995887 -0.0040247826837003231 -1.1662764549255371 0.7442091703414917 -0.29720917344093323 -1.1639031171798706 0.33310210704803467 -0.28143548965454102 -1.0613161325454712 0.36241137981414795 -0.39507278800010681 -1.0371857881546021 0.17525133490562439 -0.3662300705909729 -0.94176685810089111 0.17699806392192841
2452.4747000038624 -0.014127127826213837 -1.038456916809082 0.71797102689743042 -0.29697564244270325 -1.0361672639846802 0.32135704159736633 -0.28175804018974304 -0.93719679117202759 0.34963303804397583 -0.39138919115066528 -0.9139171838760376 0.16907112300395966 -0.36356329917907715 -0.82186210155487061 0.17075628042221069
2452.4747000038624 -0.082614243030548096 -1.1667078733444214 0.82511442899703979 -0.3157963752746582 -1.1965934038162231 0.3831799328327179 -0.30974626541137695 -1.0822502374649048 0.44208437204360962 -0.42120319604873657 -1.0840988159179688 0.21880772709846497 -0.4047386646270752 -1.0001287460327148 0.24149636924266815
2543.8883999995887 0.0030898551922291517 -1.1995577812194824 0.69439417123794556 -0.30373507738113403 -1.2508230209350586 0.34041044116020203 -0.29512038826942444 -1.151280403137207 0.41033720970153809 -0.38024139404296875 -1.1074067354202271 0.20313011109828949 -0.35850870609283447 -1.011613130569458 0.24182118475437164
2543.8883999995887 0.040242698043584824 -1.1166590452194214 0.73738741874694824 -0.25343266129493713 -1.1329904794692993 0.34416601061820984 -0.24820795655250549 -1.0462136268615723 0.39469951391220093 -0.3442218005657196 -0.99084329605102539 0.20207558572292328 -0.32509487867355347 -0.91163969039916992 0.22701658308506012
2639.5876000039279 -0.05431472510099411 -1.1556096076965332 0.84039926528930664 -0.29787749052047729 -1.1959495544433594 0.44709047675132751 -0.2887294590473175 -1.0989906787872314 0.50889891386032104 -0.4073481559753418 -1.0408385992050171 0.30373400449752808 -0.38400542736053467 -0.95042043924331665 0.33710497617721558
2639.5876000039279 -0.083881661295890808 -1.1510289907455444 0.79537349939346313 -0.32273271679878235 -1.1769447326660156 0.33616486191749573 -0.32162699103355408 -1.0681430101394653 0.39101904630661011 -0.40788853168487549 -1.104804515838623 0.1851840615272522 -0.40022733807563782 -1.0499300956726074 0.20711593329906464
2738.1598000004888 -0.067462868988513947 -1.1773777008056641 0.71662110090255737 -0.3149314820766449 -1.2780053615570068 0.37112382054328918 -0.30757075548171997 -1.1846001148223877 0.42713126540184021 -0.40205219388008118 -1.1300461292266846 0.24609905481338501 -0.38408291339874268 -1.0387606620788574 0.27553358674049377
2738.1598000004888 0.029661182314157486 -1.1151597499847412 0.75156545639038086 -0.2512185275554657 -1.1671960353851318 0.38453340530395508 -0.2478024959564209 -1.0819408893585205 0.43876641988754272 -0.33564966917037964 -1.0144693851470947 0.27921074628829956 -0.31955435872077942 -0.93282115459442139 0.30680227279663086
2826.0317000001669 0.010883526876568794 -1.1032894849777222 0.78389251232147217 -0.28207826614379883 -1.1575641632080078 0.40107256174087524 -0.27851530909538269 -1.0686416625976563 0.45763841271400452 -0.37014123797416687 -0.99826788902282715 0.29121938347816467 -0.35335361957550049 -0.91310757398605347 0.31999778747558594
2826.0317000001669 -0.0794416144490242 -1.2089383602142334 0.82205814123153687 -0.30169034004211426 -1.2624893188476563 0.4161544144153595 -0.30491757392883301 -1.16473388671875 0.4674701988697052 -0.40634593367576599 -1.0959177017211914 0.2763303816318512 -0.39243325591087341 -1.0098518133163452 0.30159831047058105
2917.8257000036538 -0.062217295169830322 -1.2242521047592163 0.65181666612625122 -0.27133214473724365 -1.316521167755127 0.3228771984577179 -0.262542724609375 -1.2322942018508911 0.38843277096748352 -0.3384670615196228 -1.1830034255981445 0.19204907119274139 -0.32283300161361694 -1.1114870309829712 0.22217150032520294
2917.8257000036538 -0.032126955687999725 -0.99269646406173706 0.60551673173904419 -0.22638484835624695 -1.0784100294113159 0.2999473512172699 -0.21821986138820648 -1.0001670122146606 0.3608454167842865 -0.28875002264976501 -0.95437824726104736 0.17841418087482452 -0.27422675490379333 -0.8879428505897522 0.20639650523662567
3015.88200000301 0.010148900561034679 -1.1877307891845703 0.79319733381271362 -0.26759797334671021 -1.3249560594558716 0.39990127086639404 -0.28600388765335083 -1.2669260501861572 0.4583028256893158 -0.35051611065864563 -1.1248443126678467 0.27406176924705505 -0.35001441836357117 -1.0675209760665894 0.30229127407073975
3015.88200000301 -0.038839526474475861 -1.2796826362609863 0.85690128803253174 -0.30597677826881409 -1.3771388530731201 0.4531649649143219 -0.32479152083396912 -1.28400719165802 0.51654118299484253 -0.4085729718208313 -1.1938836574554443 0.31956622004508972 -0.41180860996246338 -1.1124379634857178 0.35002708435058594
3112.5878000035882 -0.047956254333257675 -1.1851149797439575 0.70467549562454224 -0.2624754011631012 -1.1736050844192505 0.32817375659942627 -0.26193732023239136 -1.0837377309799194 0.35196441411972046 -0.33082515001296997 -1.0705230236053467 0.19244326651096344 -0.32481735944747925 -1.029471755027771 0.19020864367485046
3112.5878000035882 -0.034109152853488922 -1.2721495628356934 0.69697439670562744 -0.26414743065834045 -1.381773829460144 0.29932361841201782 -0.27499452233314514 -1.3016581535339355 0.36969166994094849 -0.34780231118202209 -1.2294362783432007 0.16553704440593719 -0.34662756323814392 -1.1572245359420776 0.20763735473155975
3200.4205000028014 -0.0010029085678979754 -1.0551736354827881 0.70760315656661987 -0.26285234093666077 -1.1837435960769653 0.33230900764465332 -0.27907362580299377 -1.1221679449081421 0.39681673049926758 -0.33960241079330444 -1.02382493019104 0.20808063447475433 -0.33895391225814819 -0.96996074914932251 0.24631966650485992
3200.4205000028014 -0.049163874238729477 -1.2073633670806885 0.8155219554901123 -0.32647073268890381 -1.2536567449569702 0.39013484120368958 -0.33522149920463562 -1.1646314859390259 0.43554612994194031 -0.40971869230270386 -1.085737943649292 0.23077033460140228 -0.40274417400360107 -1.0038998126983643 0.2453593909740448
3276.7081000059843 -0.070217475295066833 -1.1455336809158325 0.81295144557952881 -0.32331612706184387 -1.2358729839324951 0.41957351565361023 -0.33980143070220947 -1.1500564813613892 0.46626847982406616 -0.40977829694747925 -1.0671218633651733 0.27451148629188538 -0.41298496723175049 -0.9923977255821228 0.29436954855918884
3276.7081000059843 -0.082860380411148071 -1.2192134857177734 0.73501682281494141 -0.30973723530769348 -1.2510749101638794 0.39002978801727295 -0.33340662717819214 -1.177035927772522 0.42172765731811523 -0.37750864028930664 -1.077139139175415 0.25373867154121399 -0.38778594136238098 -1.0188698768615723 0.2653580904006958
3372.3284000009298 0.00666835717856884 -1.2492690086364746 0.68851959705352783 -0.25375604629516602 -1.3283964395523071 0.30855879187583923 -0.2608141303062439 -1.2543972730636597 0.37040334939956665 -0.33782339096069336 -1.17759108543396 0.16398929059505463 -0.33225229382514954 -1.1069991588592529 0.19431035220623016
3372.3284000009298 0.0014664781047031283 -1.0384980440139771 0.70507097244262695 -0.23514942824840546 -1.1579025983810425 0.26376661658287048 -0.25494608283042908 -1.1101977825164795 0.30795854330062866 -0.30699652433395386 -0.98443794250488281 0.13522246479988098 -0.31512957811355591 -0.93564552068710327 0.15420505404472351
3447.1975999996066 -0.043895933777093887 -1.2080097198486328 0.81217658519744873 -0.32739412784576416 -1.3093279600143433 0.34472432732582092 -0.35408943891525269 -1.2249904870986938 0.39700603485107422 -0.41252496838569641 -1.1432803869247437 0.17393919825553894 -0.4232712984085083 -1.0685113668441772 0.19241395592689514
3447.1975999996066 -0.022914212197065353 -1.1774464845657349 0.79188960790634155 -0.29933157563209534 -1.2762341499328613 0.33611276745796204 -0.32536011934280396 -1.1940031051635742 0.3870885968208313 -0.38233610987663269 -1.1143338680267334 0.16959327459335327 -0.392814040184021 -1.04143226146698 0.18760658800601959
3533.4446000009775 0.022366218268871307 -1.1653203964233398 0.82552850246429443 -0.31060415506362915 -1.3604422807693481 0.23162442445755005 -0.34509745240211487 -1.3139908313751221 0.28835225105285645 -0.3869737982749939 -1.1751513481140137 0.084394015371799469 -0.40603125095367432 -1.1393671035766602 0.11354608833789825
3533.4446000009775 0.011798854917287827 -1.2564588785171509 0.88142240047454834 -0.3431256115436554 -1.4315532445907593 0.30229273438453674 -0.37418174743652344 -1.3665428161621094 0.37465429306030273 -0.42314910888671875 -1.2308652400970459 0.16023384034633636 -0.43388292193412781 -1.168681263923645 0.2052166610956192
3596.9919000044465 -0.0059546432457864285 -1.2279527187347412 0.84537863731384277 -0.31298568844795227 -1.4038392305374146 0.32851991057395935 -0.34754207730293274 -1.3551199436187744 0.37746286392211914 -0.38993272185325623 -1.1939400434494019 0.19551379978656769 -0.4070606529712677 -1.1443171501159668 0.21883846819400787
3599.0576000027359 -0.05696568638086319 -1.2015255689620972 0.86717110872268677 -0.32604137063026428 -1.3652616739273071 0.30823034048080444 -0.35721984505653381 -1.3140257596969604 0.35631650686264038 -0.40501871705055237 -1.1758124828338623 0.14437872171401978 -0.41799512505531311 -1.1256961822509766 0.16290858387947083
3697.6826000027359 0.026622079312801361 -1.2600922584533691 0.69734549522399902 -0.24892210960388184 -1.3420161008834839 0.29050359129905701 -0.2564142644405365 -1.2454389333724976 0.35530433058738708 -0.33606243133544922 -1.1916399002075195 0.14003884792327881 -0.3305647075176239 -1.1012492179870605 0.17201831936836243
3697.6826000027359 -0.031255811452865601 -1.0046802759170532 0.67960208654403687 -0.21386264264583588 -1.1681952476501465 0.25363141298294067 -0.22362694144248962 -1.1176192760467529 0.29345273971557617 -0.29700523614883423 -0.99784451723098755 0.12528286874294281 -0.29859077930450439 -0.94504636526107788 0.14094285666942596
3768.4261000007391 -0.027362154796719551 -1.1947898864746094 0.78301709890365601 -0.2461981475353241 -1.4022327661514282 0.25154420733451843 -0.2836519181728363 -1.3574869632720947 0.28372305631637573 -0.32797414064407349 -1.2227902412414551 0.089417241513729095 -0.35146674513816833 -1.180637001991272 0.093615926802158356
3768.4261000007391 -0.025676064193248749 -1.1566708087921143 0.7737080454826355 -0.24191035330295563 -1.361647367477417 0.24855375289916992 -0.27891886234283447 -1.3174335956573486 0.28035002946853638 -0.32271412014961243 -1.1843382120132446 0.088354296982288361 -0.34592741727828979 -1.142686128616333 0.092503063380718231
3862.3082000017166 -0.0017871978925541043 -1.2268929481506348 0.77965199947357178 -0.26708024740219116 -1.3826655149459839 0.2101006805896759 -0.2948773205280304 -1.3321660757064819 0.24980320036411285 -0.33651649951934814 -1.2010936737060547 0.053284589201211929 -0.34705191850662231 -1.1529510021209717 0.062636882066726685
3864.632800001651 -0.015830282121896744 -1.2497725486755371 0.82654684782028198 -0.27166184782981873 -1.3807399272918701 0.26708331704139709 -0.30778512358665466 -1.3229846954345703 0.31237298250198364 -0.35523614287376404 -1.2071654796600342 0.096218407154083252 -0.36909720301628113 -1.154152512550354 0.11144332587718964
3960.0850000046194 0.14714270830154419 -1.2853574752807617 0.64766842126846313 -0.22007539868354797 -1.525790810585022 0.27495566010475159 -0.22806009650230408 -1.5584479570388794 0.31072425842285156 -0.28875371813774109 -1.2625372409820557 0.21090726554393768 -0.28147530555725098 -1.2543798685073853 0.23657000064849854
3960.0850000046194 0.068179301917552948 -1.1020385026931763 0.68583917617797852 -0.1768392026424408 -1.1839193105697632 0.26201063394546509 -0.18886172771453857 -1.1274791955947876 0.30122435092926025 -0.26474463939666748 -1.0239590406417847 0.10625876486301422 -0.26402196288108826 -0.96961390972137451 0.11411494016647339
4053.0120999999344 0.085622183978557587 -1.1863276958465576 0.74817752838134766 -0.22409641742706299 -1.3285371065139771 0.30558264255523682 -0.23255783319473267 -1.2776437997817993 0.36089763045310974 -0.30048465728759766 -1.1419148445129395 0.17078092694282532 -0.29351857304573059 -1.0852546691894531 0.19795429706573486
4053.0120999999344 0.13542051613330841 -1.2903380393981934 0.74409997463226318 -0.26533770561218262 -1.3302644491195679 0.28292089700698853 -0.27462759613990784 -1.2624176740646362 0.33225145936012268 -0.31878018379211426 -1.1243388652801514 0.14829918742179871 -0.3112742006778717 -1.0509097576141357 0.1722952127456665
4146.9673000015318 0.084195591509342194 -1.3039687871932983 0.76419663429260254 -0.28709578514099121 -1.3283069133758545 0.3478626012802124 -0.29359418153762817 -1.2681080102920532 0.38416892290115356 -0.36001947522163391 -1.1217806339263916 0.22185875475406647 -0.35318872332572937 -1.0517038106918335 0.23186568915843964
4146.9673000015318 0.03860824927687645 -1.2292098999023438 0.80644410848617554 -0.24871096014976501 -1.2435988187789917 0.38742297887802124 -0.25458160042762756 -1.1539431810379028 0.42918106913566589 -0.33378955721855164 -1.0636670589447021 0.24227820336818695 -0.32520174980163574 -0.97700345516204834 0.25324234366416931
4237.2625000029802 0.03460385650396347 -1.1826658248901367 0.78167819976806641 -0.24389363825321198 -1.1966128349304199 0.37552249431610107 -0.24958401918411255 -1.1097100973129272 0.41599845886230469 -0.32636001706123352 -1.0222057104110718 0.23483417928218842 -0.31803587079048157 -0.93820303678512573 0.24546170234680176
4237.2625000029802 -0.0057774698361754417 -1.2023152112960815 0.72090607881546021 -0.29722714424133301 -1.2771526575088501 0.30456262826919556 -0.31949040293693542 -1.2229775190353394 0.33960810303688049 -0.352394700050354 -1.0912281274795532 0.1624082624912262 -0.35895445942878723 -1.0443922281265259 0.17136409878730774
4321.5847000032663 -0.040576465427875519 -1.3105423450469971 0.82137787342071533 -0.32797473669052124 -1.4025174379348755 0.32603934407234192 -0.3515065610408783 -1.332987904548645 0.36311870813369751 -0.38771224021911621 -1.207735538482666 0.15831363201141357 -0.39540350437164307 -1.1497606039047241 0.16355057060718536
4321.5847000032663 -0.076194398105144501 -1.2123448848724365 0.64238905906677246 -0.25635555386543274 -1.3907769918441772 0.18254439532756805 -0.28114798665046692 -1.3747094869613647 0.20319315791130066 -0.30139937996864319 -1.183311939239502 0.042412828654050827 -0.31797194480895996 -1.1795663833618164 0.042645078152418137
4402.8905000016093 -0.065578803420066833 -1.3329846858978271 0.72627216577529907 -0.26908215880393982 -1.4745551347732544 0.16176924109458923 -0.28935849666595459 -1.4474508762359619 0.18401290476322174 -0.31327947974205017 -1.2551946640014648 0.0078262556344270706 -0.32185745239257813 -1.2412979602813721 0.0021353401243686676
4402.8905000016093 -0.076240278780460358 -1.3303098678588867 0.73325741291046143 -0.28170028328895569 -1.4732415676116943 0.16332688927650452 -0.30217155814170837 -1.4458765983581543 0.18578442931175232 -0.32632255554199219 -1.2517719268798828 0.0079037705436348915 -0.33498299121856689 -1.2377415895462036 0.0021581382025033236
4494.0091000050306 -0.0696091428399086 -1.357405424118042 0.80662810802459717 -0.27705156803131104 -1.5387852191925049 0.22141769528388977 -0.2959599494934082 -1.5190398693084717 0.25355753302574158 -0.33230718970298767 -1.2977721691131592 0.074219763278961182 -0.33996760845184326 -1.2841577529907227 0.080049999058246613
4494.0091000050306 0.013412926346063614 -1.4629591703414917 0.78029346466064453 -0.31490993499755859 -1.5274680852890015 0.43914151191711426 -0.31602472066879272 -1.4433882236480713 0.50750017166137695 -0.40783816576004028 -1.348097562789917 0.31670597195625305 -0.39859750866889954 -1.2662919759750366 0.35420700907707214
4582.5709999985993 -0.053994949907064438 -1.0008729696273804 0.65342539548873901 -0.27209877967834473 -1.0751441717147827 0.29489728808403015 -0.28332978487014771 -1.002970814704895 0.33990296721458435 -0.35680341720581055 -0.91140884160995483 0.18813221156597137 -0.35426810383796692 -0.83764380216598511 0.21352866291999817
4582.5709999985993 -0.036893211305141449 -1.1927081346511841 0.77433997392654419 -0.29535713791847229 -1.2807232141494751 0.34946629405021667 -0.30866643786430359 -1.1951942443847656 0.40280023217201233 -0.39573636651039124 -1.0866886377334595 0.22294434905052185 -0.39273187518119812 -0.99927330017089844 0.25304040312767029
4672.5665999986231 0.014161761850118637 -1.2052140235900879 0.79325217008590698 -0.30855417251586914 -1.2778488397598267 0.36162945628166199 -0.3055134117603302 -1.1974304914474487 0.42296281456947327 -0.38921827077865601 -1.0719311237335205 0.23736339807510376 -0.36897021532058716 -0.98572671413421631 0.27888846397399902
4672.5665999986231 0.01110403798520565 -1.186104416847229 0.83631318807601929 -0.30393964052200317 -1.2554508447647095 0.34828352928161621 -0.2999730110168457 -1.1610691547393799 0.403267502784729 -0.40002402663230896 -1.0624853372573853 0.20768639445304871 -0.37935781478881836 -0.96226197481155396 0.23770743608474731
4714.6699000038207 -0.0059672845527529716 -1.1690520048141479 0.82758629322052002 -0.26150190830230713 -1.2764853239059448 0.38339489698410034 -0.26276898384094238 -1.2002017498016357 0.42715409398078918 -0.36001640558242798 -1.0689939260482788 0.25092899799346924 -0.34575846791267395 -0.98371684551239014 0.27087575197219849
4808.3110000006855 0.0039145001210272312 -1.1769484281539917 0.79962015151977539 -0.28842401504516602 -1.2721714973449707 0.39352676272392273 -0.28919124603271484 -1.1962307691574097 0.44524940848350525 -0.37322014570236206 -1.0638378858566284 0.2688128650188446 -0.35780251026153564 -0.98238545656204224 0.30036771297454834
4808.3110000006855 -0.011096378788352013 -1.1435291767120361 0.80819499492645264 -0.29153281450271606 -1.272303581237793 0.41179180145263672 -0.29765161871910095 -1.1833679676055908 0.47946393489837646 -0.38914519548416138 -1.0745480060577393 0.28675460815429688 -0.37898755073547363 -0.98408693075180054 0.33383327722549438
4888.5401000007987 -0.0030843934509903193 -1.1237474679946899 0.79647129774093628 -0.28612154722213745 -1.2503088712692261 0.38385874032974243 -0.2921384871006012 -1.1792069673538208 0.44065913558006287 -0.37599080801010132 -1.0480514764785767 0.26458418369293213 -0.36660221219062805 -0.97147786617279053 0.29934209585189819
4890.6944000013173 0.0042894282378256321 -1.1883722543716431 0.76007926464080811 -0.30468481779098511 -1.2979894876480103 0.33688846230506897 -0.31429320573806763 -1.2376878261566162 0.3931233286857605 -0.38286194205284119 -1.0822784900665283 0.22560548782348633 -0.37274834513664246 -1.0124231576919556 0.26348334550857544
4972.076700001955 -0.014626786112785339 -1.1839019060134888 0.80836117267608643 -0.28582322597503662 -1.3238623142242432 0.37345758080482483 -0.30830249190330505 -1.243224024772644 0.43881237506866455 -0.39049866795539856 -1.1210916042327881 0.24363474547863007 -0.3945351243019104 -1.0397361516952515 0.28413823246955872
4972.076700001955 -0.053496863692998886 -1.1668882369995117 0.78380119800567627 -0.29516738653182983 -1.2807215452194214 0.38417738676071167 -0.31558778882026672 -1.1891801357269287 0.44220471382141113 -0.39994567632675171 -1.0967593193054199 0.24810212850570679 -0.40423092246055603 -1.0101171731948853 0.27811726927757263
