91.326799999922514 -0.86031156778335571 0.70616292953491211 0.89941757917404175 0.68148189783096313 -0.51562696695327759 1.069661021232605 0.81820428371429443 1.1136178970336914
190.26260000094771 -0.72141182422637939 0.69626402854919434 0.77202302217483521 0.67983567714691162 -0.43085271120071411 1.0628272294998169 0.70870077610015869 1.1087514162063599
283.68670000042766 -0.73127788305282593 0.70637565851211548 0.78362184762954712 0.68292808532714844 -0.42935952544212341 1.0735626220703125 0.71652233600616455 1.1112006902694702
377.63690000027418 -0.86407852172851563 0.7045208215713501 0.89155364036560059 0.68263936042785645 -0.52144616842269897 1.0646482706069946 0.83058857917785645 1.1056419610977173
473.20030000060797 -0.72852098941802979 0.69685184955596924 0.76822125911712646 0.67560005187988281 -0.43605822324752808 1.0632933378219604 0.72141343355178833 1.0965811014175415
566.43510000035167 -0.76222419738769531 0.70715713500976563 0.80356687307357788 0.68967300653457642 -0.47119221091270447 1.0821937322616577 0.76167941093444824 1.1113647222518921
664.83450000081211 -0.55999994277954102 0.6736987829208374 0.83419430255889893 0.68308281898498535 -0.48770633339881897 1.0936657190322876 0.76498192548751831 1.1343361139297485
762.22770000062883 -1.1412509679794312 0.61689358949661255 1.0866819620132446 0.63343071937561035 -0.88025212287902832 1.0283126831054688 0.99546736478805542 1.0632578134536743
865.94000000040978 -1.007307767868042 0.5630028247833252 0.88486093282699585 0.55237650871276855 -0.69874387979507446 0.94574880599975586 0.8350982666015625 0.92803806066513062
958.60829999949783 -0.99532407522201538 0.43459919095039368 1.0769979953765869 0.41886258125305176 -0.60895407199859619 0.6917417049407959 0.59541219472885132 0.64380037784576416
1050.5795999998227 -0.99761086702346802 0.37566250562667847 1.3902748823165894 0.3704933226108551 -0.55302077531814575 0.60346853733062744 0.55212080478668213 0.58784794807434082
1148.6821000007913 -0.86532056331634521 0.41476204991340637 1.2218310832977295 0.38938432931900024 -0.35425299406051636 0.6084665060043335 0.44191884994506836 0.61206060647964478
1242.2252000011504 -0.77422171831130981 0.43574345111846924 1.2161493301391602 0.39433234930038452 -0.26816073060035706 0.62669515609741211 0.433818519115448 0.58918178081512451
1338.9106000009924 -0.75977319478988647 0.43257689476013184 1.186552882194519 0.39160531759262085 -0.30775374174118042 0.61424624919891357 0.43027204275131226 0.58553731441497803
1439.4611000008881 -0.76110142469406128 0.43330138921737671 1.1339988708496094 0.38994735479354858 -0.29296272993087769 0.6135718822479248 0.36912351846694946 0.61118954420089722
1537.5592000000179 -0.77190911769866943 0.42662593722343445 1.1198863983154297 0.39530757069587708 -0.32411381602287292 0.62561881542205811 0.35001656413078308 0.61781859397888184
1635.8239000001922 -0.77817744016647339 0.42392861843109131 1.1670461893081665 0.39615914225578308 -0.3153647780418396 0.6265445351600647 0.34902426600456238 0.61691439151763916
1724.9826000006869 -0.75279080867767334 0.42422905564308167 1.150252103805542 0.39112526178359985 -0.32767876982688904 0.62402808666229248 0.37389633059501648 0.60576868057250977
1823.7209000010043 -0.76847630739212036 0.42382150888442993 1.1852579116821289 0.39031103253364563 -0.33454364538192749 0.62368482351303101 0.36897283792495728 0.60954576730728149
1919.4428000012413 -0.85248470306396484 0.4194299578666687 1.273779034614563 0.38629403710365295 -0.38751065731048584 0.61964845657348633 0.37625324726104736 0.6054840087890625
