24.762699999846518 -0.75135195255279541 0.65742379426956177 0.63566827774047852 0.66669195890426636 -0.69336879253387451 1.0218379497528076 0.55099654197692871 1.016890287399292
133.19750000024214 -0.76326733827590942 0.65916734933853149 0.6445963978767395 0.66738384962081909 -0.71115779876708984 1.0289318561553955 0.55883187055587769 1.0192232131958008
233.98150000022724 -0.75679820775985718 0.66133564710617065 0.62179344892501831 0.67429566383361816 -0.70566809177398682 1.0317317247390747 0.56786853075027466 1.0191045999526978
337.82629999984056 -0.74978941679000854 0.66025209426879883 0.64906972646713257 0.66411459445953369 -0.70027452707290649 1.0296967029571533 0.56978827714920044 1.0210098028182983
431.14026111968059 -0.75982010364532471 0.65945756435394287 0.6205781102180481 0.67595994472503662 -0.70843708515167236 1.0257328748703003 1.6635620594024658 1.019595742225647
437.60179999982938 -0.76051467657089233 0.65940254926681519 0.61860519647598267 0.67678016424179077 -0.70900231599807739 1.0254583358764648 0.57304155826568604 1.0194978713989258
538.7687999997288 -0.75488066673278809 0.66465848684310913 0.64816069602966309 0.66222423315048218 -0.70189452171325684 1.0305496454238892 0.5956275463104248 1.0247328281402588
648.17510000010952 -0.7603115439414978 0.66823536157608032 0.66206157207489014 0.66565477848052979 -0.70804709196090698 1.014243483543396 0.64986848831176758 1.041521430015564
749.25799999944866 -0.66930383443832397 0.57976919412612915 0.67577415704727173 0.64243626594543457 -0.61268347501754761 0.90901249647140503 0.59522324800491333 0.96299833059310913
849.27840000018477 -0.64111512899398804 0.57039731740951538 0.59193581342697144 0.62228739261627197 -0.49939623475074768 0.85034531354904175 0.42496752738952637 0.89158451557159424
953.48379999957979 -0.59839558601379395 0.50414055585861206 0.50258046388626099 0.5091855525970459 -0.26848897337913513 0.64276021718978882 0.18719206750392914 0.62132614850997925
1058.4995999997482 -0.59450334310531616 0.52565652132034302 0.49031808972358704 0.54041332006454468 -0.27706307172775269 0.6723017692565918 0.17979572713375092 0.64114522933959961
1163.7583999997005 -0.58774363994598389 0.54944813251495361 0.53579777479171753 0.53306078910827637 -0.29879492521286011 0.71296036243438721 0.16824072599411011 0.66675114631652832
1268.1435000002384 -0.72825920581817627 0.52424377202987671 0.64637643098831177 0.52357745170593262 -0.68838047981262207 0.71963882446289063 0.53148448467254639 0.74275058507919312
1370.1399000003003 -0.98660790920257568 0.49574047327041626 0.87939077615737915 0.52360111474990845 -1.4001530408859253 0.69648748636245728 1.3135771751403809 0.72329998016357422
1467.1298999995925 -1.1471651792526245 0.45329299569129944 1.033890962600708 0.50876426696777344 -1.7861707210540771 0.61454999446868896 1.7147958278656006 0.68621379137039185
1566.560899999924 -1.1807957887649536 0.42619076371192932 1.2000998258590698 0.48763653635978699 -1.9849597215652466 0.54967761039733887 2.0224392414093018 0.60950267314910889
1667.1906000003219 -1.1374939680099487 0.41744241118431091 1.0983387231826782 0.44523555040359497 -1.9048364162445068 0.53837114572525024 1.8792662620544434 0.57404834032058716
1768.5953999999911 -1.1047576665878296 0.40892362594604492 1.0507469177246094 0.42905843257904053 -1.9004209041595459 0.52638447284698486 1.8270103931427002 0.55464863777160645
1866.2783999997191 -1.1042065620422363 0.41126108169555664 1.048114538192749 0.43395406007766724 -1.8941346406936646 0.529735267162323 1.8191866874694824 0.56211453676223755
1966.1218999996781 -1.0815695524215698 0.43823727965354919 1.0380151271820068 0.46192649006843567 -1.8673423528671265 0.55973243713378906 1.7960392236709595 0.59564542770385742
