4.4961000001057982 -0.8557746410369873 0.63794928789138794 0.65533679723739624 0.67655658721923828 -0.9209747314453125 1.050653338432312 0.73370110988616943 1.0814186334609985
114.83300000056624 -0.85986578464508057 0.64132773876190186 0.64732480049133301 0.67849212884902954 -0.89044153690338135 1.0547761917114258 0.72791844606399536 1.0604987144470215
243.24329999834299 -0.88517576456069946 0.63888257741928101 0.62450194358825684 0.68269342184066772 -0.91657322645187378 1.0540612936019897 0.69566696882247925 1.079182505607605
364.59599999897182 -0.8857390284538269 0.64510506391525269 0.69952940940856934 0.67935937643051147 -0.91261935234069824 1.0623883008956909 0.84207922220230103 1.0707275867462158
489.81079999916255 -0.98581171035766602 0.65652561187744141 0.78687411546707153 0.66964346170425415 -1.0616108179092407 1.0645112991333008 0.94045549631118774 1.0468932390213013
616.86059999838471 -1.0048928260803223 0.61785030364990234 0.92957299947738647 0.65298610925674438 -1.1658440828323364 1.0324380397796631 1.1387938261032104 1.0303813219070435
731.55819999892265 -1.0524700880050659 0.61817950010299683 0.95624697208404541 0.63931727409362793 -0.90914064645767212 0.99934035539627075 1.3257081508636475 0.9923628568649292
849.46829999983311 -0.93657958507537842 0.51575708389282227 0.71615219116210938 0.48672804236412048 -0.82109522819519043 0.72732257843017578 1.0489952564239502 0.62721729278564453
963.04429999925196 -0.87851083278656006 0.57859653234481812 0.8113752007484436 0.51930153369903564 -0.48865434527397156 0.47879910469055176 0.69564527273178101 0.51646220684051514
1079.6722999988124 -0.72072535753250122 0.47873732447624207 0.67189455032348633 0.50065577030181885 -0.15005850791931152 0.50016129016876221 0.10843618959188461 0.49759352207183838
1198.7300999993458 -0.73573672771453857 0.50631475448608398 0.66035962104797363 0.53502035140991211 -0.19807100296020508 0.5233006477355957 0.28119739890098572 0.55392229557037354
1304.6639999998733 -1.1313008069992065 0.54509496688842773 0.92425340414047241 0.53896534442901611 -0.67785072326660156 0.53404295444488525 0.6810029149055481 0.52763313055038452
1420.1837999997661 -1.4127007722854614 0.48203817009925842 1.1635844707489014 0.49218380451202393 -2.5163257122039795 0.62483298778533936 2.2779541015625 0.59567314386367798
1538.5377999991179 -1.4886715412139893 0.42416244745254517 1.4978137016296387 0.4550500214099884 -2.5420615673065186 0.60617357492446899 2.5072104930877686 0.56577599048614502
1649.4553000004962 -1.5582501888275146 0.42302268743515015 1.348285436630249 0.43445390462875366 -2.4809069633483887 0.57468885183334351 2.4129898548126221 0.54258632659912109
1758.3421999989077 -1.5938420295715332 0.41964983940124512 1.3634235858917236 0.4239257276058197 -2.4939196109771729 0.56432366371154785 2.4050447940826416 0.54066836833953857
1870.3139999993145 -1.5951035022735596 0.41860005259513855 1.3128143548965454 0.42318260669708252 -2.5469052791595459 0.56017112731933594 2.2468032836914063 0.54631209373474121
1975.0844999998808 -1.5811991691589355 0.39238882064819336 1.3862137794494629 0.41697043180465698 2.3118560314178467 0.52420037984848022 2.2978589534759521 0.50588792562484741
