89.344399999827147 -0.67082154750823975 0.69689309597015381 0.63199323415756226 0.67367887496948242 -0.65584617853164673 1.0395692586898804 0.63719749450683594 1.0161596536636353
188.48740000091493 -0.64896857738494873 0.69522660970687866 0.62406671047210693 0.68159431219100952 -0.59755301475524902 1.0392471551895142 0.64687252044677734 1.023725152015686
288.87999999895692 -0.61647039651870728 0.69049102067947388 0.62016409635543823 0.67935746908187866 -0.56989574432373047 1.0299482345581055 0.64664089679718018 1.021639347076416
391.40080000087619 -0.607371985912323 0.64687752723693848 0.61578845977783203 0.65332520008087158 -0.41652578115463257 0.94243580102920532 0.60761600732803345 0.9836241602897644
489.06919999979436 -0.59449672698974609 0.58091562986373901 0.68134111166000366 0.54477941989898682 -0.40223851799964905 0.84205144643783569 0.60515099763870239 0.83286213874816895
592.95519999787211 -0.64797979593276978 0.50654101371765137 0.70714884996414185 0.51136821508407593 -0.21690967679023743 0.66073548793792725 0.44606858491897583 0.65178978443145752
691.22610000148416 -0.64670193195343018 0.44698616862297058 0.62977564334869385 0.45944371819496155 -0.19821497797966003 0.49464160203933716 0.35041651129722595 0.51059859991073608
799.13779999688268 -0.66293388605117798 0.43922260403633118 0.68115770816802979 0.47598260641098022 -0.22606004774570465 0.48990345001220703 0.34929415583610535 0.5168500542640686
906.42629999853671 -0.67554044723510742 0.463600754737854 0.72317546606063843 0.47713956236839294 -0.36565735936164856 0.51917213201522827 0.38023102283477783 0.55018657445907593
1008.0759000014514 -0.8215557336807251 0.69116401672363281 0.8413425087928772 0.46673309803009033 -0.80948042869567871 0.69717174768447876 1.1682355403900146 0.60988801717758179
1108.8092999979854 -1.0510164499282837 0.48884731531143188 1.0151171684265137 0.45605739951133728 -1.2820359468460083 0.61628860235214233 1.5715694427490234 0.59707450866699219
1207.9765999987721 -1.2111054658889771 0.43091762065887451 1.2689666748046875 0.40632045269012451 -1.9327023029327393 0.60935425758361816 2.1627755165100098 0.50898712873458862
1306.6702000014484 -1.2075682878494263 0.43857195973396301 1.2311588525772095 0.39054027199745178 -1.9479480981826782 0.57449471950531006 2.0492756366729736 0.49408721923828125
1405.8272999990731 -1.2165473699569702 0.42775905132293701 1.1709033250808716 0.38193944096565247 -1.9313821792602539 0.5478166937828064 2.0046086311340332 0.46660861372947693
1505.3358999993652 -1.234163761138916 0.41928589344024658 1.1964499950408936 0.38011381030082703 -2.0013868808746338 0.53582257032394409 2.075829029083252 0.46439075469970703
1605.847500000149 -1.2567470073699951 0.42443203926086426 1.2024857997894287 0.38380828499794006 -2.0045902729034424 0.53931170701980591 2.0563397407531738 0.46167740225791931
1706.801000000909 -1.2328528165817261 0.42182344198226929 1.2018526792526245 0.37755441665649414 -1.9640151262283325 0.53586721420288086 2.027961254119873 0.46053963899612427
1810.1950999982655 -1.2578258514404297 0.43045243620872498 1.159640908241272 0.3822658360004425 -1.9605156183242798 0.54317110776901245 1.9837050437927246 0.46333694458007813
1916.8698999974877 -1.2416913509368896 0.42090979218482971 1.199404239654541 0.37727969884872437 -1.978028416633606 0.53607487678527832 2.0186398029327393 0.46008077263832092
