95.486399998888373 -0.70539218187332153 0.68663346767425537 0.68649297952651978 0.65872615575790405 -0.67746037244796753 1.0638097524642944 0.67680633068084717 1.0396183729171753
194.1944999974221 -0.71740877628326416 0.68168437480926514 0.70172768831253052 0.65661007165908813 -0.69539940357208252 1.0628174543380737 0.693459153175354 1.0387729406356812
297.63929999805987 -0.692210853099823 0.67911916971206665 0.67492371797561646 0.66396206617355347 -0.68531489372253418 1.0536247491836548 0.65909546613693237 1.0352423191070557
396.05189999938011 -0.69355082511901855 0.67735755443572998 0.67970108985900879 0.66808205842971802 -0.68108105659484863 1.0581871271133423 0.65938740968704224 1.0434708595275879
494.69429999962449 -0.69026660919189453 0.68179905414581299 0.67355614900588989 0.66465592384338379 -0.66384321451187134 1.0599466562271118 0.65540218353271484 1.0350364446640015
593.93749999813735 -0.70611792802810669 0.69460046291351318 0.67347961664199829 0.68519759178161621 -0.67992109060287476 1.0649256706237793 0.64303910732269287 1.0500791072845459
692.93019999749959 -0.66981875896453857 0.66757899522781372 0.67134517431259155 0.66641092300415039 -0.58661949634552002 1.0066854953765869 0.62590885162353516 1.0188506841659546
793.56489999592304 -0.65236109495162964 0.64535832405090332 0.61872977018356323 0.63312214612960815 -0.44386482238769531 0.93277692794799805 0.53741014003753662 0.96875882148742676
897.72479999996722 -0.6412319540977478 0.5287013053894043 0.65252947807312012 0.52602654695510864 -0.3487904965877533 0.72565406560897827 0.3393140435218811 0.69224053621292114
996.15569999627769 -0.63788437843322754 0.51426398754119873 0.59502285718917847 0.50995957851409912 -0.19063550233840942 0.64393371343612671 0.16424386203289032 0.65167236328125
1100.0924999956042 -0.67873752117156982 0.47705328464508057 0.57977193593978882 0.49457469582557678 -0.32835564017295837 0.56136596202850342 0.1539713442325592 0.60530936717987061
1198.9658999964595 -0.67084121704101563 0.48271241784095764 0.60468906164169312 0.50035685300827026 -0.34967303276062012 0.60642784833908081 0.27652379870414734 0.62096685171127319
1298.6936999969184 -1.0189015865325928 0.60628265142440796 0.85788804292678833 0.47441583871841431 -1.0147602558135986 0.6180766224861145 1.1451566219329834 0.65928179025650024
1400.2793999966234 -1.0488295555114746 0.46019673347473145 1.0237940549850464 0.48662152886390686 -1.5301237106323242 0.63990992307662964 1.6016825437545776 0.64196091890335083
1505.1785999964923 -1.165656566619873 0.43371173739433289 1.2414596080780029 0.45488694310188293 -1.9110876321792603 0.63304156064987183 1.9918801784515381 0.6113584041595459
1610.3165999967605 -1.2049040794372559 0.42893806099891663 1.2281383275985718 0.41877910494804382 -1.993841290473938 0.58282721042633057 2.0726158618927002 0.51879078149795532
1709.6120999958366 -1.2324305772781372 0.43496569991111755 1.1653246879577637 0.40257623791694641 -2.0040850639343262 0.57452106475830078 1.9649506807327271 0.49763098359107971
1810.3352999966592 -1.2570149898529053 0.43432867527008057 1.1697704792022705 0.39970138669013977 -2.0187289714813232 0.57398891448974609 2.0009317398071289 0.50129103660583496
1909.305799998343 -1.2768101692199707 0.43791249394416809 1.1538254022598267 0.40597355365753174 -2.0525755882263184 0.57559782266616821 1.9832389354705811 0.50392055511474609
