55.742099996656179 -0.66001433134078979 0.8879891037940979 0.50643330812454224 0.9286123514175415 -0.77814102172851563 1.363953709602356 0.71206682920455933 1.3322962522506714
142.58289999887347 -0.64588040113449097 0.88635730743408203 0.49951311945915222 0.93379193544387817 -0.75066471099853516 1.3630869388580322 0.69135367870330811 1.3411276340484619
225.85410000011325 -0.62620711326599121 0.88561123609542847 0.48901668190956116 0.93298494815826416 -0.74180006980895996 1.376415491104126 0.65882116556167603 1.3431415557861328
311.76669999957085 -0.64678514003753662 0.89714717864990234 0.49257278442382813 0.93906122446060181 -0.75824111700057983 1.3849159479141235 0.6836668848991394 1.3481477499008179
394.61659999936819 -0.60981875658035278 0.90078455209732056 0.55832105875015259 0.94858700037002563 -0.74620896577835083 1.3961728811264038 0.75797134637832642 1.3377512693405151
477.77789999544621 -0.62979447841644287 0.89718979597091675 0.58633142709732056 0.94775843620300293 -0.75778156518936157 1.3937535285949707 0.80437099933624268 1.3676856756210327
569.25849999859929 -0.64800560474395752 0.88634639978408813 0.61045169830322266 0.93350595235824585 -0.76801168918609619 1.3514409065246582 0.89179527759552002 1.3505831956863403
657.60739999637008 -0.69582623243331909 0.91427206993103027 0.60939198732376099 0.92053848505020142 -0.77712202072143555 1.3993774652481079 0.89228308200836182 1.4491103887557983
740.90239999443293 -0.70202654600143433 0.91396987438201904 0.60329878330230713 0.91251403093338013 -0.75638347864151001 1.3918365240097046 0.85839211940765381 1.4671204090118408
825.04380000010133 -0.69585686922073364 0.77998638153076172 0.68104630708694458 0.75387990474700928 -0.70383888483047485 1.2532297372817993 0.82196968793869019 1.0885776281356812
909.17619999498129 -0.61598014831542969 0.98595625162124634 0.52651864290237427 0.65804743766784668 -0.94972914457321167 1.077705979347229 0.8314853310585022 0.83368229866027832
993.82779999449849 -0.95191812515258789 0.58479684591293335 0.90192115306854248 0.58277279138565063 -0.70282721519470215 0.56307131052017212 0.75456267595291138 0.52706229686737061
1081.9644000008702 -0.797832190990448 0.60428589582443237 1.1070986986160278 0.56581050157546997 -0.099044322967529297 0.55052000284194946 0.97916698455810547 0.51179212331771851
1170.3436999954283 -0.96075767278671265 0.58116114139556885 0.91069263219833374 0.57194489240646362 -0.40731862187385559 0.51995867490768433 0.8362727165222168 0.54977923631668091
1254.097699996084 -0.75492686033248901 0.59005898237228394 0.90310496091842651 0.53532636165618896 -0.2390495240688324 0.59421586990356445 0.80475616455078125 0.54893803596496582
1335.7039999961853 -0.57134062051773071 0.55393034219741821 0.95157736539840698 0.60529124736785889 -0.28033840656280518 0.56903958320617676 0.54187977313995361 0.54924660921096802
1417.5024999976158 -0.85228836536407471 0.54389888048171997 0.80844801664352417 0.57259202003479004 -0.4830855131149292 0.53961092233657837 0.8771933913230896 0.51933777332305908
1501.605199996382 -1.3411118984222412 0.5819975733757019 1.2577723264694214 0.49816906452178955 -1.2239961624145508 0.56249284744262695 1.2758798599243164 0.56399154663085938
1584.8877999931574 -1.3053281307220459 0.53200739622116089 1.6164807081222534 0.56964927911758423 -2.5150229930877686 0.66980183124542236 2.7103157043457031 0.59506893157958984
1668.4532999992371 -1.44734787940979 0.51528626680374146 1.4979673624038696 0.55946952104568481 -2.7417213916778564 0.66408449411392212 2.6364314556121826 0.59321212768554688
1754.8328999988735 -1.3650861978530884 0.45817035436630249 1.3370217084884644 0.5275501012802124 -2.4370338916778564 0.60971730947494507 2.3876452445983887 0.56983685493469238
1842.9570999965072 -1.2522777318954468 0.4416976273059845 1.2671976089477539 0.50718200206756592 -2.2800183296203613 0.53737163543701172 2.1544575691223145 0.55365467071533203
1925.9188999980688 -1.1835231781005859 0.43799364566802979 1.3581080436706543 0.53370451927185059 -2.141451358795166 0.53763324022293091 2.2450416088104248 0.56363999843597412
