64.932000000029802 -0.93724077939987183 0.6330873966217041 0.62817329168319702 0.68531936407089233 -1.0549240112304688 1.034501314163208 0.68812686204910278 1.0566216707229614
180.39380000066012 -0.88930714130401611 0.64146322011947632 0.63487088680267334 0.66917383670806885 -0.95324194431304932 1.0523380041122437 0.71934640407562256 1.0447220802307129
298.84959999937564 -0.94492387771606445 0.63839757442474365 0.66639113426208496 0.67692136764526367 -1.0472942590713501 1.0504305362701416 0.73017770051956177 1.0552242994308472
426.99360000062734 -1.0866947174072266 0.66030782461166382 0.80577844381332397 0.63333845138549805 -1.0958019495010376 1.0801947116851807 0.9182133674621582 1.0083104372024536
555.36390000022948 -1.0678514242172241 0.6306842565536499 0.77743715047836304 0.63528740406036377 -1.1945581436157227 1.0227097272872925 0.79200690984725952 1.0494186878204346
672.58169999998063 -0.96842694282531738 0.55710893869400024 0.68697518110275269 0.53061652183532715 -0.8245546817779541 0.89744645357131958 0.65117341279983521 0.87374114990234375
788.85369999986142 -0.98456007242202759 0.56363219022750854 0.62200480699539185 0.54589581489562988 -0.56826978921890259 0.69408071041107178 0.69265156984329224 0.65519219636917114
905.61799999978393 -0.81852036714553833 0.5116533637046814 0.56908327341079712 0.51069736480712891 -0.46112164855003357 0.61914253234863281 0.43138754367828369 0.60729742050170898
1014.7757999999449 -0.72179800271987915 0.51863038539886475 0.5851786732673645 0.53432935476303101 -0.40017950534820557 0.65913903713226318 0.46637427806854248 0.64377939701080322
1134.351200000383 -0.89064496755599976 0.53554725646972656 0.61388510465621948 0.60410338640213013 -0.47334948182106018 0.64923501014709473 0.59573966264724731 0.63844460248947144
1248.7966999998316 -1.0428558588027954 0.56475651264190674 1.0792173147201538 0.50270330905914307 -1.1387929916381836 0.66071289777755737 1.3813316822052002 0.69150924682617188
1366.7395000001416 -1.118422269821167 0.49580329656600952 1.1285536289215088 0.53829073905944824 -1.9425476789474487 0.70139527320861816 1.9945942163467407 0.74437892436981201
1485.3925000000745 -1.3292392492294312 0.45110231637954712 1.2201058864593506 0.50559794902801514 -2.4306347370147705 0.69810551404953003 2.3053028583526611 0.65469956398010254
1600.6120999995619 -1.3735065460205078 0.44320195913314819 1.2134982347488403 0.48441946506500244 -2.6281580924987793 0.6680443286895752 2.2398679256439209 0.6163942813873291
1716.4787000007927 -1.3500654697418213 0.43563222885131836 1.3108234405517578 0.48279958963394165 -2.4828059673309326 0.65114641189575195 2.3807411193847656 0.63311856985092163
1843.6122999992222 -1.3954731225967407 0.42830026149749756 1.2390396595001221 0.47347679734230042 -2.5173771381378174 0.63010025024414063 2.2153158187866211 0.61495733261108398
1968.5065999999642 -1.3809511661529541 0.40296909213066101 1.200953483581543 0.45013722777366638 -2.527728796005249 0.60725444555282593 2.1637201309204102 0.57656610012054443
