56.612199999392033 -0.7361786961555481 0.4581577479839325 0.48536521196365356 0.43203327059745789 -0.6046900749206543 0.71949964761734009 0.498726487159729 0.65057826042175293
164.37600000109524 -0.73722964525222778 0.45609858632087708 0.4951120913028717 0.42736524343490601 -0.62518101930618286 0.71787011623382568 0.49457094073295593 0.64274299144744873
278.15680000092834 -0.65407222509384155 0.47092011570930481 0.497394859790802 0.43586435914039612 -0.64836734533309937 0.72807401418685913 0.49519851803779602 0.65563035011291504
385.30179999954998 -0.73732727766036987 0.45232576131820679 0.50206142663955688 0.44309616088867188 -0.65311026573181152 0.71275109052658081 0.67890232801437378 0.68762868642807007
501.77300000097603 -0.60130298137664795 0.45685312151908875 0.56120198965072632 0.42771497368812561 -0.60022735595703125 0.71715301275253296 0.74106413125991821 0.66027343273162842
610.26010000146925 -0.79268205165863037 0.43353065848350525 0.66812145709991455 0.44373184442520142 -0.74380117654800415 0.67657268047332764 0.80225861072540283 0.62929993867874146
718.60870000068098 -0.81300175189971924 0.42901670932769775 0.63676106929779053 0.39826732873916626 -0.77646255493164063 0.66053712368011475 0.78966242074966431 0.60702788829803467
814.42190000135452 -1.0733698606491089 0.2979220449924469 0.95913654565811157 0.32270735502243042 -0.62256985902786255 0.52943950891494751 0.80674862861633301 0.49136275053024292
922.60460000019521 -1.1751894950866699 0.2640431821346283 1.0459309816360474 0.30556589365005493 -0.76014310121536255 0.51545059680938721 0.40983012318611145 0.44631579518318176
1031.2017000010237 -0.93494331836700439 0.28654506802558899 1.0252057313919067 0.27806651592254639 -0.46482366323471069 0.39407533407211304 0.69985097646713257 0.32409751415252686
1132.5328000001609 -1.0418649911880493 0.2468847930431366 0.90884631872177124 0.27171483635902405 -0.30334779620170593 0.41633129119873047 0.77138888835906982 0.31108778715133667
1247.7270000008866 -0.52589994668960571 0.31419771909713745 1.0770382881164551 0.28325870633125305 -0.17695328593254089 0.4385034441947937 0.8195422887802124 0.33820793032646179
1361.0486000003293 -0.55069506168365479 0.30724224448204041 1.0868761539459229 0.28187042474746704 -0.14002534747123718 0.43924126029014587 0.62994998693466187 0.35004383325576782
1459.816500001587 -0.53747808933258057 0.30501225590705872 1.0858097076416016 0.2788885235786438 -0.13795073330402374 0.4376494288444519 0.78823506832122803 0.3399166464805603
1568.4736000001431 -1.039483904838562 0.25384163856506348 0.91078269481658936 0.27442049980163574 -0.27374112606048584 0.43228918313980103 0.78418934345245361 0.32333877682685852
1666.7779000010341 -0.68103903532028198 0.31481891870498657 1.057309627532959 0.2831873893737793 -0.30576249957084656 0.42944285273551941 0.82951891422271729 0.31541135907173157
1772.6604000004008 -0.57450366020202637 0.32050451636314392 0.81818091869354248 0.29454377293586731 -0.31031396985054016 0.42688277363777161 0.73508626222610474 0.30935642123222351
1876.6815000008792 -1.2197891473770142 0.26121768355369568 0.9939536452293396 0.2885252833366394 -0.34017285704612732 0.43388456106185913 0.80544233322143555 0.31514120101928711
1983.1596000008285 -0.54288268089294434 0.32534065842628479 0.83500277996063232 0.28519940376281738 -0.26292926073074341 0.43966966867446899 0.69409006834030151 0.32201951742172241
