90.35910000000149 -0.58737599849700928 0.46353882551193237 0.6806412935256958 0.4203808605670929 -0.45146948099136353 0.73250412940979004 0.82563382387161255 0.60816407203674316
202.02489999961108 -0.58339941501617432 0.46136882901191711 0.68185532093048096 0.41786077618598938 -0.46510884165763855 0.72633111476898193 0.79409760236740112 0.59164279699325562
309.25879999995232 -0.77986282110214233 0.45663094520568848 0.51218670606613159 0.42536374926567078 -0.66776746511459351 0.72362631559371948 0.51663148403167725 0.6367800235748291
417.31020000018179 -0.5676262378692627 0.46904477477073669 0.66714102029800415 0.42528358101844788 -0.44246482849121094 0.73198026418685913 0.97717428207397461 0.6678352952003479
524.98230000119656 -0.45949849486351013 0.47324562072753906 0.67187488079071045 0.42342126369476318 -0.49436429142951965 0.73293948173522949 0.69686782360076904 0.63986349105834961
637.59439999982715 -0.76444506645202637 0.45020616054534912 0.54614323377609253 0.42703551054000854 -0.66936129331588745 0.71117186546325684 0.58629721403121948 0.67195552587509155
746.3121999995783 -0.77812314033508301 0.44558310508728027 0.67170238494873047 0.39808657765388489 -0.65962463617324829 0.68014895915985107 0.70158112049102783 0.57139682769775391
842.34320000000298 -0.90495246648788452 0.34742632508277893 0.70373523235321045 0.35120111703872681 -0.66192412376403809 0.55307149887084961 0.61751902103424072 0.53628873825073242
947.90580000076443 -0.9366830587387085 0.31397318840026855 0.90030407905578613 0.30716010928153992 -0.56799405813217163 0.48933705687522888 0.71182018518447876 0.41999667882919312
1051.9632999999449 -0.83339834213256836 0.30374982953071594 0.9579893946647644 0.27422100305557251 -0.41773703694343567 0.45490878820419312 0.61416107416152954 0.35521218180656433
1152.7724000001326 -1.1539490222930908 0.26568561792373657 1.2592602968215942 0.30043119192123413 -0.13920290768146515 0.45396488904953003 0.94587385654449463 0.35821765661239624
1260.6582000004128 -1.0032819509506226 0.28646036982536316 1.1737089157104492 0.30538791418075562 -0.11446954309940338 0.47295615077018738 0.71078354120254517 0.38600590825080872
1362.3256000000983 -0.98798274993896484 0.29257017374038696 1.2107846736907959 0.30175986886024475 -0.090482860803604126 0.45708239078521729 0.71866565942764282 0.38179346919059753
1478.2443999992684 -0.90450894832611084 0.30086717009544373 1.2356265783309937 0.3096153736114502 -0.041850090026855469 0.46713805198669434 0.78402310609817505 0.38690650463104248
1588.0492000002414 -1.0226521492004395 0.28247916698455811 1.2582951784133911 0.29904931783676147 -0.05227188766002655 0.46782276034355164 0.78726720809936523 0.38193261623382568
1700.0379999997094 -0.51080214977264404 0.32047262787818909 1.2309259176254272 0.30629298090934753 -0.061139490455389023 0.46203580498695374 0.78818428516387939 0.38302180171012878
1811.2938000001013 -0.91479372978210449 0.3066236674785614 1.2409279346466064 0.30554229021072388 -0.053832784295082092 0.47176292538642883 0.74153584241867065 0.3792235255241394
1908.5495999995619 -0.85811525583267212 0.31541183590888977 0.93899840116500854 0.39356294274330139 -0.026513537392020226 0.46462142467498779 0.66958004236221313 0.38047438859939575
