71.287200003862381 -0.92432987689971924 0.735626220703125 0.70794969797134399 0.72390425205230713 -0.88940674066543579 1.143527626991272 0.82221323251724243 1.1251049041748047
157.67640000581741 -0.946907639503479 0.74394214153289795 0.65915369987487793 0.72135072946548462 -0.92334079742431641 1.1464302539825439 0.78786385059356689 1.1227587461471558
240.13720000162721 -0.95675468444824219 0.75252789258956909 0.66823643445968628 0.72512739896774292 -0.9437103271484375 1.1684316396713257 0.80242699384689331 1.1246161460876465
328.72670000046492 -0.93825453519821167 0.7726292610168457 0.66671538352966309 0.74148708581924438 -0.92062270641326904 1.1847851276397705 0.80052274465560913 1.1544903516769409
411.72770000249147 -0.93015861511230469 0.75481033325195313 0.65551799535751343 0.74588471651077271 -0.92479836940765381 1.1557995080947876 0.77526569366455078 1.150755763053894
495.71080000326037 -0.92058587074279785 0.75061023235321045 0.68422555923461914 0.72283035516738892 -0.89503413438796997 1.1653367280960083 0.82653576135635376 1.1086688041687012
579.58450000733137 -0.96447175741195679 0.73563385009765625 0.83831340074539185 0.69515484571456909 -0.95064473152160645 1.1723878383636475 0.9320380687713623 1.0976873636245728
681.67770000547171 -0.91230815649032593 0.77569299936294556 0.83875656127929688 0.68293720483779907 -0.92915081977844238 1.2215920686721802 0.96982938051223755 1.1157863140106201
770.28700000420213 -0.88307303190231323 0.77027380466461182 0.77417087554931641 0.61332577466964722 -1.1382558345794678 1.2676405906677246 1.1174453496932983 1.171938419342041
855.48970000445843 -1.2096868753433228 0.61389321088790894 1.2376300096511841 0.59763580560684204 -1.2086242437362671 1.109308123588562 1.1446914672851563 1.1214333772659302
940.20160000398755 -1.15284264087677 0.52786260843276978 1.190363883972168 0.5152202844619751 -1.0956892967224121 0.99000245332717896 1.3813369274139404 0.92585456371307373
1026.4132000021636 -1.2743833065032959 0.45579013228416443 1.3787875175476074 0.44439032673835754 -1.1056904792785645 0.8681979775428772 1.3514008522033691 0.85689544677734375
1113.2173000052571 -1.2521138191223145 0.37540259957313538 1.5241928100585938 0.34084051847457886 -0.87669092416763306 0.66652792692184448 0.97113823890686035 0.76239383220672607
1203.7883000001311 -0.86689078807830811 0.41715863347053528 1.18668532371521 0.33443766832351685 -0.40770614147186279 0.6631273627281189 0.75233381986618042 0.6556166410446167
1287.451400000602 -0.72899794578552246 0.37774807214736938 0.89354383945465088 0.36139428615570068 -0.24624578654766083 0.65292119979858398 0.47779619693756104 0.60866785049438477
1369.2019000053406 -0.89539933204650879 0.40741324424743652 1.3150374889373779 0.36224374175071716 0.0073066600598394871 0.65114414691925049 0.49852865934371948 0.67449116706848145
1455.0936000011861 -0.87372714281082153 0.40088620781898499 1.2522454261779785 0.35838478803634644 -0.012062392197549343 0.64925312995910645 0.4308447539806366 0.64720648527145386
1540.9321000017226 -0.90919297933578491 0.39314767718315125 1.2663111686706543 0.35959526896476746 -0.0033087017945945263 0.64779877662658691 0.46048152446746826 0.66072553396224976
1627.4817000031471 -0.91096705198287964 0.38837659358978271 1.2925175428390503 0.37610197067260742 -0.21213802695274353 0.66470247507095337 0.39209046959877014 0.67988365888595581
1726.4408000037074 -0.77186304330825806 0.36971840262413025 1.449104905128479 0.36057031154632568 -0.081693843007087708 0.6561158299446106 0.55367958545684814 0.6628495454788208
1810.6583999991417 -0.81300586462020874 0.37432762980461121 0.78808146715164185 0.35769572854042053 -0.21962589025497437 0.64515656232833862 0.28879427909851074 0.6486746072769165
1890.9724000021815 -0.80915725231170654 0.37304279208183289 1.1308850049972534 0.36265131831169128 -0.20292587578296661 0.64678150415420532 0.31736600399017334 0.66348940134048462
1976.2353999987245 -0.77361369132995605 0.3768991231918335 0.82049733400344849 0.36465850472450256 -0.064886681735515594 0.65144211053848267 0.30921345949172974 0.65553802251815796
