25.625900000333786 -0.68918293714523315 0.67445290088653564 0.63722187280654907 0.61992615461349487 -0.68964684009552002 0.97259765863418579 0.63413500785827637 0.95944559574127197
130.39249999821186 -0.68142151832580566 0.67783850431442261 0.63088542222976685 0.62149244546890259 -0.69584828615188599 0.9765552282333374 0.62542533874511719 0.95749360322952271
229.70079999789596 -0.68431657552719116 0.67180126905441284 0.64089560508728027 0.6188960075378418 -0.69034659862518311 0.97734743356704712 0.62516570091247559 0.96385258436203003
328.1034999974072 -0.69205307960510254 0.67377114295959473 0.64444100856781006 0.61952388286590576 -0.67577904462814331 0.97151219844818115 0.6399226188659668 0.95480072498321533
424.82639999873936 -0.70903629064559937 0.6601865291595459 0.64211148023605347 0.62817192077636719 -0.63603222370147705 0.98258376121520996 0.61726486682891846 0.97182363271713257
522.86119999922812 -0.68291574716567993 0.65117204189300537 0.65109139680862427 0.62537270784378052 -0.61976510286331177 0.97251343727111816 0.63844507932662964 0.96752119064331055
621.13339999876916 -0.63463002443313599 0.61633855104446411 0.62655329704284668 0.6075054407119751 -0.49011829495429993 0.90986984968185425 0.50642585754394531 0.93899410963058472
726.00159999914467 -0.69291681051254272 0.54574882984161377 0.63096910715103149 0.52311307191848755 -0.42428657412528992 0.80025506019592285 0.48238304257392883 0.7632632851600647
823.03830000013113 -0.67510366439819336 0.4907519519329071 0.65059435367584229 0.48339125514030457 -0.26131623983383179 0.62946575880050659 0.30626770853996277 0.59893500804901123
921.27539999969304 -0.6886601448059082 0.46147188544273376 0.63026243448257446 0.47582966089248657 -0.31727319955825806 0.50972360372543335 0.28829473257064819 0.54994308948516846
1022.3699999973177 -0.68538236618041992 0.43571028113365173 0.64019489288330078 0.46266880631446838 -0.3149486780166626 0.4945601224899292 0.30018952488899231 0.52736759185791016
1118.9167999997735 -0.69225436449050903 0.4370424747467041 0.72025889158248901 0.46961447596549988 -0.41515743732452393 0.51399201154708862 0.38278374075889587 0.57927197217941284
1213.8178999982774 -0.70451813936233521 0.46946486830711365 0.71525031328201294 0.47384446859359741 -0.54350543022155762 0.59862780570983887 0.5465889573097229 0.59181672334671021
1312.2015000004321 -1.0892025232315063 0.48491927981376648 0.97136276960372925 0.44970208406448364 -1.3466758728027344 0.59462994337081909 1.4848086833953857 0.59152901172637939
1423.6841000001878 -1.1748274564743042 0.44626176357269287 1.2095968723297119 0.44293561577796936 -1.7423875331878662 0.58978796005249023 1.9585388898849487 0.54789119958877563
1519.4815999977291 -1.1753851175308228 0.43679705262184143 1.1420761346817017 0.41510719060897827 -1.8014732599258423 0.59190815687179565 1.9528254270553589 0.51616036891937256
1619.3536999989301 -1.17830491065979 0.44167995452880859 1.1551181077957153 0.41358530521392822 -1.8210697174072266 0.58085912466049194 1.9636800289154053 0.50556933879852295
1719.3394999988377 -1.1839767694473267 0.44277486205101013 1.1687953472137451 0.41009300947189331 -1.8195422887802124 0.57894694805145264 1.9772682189941406 0.50971972942352295
1818.7664999999106 -1.18442702293396 0.4331454336643219 1.1604808568954468 0.4078134298324585 -1.8432357311248779 0.57766133546829224 1.9730825424194336 0.50694656372070313
1915.729699999094 -1.1588009595870972 0.43200969696044922 1.1285490989685059 0.41076335310935974 -1.8169282674789429 0.57147061824798584 1.9285073280334473 0.50675958395004272
