60.99790000077337 -0.62099212408065796 0.48870813846588135 0.57934200763702393 0.47678762674331665 -0.61093640327453613 0.7762678861618042 0.51867866516113281 0.73719364404678345
169.68369999993593 -0.61975753307342529 0.48332539200782776 0.56329292058944702 0.47691190242767334 -0.65618437528610229 0.76538312435150146 0.46733292937278748 0.73426395654678345
276.61490000039339 -0.5943337082862854 0.47927907109260559 0.57348179817199707 0.46169334650039673 -0.66242289543151855 0.76948410272598267 0.49198761582374573 0.70381313562393188
387.21290000062436 -0.58713173866271973 0.47578322887420654 0.60374313592910767 0.47726896405220032 -0.64086604118347168 0.76627945899963379 0.46536946296691895 0.7302396297454834
495.48889999929816 -0.60153138637542725 0.4797455370426178 0.59559094905853271 0.46867454051971436 -0.66233241558074951 0.7759583592414856 0.56220561265945435 0.71971887350082397
600.83690000046045 -0.64287537336349487 0.47405350208282471 0.59729117155075073 0.4509272575378418 -0.68371593952178955 0.7764887809753418 0.63222897052764893 0.68989801406860352
710.34190000034869 -0.81054270267486572 0.45149347186088562 0.64363861083984375 0.43918642401695251 -0.8866875171661377 0.74712032079696655 0.47505643963813782 0.70036578178405762
809.13170000072569 -0.90503573417663574 0.38282313942909241 0.71924978494644165 0.38871324062347412 -0.68322581052780151 0.63699489831924438 0.45004874467849731 0.63069063425064087
910.78880000021309 -1.0073518753051758 0.33990314602851868 0.74667173624038696 0.41050276160240173 -0.5602601170539856 0.50542175769805908 0.30739551782608032 0.55409538745880127
1018.0682000005618 -0.90376758575439453 0.30186402797698975 0.91893631219863892 0.29612287878990173 -0.31818374991416931 0.45935630798339844 0.54600250720977783 0.35970443487167358
1128.6069000009447 -0.73477274179458618 0.29074755311012268 0.77691048383712769 0.27788969874382019 -0.28953900933265686 0.41733342409133911 0.3437003493309021 0.38060685992240906
1229.3096000002697 -0.70968985557556152 0.29755601286888123 0.83449357748031616 0.27073237299919128 -0.27637553215026855 0.4474753737449646 0.42382359504699707 0.38256001472473145
1330.0826000003144 -0.73997485637664795 0.31062233448028564 0.84301310777664185 0.27760297060012817 -0.26781582832336426 0.46766287088394165 0.46442937850952148 0.3912431001663208
1437.1809000000358 -0.71620732545852661 0.30746182799339294 0.83617424964904785 0.27597060799598694 -0.24586537480354309 0.46357628703117371 0.41804713010787964 0.40738540887832642
1556.4413000000641 -0.65959274768829346 0.31215417385101318 0.84705626964569092 0.27628526091575623 -0.19137190282344818 0.46626383066177368 0.4417874813079834 0.40090081095695496
1667.6080000000075 -0.61580532789230347 0.30330368876457214 0.86390191316604614 0.2814730703830719 -0.16353915631771088 0.46661382913589478 0.45803502202033997 0.41242831945419312
1776.7211999995634 -0.57611566781997681 0.30128821730613708 0.85753786563873291 0.27891111373901367 -0.1277196854352951 0.46284794807434082 0.44424536824226379 0.40471151471138
1877.9457000000402 -0.61550068855285645 0.29360660910606384 0.84386038780212402 0.27718183398246765 -0.15098847448825836 0.45224672555923462 0.42959499359130859 0.39670637249946594
1972.3916999995708 -0.58717042207717896 0.29521453380584717 0.84985905885696411 0.28662705421447754 -0.15691713988780975 0.45993000268936157 0.43449360132217407 0.40341475605964661
