58.280799998901784 -0.88800191879272461 0.64785444736480713 0.64841330051422119 0.71131688356399536 -1.0198532342910767 1.0496516227722168 0.73139756917953491 1.0877915620803833
175.17709999904037 -0.97606092691421509 0.64222550392150879 0.60357636213302612 0.70567971467971802 -0.97330570220947266 1.0602600574493408 0.67527645826339722 1.0906168222427368
290.80279999878258 -0.97000771760940552 0.64608144760131836 0.61212557554244995 0.71593642234802246 -1.0015965700149536 1.0683308839797974 0.70333600044250488 1.1009525060653687
406.40899999812245 -0.89952152967453003 0.63782167434692383 0.64577054977416992 0.70302838087081909 -0.97341263294219971 1.0596928596496582 0.71093916893005371 1.0952482223510742
505.53669999912381 -0.96560245752334595 0.64323818683624268 0.63016295433044434 0.70252203941345215 -0.96410101652145386 1.0631427764892578 0.69071245193481445 1.0838854312896729
622.88129999954253 -1.0428496599197388 0.67252492904663086 0.66797888278961182 0.6966249942779541 -1.0323454141616821 1.0730843544006348 0.70489305257797241 1.0816090106964111
745.66859999857843 -1.0542248487472534 0.54202800989151001 1.0478352308273315 0.65016698837280273 -1.0341660976409912 0.9887462854385376 0.96660715341567993 1.0462921857833862
859.49689999874681 -1.4866278171539307 0.39177975058555603 1.3610641956329346 0.44697937369346619 -0.96512788534164429 0.79960364103317261 1.0489554405212402 0.73245918750762939
964.63779999967664 -1.4093222618103027 0.36670172214508057 1.2637597322463989 0.39335060119628906 -1.0722869634628296 0.66714984178543091 0.79135644435882568 0.6306462287902832
1079.1916999993846 -1.0972499847412109 0.32131305336952209 1.3129948377609253 0.33675575256347656 -0.78523832559585571 0.60322636365890503 0.59845632314682007 0.54940581321716309
1199.3926999988034 -1.0215777158737183 0.34062004089355469 1.2062474489212036 0.35574638843536377 -0.5294991135597229 0.6239849328994751 0.49579796195030212 0.59200185537338257
1318.3258999986574 -0.89594250917434692 0.33522748947143555 0.9682433009147644 0.3201543390750885 -0.29926463961601257 0.61447882652282715 0.22396220266819 0.5827288031578064
1421.8179999990389 -0.93034422397613525 0.35215896368026733 1.0131601095199585 0.34742662310600281 -0.33350938558578491 0.6469886302947998 0.2161845862865448 0.61944663524627686
1543.8880999982357 -0.93257969617843628 0.35054409503936768 1.0097900629043579 0.3457244336605072 -0.33371710777282715 0.63697457313537598 0.24527926743030548 0.61227840185165405
1659.2840999988839 -0.91446894407272339 0.34628757834434509 1.1002509593963623 0.35013481974601746 -0.25426918268203735 0.64319890737533569 0.31595182418823242 0.61613118648529053
1779.3711999990046 -0.89929425716400146 0.34721279144287109 1.0714172124862671 0.34568938612937927 -0.27868399024009705 0.63471198081970215 0.28008821606636047 0.6120104193687439
1902.2022999981418 -0.89520549774169922 0.33182170987129211 1.0329768657684326 0.34343606233596802 -0.25522226095199585 0.63665813207626343 0.27380594611167908 0.60277312994003296
