21.699500000104308 -0.76086252927780151 0.67760854959487915 0.56505101919174194 0.66784542798995972 -0.68807995319366455 1.0660130977630615 0.58695131540298462 0.99861562252044678
107.57799999788404 -0.77806633710861206 0.6690220832824707 0.56537336111068726 0.65762293338775635 -0.70646649599075317 1.0626183748245239 0.58515340089797974 0.98985546827316284
189.91569999791682 -0.77604067325592041 0.66962188482284546 0.56184995174407959 0.65779727697372437 -0.71033972501754761 1.0544644594192505 0.58570879697799683 0.99385172128677368
275.09930000081658 -0.760639488697052 0.66916745901107788 0.5719836950302124 0.65801244974136353 -0.71143454313278198 1.0566188097000122 0.59419858455657959 0.98748862743377686
359.78119999915361 -0.76760351657867432 0.67382520437240601 0.55927789211273193 0.66056329011917114 -0.70506840944290161 1.0609966516494751 0.59298062324523926 0.9973301887512207
444.94259999878705 -0.77705371379852295 0.68166822195053101 0.57954996824264526 0.66247862577438354 -0.71782708168029785 1.069598913192749 0.62920260429382324 0.99902212619781494
528.64719999954104 -0.83050644397735596 0.67181503772735596 0.59232997894287109 0.6246875524520874 -0.75279366970062256 1.0503300428390503 0.65320432186126709 0.94857209920883179
615.3125 -0.92407482862472534 0.68262225389480591 0.72032743692398071 0.65519076585769653 -0.75025475025177002 1.0349946022033691 0.67102599143981934 1.0026391744613647
705.58059999905527 -0.95223468542098999 0.62486886978149414 0.7996399998664856 0.61438363790512085 -0.74026888608932495 0.96012604236602783 0.64168226718902588 0.95894122123718262
788.55730000138283 -1.0275568962097168 0.53170645236968994 0.85642969608306885 0.5342707633972168 -0.68611091375350952 0.79719257354736328 0.57951527833938599 0.81953799724578857
874.56460000015795 -1.1014784574508667 0.44067025184631348 0.91151279211044312 0.4933202862739563 -0.71802139282226563 0.72507643699645996 0.50255662202835083 0.74717527627944946
960.73629999905825 -1.0897436141967773 0.43477779626846313 0.89049017429351807 0.47215282917022705 -0.66087186336517334 0.70511704683303833 0.44525167346000671 0.67126721143722534
1049.6227999981493 -1.0668600797653198 0.40718084573745728 0.93053877353668213 0.46505656838417053 -0.56436139345169067 0.65399384498596191 0.37391087412834167 0.62674587965011597
1133.8112999983132 -1.0397244691848755 0.36627799272537231 0.86391538381576538 0.40881544351577759 -0.43422508239746094 0.5316166877746582 0.23485927283763885 0.5196118950843811
1220.6623999997973 -1.0442866086959839 0.36673983931541443 0.83861690759658813 0.38374987244606018 -0.3990032970905304 0.51097774505615234 0.27629533410072327 0.51884382963180542
1304.915300000459 -1.0466814041137695 0.37382057309150696 0.86544936895370483 0.39476537704467773 -0.39844676852226257 0.52601802349090576 0.2533913254737854 0.53377324342727661
1391.4081999994814 -1.0647974014282227 0.36066895723342896 0.8543471097946167 0.3814443051815033 -0.41744336485862732 0.49882382154464722 0.22221200168132782 0.49036020040512085
1477.9744999986142 -1.0926691293716431 0.39814844727516174 0.85238456726074219 0.38490095734596252 -0.35544025897979736 0.50440841913223267 0.27174565196037292 0.51011055707931519
1561.7828999981284 -1.0696606636047363 0.40116578340530396 0.82809901237487793 0.38183498382568359 -0.3708018958568573 0.50177538394927979 0.23769083619117737 0.49457705020904541
1649.3893999997526 -1.0162507295608521 0.36730405688285828 0.86390280723571777 0.38108751177787781 -0.34059357643127441 0.50303816795349121 0.25187584757804871 0.49543106555938721
1736.823999999091 -1.0381247997283936 0.36696013808250427 0.86375117301940918 0.38379308581352234 -0.37573915719985962 0.50136035680770874 0.23488225042819977 0.49659118056297302
1823.0 -1.0407866239547729 0.37053421139717102 0.84600865840911865 0.37782654166221619 -0.36589634418487549 0.49362373352050781 0.25403702259063721 0.50225973129272461
1908.3804999999702 -1.0231411457061768 0.37446275353431702 0.86314141750335693 0.39003106951713562 -0.36588838696479797 0.5070759654045105 0.25842452049255371 0.50283342599868774
1993.5493999999017 -1.026500940322876 0.3720233142375946 0.85789996385574341 0.38936105370521545 -0.37712201476097107 0.49583110213279724 0.24756896495819092 0.49358993768692017
