19.335500000976026 -0.71407359838485718 0.48546135425567627 0.90309160947799683 0.46398550271987915 -0.91267311573028564 0.78273540735244751 0.89046353101730347 0.75105947256088257
112.57709999941289 -0.59486275911331177 0.48908370733261108 0.76127910614013672 0.46331751346588135 -0.76632058620452881 0.78049981594085693 0.78081256151199341 0.74926269054412842
211.88150000013411 -0.61156421899795532 0.48418760299682617 0.74122029542922974 0.46626314520835876 -0.7710081934928894 0.77941781282424927 0.74687743186950684 0.75493770837783813
308.34679999947548 -0.71981525421142578 0.48631343245506287 0.88977944850921631 0.46234831213951111 -0.92260116338729858 0.77863007783889771 0.88749289512634277 0.74599456787109375
416.76679999940097 -0.72258841991424561 0.48284903168678284 0.90232044458389282 0.45901483297348022 -0.91754609346389771 0.77603930234909058 0.91514748334884644 0.73925232887268066
512.83969999942929 -0.70720005035400391 0.48371627926826477 0.8644566535949707 0.4556049108505249 -0.90925633907318115 0.77172499895095825 0.89080214500427246 0.73129016160964966
607.58959999959916 -0.58124274015426636 0.48450222611427307 0.76329195499420166 0.45214220881462097 -0.42737489938735962 0.75219470262527466 0.87228518724441528 0.738075852394104
708.82170000113547 -0.77587366104125977 0.45966008305549622 0.99691218137741089 0.44478496909141541 -0.65566301345825195 0.71178388595581055 1.1391584873199463 0.72593456506729126
804.10759999975562 -0.72592622041702271 0.36438819766044617 0.9234890341758728 0.40568578243255615 -0.83414888381958008 0.59905052185058594 0.91440486907958984 0.58892202377319336
901.87509999983013 -0.71839523315429688 0.39342603087425232 1.1504453420639038 0.34743472933769226 -0.59882116317749023 0.4966098964214325 0.84974181652069092 0.47215563058853149
996.34389999974519 -0.42017722129821777 0.39551448822021484 0.66424685716629028 0.39747679233551025 -0.40555855631828308 0.44117593765258789 0.45511922240257263 0.4037841260433197
1092.2701999992132 -0.40015387535095215 0.39210733771324158 0.64501368999481201 0.39766716957092285 -0.37123605608940125 0.43860200047492981 0.43108615279197693 0.40197232365608215
1187.6203000005335 -0.35704267024993896 0.39724859595298767 0.61939138174057007 0.39547756314277649 -0.34927535057067871 0.4367184042930603 0.42124530673027039 0.40780726075172424
1284.5470000002533 -0.34281951189041138 0.39911612868309021 0.64997142553329468 0.39762434363365173 -0.29668661952018738 0.44441613554954529 0.51000607013702393 0.41380095481872559
1382.5857000006363 -0.4374767541885376 0.39320197701454163 0.76223206520080566 0.35923835635185242 -0.30050480365753174 0.45245513319969177 0.54802858829498291 0.43096619844436646
1477.3842000002041 -0.56192386150360107 0.44009742140769958 0.70739465951919556 0.42011705040931702 -0.49042290449142456 0.44635438919067383 0.7721284031867981 0.41808265447616577
1573.7143999999389 -0.81713652610778809 0.32602772116661072 1.0524430274963379 0.33114334940910339 -1.2755448818206787 0.45913338661193848 1.4237946271896362 0.45065593719482422
1673.3208999997005 -1.1820915937423706 0.31858024001121521 1.5557039976119995 0.32907706499099731 -2.1940045356750488 0.42303279042243958 2.8143539428710938 0.43219226598739624
1772.1792999999598 -1.1248399019241333 0.30413919687271118 1.5806891918182373 0.29737204313278198 -2.0916087627410889 0.38838207721710205 2.6410689353942871 0.39868161082267761
1866.5950000006706 -1.1038146018981934 0.29850247502326965 1.5945611000061035 0.29965445399284363 -2.0765557289123535 0.39353469014167786 2.7103965282440186 0.35964906215667725
1958.9349999995902 -1.1127164363861084 0.30357292294502258 1.6028832197189331 0.29671663045883179 -1.9948620796203613 0.39746123552322388 2.7301361560821533 0.37736606597900391
