97.240100000053644 -0.8886263370513916 0.63936948776245117 0.63455694913864136 0.69660359621047974 -1.0027909278869629 1.0491708517074585 0.69622993469238281 1.0661050081253052
210.42130000051111 -0.89661014080047607 0.65566277503967285 0.61064445972442627 0.69379192590713501 -1.0084240436553955 1.0453822612762451 0.67447054386138916 1.0638600587844849
325.60759999975562 -0.94675201177597046 0.65921556949615479 0.60460132360458374 0.70013242959976196 -1.0609326362609863 1.051579475402832 0.66494214534759521 1.0663670301437378
444.53230000007898 -0.99031573534011841 0.6516190767288208 0.79891389608383179 0.67652046680450439 -1.01862633228302 1.0457810163497925 0.84686875343322754 1.071274995803833
558.65629999991506 -0.90454697608947754 0.60650491714477539 0.96893376111984253 0.6451457142829895 -0.64121848344802856 0.975455641746521 0.71397668123245239 1.0379796028137207
675.12149999942631 -1.076218843460083 0.54766476154327393 1.1698365211486816 0.58457326889038086 -0.91196775436401367 0.9673607349395752 0.74815171957015991 0.96365875005722046
790.61379999946803 -1.2151068449020386 0.53841114044189453 1.1450420618057251 0.52653694152832031 -0.76944231986999512 0.88228583335876465 0.79402649402618408 0.86263132095336914
895.38699999917299 -1.1427501440048218 0.41270658373832703 1.099117636680603 0.434793621301651 -0.74991905689239502 0.69201582670211792 0.70278459787368774 0.64746242761611938
1013.97329999879 -1.0631766319274902 0.40835684537887573 1.3408955335617065 0.43458148837089539 -0.48461583256721497 0.70653444528579712 0.54390525817871094 0.64987832307815552
1117.5056999996305 -1.0412437915802002 0.41228911280632019 1.2273939847946167 0.39643266797065735 -0.29246693849563599 0.6920812726020813 0.3026387095451355 0.64792346954345703
1226.2655999995768 -1.1619493961334229 0.4227689802646637 1.340218186378479 0.40586608648300171 -0.30071908235549927 0.70297437906265259 0.34329742193222046 0.65631395578384399
1339.3316999999806 -1.1345598697662354 0.42186293005943298 1.3094614744186401 0.41336929798126221 -0.31842312216758728 0.71590232849121094 0.32518658041954041 0.67290276288986206
1460.8407999994233 -1.0837641954421997 0.42228579521179199 1.2808204889297485 0.41041108965873718 -0.27756726741790771 0.71655762195587158 0.29762828350067139 0.67606240510940552
1575.4587999992073 -1.1039329767227173 0.41690841317176819 1.2711762189865112 0.40747654438018799 -0.28008845448493958 0.70647060871124268 0.28053596615791321 0.67003679275512695
1701.3935000002384 -1.0852477550506592 0.41628047823905945 1.2474268674850464 0.39892536401748657 -0.28677532076835632 0.69261628389358521 0.26465225219726563 0.65401893854141235
1819.80979999993 -1.119572639465332 0.41021519899368286 1.2353588342666626 0.39408174157142639 -0.35350236296653748 0.69459843635559082 0.24199183285236359 0.65847223997116089
1940.7175000002608 -1.0469149351119995 0.40869572758674622 1.2475763559341431 0.39781808853149414 -0.25811836123466492 0.69055259227752686 0.28935173153877258 0.64911288022994995
