31.617200000211596 -0.69605374336242676 0.46833440661430359 0.89040005207061768 0.46912756562232971 -0.85779339075088501 0.76871746778488159 0.8705059289932251 0.75743991136550903
125.29840000066906 -0.67568236589431763 0.4788251519203186 0.89445573091506958 0.46399164199829102 -0.82958662509918213 0.7747199535369873 0.83806639909744263 0.75265955924987793
226.82560000102967 -0.66756671667098999 0.47881436347961426 0.89377778768539429 0.46338182687759399 -0.83001583814620972 0.77815252542495728 0.86077189445495605 0.74788582324981689
328.05989999976009 -0.68671679496765137 0.48350536823272705 0.90651226043701172 0.46743625402450562 -0.81537681818008423 0.7870439887046814 0.85763359069824219 0.75596725940704346
426.83910000044852 -0.77311080694198608 0.47348856925964355 0.99078065156936646 0.45323309302330017 -0.56700319051742554 0.75048863887786865 0.99394011497497559 0.74580985307693481
520.72150000091642 -0.82986432313919067 0.45676612854003906 1.2348182201385498 0.45240715146064758 -0.65159475803375244 0.75063461065292358 1.1314013004302979 0.75066405534744263
626.45030000060797 -1.1617422103881836 0.36912152171134949 1.1414082050323486 0.36673471331596375 -0.9004707932472229 0.63051587343215942 1.3559037446975708 0.60221302509307861
718.16190000064671 -0.87172979116439819 0.34214237332344055 0.82124954462051392 0.35455784201622009 -0.63531559705734253 0.61236196756362915 0.81411755084991455 0.61437100172042847
815.42700000014156 -0.82230591773986816 0.27387696504592896 0.91282850503921509 0.29811087250709534 -0.7676740288734436 0.47823259234428406 0.69855958223342896 0.43088608980178833
917.62750000040978 -0.75989973545074463 0.26802074909210205 1.0157688856124878 0.2627197802066803 -0.54132109880447388 0.39954653382301331 0.62879562377929688 0.38969907164573669
1021.4920000005513 -0.7858085036277771 0.255817711353302 1.345083475112915 0.25441631674766541 -0.40359041094779968 0.38124507665634155 0.5561479926109314 0.3857099711894989
1115.5445000007749 -0.70065850019454956 0.25273913145065308 1.2459565401077271 0.24143707752227783 -0.32837504148483276 0.37522578239440918 0.46471872925758362 0.37447506189346313
1211.7403000006452 -0.75770920515060425 0.25020954012870789 1.2818167209625244 0.24952057003974915 -0.35605359077453613 0.3774455189704895 0.48125240206718445 0.37656614184379578
1312.4857000010088 -0.76350480318069458 0.25201410055160522 1.250849723815918 0.25173836946487427 -0.36866888403892517 0.3781198263168335 0.48501434922218323 0.3742968738079071
1411.3443999998271 -0.75604885816574097 0.24902933835983276 1.2781647443771362 0.24853573739528656 -0.35744115710258484 0.37979596853256226 0.47498840093612671 0.37134701013565063
1506.9903000006452 -0.71804559230804443 0.27028504014015198 1.2986786365509033 0.25018811225891113 -0.36453410983085632 0.37895640730857849 0.47882634401321411 0.368053138256073
1600.7055000010878 -0.78135347366333008 0.25042253732681274 1.316105842590332 0.24767084419727325 -0.35409960150718689 0.38081347942352295 0.48210218548774719 0.37387201189994812
1703.699800000526 -0.70919466018676758 0.26587563753128052 1.285627007484436 0.24568560719490051 -0.35802227258682251 0.37929561734199524 0.49434304237365723 0.36401835083961487
1800.1085000010207 -0.77671176195144653 0.25222641229629517 1.2736873626708984 0.24815627932548523 -0.36453726887702942 0.38007092475891113 0.45288458466529846 0.36885574460029602
1897.4122999999672 -0.77051317691802979 0.25164186954498291 1.2881988286972046 0.25189745426177979 -0.34721344709396362 0.38462850451469421 0.47817784547805786 0.37587478756904602
1998.9098000004888 -0.69382315874099731 0.26833942532539368 1.2866981029510498 0.24705833196640015 -0.36653575301170349 0.3786424994468689 0.46754705905914307 0.36742749810218811
