25.565400000661612 -0.66541635990142822 0.67831027507781982 0.59674090147018433 0.65608161687850952 -0.63934040069580078 1.0494798421859741 0.59613651037216187 1.0191851854324341
129.71470000036061 -0.71552681922912598 0.67932021617889404 0.64059823751449585 0.66120386123657227 -0.68953365087509155 1.061511754989624 0.64158499240875244 1.0253216028213501
227.09420000016689 -0.69366163015365601 0.67576009035110474 0.66354668140411377 0.66628825664520264 -0.68962603807449341 1.054076075553894 0.66245019435882568 1.0385754108428955
327.37709999829531 -0.71887791156768799 0.68639916181564331 0.66359257698059082 0.67664235830307007 -0.70832425355911255 1.0660715103149414 0.65537631511688232 1.0473960638046265
427.33399999700487 -0.71211344003677368 0.70395392179489136 0.68585604429244995 0.6840968132019043 -0.67958706617355347 1.0676337480545044 0.65425533056259155 1.0500245094299316
526.51649999804795 -0.68334794044494629 0.69594722986221313 0.68079358339309692 0.70071214437484741 -0.62842851877212524 1.0842026472091675 0.64975404739379883 1.0734801292419434
625.30839999951422 -0.6707233190536499 0.68736457824707031 0.65784060955047607 0.67050153017044067 -0.59716981649398804 1.0243383646011353 0.62886148691177368 1.0240637063980103
725.3957000002265 -0.62765538692474365 0.61214417219161987 0.65322941541671753 0.56550383567810059 -0.46757417917251587 0.88970369100570679 0.56142067909240723 0.86516779661178589
826.3504999987781 -0.67638611793518066 0.50922834873199463 0.62660616636276245 0.51039695739746094 -0.36723867058753967 0.67720407247543335 0.3979012668132782 0.65040373802185059
933.018399996683 -0.64962571859359741 0.47152221202850342 0.60447496175765991 0.45967045426368713 -0.23060573637485504 0.50469279289245605 0.34445184469223022 0.52792781591415405
1036.6612999998033 -0.64671188592910767 0.45942917466163635 0.55441230535507202 0.44563353061676025 -0.25862964987754822 0.49926847219467163 0.23971347510814667 0.54977762699127197
1135.0496999975294 -0.6704058051109314 0.456714928150177 0.66369402408599854 0.50509476661682129 -0.4847579300403595 0.57477021217346191 0.45655468106269836 0.57354563474655151
1234.565399998799 -0.96533393859863281 0.67131364345550537 0.90873110294342041 0.48212677240371704 -1.04156494140625 0.59809941053390503 1.2407894134521484 0.62759220600128174
1339.6820999998599 -1.0332484245300293 0.4727540910243988 1.1472986936569214 0.45178258419036865 -1.5717275142669678 0.64665639400482178 1.8866056203842163 0.62567830085754395
1441.8772999979556 -1.1440091133117676 0.42322364449501038 1.313752293586731 0.43800422549247742 -1.8241713047027588 0.6062619686126709 2.1527938842773438 0.55913841724395752
1546.4646000005305 -1.095194935798645 0.44810092449188232 1.1875902414321899 0.415272057056427 -1.8100972175598145 0.5991208553314209 2.0416543483734131 0.50770998001098633
1645.3148999977857 -1.1323754787445068 0.4432472288608551 1.2114380598068237 0.40557366609573364 -1.8973549604415894 0.59569281339645386 2.0681781768798828 0.50004035234451294
1742.6898999996483 -1.1452383995056152 0.44633680582046509 1.2095935344696045 0.4050118625164032 -1.9031437635421753 0.59419196844100952 2.0760588645935059 0.49816930294036865
1844.7713999953121 -1.1426529884338379 0.44090884923934937 1.1924338340759277 0.40839743614196777 -1.9026061296463013 0.5872376561164856 2.0711455345153809 0.50544440746307373
1943.9362000003457 -1.1887952089309692 0.43812647461891174 1.172722339630127 0.40944278240203857 -1.9368079900741577 0.57307475805282593 2.0336399078369141 0.50623691082000732
