83.8902000002563 -0.87227672338485718 0.64670717716217041 0.69570678472518921 0.70623260736465454 -0.95489412546157837 1.0533217191696167 0.72658348083496094 1.1079138517379761
203.81479999981821 -0.87082779407501221 0.6594548225402832 0.69709557294845581 0.71777087450027466 -0.96620005369186401 1.0707378387451172 0.71163564920425415 1.1014746427536011
310.47619999945164 -0.88805854320526123 0.66365832090377808 0.67614823579788208 0.70689725875854492 -0.94644707441329956 1.0662074089050293 0.72236788272857666 1.0936919450759888
423.23240000009537 -1.0326970815658569 0.67529487609863281 0.72473686933517456 0.67664200067520142 -1.0258867740631104 1.0800904035568237 0.68808889389038086 1.0915858745574951
553.38349999859929 -0.96401065587997437 0.62962478399276733 1.0204991102218628 0.66709959506988525 -0.75432056188583374 1.0063300132751465 0.77571713924407959 1.0884795188903809
661.85679999925196 -1.0778959989547729 0.57995349168777466 1.1567707061767578 0.59688633680343628 -0.73062682151794434 1.0118011236190796 0.81242060661315918 1.0133183002471924
780.78360000066459 -0.94630700349807739 0.50778192281723022 1.1615240573883057 0.49033418297767639 -0.53908693790435791 0.85552144050598145 0.6664588451385498 0.85315519571304321
894.64719999954104 -0.90015047788619995 0.44988644123077393 1.1874116659164429 0.47126534581184387 -0.34947136044502258 0.80674761533737183 0.44748267531394958 0.7385062575340271
1004.5906999986619 -1.3073662519454956 0.45096245408058167 1.2484934329986572 0.43912649154663086 -0.46243113279342651 0.7562139630317688 0.26002821326255798 0.72463923692703247
1120.5408999994397 -1.202566385269165 0.44365721940994263 1.281086802482605 0.43343779444694519 -0.36964797973632813 0.73636811971664429 0.30691799521446228 0.70174598693847656
1235.4841000000015 -1.1120539903640747 0.44981834292411804 1.1872694492340088 0.42456990480422974 -0.28949639201164246 0.73743414878845215 0.25428122282028198 0.70074081420898438
1351.1779999993742 -1.055950403213501 0.44372504949569702 1.2241253852844238 0.41635531187057495 -0.27669751644134521 0.72807443141937256 0.2675803005695343 0.68002623319625854
1472.9117999989539 -1.0521365404129028 0.42271286249160767 1.1579799652099609 0.40230706334114075 -0.32692462205886841 0.70615100860595703 0.16993257403373718 0.67837607860565186
1593.8554999995977 -0.99855524301528931 0.41290497779846191 1.1892986297607422 0.39623287320137024 -0.26031100749969482 0.70264625549316406 0.23096239566802979 0.66461342573165894
1708.0518000004813 -1.0918058156967163 0.40429803729057312 1.2131280899047852 0.39452221989631653 -0.30432286858558655 0.69064831733703613 0.19959282875061035 0.66154825687408447
1827.5853999992833 -0.98560786247253418 0.41263765096664429 1.2398357391357422 0.40455198287963867 -0.22104299068450928 0.70063978433609009 0.28491869568824768 0.66093111038208008
1939.7489999998361 -1.0504261255264282 0.39670932292938232 1.2616208791732788 0.38771936297416687 -0.2248329222202301 0.67727905511856079 0.27468323707580566 0.65106070041656494
