93.52930000051856 -0.86721169948577881 0.65869152545928955 0.62793773412704468 0.71887767314910889 -0.9172292947769165 1.0906744003295898 0.70990675687789917 1.1095240116119385
203.73550000041723 -1.0065644979476929 0.6839866042137146 0.60511428117752075 0.73750579357147217 -0.99873006343841553 1.0998389720916748 0.97593051195144653 1.1447144746780396
319.62940000090748 -0.94210153818130493 0.69791507720947266 0.61180204153060913 0.72702842950820923 -0.91505134105682373 1.104548454284668 0.69409406185150146 1.1153395175933838
444.56280000135303 -0.96529734134674072 0.68874293565750122 0.58542823791503906 0.7187003493309021 -0.91491192579269409 1.0972837209701538 0.69933462142944336 1.1110278367996216
580.00970000121742 -0.94665884971618652 0.68344181776046753 0.71830815076828003 0.71234935522079468 -0.96348410844802856 1.0858277082443237 0.86698758602142334 1.0980956554412842
686.40380000136793 -0.90103781223297119 0.6551673412322998 0.70826858282089233 0.63498592376708984 -0.94428050518035889 1.0137213468551636 1.0087180137634277 1.0175974369049072
792.54700000118464 -0.8488498330116272 0.51291751861572266 0.60430461168289185 0.52588611841201782 -0.70595723390579224 0.73497849702835083 0.80476391315460205 0.65180152654647827
917.54670000169426 -1.2639590501785278 0.47198298573493958 0.94580233097076416 0.47289633750915527 -0.54681169986724854 0.45611494779586792 0.73363637924194336 0.42453736066818237
1038.3945000013337 -1.325440526008606 0.46400725841522217 0.88956618309020996 0.43506050109863281 -0.64476436376571655 0.32792952656745911 0.52484273910522461 0.38100579380989075
1156.248700001277 -1.5020167827606201 0.41038191318511963 1.0486057996749878 0.41489189863204956 -0.68068045377731323 0.32745099067687988 0.64767718315124512 0.38219225406646729
1270.5589000014588 -1.6639752388000488 0.40668651461601257 1.1973228454589844 0.42436549067497253 -0.72647035121917725 0.34498035907745361 0.7841418981552124 0.39262998104095459
1378.1165000014007 -1.8487142324447632 0.39811843633651733 1.6732748746871948 0.40323165059089661 -1.3468648195266724 0.32799088954925537 1.5408738851547241 0.30870965123176575
1491.8559000007808 -1.9611927270889282 0.38054850697517395 1.6220996379852295 0.35916164517402649 -2.2041771411895752 0.34330043196678162 2.1024904251098633 0.36787170171737671
1604.8398000011221 -1.5694829225540161 0.38720798492431641 1.4450457096099854 0.38044080138206482 -2.3680753707885742 0.40819814801216125 2.4428544044494629 0.3946201503276825
1704.8790000006557 -1.6639847755432129 0.37584859132766724 1.7872442007064819 0.38990971446037292 -2.4835374355316162 0.39385136961936951 3.0793085098266602 0.36864817142486572
1819.9304000008851 -1.6482224464416504 0.36881956458091736 1.8048913478851318 0.38929075002670288 -2.4309954643249512 0.37864631414413452 2.9649174213409424 0.34401828050613403
1938.5277000013739 -1.7449181079864502 0.37045004963874817 1.8920600414276123 0.37992030382156372 -2.6961395740509033 0.3630911111831665 3.1233572959899902 0.33773207664489746
