52.468100002035499 -0.72090941667556763 0.65998440980911255 0.58634686470031738 0.63366794586181641 -0.68170541524887085 0.96381247043609619 0.59150111675262451 0.96874397993087769
153.22240000404418 -0.70775514841079712 0.66305780410766602 0.58949446678161621 0.62764078378677368 -0.67440921068191528 0.96892052888870239 0.59103453159332275 0.96630513668060303
252.2923000026494 -0.69689458608627319 0.64695143699645996 0.60404223203659058 0.61999905109405518 -0.66997611522674561 0.95591199398040771 0.61239701509475708 0.95632457733154297
352.13500000350177 -0.69430702924728394 0.66220360994338989 0.59261125326156616 0.62442082166671753 -0.6718059778213501 0.96626687049865723 0.5971408486366272 0.96533691883087158
453.11840000189841 -0.71034753322601318 0.65404266119003296 0.61704117059707642 0.62592875957489014 -0.68567061424255371 0.95801413059234619 0.62921768426895142 0.95887082815170288
549.93119999952614 -0.75911718606948853 0.65004879236221313 0.67063397169113159 0.63146752119064331 -0.71319675445556641 0.94987392425537109 0.66532778739929199 0.96910953521728516
648.12900000438094 -0.83478683233261108 0.61510902643203735 0.80861729383468628 0.62898099422454834 -0.77885353565216064 0.92946082353591919 0.76946175098419189 0.941475510597229
746.36690000072122 -1.0406708717346191 0.51868522167205811 0.97083145380020142 0.53515630960464478 -0.76522922515869141 0.80578398704528809 0.84550052881240845 0.83964717388153076
852.77580000087619 -1.047448992729187 0.43886297941207886 0.98756676912307739 0.43522009253501892 -0.69329720735549927 0.70160210132598877 0.83833646774291992 0.73363608121871948
947.62240000069141 -1.1430344581604004 0.26257136464118958 1.1337752342224121 0.26023420691490173 -0.58538419008255005 0.53390395641326904 0.58474278450012207 0.50260251760482788
1046.0460000019521 -1.1956758499145508 0.24489948153495789 1.2141721248626709 0.23299819231033325 -0.52115756273269653 0.4734710156917572 0.63534975051879883 0.41667884588241577
1141.3575000017881 -1.0383262634277344 0.22895912826061249 0.97487074136734009 0.19361042976379395 -0.20535203814506531 0.41103780269622803 0.32380449771881104 0.39575284719467163
1238.5491000022739 -0.82303613424301147 0.25402212142944336 0.97252792119979858 0.20869259536266327 -0.1155434176325798 0.42039069533348083 0.25006881356239319 0.40576303005218506
1336.3175000008196 -0.76956969499588013 0.27358552813529968 0.98434239625930786 0.21466043591499329 -0.14149625599384308 0.4400380551815033 0.29597413539886475 0.42843082547187805
1434.9054000023752 -0.78167569637298584 0.30425280332565308 0.97593575716018677 0.25027504563331604 -0.15648293495178223 0.44019657373428345 0.31435492634773254 0.43070736527442932
1532.0004000011832 -0.80744314193725586 0.30026048421859741 0.9653283953666687 0.25223255157470703 -0.18937622010707855 0.45180577039718628 0.30510601401329041 0.43205919861793518
1628.5357000008225 -0.80986827611923218 0.29165053367614746 0.96409934759140015 0.23993918299674988 -0.16988684237003326 0.45351848006248474 0.29937505722045898 0.42483904957771301
1733.5583000034094 -0.80946505069732666 0.29267311096191406 0.98734569549560547 0.2475602775812149 -0.18615908920764923 0.44346073269844055 0.2875514030456543 0.43090415000915527
1835.9569000024348 -0.7827373743057251 0.29343974590301514 0.9456062912940979 0.25721275806427002 -0.16539379954338074 0.44352984428405762 0.28229707479476929 0.43772470951080322
1935.6061000023037 -0.81095749139785767 0.30022346973419189 0.90207219123840332 0.26510688662528992 -0.20397199690341949 0.44630429148674011 0.23322303593158722 0.43994095921516418
