54.650500000454485 -0.82732951641082764 0.47491359710693359 1.0133242607116699 0.45806846022605896 -1.017756462097168 0.77640563249588013 1.0453099012374878 0.73762142658233643
153.0964999999851 -0.83415102958679199 0.47779211401939392 1.0063046216964722 0.4592195451259613 -1.0154389142990112 0.77708715200424194 1.0156301259994507 0.74085986614227295
254.17559999972582 -0.8384171724319458 0.47670382261276245 0.98915606737136841 0.45795607566833496 -1.020654559135437 0.77493643760681152 1.031977653503418 0.74141395092010498
348.24140000063926 -0.82801938056945801 0.47574195265769958 1.0117483139038086 0.45564121007919312 -1.01064133644104 0.77536821365356445 1.0714915990829468 0.73778307437896729
451.64109999965876 -0.80082732439041138 0.47221726179122925 1.0133779048919678 0.45660954713821411 -1.0025310516357422 0.76933014392852783 1.0730212926864624 0.73046314716339111
550.25330000091344 -0.77452081441879272 0.47479850053787231 1.0193716287612915 0.45986229181289673 -0.76848608255386353 0.74400484561920166 1.0974617004394531 0.73471087217330933
647.59049999993294 -0.73436015844345093 0.45566275715827942 1.0339798927307129 0.441438227891922 -0.70252102613449097 0.71283054351806641 1.2204954624176025 0.71412301063537598
747.7234000004828 -0.75132846832275391 0.38951203227043152 1.0474874973297119 0.41454723477363586 -0.66564148664474487 0.62495309114456177 1.3586772680282593 0.62214326858520508
842.75460000056773 -0.55731892585754395 0.38838464021682739 1.1253601312637329 0.35077694058418274 -0.7068406343460083 0.48117855191230774 0.99810540676116943 0.53713887929916382
938.34990000072867 -0.74420636892318726 0.37931230664253235 0.70939117670059204 0.39481127262115479 -0.38704001903533936 0.42049118876457214 0.58674710988998413 0.39802119135856628
1027.9684000005946 -0.39910256862640381 0.35608229041099548 0.7495531439781189 0.37929517030715942 -0.38977709412574768 0.40037056803703308 0.61416858434677124 0.33404630422592163
1125.0933000007644 -0.35603612661361694 0.37985077500343323 0.69814491271972656 0.38120731711387634 -0.37069028615951538 0.41020610928535461 0.58074450492858887 0.34584972262382507
1223.1243000002578 -0.38786002993583679 0.38065490126609802 0.75289833545684814 0.38047614693641663 -0.33460220694541931 0.42068961262702942 0.55747419595718384 0.4074346125125885
1322.167500000447 -0.68707811832427979 0.42046275734901428 0.70421111583709717 0.38227888941764832 -0.43603280186653137 0.3949120044708252 0.69763684272766113 0.39847263693809509
1416.2836000006646 -0.7326311469078064 0.30125710368156433 1.0265828371047974 0.32771769165992737 -1.1114046573638916 0.41943573951721191 1.8279260396957397 0.41311132907867432
1517.2326000006869 -1.1498236656188965 0.31546050310134888 1.2942005395889282 0.33089548349380493 -1.6487996578216553 0.40666753053665161 2.3448600769042969 0.42017793655395508
1618.1094000004232 -1.1813383102416992 0.30894333124160767 1.5347771644592285 0.30610927939414978 -2.2042720317840576 0.39679577946662903 2.772573709487915 0.37341639399528503
1719.5467999996617 -1.2050489187240601 0.30698287487030029 1.6278290748596191 0.30359086394309998 -2.2499711513519287 0.39412826299667358 2.7070066928863525 0.34587866067886353
1818.1338000008836 -1.1405872106552124 0.31610047817230225 1.5698130130767822 0.30247268080711365 -2.1649303436279297 0.39657887816429138 2.7842526435852051 0.37926805019378662
1916.5000999998301 -1.1698156595230103 0.31291809678077698 1.7174357175827026 0.3059447705745697 -2.2607965469360352 0.40929493308067322 2.9254209995269775 0.38315239548683167
