86.63469999935478 -0.66956424713134766 0.47554239630699158 0.87665075063705444 0.46963405609130859 -0.81804543733596802 0.7712976336479187 0.85439497232437134 0.75862306356430054
187.53500000014901 -0.69045817852020264 0.47414243221282959 0.85629236698150635 0.46949708461761475 -0.84395140409469604 0.76825034618377686 0.81153196096420288 0.75783300399780273
280.55740000028163 -0.66662949323654175 0.4722847044467926 0.88370847702026367 0.46859496831893921 -0.84493935108184814 0.76861876249313354 0.87279576063156128 0.75702863931655884
374.45409999974072 -0.65722709894180298 0.47138229012489319 0.86073851585388184 0.46285489201545715 -0.83177667856216431 0.76547366380691528 0.86245548725128174 0.74732893705368042
477.72249999921769 -0.68306028842926025 0.47216176986694336 0.87146174907684326 0.46753892302513123 -0.84714335203170776 0.77102190256118774 0.83267569541931152 0.75222516059875488
570.09089999925345 -0.70300662517547607 0.47860658168792725 0.86786586046218872 0.46881601214408875 -0.68640542030334473 0.74528461694717407 0.9148099422454834 0.76141935586929321
672.1113999998197 -0.67426645755767822 0.44535014033317566 0.91685634851455688 0.44168958067893982 -0.60069042444229126 0.71039199829101563 1.0439409017562866 0.71952354907989502
771.07660000026226 -0.75540333986282349 0.39506548643112183 1.0221153497695923 0.41473734378814697 -0.67012530565261841 0.6379237174987793 1.284293532371521 0.63519352674484253
870.19400000013411 -0.73657518625259399 0.3302314281463623 1.2271296977996826 0.32703441381454468 -0.78933721780776978 0.49030998349189758 1.1530941724777222 0.48386749625205994
969.3675999995321 -0.78263640403747559 0.32345044612884521 1.0659167766571045 0.3332098126411438 -0.45802110433578491 0.44246488809585571 0.74753189086914063 0.40132340788841248
1061.6329999994487 -0.78004539012908936 0.33591818809509277 1.2842510938644409 0.35420218110084534 -0.52153074741363525 0.4242669939994812 0.69132310152053833 0.39714398980140686
1160.4257000004873 -0.95144414901733398 0.38169094920158386 0.9733051061630249 0.38031578063964844 -0.4540092945098877 0.43128207325935364 0.60544270277023315 0.39658349752426147
1258.1909000007436 -0.78592294454574585 0.33979487419128418 1.0934748649597168 0.35326835513114929 -0.49119651317596436 0.44691258668899536 0.82327955961227417 0.41115069389343262
1351.6491999998689 -0.68995022773742676 0.37172943353652954 0.98942649364471436 0.42211943864822388 -0.71520185470581055 0.43454372882843018 0.98918527364730835 0.42517223954200745
1446.0844000000507 -0.83802652359008789 0.30868571996688843 1.2133591175079346 0.31710913777351379 -1.522682785987854 0.38985079526901245 1.9684685468673706 0.42308619618415833
1538.8187999995425 -1.3949136734008789 0.334551602602005 1.5914328098297119 0.34882816672325134 -1.923625111579895 0.42032185196876526 2.8490879535675049 0.44620412588119507
1634.0575999990106 -1.4660501480102539 0.31310832500457764 1.6265761852264404 0.31628382205963135 -2.1411917209625244 0.39476671814918518 2.5798084735870361 0.42229530215263367
1733.5821000002325 -1.4306765794754028 0.31661435961723328 1.5600210428237915 0.3070904016494751 -2.09995436668396 0.39525341987609863 2.712580680847168 0.4023938775062561
1831.2320999996737 -1.3952547311782837 0.32331612706184387 1.5553040504455566 0.31179645657539368 -2.0575518608093262 0.39376503229141235 2.6751184463500977 0.41058215498924255
1924.9172999998555 -1.3869791030883789 0.32223185896873474 1.5830055475234985 0.31145274639129639 -2.0462510585784912 0.39808931946754456 2.74129319190979 0.41333279013633728
