74.362600000575185 -0.78878641128540039 0.6699528694152832 0.53172147274017334 0.62651282548904419 -0.7137637734413147 1.0465843677520752 0.61184018850326538 0.93220382928848267
159.52060000225902 -0.79999375343322754 0.6646457314491272 0.52841341495513916 0.63222253322601318 -0.72555989027023315 1.0353000164031982 0.60704147815704346 0.928699791431427
245.96979999914765 -0.81858700513839722 0.66866904497146606 0.52192062139511108 0.64937955141067505 -0.73563116788864136 1.0441691875457764 0.58002114295959473 0.97350692749023438
334.02200000174344 -0.78290808200836182 0.66000992059707642 0.53723627328872681 0.64047777652740479 -0.69601261615753174 1.038709282875061 0.61283242702484131 0.95967978239059448
421.02649999968708 -0.79630941152572632 0.66381806135177612 0.52589040994644165 0.65183365345001221 -0.72091251611709595 1.0430686473846436 0.58599120378494263 0.97342097759246826
509.03860000148416 -0.8024633526802063 0.65655010938644409 0.52126741409301758 0.63888394832611084 -0.72759830951690674 1.0259885787963867 0.59929496049880981 0.95372563600540161
594.03010000102222 -0.80215281248092651 0.6649630069732666 0.51984739303588867 0.64113527536392212 -0.71472132205963135 1.0442665815353394 0.59596729278564453 0.95618760585784912
678.430300001055 -0.791534423828125 0.65073078870773315 0.6054542064666748 0.66804498434066772 -0.7037702202796936 1.0240741968154907 0.58075416088104248 1.0347199440002441
762.16629999876022 -0.74798816442489624 0.617237389087677 0.56313836574554443 0.63909667730331421 -0.60913020372390747 0.95286780595779419 0.54106432199478149 0.98340731859207153
849.49510000087321 -0.77163267135620117 0.60153329372406006 0.53807306289672852 0.59781759977340698 -0.49418288469314575 0.89858365058898926 0.45689681172370911 0.87627679109573364
932.49310000054538 -0.7583763599395752 0.59870618581771851 0.49870580434799194 0.64164423942565918 -0.33762180805206299 0.79973393678665161 0.22701597213745117 0.82917368412017822
1018.8727000020443 -0.71555548906326294 0.62379777431488037 0.44771325588226318 0.61641210317611694 -0.32879513502120972 0.76532888412475586 0.2161058634519577 0.7457127571105957
1107.0016999989748 -0.72631311416625977 0.6159895658493042 0.47744429111480713 0.61083054542541504 -0.34230542182922363 0.7639009952545166 0.23756974935531616 0.75652629137039185
1194.1906000003219 -0.76590436697006226 0.60522347688674927 0.56922012567520142 0.63464254140853882 -0.41343405842781067 0.77299982309341431 0.33032453060150146 0.80310630798339844
1283.0293000005186 -0.93440163135528564 0.58863365650177002 0.79277336597442627 0.58336979150772095 -0.83932185173034668 0.78746384382247925 0.81759399175643921 0.77791386842727661
1371.5861999988556 -1.0646671056747437 0.52159887552261353 0.87728589773178101 0.55880945920944214 -1.3474715948104858 0.75226014852523804 1.3190592527389526 0.76053345203399658
1458.2719999998808 -1.4207687377929688 0.48662498593330383 1.1880418062210083 0.51632320880889893 -2.0997030735015869 0.64552724361419678 1.9996323585510254 0.68057858943939209
1543.5068999994546 -1.3516638278961182 0.45158064365386963 1.0263246297836304 0.4793790876865387 -1.9750804901123047 0.57313960790634155 1.7896167039871216 0.59407609701156616
1630.1640000008047 -1.3487359285354614 0.43250167369842529 1.018099308013916 0.44740521907806396 -1.9790904521942139 0.53720259666442871 1.728990912437439 0.55071896314620972
1717.0815999992192 -1.3723626136779785 0.42656180262565613 1.022239089012146 0.44341880083084106 -1.9858691692352295 0.5333404541015625 1.7460693120956421 0.54716843366622925
1804.772199999541 -1.3449393510818481 0.4257170557975769 1.0202488899230957 0.4405733048915863 -1.9589180946350098 0.53296017646789551 1.7493031024932861 0.54713493585586548
1888.7657000012696 -1.340269923210144 0.43103513121604919 1.0009924173355103 0.44030201435089111 -1.9823887348175049 0.53469884395599365 1.7230730056762695 0.54705017805099487
1974.2273000013083 -1.3802589178085327 0.44542387127876282 1.0236688852310181 0.45333606004714966 -2.0275945663452148 0.54761326313018799 1.7751779556274414 0.55993586778640747
