107.8636999996379 -0.89100152254104614 0.64519459009170532 0.66451627016067505 0.71528303623199463 -0.89806824922561646 1.0614596605300903 0.67351716756820679 1.1118290424346924
224.35859999991953 -0.88765454292297363 0.65342825651168823 0.65211409330368042 0.71878129243850708 -0.9129021167755127 1.0719422101974487 0.66591596603393555 1.1156851053237915
340.99679999984801 -0.86431801319122314 0.64606326818466187 0.66868215799331665 0.71734404563903809 -0.88805145025253296 1.0637551546096802 0.70022368431091309 1.1078745126724243
443.20409999974072 -0.84705883264541626 0.6397588849067688 0.69712227582931519 0.70671284198760986 -0.88003742694854736 1.0541149377822876 0.70944470167160034 1.0965729951858521
578.43610000051558 -0.96207761764526367 0.65833383798599243 0.77618461847305298 0.66969025135040283 -0.97215354442596436 1.0523694753646851 0.70618772506713867 1.0615875720977783
712.55979999992996 -0.99749433994293213 0.57845479249954224 1.0049986839294434 0.63186174631118774 -0.79754900932312012 0.9496721625328064 0.84641611576080322 1.0283669233322144
835.54290000069886 -1.4432182312011719 0.39815229177474976 1.220467209815979 0.45995664596557617 -0.98219811916351318 0.76936620473861694 0.99376094341278076 0.72594475746154785
939.15629999991506 -1.4581507444381714 0.32701697945594788 1.3708454370498657 0.30114725232124329 -0.89291620254516602 0.55765098333358765 0.82105457782745361 0.53806608915328979
1041.3296999996528 -1.2258955240249634 0.35154223442077637 1.0931591987609863 0.32500776648521423 -0.91029924154281616 0.61483681201934814 0.66068065166473389 0.52658611536026001
1159.9322000006214 -1.0642517805099487 0.30609852075576782 1.1997414827346802 0.29303786158561707 -0.6861235499382019 0.56133365631103516 0.48930397629737854 0.5129389762878418
1274.6187000004575 -1.1183363199234009 0.27238070964813232 1.1998500823974609 0.30023196339607239 -0.46329531073570251 0.56057566404342651 0.29079946875572205 0.54664152860641479
1390.0924000004306 -1.0536985397338867 0.33713123202323914 1.2610222101211548 0.29932340979576111 -0.29989829659461975 0.60447043180465698 0.27263274788856506 0.55472731590270996
1518.7132000001147 -1.0404449701309204 0.33761507272720337 1.2855681180953979 0.29808637499809265 -0.25159063935279846 0.58608227968215942 0.45638972520828247 0.49079135060310364
1635.8205999992788 -0.99543589353561401 0.36124196648597717 1.2234225273132324 0.31238481402397156 -0.24509866535663605 0.61993372440338135 0.28284123539924622 0.56705081462860107
1750.4859999995679 -1.0373495817184448 0.35164794325828552 1.2147676944732666 0.30030664801597595 -0.27105039358139038 0.60213649272918701 0.26673927903175354 0.54056549072265625
1861.5437000002712 -1.1362732648849487 0.29074555635452271 1.2243666648864746 0.3017137348651886 -0.28225615620613098 0.59457898139953613 0.2607516348361969 0.53804421424865723
1974.063000000082 -0.99616211652755737 0.34846577048301697 1.1927728652954102 0.30580818653106689 -0.25121721625328064 0.59428310394287109 0.25736263394355774 0.54038584232330322
