55.205299999564886 -0.80477899312973022 0.6677054762840271 0.54118973016738892 0.65497499704360962 -0.72656422853469849 1.0501526594161987 0.5242963433265686 1.0066391229629517
139.44449999928474 -0.80485391616821289 0.6714482307434082 0.55213344097137451 0.64325278997421265 -0.7230677604675293 1.053644061088562 0.563149094581604 0.98679214715957642
226.62229999899864 -0.79013681411743164 0.67262142896652222 0.56621187925338745 0.64988815784454346 -0.71638119220733643 1.0583207607269287 0.56425827741622925 1.0070722103118896
312.26819999888539 -0.80343157052993774 0.68136370182037354 0.55845868587493896 0.64871621131896973 -0.73682469129562378 1.0660190582275391 0.58542203903198242 0.99396204948425293
397.44779999926686 -0.85052114725112915 0.68089467287063599 0.59960687160491943 0.6515650749206543 -0.76844340562820435 1.0568459033966064 0.59455817937850952 1.0083658695220947
484.22559999860823 -0.98031163215637207 0.66850006580352783 0.77827948331832886 0.65379428863525391 -0.77575117349624634 1.0109169483184814 0.60590273141860962 1.0101253986358643
570.71040000021458 -1.0472207069396973 0.58770239353179932 0.78500634431838989 0.55530059337615967 -0.75585007667541504 0.88641607761383057 0.63058179616928101 0.86009198427200317
655.03940000198781 -1.1024247407913208 0.52010893821716309 0.90821325778961182 0.50786513090133667 -0.82640039920806885 0.79369527101516724 0.48527932167053223 0.78693956136703491
742.53380000032485 -1.1256254911422729 0.3959636390209198 0.86079150438308716 0.42430517077445984 -0.76383024454116821 0.595603346824646 0.34541007876396179 0.60599058866500854
825.36070000007749 -1.2249988317489624 0.37085813283920288 0.93634891510009766 0.39328444004058838 -0.70407706499099731 0.57987165451049805 0.28375309705734253 0.54176133871078491
910.23960000090301 -1.0608890056610107 0.33615502715110779 0.81473493576049805 0.36088100075721741 -0.43601149320602417 0.42574164271354675 0.27659320831298828 0.44532859325408936
998.58369999937713 -1.108890175819397 0.33737930655479431 0.71757018566131592 0.3336433470249176 -0.39882895350456238 0.40905284881591797 0.24671079218387604 0.41234037280082703
1087.9638000000268 -1.0862594842910767 0.33064725995063782 0.7078283429145813 0.32080850005149841 -0.43158954381942749 0.41684544086456299 0.22136683762073517 0.41157284379005432
1174.2954000011086 -1.1261811256408691 0.3493848443031311 0.75041806697845459 0.32372137904167175 -0.43295067548751831 0.42513054609298706 0.21869397163391113 0.41718706488609314
1262.2171000000089 -1.131988525390625 0.34182485938072205 0.75679147243499756 0.33313262462615967 -0.43415892124176025 0.41508671641349792 0.21541383862495422 0.41817453503608704
1352.4586999993771 -1.0390790700912476 0.31414490938186646 0.74890130758285522 0.32829183340072632 -0.4426930844783783 0.40781202912330627 0.21537457406520844 0.39910119771957397
1440.8109999988228 -1.1260299682617188 0.35099288821220398 0.7550085186958313 0.33159685134887695 -0.44416576623916626 0.42161184549331665 0.21592399477958679 0.40411514043807983
1522.0504000000656 -1.1015059947967529 0.34958362579345703 0.79266053438186646 0.32939964532852173 -0.41878002882003784 0.42099791765213013 0.25306457281112671 0.42081862688064575
1607.3585000019521 -1.1318833827972412 0.34501704573631287 0.79047095775604248 0.32443061470985413 -0.4131377637386322 0.41259321570396423 0.24255368113517761 0.42513823509216309
1694.343999998644 -1.1288083791732788 0.36114123463630676 0.75311446189880371 0.32899448275566101 -0.42928504943847656 0.42158409953117371 0.22110478579998016 0.41056305170059204
1781.158900000155 -1.1442018747329712 0.35113540291786194 0.75754135847091675 0.32216224074363708 -0.43856179714202881 0.42065930366516113 0.23007610440254211 0.41957920789718628
1867.6523000001907 -1.1254787445068359 0.35681480169296265 0.80185467004776001 0.33117783069610596 -0.40701994299888611 0.42764455080032349 0.25515124201774597 0.42830660939216614
1956.07850000076 -1.1573820114135742 0.35633349418640137 0.78114491701126099 0.33387768268585205 -0.4457116425037384 0.42446017265319824 0.21070916950702667 0.4381447434425354
