21.162699999287724 -1.0475696325302124 0.65024423599243164 0.74333959817886353 0.68979495763778687 -1.155340313911438 1.0622748136520386 0.86383700370788574 1.0571600198745728
141.90860000066459 -0.89685851335525513 0.64429020881652832 0.79366767406463623 0.67587679624557495 -1.0185867547988892 1.0547052621841431 0.83370679616928101 1.0578994750976563
274.34470000024885 -0.67312926054000854 0.62916767597198486 0.92148798704147339 0.63769727945327759 -0.70746511220932007 1.0397428274154663 0.94701641798019409 1.0182337760925293
407.27999999932945 -0.69860732555389404 0.62725460529327393 0.69053369760513306 0.64472562074661255 -0.72313487529754639 1.0282745361328125 0.73219233751296997 1.0296609401702881
532.9961000001058 -0.6931537389755249 0.62073945999145508 0.70941793918609619 0.63074278831481934 -0.73007041215896606 1.0185154676437378 0.7400621771812439 1.0213690996170044
663.19319999963045 -0.97208505868911743 0.59029024839401245 0.97573685646057129 0.62710398435592651 -0.90632152557373047 0.95991009473800659 0.78429335355758667 1.0412306785583496
783.60960000008345 -1.0446966886520386 0.57043594121932983 0.94165807962417603 0.56144231557846069 -0.61648482084274292 0.92063915729522705 0.75582796335220337 0.93578034639358521
901.86180000007153 -0.91257107257843018 0.45014005899429321 0.82569146156311035 0.43617904186248779 -0.27504271268844604 0.71401089429855347 0.4775908887386322 0.60537868738174438
1023.2922999998555 -0.90034747123718262 0.41532686352729797 0.79826408624649048 0.39297440648078918 -0.194980189204216 0.63600385189056396 0.46507686376571655 0.61861056089401245
1135.1060999995098 -0.87923210859298706 0.38785496354103088 1.0520435571670532 0.36092269420623779 -0.11211579293012619 0.61396950483322144 0.36856478452682495 0.59329086542129517
1245.1835000002757 -0.92063760757446289 0.37300711870193481 1.0852640867233276 0.3351738452911377 -0.13562431931495667 0.58335542678833008 0.41947528719902039 0.54830104112625122
1362.4029999999329 -0.95923668146133423 0.38629618287086487 1.1080769300460815 0.34603634476661682 -0.14334957301616669 0.59337276220321655 0.39982989430427551 0.57808995246887207
1476.861400000751 -0.95219254493713379 0.38550809025764465 1.1737020015716553 0.35471305251121521 -0.089683406054973602 0.60154008865356445 0.43518680334091187 0.59165900945663452
1591.0557000003755 -0.97626906633377075 0.37786096334457397 1.1373504400253296 0.35377269983291626 -0.11518509685993195 0.5948714017868042 0.40231001377105713 0.58979833126068115
1708.767899999395 -0.93702864646911621 0.37273570895195007 1.0530229806900024 0.35402259230613708 -0.12836283445358276 0.59686142206192017 0.32934442162513733 0.59713935852050781
1838.2150999996811 -0.93637418746948242 0.37851840257644653 1.0183371305465698 0.3461165726184845 -0.17172408103942871 0.59540504217147827 0.29580432176589966 0.58720815181732178
1952.1976000005379 -0.93863821029663086 0.37938502430915833 1.0497456789016724 0.34617516398429871 -0.16416743397712708 0.60091781616210938 0.33158549666404724 0.58657729625701904
