32.46679998934269 -0.67843669652938843 0.75589340925216675 0.61866724491119385 0.75636321306228638 -0.68343275785446167 1.1531244516372681 0.65322297811508179 1.1064971685409546
119.06719999015331 -0.71890932321548462 0.76314395666122437 0.66766917705535889 0.75902777910232544 -0.72244948148727417 1.1577894687652588 0.71113437414169312 1.1164176464080811
204.50839999318123 -0.71341544389724731 0.76064479351043701 0.66105043888092041 0.75898712873458862 -0.71790242195129395 1.154579758644104 0.69843083620071411 1.116086483001709
296.16939999163151 -0.72000479698181152 0.75741374492645264 0.65757918357849121 0.7586628794670105 -0.72635805606842041 1.1575056314468384 0.69274049997329712 1.1200367212295532
389.08130000531673 -0.71191662549972534 0.76075702905654907 0.6730915904045105 0.75708699226379395 -0.72179949283599854 1.1529796123504639 0.72347140312194824 1.1176337003707886
478.21130000054836 -0.72003746032714844 0.76276403665542603 0.67593014240264893 0.75043022632598877 -0.72515803575515747 1.1594944000244141 0.71226775646209717 1.114130973815918
572.54009999334812 -0.78830790519714355 0.76129543781280518 0.73478829860687256 0.73798090219497681 -0.77210903167724609 1.1538629531860352 0.71797627210617065 1.1272091865539551
666.51119999587536 -0.91166317462921143 0.67733520269393921 0.97539812326431274 0.69992631673812866 -0.86326318979263306 1.0765069723129272 0.86962425708770752 1.0979378223419189
754.27359998226166 -1.0240851640701294 0.63059115409851074 0.95212811231613159 0.63765329122543335 -0.84171992540359497 1.0142420530319214 0.80637013912200928 1.008056640625
846.94220000505447 -1.0658955574035645 0.49332049489021301 1.0030127763748169 0.49268379807472229 -0.75037133693695068 0.81107175350189209 0.60458910465240479 0.7937588095664978
936.38849999010563 -1.1570255756378174 0.42545667290687561 1.0221339464187622 0.44088014960289001 -0.64523172378540039 0.71019148826599121 0.57120203971862793 0.67653578519821167
1024.7522999942303 -1.0434592962265015 0.38103723526000977 0.95523989200592041 0.41503703594207764 -0.44245779514312744 0.59902948141098022 0.57225179672241211 0.5346674919128418
1123.6992999911308 -1.0643172264099121 0.39280760288238525 0.94397664070129395 0.41611528396606445 -0.22499950230121613 0.59270244836807251 0.46368420124053955 0.53816127777099609
1211.222000002861 -0.95335870981216431 0.40307316184043884 0.8616216778755188 0.41796502470970154 -0.16942335665225983 0.60603314638137817 0.41108354926109314 0.56557059288024902
1299.6581999957561 -0.94651395082473755 0.4098467230796814 0.83755075931549072 0.42686370015144348 -0.22116154432296753 0.65137845277786255 0.38890406489372253 0.57197868824005127
1389.5600999891758 -0.91580063104629517 0.41186890006065369 0.84040313959121704 0.42601582407951355 -0.20877783000469208 0.67254793643951416 0.42661669850349426 0.57633382081985474
1474.4692000001669 -0.9082639217376709 0.40351420640945435 0.85446518659591675 0.419767826795578 -0.18996277451515198 0.65948003530502319 0.41039019823074341 0.57309466600418091
1559.7089000046253 -0.93472868204116821 0.41019511222839355 0.83620136976242065 0.42333808541297913 -0.21552605926990509 0.66050928831100464 0.41481274366378784 0.57303619384765625
1646.6332999765873 -0.91321831941604614 0.40113750100135803 0.86578798294067383 0.41985833644866943 -0.18464741110801697 0.64917612075805664 0.43691378831863403 0.57145017385482788
1739.4026999920607 -0.91216683387756348 0.40372434258460999 0.84323352575302124 0.41787514090538025 -0.20612873136997223 0.66431891918182373 0.42118224501609802 0.57066714763641357
1830.3499999940395 -0.92627859115600586 0.40519565343856812 0.84871166944503784 0.42381250858306885 -0.21649158000946045 0.64639937877655029 0.40463158488273621 0.568076491355896
1920.6914999932051 -0.93021005392074585 0.40679463744163513 0.86116284132003784 0.42679488658905029 -0.20262417197227478 0.66609770059585571 0.40451547503471375 0.57545018196105957
2011.1493999958038 -0.91613918542861938 0.40886479616165161 0.84843498468399048 0.42602476477622986 -0.21582227945327759 0.65256005525588989 0.40460675954818726 0.5713346004486084
