47.410899996757507 -0.75938832759857178 0.69414323568344116 0.58703261613845825 0.67769557237625122 -0.71035397052764893 1.0332257747650146 0.57899612188339233 1.0086699724197388
133.65569999814034 -0.74648642539978027 0.69587695598602295 0.59411525726318359 0.67522823810577393 -0.69418847560882568 1.0336152315139771 0.58978837728500366 1.0095118284225464
224.57710000872612 -0.75546151399612427 0.69892162084579468 0.59277844429016113 0.67180049419403076 -0.70485585927963257 1.034813404083252 0.59285575151443481 1.0118353366851807
317.2943000048399 -0.74127805233001709 0.69263243675231934 0.60505640506744385 0.67531609535217285 -0.69219750165939331 1.0264477729797363 0.60763674974441528 1.021943211555481
408.90879999101162 -0.73659330606460571 0.69532537460327148 0.61862474679946899 0.66753298044204712 -0.72206556797027588 1.0276066064834595 0.67327249050140381 1.0205322504043579
500.29899999499321 -0.72391551733016968 0.67515826225280762 0.64060491323471069 0.65846920013427734 -0.72450822591781616 1.0100141763687134 0.69985932111740112 1.0153044462203979
590.92769999802113 -0.73173797130584717 0.6044042706489563 0.67159575223922729 0.598674476146698 -0.61045897006988525 0.90320146083831787 0.68145954608917236 0.90878331661224365
679.67139999568462 -0.73163866996765137 0.57122200727462769 0.64874505996704102 0.55376660823822021 -0.58637887239456177 0.76686972379684448 0.55470603704452515 0.7999228835105896
770.85160000622272 -0.70464211702346802 0.51429498195648193 0.59058147668838501 0.51205903291702271 -0.30631643533706665 0.61181586980819702 0.10471177846193314 0.58370417356491089
862.74899999797344 -0.68062835931777954 0.50971710681915283 0.54373407363891602 0.49986740946769714 -0.28804561495780945 0.5190163254737854 0.051871489733457565 0.53829753398895264
957.40589998662472 -0.63587683439254761 0.5244104266166687 0.51647865772247314 0.5082593560218811 -0.1044856458902359 0.55337047576904297 0.02968955785036087 0.55460554361343384
1051.3553999811411 -0.69899433851242065 0.50613909959793091 0.61229681968688965 0.47626921534538269 -0.42094215750694275 0.60759514570236206 0.4044986367225647 0.58633685111999512
1146.5555000007153 -1.0285049676895142 0.45298013091087341 0.98598587512969971 0.49197089672088623 -1.2254347801208496 0.60968595743179321 1.3805264234542847 0.62230467796325684
1235.1449999958277 -1.1706557273864746 0.46860936284065247 1.1544622182846069 0.49801585078239441 -1.6839067935943604 0.59535592794418335 1.8649739027023315 0.64309942722320557
1330.0994999855757 -1.2391297817230225 0.44880121946334839 1.1795966625213623 0.48669472336769104 -1.9031649827957153 0.55083650350570679 2.080064058303833 0.58627355098724365
1421.8851000070572 -1.3578089475631714 0.41538146138191223 1.146187424659729 0.43315061926841736 -2.0639691352844238 0.5187612771987915 2.045088529586792 0.51446765661239624
1514.3730999976397 -1.356106162071228 0.41043537855148315 1.0977303981781006 0.40365645289421082 -2.0242321491241455 0.50457298755645752 1.9042686223983765 0.46703803539276123
1606.7675999850035 -1.3599972724914551 0.41307377815246582 1.0897997617721558 0.40093231201171875 -2.0483145713806152 0.50579673051834106 1.8803706169128418 0.4643653929233551
1699.7463999837637 -1.3718388080596924 0.41254967451095581 1.1038463115692139 0.40839490294456482 -2.0869102478027344 0.51288014650344849 1.9375671148300171 0.47365829348564148
1795.9202000051737 -1.3669486045837402 0.41334247589111328 1.104533314704895 0.42243471741676331 -2.0926735401153564 0.51086068153381348 1.9782222509384155 0.49230039119720459
1888.1664999872446 -1.3762860298156738 0.40934920310974121 1.1199861764907837 0.41296303272247314 -2.110633373260498 0.50873279571533203 1.9764285087585449 0.48519021272659302
1976.8143000006676 -1.368766188621521 0.40893134474754333 1.1450885534286499 0.4162314236164093 -2.1185262203216553 0.50351375341415405 2.0391194820404053 0.48579975962638855
