60.146699999459088 -0.87194651365280151 0.66030424833297729 0.6243101954460144 0.71568715572357178 -0.96874803304672241 1.0699553489685059 0.72602438926696777 1.1040754318237305
181.40469999890774 -0.95561736822128296 0.66659867763519287 0.62126225233078003 0.70841401815414429 -0.99374622106552124 1.0716755390167236 0.71781772375106812 1.0953553915023804
304.26349999941885 -0.909831702709198 0.67018556594848633 0.63255488872528076 0.71658849716186523 -0.95690017938613892 1.0822386741638184 0.74700915813446045 1.0997928380966187
423.10359999909997 -0.89153498411178589 0.65197610855102539 0.62775051593780518 0.69774442911148071 -0.97724014520645142 1.0707857608795166 0.86528259515762329 1.0623879432678223
541.68429999891669 -1.0177680253982544 0.6671675443649292 0.8001369833946228 0.69790375232696533 -1.055889368057251 1.082311749458313 0.9743158221244812 1.0910756587982178
654.84439999889582 -0.85933983325958252 0.63428890705108643 0.67232209444046021 0.61603915691375732 -0.93639427423477173 1.0440739393234253 0.9902457594871521 0.93686544895172119
774.11969999875873 -0.94593667984008789 0.49278989434242249 0.58604311943054199 0.54437321424484253 -0.75365161895751953 0.59337633848190308 0.69411325454711914 0.54865002632141113
895.06989999953657 -0.84131866693496704 0.40005183219909668 0.45530131459236145 0.40100395679473877 -0.31710454821586609 0.351849764585495 0.40452185273170471 0.37315508723258972
1005.0735999997705 -0.91292488574981689 0.39491629600524902 0.4663490355014801 0.39274656772613525 -0.35602769255638123 0.3669373095035553 0.39813479781150818 0.3628598153591156
1126.9947999995202 -1.6346817016601563 0.39961051940917969 0.76007574796676636 0.39544272422790527 -0.54760795831680298 0.35639026761054993 0.63903117179870605 0.37255007028579712
1238.8388000000268 -1.1815009117126465 0.41761681437492371 0.79986613988876343 0.40601584315299988 -0.41604256629943848 0.40048897266387939 0.59209221601486206 0.39145529270172119
1355.7945999987423 -0.98098427057266235 0.42784896492958069 0.76695913076400757 0.42103195190429688 -0.52075088024139404 0.39023807644844055 0.68369460105895996 0.37278902530670166
1472.8682999992743 -1.6845471858978271 0.36027878522872925 1.9077682495117188 0.38108348846435547 -2.4651925563812256 0.39883920550346375 2.0797460079193115 0.40948554873466492
1585.0660999985412 -1.3394380807876587 0.3948722779750824 1.4285964965820313 0.37789961695671082 -2.1469166278839111 0.48323541879653931 2.6378602981567383 0.44536206126213074
1691.5367999989539 -1.4678820371627808 0.38666990399360657 1.6083860397338867 0.39836686849594116 -2.4412057399749756 0.46906033158302307 2.7864508628845215 0.42731523513793945
1802.144499999471 -1.5224775075912476 0.40168547630310059 1.551244854927063 0.39980247616767883 -2.3571321964263916 0.46244940161705017 2.6359620094299316 0.41474428772926331
1913.6273999996483 -1.5136146545410156 0.3894197940826416 1.5657232999801636 0.38985523581504822 -2.3298864364624023 0.44371363520622253 2.6294219493865967 0.40888091921806335
