31.740800000727177 -0.81353414058685303 0.69892936944961548 0.57458198070526123 0.68853878974914551 -0.69729834794998169 1.0933405160903931 0.51725214719772339 1.0739810466766357
119.01219999976456 -0.77915632724761963 0.68925786018371582 0.58035922050476074 0.68227702379226685 -0.66717857122421265 1.0710225105285645 0.51649993658065796 1.0620987415313721
203.80240000039339 -0.81448119878768921 0.68860894441604614 0.56030780076980591 0.67769330739974976 -0.68910598754882813 1.0742663145065308 0.51028311252593994 1.0545060634613037
288.84339999966323 -0.78712797164916992 0.69230502843856812 0.57513612508773804 0.68220984935760498 -0.66895288228988647 1.0745046138763428 0.52100199460983276 1.0677344799041748
375.06290000118315 -0.78139680624008179 0.68254339694976807 0.5769309401512146 0.66704869270324707 -0.67600435018539429 1.0673024654388428 0.53913503885269165 1.0465735197067261
462.49200000055134 -0.79161375761032104 0.6901358962059021 0.5940437912940979 0.66303855180740356 -0.68185168504714966 1.0707066059112549 0.55335104465484619 1.0517805814743042
557.30139999836683 -0.88895571231842041 0.67468291521072388 0.71325463056564331 0.66965335607528687 -0.74007946252822876 1.0477808713912964 0.64992505311965942 1.0374853610992432
639.55430000089109 -0.91254115104675293 0.6292731761932373 0.81251001358032227 0.59946233034133911 -0.64505529403686523 0.9699864387512207 0.65135586261749268 0.94430577754974365
726.69629999995232 -1.0131183862686157 0.49908113479614258 0.90082871913909912 0.50713956356048584 -0.73521625995635986 0.76209592819213867 0.55335086584091187 0.79791724681854248
812.15279999934137 -1.0345194339752197 0.45439213514328003 0.89600551128387451 0.50043284893035889 -0.63145726919174194 0.73929226398468018 0.49771851301193237 0.73051005601882935
908.34360000118613 -1.0533486604690552 0.39847344160079956 0.90941357612609863 0.45453172922134399 -0.57690256834030151 0.64890241622924805 0.39955875277519226 0.6231963038444519
996.20089999958873 -1.0469046831130981 0.34834551811218262 0.86847436428070068 0.37443447113037109 -0.417886883020401 0.47505375742912292 0.26466652750968933 0.4808124303817749
1081.4014999996871 -1.1298463344573975 0.36349135637283325 0.8366425633430481 0.3648185133934021 -0.40019336342811584 0.44234085083007813 0.23495340347290039 0.46822324395179749
1169.2184999994934 -1.0606251955032349 0.36017990112304688 0.82113981246948242 0.34710291028022766 -0.35260504484176636 0.43435192108154297 0.28228557109832764 0.46605432033538818
1254.7653000019491 -1.0472105741500854 0.33097049593925476 0.85543549060821533 0.34837692975997925 -0.3603026270866394 0.42825117707252502 0.24970617890357971 0.47103333473205566
1342.3645000010729 -1.0571713447570801 0.3362714946269989 0.87399011850357056 0.35682892799377441 -0.3760470449924469 0.448973149061203 0.22052773833274841 0.47813677787780762
1427.3669999986887 -1.043639063835144 0.34379658102989197 0.87163490056991577 0.36697849631309509 -0.35955122113227844 0.45694258809089661 0.21887496113777161 0.49356091022491455
1509.5227999985218 -1.049647331237793 0.3433721661567688 0.84642207622528076 0.35753533244132996 -0.36853569746017456 0.45816424489021301 0.22100605070590973 0.48183932900428772
1604.7544999998063 -1.0436328649520874 0.33729603886604309 0.88138425350189209 0.35553377866744995 -0.32767215371131897 0.45085617899894714 0.24025857448577881 0.48613587021827698
1691.8411999996752 -1.0460938215255737 0.34048429131507874 0.8473779559135437 0.35499864816665649 -0.36716821789741516 0.4476495087146759 0.2499333918094635 0.46743789315223694
1777.5160999987274 -1.0520035028457642 0.34074878692626953 0.8551943302154541 0.36001673340797424 -0.3666229248046875 0.4576098620891571 0.23350128531455994 0.48781889677047729
1864.572100000456 -1.0998116731643677 0.36153891682624817 0.86301946640014648 0.35605669021606445 -0.34798556566238403 0.44354507327079773 0.26533743739128113 0.46891880035400391
1954.2481000013649 -1.0416121482849121 0.32653361558914185 0.85419583320617676 0.34879255294799805 -0.36273026466369629 0.43176731467247009 0.23430590331554413 0.46081793308258057
