8.9407999999821186 -0.5086933970451355 0.6851312518119812 0.89759773015975952 0.67659008502960205 -0.49349835515022278 1.0916146039962769 0.86981058120727539 1.1047976016998291
107.28509999997914 -0.49767166376113892 0.67689019441604614 0.76841843128204346 0.67472577095031738 -0.42846259474754333 1.1097608804702759 0.77366781234741211 1.1139707565307617
212.0893000010401 -0.57258826494216919 0.67173445224761963 0.75513273477554321 0.68136924505233765 -0.5618395209312439 1.0731164216995239 0.7835838794708252 1.1196963787078857
311.55180000048131 -0.56389546394348145 0.67171329259872437 0.78662919998168945 0.6931452751159668 -0.56118607521057129 1.0810189247131348 0.81041079759597778 1.1415197849273682
412.89039999991655 -0.56271648406982422 0.68024212121963501 0.7832227349281311 0.69159358739852905 -0.5613253116607666 1.0966939926147461 0.81018722057342529 1.1333885192871094
510.50890000071377 -0.55960738658905029 0.67979997396469116 0.78495877981185913 0.69867980480194092 -0.54182314872741699 1.0750075578689575 0.81716156005859375 1.138616681098938
612.27320000063628 -0.59543955326080322 0.70417696237564087 0.84541720151901245 0.69866394996643066 -0.50439035892486572 1.1406259536743164 0.87928175926208496 1.1500823497772217
709.38179999962449 -0.60822248458862305 0.66570758819580078 0.89931052923202515 0.70277935266494751 -0.62139570713043213 1.0849218368530273 0.82858633995056152 1.167813777923584
811.28750000055879 -0.89349812269210815 0.61654740571975708 0.87057936191558838 0.60108160972595215 -0.78240656852722168 1.0273028612136841 0.89239859580993652 1.0317059755325317
905.82200000062585 -1.0721251964569092 0.53843420743942261 0.908283531665802 0.51788097620010376 -0.7798658013343811 0.94178104400634766 0.95173871517181396 0.90466493368148804
1000.1512000001967 -1.0297896862030029 0.38564491271972656 1.1327774524688721 0.3772328794002533 -0.58199656009674072 0.68831795454025269 0.73210835456848145 0.65600478649139404
1107.4479999998584 -0.97619259357452393 0.36843523383140564 1.4152650833129883 0.33355191349983215 -0.58345842361450195 0.6289820671081543 0.64622598886489868 0.58100330829620361
1206.9890000000596 -0.83050400018692017 0.39582425355911255 1.3757163286209106 0.34865006804466248 -0.35541895031929016 0.59417599439620972 0.61386901140213013 0.56857287883758545
1303.6212999997661 -0.73253709077835083 0.40645372867584229 1.2921310663223267 0.35025337338447571 -0.30341657996177673 0.59413844347000122 0.52606761455535889 0.56626325845718384
1401.4978000000119 -0.73411554098129272 0.41006344556808472 1.3112646341323853 0.36149176955223083 -0.31069192290306091 0.60164600610733032 0.52203238010406494 0.56109505891799927
1492.405199999921 -0.77212917804718018 0.4147040843963623 1.2636876106262207 0.35120007395744324 -0.33095678687095642 0.59901291131973267 0.49805745482444763 0.54894554615020752
1587.5319000007585 -0.83852910995483398 0.40900963544845581 1.3340264558792114 0.35155484080314636 -0.35326385498046875 0.59569054841995239 0.5123324990272522 0.54352140426635742
1687.6677000001073 -0.82405054569244385 0.40456172823905945 1.2940540313720703 0.34612414240837097 -0.35454624891281128 0.58601844310760498 0.51074433326721191 0.53688180446624756
1792.4297000011429 -0.82211005687713623 0.40407338738441467 1.2768535614013672 0.34598049521446228 -0.35899212956428528 0.58680588006973267 0.45810931921005249 0.53346747159957886
1889.5404000002891 -0.78949576616287231 0.41502571105957031 1.260045051574707 0.34456890821456909 -0.37212702631950378 0.58396679162979126 0.49222090840339661 0.52483737468719482
1985.5389999998733 -0.80854141712188721 0.40918773412704468 1.2953613996505737 0.34313565492630005 -0.38716354966163635 0.58016037940979004 0.49901938438415527 0.51893770694732666
