54.546099998056889 -0.95824438333511353 0.88409274816513062 0.53632229566574097 0.9107125997543335 -0.81505924463272095 1.3262107372283936 0.72912073135375977 1.3249467611312866
146.76339999586344 -0.69448655843734741 0.86092680692672729 0.53310298919677734 0.9178311824798584 -0.79874348640441895 1.3167060613632202 0.68489015102386475 1.3166986703872681
240.48719999939203 -0.69506716728210449 0.87139409780502319 0.51666021347045898 0.91811656951904297 -0.78725343942642212 1.3315417766571045 0.68052119016647339 1.33058762550354
329.9256999976933 -0.69323486089706421 0.86056935787200928 0.54053753614425659 0.90824222564697266 -0.80164730548858643 1.3265550136566162 0.72552895545959473 1.3203009366989136
413.48359999805689 -0.94296681880950928 0.86687260866165161 0.56734490394592285 0.91712403297424316 -0.79732120037078857 1.310225248336792 0.79148721694946289 1.3097343444824219
498.99399999901652 -0.70764714479446411 0.90358430147171021 0.5206761360168457 0.95084291696548462 -0.802886962890625 1.3773270845413208 0.74411994218826294 1.3808786869049072
603.5113999992609 -0.74002701044082642 0.85635119676589966 0.5293499231338501 0.93026930093765259 -0.81965875625610352 1.3246904611587524 0.72624146938323975 1.3319841623306274
694.41939999908209 -0.77176523208618164 0.88948118686676025 0.55763512849807739 0.96953791379928589 -0.70541667938232422 1.3573975563049316 0.55821025371551514 1.5151742696762085
777.11809999495745 -0.74540650844573975 0.86169850826263428 0.51433807611465454 0.96918964385986328 -0.78777843713760376 1.4705523252487183 0.48996216058731079 1.5543061494827271
861.42980000004172 -0.92366689443588257 0.83077168464660645 0.58379334211349487 0.82718896865844727 -0.61465036869049072 1.4107234477996826 0.53001135587692261 1.3659389019012451
946.35169999673963 -0.77949553728103638 0.59328633546829224 0.5497172474861145 0.81636893749237061 -0.7485506534576416 0.79749715328216553 0.55503386259078979 0.83174365758895874
1031.2311999984086 -1.0262161493301392 0.6365094780921936 1.3833283185958862 0.55369764566421509 -0.1582542359828949 0.52570712566375732 0.94109606742858887 0.531646728515625
1113.7874999977648 -1.2066559791564941 0.50947600603103638 0.49962532520294189 0.50205522775650024 -0.41331610083580017 0.23777620494365692 0.17962349951267242 0.34438475966453552
1197.9065999984741 -1.4592640399932861 0.51834845542907715 0.61968612670898438 0.52285003662109375 -0.48748418688774109 0.22955982387065887 0.29791560769081116 0.3306145966053009
1282.354399997741 -0.98838526010513306 0.55381488800048828 0.5050283670425415 0.52488881349563599 -0.49067577719688416 0.30238708853721619 0.24743625521659851 0.34667667746543884
1370.1857999972999 -0.70179951190948486 0.55016261339187622 0.73537838459014893 0.51256769895553589 -0.45394310355186462 0.37199562788009644 0.68094843626022339 0.47277113795280457
1456.1759999990463 -1.4436546564102173 0.374714195728302 1.3935576677322388 0.43211603164672852 -0.97918784618377686 0.3211938738822937 1.3704416751861572 0.41425701975822449
1540.5048999935389 -1.3342577219009399 0.38375544548034668 1.2933439016342163 0.44664949178695679 -0.70760446786880493 0.36347398161888123 1.3723341226577759 0.49572622776031494
1622.1627000011504 -1.3151365518569946 0.50412863492965698 1.3534640073776245 0.49965426325798035 -1.8419321775436401 0.45881029963493347 2.3134169578552246 0.55239391326904297
1705.8860999979079 -1.2353452444076538 0.5262223482131958 1.5071691274642944 0.54778409004211426 -2.1629841327667236 0.49099057912826538 2.5780506134033203 0.54206961393356323
1787.6102999970317 -1.3345848321914673 0.49926868081092834 1.3353770971298218 0.50438213348388672 -2.0295815467834473 0.56721264123916626 -2.268526554107666 0.52566999197006226
1871.8444999977946 -1.3125264644622803 0.48390254378318787 1.2609530687332153 0.50697362422943115 -2.0926277637481689 0.55682551860809326 2.2269899845123291 0.56376570463180542
1953.4611999988556 -1.2935554981231689 0.48429614305496216 1.3245944976806641 0.5171247124671936 -2.1470401287078857 0.56316244602203369 2.0105600357055664 0.56249833106994629
