23.184200000017881 -0.77669739723205566 0.95183247327804565 0.72517561912536621 0.99899762868881226 -0.84371376037597656 1.4968782663345337 0.74250108003616333 1.5280439853668213
105.76119999960065 -0.78737026453018188 0.96020704507827759 0.78398597240447998 1.0063974857330322 -0.8072325587272644 1.5082749128341675 0.75781553983688354 1.5428723096847534
186.68219999596477 -0.75893890857696533 0.88219457864761353 0.82294684648513794 0.96140563488006592 -0.80443555116653442 1.3955649137496948 0.78549772500991821 1.4530729055404663
270.51929999887943 -0.7764129638671875 0.89573627710342407 0.92123186588287354 0.96231293678283691 -0.83503884077072144 1.4043269157409668 0.64384299516677856 1.4045445919036865
364.22189999744296 -0.70258921384811401 0.92347574234008789 0.87897169589996338 1.0287274122238159 -0.7790672779083252 1.4800378084182739 0.60861462354660034 1.5184299945831299
456.18450000137091 -0.72006142139434814 0.95271140336990356 0.90577995777130127 1.031818151473999 -0.78056442737579346 1.5023670196533203 0.64037370681762695 1.5156480073928833
542.04610000178218 -0.74654245376586914 0.94443333148956299 0.91806113719940186 1.0104881525039673 -0.81244373321533203 1.4710237979888916 0.67009472846984863 1.4771574735641479
625.37680000066757 -0.74419873952865601 0.89386558532714844 0.59629303216934204 0.98062038421630859 -0.82993769645690918 1.4208922386169434 0.84086793661117554 1.426538348197937
709.26419999822974 -0.97838932275772095 0.85917603969573975 0.80673509836196899 0.88848972320556641 -1.1737406253814697 1.4068944454193115 1.0867452621459961 1.4317398071289063
794.87139999866486 -1.1526961326599121 0.93501442670822144 0.89608019590377808 0.93229973316192627 -1.0483428239822388 1.51871657371521 1.1296944618225098 1.5440514087677002
885.74269999936223 -1.2698204517364502 0.84241116046905518 1.0818279981613159 0.81760847568511963 -1.1942999362945557 1.4925910234451294 1.2357840538024902 1.4714031219482422
971.76999999955297 -1.2017340660095215 0.66635322570800781 1.1919242143630981 0.58806318044662476 -1.2249883413314819 1.225222110748291 1.0934170484542847 1.1178033351898193
1054.5126999989152 -1.407615065574646 0.50765103101730347 1.3817501068115234 0.41555625200271606 -1.1011170148849487 1.2006450891494751 0.99365264177322388 0.97557556629180908
1140.0653999969363 -1.2268286943435669 0.37665536999702454 1.0759122371673584 0.3683803379535675 -0.9347655177116394 0.66433292627334595 0.73423236608505249 0.7559162974357605
1225.9492999985814 -1.1222766637802124 0.35620602965354919 1.1265369653701782 0.33945611119270325 -0.67564696073532104 0.71997594833374023 0.76491069793701172 0.62523680925369263
1311.7576000019908 -1.0054315328598022 0.38031163811683655 1.2044568061828613 0.39603406190872192 -0.38964548707008362 0.69824284315109253 0.41447818279266357 0.77442455291748047
1396.7652999982238 -0.77031975984573364 0.42057716846466064 0.96033656597137451 0.49286338686943054 -0.27341663837432861 0.81141752004623413 0.25205683708190918 0.85468059778213501
1480.2987999990582 -0.85382616519927979 0.43259304761886597 1.0433063507080078 0.50706011056900024 -0.29014149308204651 0.79963302612304688 0.24268494546413422 0.85179144144058228
1564.5425999984145 -0.84984731674194336 0.44903063774108887 1.132420539855957 0.49472850561141968 -0.30533486604690552 0.79450559616088867 0.3129342794418335 0.84401774406433105
1646.6068999990821 -0.85546296834945679 0.44246590137481689 1.0754804611206055 0.4708239734172821 -0.27836355566978455 0.79276919364929199 0.28451704978942871 0.83213150501251221
1732.3366999998689 -0.90240836143493652 0.43279984593391418 1.049883246421814 0.46714666485786438 -0.29165920615196228 0.77160924673080444 0.24815648794174194 0.83281511068344116
1826.4860000014305 -0.77995574474334717 0.4590241014957428 0.93822014331817627 0.47190144658088684 -0.27586507797241211 0.7945898175239563 0.25102460384368896 0.83543938398361206
1915.527199998498 -0.9257625937461853 0.42294010519981384 0.99828839302062988 0.46450963616371155 -0.34542936086654663 0.76599782705307007 0.24864453077316284 0.81792134046554565
2003.8199999965727 -0.81560784578323364 0.4516289234161377 0.96563154458999634 0.47768393158912659 -0.26832154393196106 0.80082440376281738 0.23156124353408813 0.841746985912323
