77.382699999958277 -0.9234321117401123 0.9044678807258606 0.57650154829025269 0.93426734209060669 -0.78057533502578735 1.3537566661834717 0.82081669569015503 1.3634872436523438
181.12090000137687 -0.89307337999343872 0.91243100166320801 0.58004492521286011 0.91896623373031616 -0.76536035537719727 1.3569362163543701 0.78735631704330444 1.3474526405334473
270.83760000392795 -0.90823113918304443 0.94629746675491333 0.56867575645446777 0.95881140232086182 -0.78123736381530762 1.3931249380111694 0.78598064184188843 1.39677894115448
357.48270000144839 -0.71890038251876831 0.88408231735229492 0.58955150842666626 0.88263094425201416 -0.82546359300613403 1.3612867593765259 0.86183834075927734 1.3176206350326538
441.07180000469089 -0.76997470855712891 0.90628969669342041 0.67192691564559937 0.91380077600479126 -0.86336398124694824 1.4145102500915527 1.0142631530761719 1.4423319101333618
523.87900000065565 -0.77462345361709595 0.93888777494430542 0.74315488338470459 0.99029409885406494 -0.85599517822265625 1.506689190864563 0.9415891170501709 1.5236692428588867
607.7913000062108 -0.775948166847229 0.95231115818023682 0.77291619777679443 0.93226164579391479 -0.8500133752822876 1.5391614437103271 0.93629974126815796 1.4779776334762573
692.28680000081658 -0.68539702892303467 0.84503167867660522 0.66452556848526001 0.87346869707107544 -0.73057836294174194 1.4782910346984863 0.8729737401008606 1.4044942855834961
775.70749999955297 -0.78617745637893677 0.72617495059967041 0.52878350019454956 0.67106246948242188 -0.68312549591064453 1.1313662528991699 0.64128744602203369 1.0709208250045776
860.62040000036359 -0.71189868450164795 0.71989899873733521 0.52136147022247314 0.67344105243682861 -0.39641466736793518 0.89321309328079224 0.43822655081748962 0.92252546548843384
949.18879999965429 -0.74962896108627319 0.70104074478149414 0.46427085995674133 0.74740791320800781 -0.38297557830810547 0.86927014589309692 0.31867572665214539 0.9299812912940979
1035.305300001055 -0.79519081115722656 0.69127321243286133 0.86662071943283081 0.7243989109992981 -0.40354198217391968 0.91105544567108154 0.43544793128967285 0.93162727355957031
1120.4096000008285 -0.76855814456939697 0.7284693717956543 0.53400754928588867 0.71454179286956787 -0.3481118381023407 0.93868035078048706 0.50185871124267578 0.9613569974899292
1203.7471000030637 -0.78382807970046997 0.7360299825668335 0.54943805932998657 0.74377107620239258 -0.39117541909217834 0.97414439916610718 0.60853117704391479 1.0445728302001953
1285.9752000011504 -0.73993736505508423 1.1562252044677734 0.80780106782913208 0.62720698118209839 -0.82976835966110229 0.79819256067276001 0.95176500082015991 0.84636396169662476
1371.6568000018597 -1.0612037181854248 0.68466830253601074 0.96557170152664185 0.64529973268508911 -1.3510279655456543 1.0121837854385376 1.6853153705596924 0.88192033767700195
1457.8214000016451 -1.0037083625793457 0.63278067111968994 1.3114280700683594 0.65603959560394287 -1.9927098751068115 0.90253782272338867 2.3154013156890869 0.90337342023849487
1539.0816000029445 -1.0109615325927734 0.56981223821640015 1.252405047416687 0.57524681091308594 2.2832870483398438 0.80824697017669678 2.256028413772583 0.79500240087509155
1624.9437000006437 -0.97740811109542847 0.53305560350418091 1.2002129554748535 0.56352090835571289 -2.2195026874542236 0.80222624540328979 2.433828592300415 0.73150980472564697
1709.1149000041187 -0.99720174074172974 0.50093698501586914 1.0567375421524048 0.53901612758636475 -2.154759407043457 0.7621082067489624 2.1548576354980469 0.69335609674453735
1793.2215999998152 -0.97143751382827759 0.50494933128356934 1.0493731498718262 0.53417754173278809 -2.1084129810333252 0.76507848501205444 2.1180324554443359 0.70907348394393921
1875.9008000008762 -0.98904889822006226 0.51151221990585327 0.99016827344894409 0.55613535642623901 -2.0531754493713379 0.75709468126296997 2.1763122081756592 0.73410230875015259
1963.6092000007629 -1.0575717687606812 0.50118368864059448 1.0381637811660767 0.56972992420196533 -2.2183313369750977 0.75113898515701294 2.2948379516601563 0.74223750829696655
