9.4932999908924103 -0.72445154190063477 0.72732913494110107 0.62708067893981934 0.76409804821014404 -0.69078010320663452 1.1213173866271973 0.70382124185562134 1.0816192626953125
97.603799998760223 -0.71433168649673462 0.73260927200317383 0.6317138671875 0.75881236791610718 -0.68198472261428833 1.1255443096160889 0.63176590204238892 1.1127636432647705
188.10049998760223 -0.72936981916427612 0.7305799126625061 0.64721578359603882 0.76175093650817871 -0.69876623153686523 1.1216981410980225 0.69606918096542358 1.0893663167953491
273.99140000343323 -0.72991245985031128 0.74040412902832031 0.62588828802108765 0.77337664365768433 -0.69334101676940918 1.1369577646255493 0.69628924131393433 1.1043111085891724
361.09080000221729 -0.71663296222686768 0.73413354158401489 0.65316075086593628 0.77748537063598633 -0.67615234851837158 1.1328867673873901 0.71139949560165405 1.1024197340011597
452.3103000074625 -0.73972684144973755 0.73497629165649414 0.64330148696899414 0.76350349187850952 -0.70561379194259644 1.1308246850967407 0.70628505945205688 1.095403790473938
538.89460000395775 -0.7406880259513855 0.73639452457427979 0.70311981439590454 0.75498974323272705 -0.69450563192367554 1.1311970949172974 0.71972256898880005 1.0938471555709839
624.1300999969244 -0.83538192510604858 0.71330612897872925 0.83855921030044556 0.69013822078704834 -0.72866368293762207 1.085364818572998 0.73829567432403564 1.0621423721313477
710.93099999427795 -0.90864098072052002 0.6269524097442627 0.94843703508377075 0.65219897031784058 -0.69337302446365356 0.97438853979110718 0.71170330047607422 0.97500312328338623
801.57810001075268 -1.0151662826538086 0.55365347862243652 1.0716407299041748 0.56601619720458984 -0.58135735988616943 0.84365105628967285 0.68102270364761353 0.81620252132415771
895.62370000779629 -1.0069516897201538 0.44088879227638245 0.94973951578140259 0.40563419461250305 -0.4277002215385437 0.60005748271942139 0.49348446726799011 0.56691384315490723
985.60520000755787 -1.0568431615829468 0.34502434730529785 1.012480616569519 0.37644222378730774 -0.30963289737701416 0.51003217697143555 0.53930115699768066 0.47036123275756836
1072.1440999954939 -0.94192630052566528 0.36040234565734863 0.93286651372909546 0.39483773708343506 -0.25823932886123657 0.53573977947235107 0.2986031174659729 0.51631152629852295
1160.3516000062227 -0.9129299521446228 0.3486253023147583 0.97537785768508911 0.38292932510375977 -0.22026075422763824 0.5401419997215271 0.32856103777885437 0.52655518054962158
1250.767799988389 -0.83823907375335693 0.36318281292915344 0.88618272542953491 0.39144271612167358 -0.21052879095077515 0.5680927038192749 0.3066076934337616 0.5321001410484314
1338.0293000042439 -0.9125247597694397 0.35709306597709656 0.94920152425765991 0.39147591590881348 -0.21400882303714752 0.58522576093673706 0.3065720796585083 0.55141299962997437
1423.9581000059843 -0.90414667129516602 0.3606676459312439 0.93048405647277832 0.39176702499389648 -0.23179560899734497 0.57237166166305542 0.42486953735351563 0.51311534643173218
1509.7199999988079 -0.93898141384124756 0.35626846551895142 0.97727322578430176 0.38520199060440063 -0.24985373020172119 0.55500602722167969 0.4248853325843811 0.49381667375564575
1604.7171999961138 -0.88586890697479248 0.35107633471488953 0.89043039083480835 0.38864073157310486 -0.22760152816772461 0.56127023696899414 0.28386092185974121 0.5328669548034668
1692.97120000422 -0.91963452100753784 0.35976120829582214 0.95068085193634033 0.38908416032791138 -0.23629958927631378 0.5688021183013916 0.30306068062782288 0.53930038213729858
1783.7943000048399 -0.87924134731292725 0.35199427604675293 0.90793055295944214 0.38825103640556335 -0.20976631343364716 0.55974048376083374 0.42772293090820313 0.50474780797958374
1873.1730999946594 -0.90593010187149048 0.3588080108165741 0.91192400455474854 0.38882437348365784 -0.2240542471408844 0.56923395395278931 0.29770153760910034 0.53576540946960449
1962.073399990797 -0.85164594650268555 0.35979950428009033 0.89923274517059326 0.38684812188148499 -0.20122458040714264 0.56398457288742065 0.30717864632606506 0.52673804759979248
