81.987299999222159 -0.77392172813415527 0.65963709354400635 0.52516686916351318 0.64311867952346802 -0.72608339786529541 1.0290560722351074 0.62104421854019165 0.91360771656036377
165.89460000023246 -0.77386260032653809 0.66085129976272583 0.51852846145629883 0.64166826009750366 -0.72095793485641479 1.031566858291626 0.60568666458129883 0.91763931512832642
254.38069999963048 -0.77487409114837646 0.66353660821914673 0.51466399431228638 0.65176522731781006 -0.72646278142929077 1.0329737663269043 0.60106003284454346 0.9442099928855896
342.67190000042319 -0.76977932453155518 0.66250312328338623 0.5383487343788147 0.64708483219146729 -0.69965022802352905 1.0390006303787231 0.63527941703796387 0.96079611778259277
427.90839999914169 -0.78386592864990234 0.66197574138641357 0.54592442512512207 0.63897287845611572 -0.71374905109405518 1.0332669019699097 0.62864869832992554 0.95499783754348755
509.25679999962449 -0.78883641958236694 0.66933691501617432 0.58705687522888184 0.68297010660171509 -0.73716765642166138 1.0445107221603394 0.61535096168518066 1.0320436954498291
595.46629999764264 -0.75688713788986206 0.6164783239364624 0.59369248151779175 0.6205323338508606 -0.66729593276977539 0.94868630170822144 0.62418961524963379 0.9576038122177124
682.04339999891818 -0.79101914167404175 0.59229081869125366 0.6227492094039917 0.58306348323822021 -0.59243243932723999 0.87611484527587891 0.5618022084236145 0.87331008911132813
768.45109999924898 -0.77939385175704956 0.54592841863632202 0.60665494203567505 0.52159005403518677 -0.47865015268325806 0.70053166151046753 0.38212761282920837 0.66488027572631836
857.89959999732673 -0.80576562881469727 0.56253153085708618 0.49884304404258728 0.55905377864837646 -0.40525707602500916 0.56425571441650391 0.1954275369644165 0.57289010286331177
943.82589999958873 -0.82306367158889771 0.5485842227935791 0.45533546805381775 0.55335384607315063 -0.49535608291625977 0.51499933004379272 0.19515077769756317 0.48817139863967896
1027.7642000000924 -0.87794804573059082 0.49039456248283386 0.46560031175613403 0.52611362934112549 -0.53963786363601685 0.48728954792022705 0.23794953525066376 0.46726968884468079
1110.6036999989301 -0.8632926344871521 0.49538102746009827 0.63289719820022583 0.52539271116256714 -0.59337562322616577 0.49838918447494507 0.4744153618812561 0.49634715914726257
1199.027999997139 -1.24814772605896 0.45558705925941467 1.0588600635528564 0.48003649711608887 -1.8451541662216187 0.57467681169509888 1.8185772895812988 0.57533681392669678
1282.4363999981433 -1.4035284519195557 0.40930080413818359 1.1816058158874512 0.41452571749687195 -2.1268854141235352 0.51046258211135864 2.0204563140869141 0.5165134072303772
1364.2406999990344 -1.3464275598526001 0.38734591007232666 1.1702350378036499 0.39472326636314392 -2.1226768493652344 0.48054930567741394 1.9503177404403687 0.47894835472106934
1453.7511999979615 -1.2629646062850952 0.37529772520065308 1.1356137990951538 0.38623243570327759 -2.0418515205383301 0.45965522527694702 1.87151038646698 0.45764994621276855
1541.2028999980539 -1.3005845546722412 0.37940686941146851 1.1495019197463989 0.38823407888412476 -2.0849096775054932 0.46264493465423584 1.9025821685791016 0.46747016906738281
1628.2544999979436 -1.2869441509246826 0.3824772834777832 1.1169158220291138 0.40512663125991821 -2.0776164531707764 0.46760076284408569 1.891288161277771 0.49298453330993652
1714.6602999996394 -1.3352864980697632 0.38331392407417297 1.1046500205993652 0.40542706847190857 -2.1519210338592529 0.46603116393089294 1.8893798589706421 0.49390819668769836
1800.6819999981672 -1.3371011018753052 0.37674790620803833 1.0992743968963623 0.40377300977706909 -2.1622240543365479 0.46218615770339966 1.879228949546814 0.48914933204650879
1890.813299998641 -1.3339203596115112 0.37503990530967712 1.0853408575057983 0.39562696218490601 -2.1178607940673828 0.45410597324371338 1.8560876846313477 0.48311164975166321
1976.6654999982566 -1.3559426069259644 0.37761807441711426 1.125158429145813 0.39873474836349487 -2.1785423755645752 0.45880976319313049 1.8992718458175659 0.48146077990531921
