16.787499999627471 -0.76425600051879883 0.44316831231117249 0.52171683311462402 0.45155248045921326 -0.75364780426025391 0.71644717454910278 0.69126379489898682 0.69441980123519897
126.28720000013709 -0.75275701284408569 0.44788184762001038 0.47332754731178284 0.44946479797363281 -0.70010983943939209 0.71652519702911377 0.51685470342636108 0.67012214660644531
231.94709999952465 -0.74469441175460815 0.45152941346168518 0.49599120020866394 0.45517858862876892 -0.64951527118682861 0.72340178489685059 0.54966640472412109 0.62954139709472656
336.90199999976903 -0.59731918573379517 0.45851343870162964 0.48378115892410278 0.45382276177406311 -0.62966501712799072 0.72453498840332031 0.53003799915313721 0.67969214916229248
452.45590000040829 -0.55718153715133667 0.45562842488288879 0.48570746183395386 0.44914072751998901 -0.62802857160568237 0.73178631067276001 0.52985191345214844 0.67509937286376953
557.84519999939948 -0.56969910860061646 0.45863547921180725 0.51927834749221802 0.44873127341270447 -0.65697968006134033 0.72602778673171997 0.64437311887741089 0.67551761865615845
660.94859999977052 -0.71980118751525879 0.43838340044021606 0.51569002866744995 0.46201163530349731 -0.69149273633956909 0.72395050525665283 0.62429386377334595 0.69218635559082031
771.21149999927729 -0.69990658760070801 0.41260132193565369 0.48344150185585022 0.42384076118469238 -0.55264908075332642 0.6407548189163208 0.54817932844161987 0.64979010820388794
875.44670000020415 -0.44007536768913269 0.39257431030273438 0.99296861886978149 0.43756946921348572 -0.34251567721366882 0.55783915519714355 0.6750597357749939 0.55333173274993896
981.95940000005066 -0.77628135681152344 0.3823997974395752 0.92834353446960449 0.40234178304672241 -0.40052065253257751 0.40988531708717346 0.10188218206167221 0.40101879835128784
1093.2934999996796 -0.77830827236175537 0.37551993131637573 0.84255367517471313 0.39844873547554016 -0.31771326065063477 0.3938046395778656 0.066014103591442108 0.39280050992965698
1196.3451999993995 -0.76962196826934814 0.38310819864273071 0.86060672998428345 0.39873498678207397 -0.33326336741447449 0.41784307360649109 0.092875830829143524 0.40165355801582336
1301.218200000003 -0.57179903984069824 0.37882304191589355 0.92930698394775391 0.42389285564422607 -0.3757362961769104 0.43567776679992676 0.40586033463478088 0.41048222780227661
1406.8548999996856 -0.73772066831588745 0.37948891520500183 0.57004439830780029 0.42216700315475464 -0.65015578269958496 0.54092496633529663 0.70192039012908936 0.55672299861907959
1511.8640999998897 -1.1180044412612915 0.33186343312263489 0.92587661743164063 0.34356784820556641 -1.2041903734207153 0.41930273175239563 1.3122397661209106 0.41940665245056152
1616.9206999987364 -1.0734548568725586 0.33920055627822876 0.88655418157577515 0.34799018502235413 -1.4919114112854004 0.42772063612937927 1.1807771921157837 0.3359408974647522
1713.7368999989703 -1.1631927490234375 0.26609840989112854 0.60428178310394287 0.38357344269752502 -1.5387624502182007 0.30852633714675903 0.35008513927459717 0.64632397890090942
1815.9537000004202 -1.1556146144866943 0.24937500059604645 0.68857467174530029 0.37219074368476868 -1.5889639854431152 0.29516524076461792 1.0470311641693115 0.3880685567855835
1918.9587000003085 -1.0734601020812988 0.24554076790809631 0.8130418062210083 0.34926629066467285 -1.3891596794128418 0.28331667184829712 1.0296247005462646 0.31324410438537598
