47.69370000064373 -0.74854075908660889 0.93239247798919678 0.86841034889221191 1.0902149677276611 -0.86849051713943481 1.4713419675827026 0.71272909641265869 1.6824424266815186
129.31030000373721 -0.75055652856826782 0.93255245685577393 0.82888215780258179 1.0775518417358398 -0.88340169191360474 1.4557795524597168 0.72710627317428589 1.6480624675750732
227.34510000050068 -0.78663641214370728 0.92873901128768921 0.71259504556655884 0.98861235380172729 -0.9293246865272522 1.4343812465667725 0.66221606731414795 1.5571787357330322
318.9087999984622 -0.76510858535766602 1.0001899003982544 0.76222985982894897 1.1459829807281494 -0.90551000833511353 1.5492576360702515 0.67973369359970093 1.7378826141357422
404.94880000129342 -0.990040123462677 1.0608487129211426 0.9151841402053833 1.1674624681472778 -1.127764105796814 1.6653549671173096 0.9057919979095459 1.7620720863342285
490.82990000396967 -1.1283878087997437 1.0887709856033325 0.85465443134307861 1.1780582666397095 -1.0268784761428833 1.616621732711792 0.77135860919952393 1.8342403173446655
574.07769999653101 -1.2333981990814209 1.0787310600280762 0.71355301141738892 1.1319539546966553 -1.1393293142318726 1.7037311792373657 0.93148916959762573 1.8465726375579834
654.20380000025034 -0.88725912570953369 1.0994224548339844 0.84101539850234985 1.1965978145599365 -1.0779924392700195 1.7286810874938965 0.96623575687408447 1.8486869335174561
737.64630000293255 -1.2089629173278809 0.94005268812179565 1.1207497119903564 0.95684695243835449 -1.5121124982833862 1.6319296360015869 1.2753849029541016 1.6039632558822632
825.84850000217557 -1.2414883375167847 0.93198531866073608 0.98244047164916992 0.88205558061599731 -1.2648471593856812 1.740689754486084 1.1861552000045776 1.6336942911148071
911.88280000165105 -1.3245283365249634 0.68397003412246704 1.0505440235137939 0.6299128532409668 -1.0281349420547485 1.3372260332107544 0.95910793542861938 1.1650364398956299
995.92580000311136 -1.6259901523590088 0.61246085166931152 1.3869020938873291 0.58965593576431274 -1.1734113693237305 1.1055183410644531 0.92337173223495483 1.0989227294921875
1079.1123000010848 -0.98093235492706299 0.50578767061233521 0.88025778532028198 0.5340043306350708 -0.72236537933349609 0.87655353546142578 0.43593296408653259 0.83925199508666992
1161.4178999997675 -0.95291197299957275 0.44080248475074768 0.95773035287857056 0.54135429859161377 -0.49430042505264282 0.86732888221740723 0.27641558647155762 0.89808851480484009
1244.7195999994874 -0.86397552490234375 0.52200740575790405 1.0229618549346924 0.59036159515380859 -0.1493927538394928 0.98244714736938477 0.28209993243217468 1.0161229372024536
1330.9281999990344 -0.7180362343788147 0.54017901420593262 1.0012338161468506 0.59068500995635986 -0.11967843025922775 0.98724609613418579 0.30912721157073975 1.0074462890625
1422.7425000034273 -0.93687891960144043 0.51657199859619141 0.9103962779045105 0.56636172533035278 -0.29243782162666321 0.93171465396881104 0.22409993410110474 0.93982434272766113
1509.3059000000358 -0.75113499164581299 0.52245467901229858 1.0500674247741699 0.54292291402816772 -0.13029611110687256 0.91305083036422729 0.38638374209403992 0.91023087501525879
1594.7261000014842 -0.8623422384262085 0.54752707481384277 0.88457036018371582 0.57458138465881348 -0.31519043445587158 0.99341350793838501 0.22036057710647583 1.0001175403594971
1680.9853999987245 -0.65632569789886475 0.50260454416275024 1.0415210723876953 0.52592533826828003 -0.12470747530460358 0.92867374420166016 0.44931834936141968 0.92839431762695313
1768.8620000034571 -0.92035126686096191 0.55314856767654419 0.86158585548400879 0.53202742338180542 -0.309213787317276 0.92151319980621338 0.27858009934425354 0.91769462823867798
1855.7346000000834 -0.91704797744750977 0.53213304281234741 0.86875039339065552 0.53686696290969849 -0.31432461738586426 0.90649622678756714 0.29638779163360596 0.89987087249755859
1937.9862000010908 -0.74436628818511963 0.51398855447769165 1.0906441211700439 0.52008914947509766 -0.14498955011367798 0.89492946863174438 0.51311784982681274 0.87916159629821777
