3.1968000009655952 -0.66174417734146118 0.89830642938613892 0.56092733144760132 0.92990893125534058 -0.78901714086532593 1.3589773178100586 0.75380748510360718 1.3597608804702759
90.835900001227856 -0.63352292776107788 0.88925468921661377 0.53600203990936279 0.92279177904129028 -0.74603766202926636 1.3334752321243286 0.72511422634124756 1.3521169424057007
183.80150000378489 -0.64534455537796021 0.8793298602104187 0.53430408239364624 0.94235950708389282 -0.76767969131469727 1.330236554145813 0.75930196046829224 1.3516205549240112
279.15860000252724 -0.64828735589981079 0.88474345207214355 0.54137754440307617 0.92824047803878784 -0.78760784864425659 1.3572854995727539 0.75263601541519165 1.3562504053115845
365.596700001508 -0.64730721712112427 0.8889504075050354 0.55487662553787231 0.9362906813621521 -0.79571342468261719 1.3605222702026367 0.77678924798965454 1.3552778959274292
448.09020000323653 -0.6419110894203186 0.90211683511734009 0.54460889101028442 0.93464112281799316 -0.78358393907546997 1.3814587593078613 0.7711864709854126 1.3502742052078247
531.91190000623465 -0.67155587673187256 0.8959994912147522 0.61683160066604614 0.96300375461578369 -0.8005867600440979 1.3621625900268555 0.72183775901794434 1.4924073219299316
616.89120000228286 -0.69917428493499756 0.90193647146224976 0.59488177299499512 0.94994276762008667 -0.79761457443237305 1.3617547750473022 0.83441382646560669 1.3442715406417847
700.35170000419021 -0.80867034196853638 0.89160442352294922 0.73109614849090576 0.96722358465194702 -0.93650662899017334 1.4211574792861938 1.1138989925384521 1.5049636363983154
799.03750000149012 -0.80311524868011475 0.86881774663925171 0.81405693292617798 0.93332654237747192 -1.0310728549957275 1.4651693105697632 1.0331085920333862 1.4895801544189453
883.40450000017881 -0.68215352296829224 0.97485947608947754 0.57854324579238892 0.79689037799835205 -0.81409269571304321 0.94393885135650635 0.86321765184402466 0.91545331478118896
969.76190000027418 -0.76965999603271484 0.58961969614028931 0.84457772970199585 0.66492289304733276 -0.7433699369430542 0.67764747142791748 0.51606220006942749 0.66178900003433228
1055.9380000047386 -0.69879770278930664 0.58357721567153931 1.001711368560791 0.53001892566680908 -0.15048985183238983 0.57562685012817383 0.87348264455795288 0.56180834770202637
1140.8073000051081 -0.52371037006378174 0.60484272241592407 0.95712250471115112 0.52257150411605835 -0.11455492675304413 0.61039602756500244 0.7487102746963501 0.58280014991760254
1227.5043000020087 -0.87205213308334351 0.58585256338119507 0.86766070127487183 0.5721697211265564 -0.34999552369117737 0.59714406728744507 0.61203420162200928 0.60517102479934692
1311.299200002104 -1.0156509876251221 0.57574790716171265 0.86493611335754395 0.59230798482894897 -0.39502447843551636 0.57438212633132935 0.92797130346298218 0.57206857204437256
1417.5389000028372 -1.1866109371185303 0.55984222888946533 1.339907169342041 0.5261911153793335 -1.1043516397476196 0.56419914960861206 1.6990731954574585 0.64799857139587402
1501.817900005728 -1.7943441867828369 0.57726138830184937 1.2085720300674438 0.51405256986618042 -1.8040685653686523 0.49980154633522034 2.2667224407196045 0.61050158739089966
1584.9708000011742 -1.4703806638717651 0.49768298864364624 1.5109080076217651 0.53473383188247681 -2.3271539211273193 0.58824539184570313 2.6132173538208008 0.55376136302947998
1669.792199999094 -1.3633869886398315 0.48474836349487305 1.311732292175293 0.51801973581314087 -2.2481503486633301 0.57086479663848877 2.3370447158813477 0.56961500644683838
1754.1898000016809 -1.3563449382781982 0.48471304774284363 1.3718425035476685 0.52577638626098633 -2.2497868537902832 0.56847578287124634 2.4492294788360596 0.53782743215560913
1837.7699000015855 -1.4225854873657227 0.48816767334938049 1.3147149085998535 0.53414314985275269 -2.3174135684967041 0.56270217895507813 2.4265522956848145 0.54939424991607666
1924.4977000020444 -1.4533615112304688 0.50158488750457764 1.5336720943450928 0.52278459072113037 -2.3820488452911377 0.56953698396682739 2.3949005603790283 0.56859469413757324
