14.755599990487099 -0.63974118232727051 0.86838775873184204 0.68274992704391479 0.90021878480911255 -0.68435132503509521 1.337151050567627 0.61432218551635742 1.3318479061126709
107.09199997782707 -0.64322417974472046 0.86833900213241577 0.6952778697013855 0.90743929147720337 -0.6819726824760437 1.334924578666687 0.5998842716217041 1.3417835235595703
195.77989999949932 -0.6498492956161499 0.8727562427520752 0.6886526346206665 0.90846908092498779 -0.67632377147674561 1.3386929035186768 0.6075204610824585 1.3464685678482056
289.72969999909401 -0.66413110494613647 0.86554497480392456 0.68969857692718506 0.90842598676681519 -0.68941599130630493 1.3397194147109985 0.61346638202667236 1.3427731990814209
382.72630000114441 -0.64356404542922974 0.86892741918563843 0.69004130363464355 0.89609766006469727 -0.67585152387619019 1.3390754461288452 0.63400042057037354 1.3345518112182617
476.9822999984026 -0.64678388833999634 0.86344867944717407 0.71438366174697876 0.89829397201538086 -0.67984104156494141 1.3351448774337769 0.6468544602394104 1.3344029188156128
563.18780000507832 -0.67309767007827759 0.86847996711730957 0.71430623531341553 0.88487690687179565 -0.68559420108795166 1.3320497274398804 0.65256160497665405 1.3220410346984863
656.50990000367165 -0.84398961067199707 0.81939274072647095 0.89753526449203491 0.81917279958724976 -0.74624693393707275 1.2813441753387451 0.6860540509223938 1.297473669052124
749.18199999630451 -0.95977109670639038 0.77555406093597412 0.9435499906539917 0.74069815874099731 -0.68392747640609741 1.1890919208526611 0.64404463768005371 1.1606876850128174
841.08389998972416 -1.0027375221252441 0.58358192443847656 0.93661195039749146 0.55870223045349121 -0.5674864649772644 0.86806154251098633 0.43510213494300842 0.77782666683197021
929.12419998645782 -1.0335137844085693 0.49950492382049561 0.90698730945587158 0.52135223150253296 -0.48596960306167603 0.80239063501358032 0.37286078929901123 0.73756510019302368
1019.6303000003099 -1.0178707838058472 0.48613500595092773 0.84100669622421265 0.51524430513381958 -0.36289870738983154 0.77480727434158325 0.27816241979598999 0.7013852596282959
1107.5231999754906 -0.92706179618835449 0.48734468221664429 0.79566848278045654 0.50024008750915527 -0.2353682667016983 0.74998879432678223 0.20117175579071045 0.68809479475021362
1195.0864000022411 -0.90989619493484497 0.49139130115509033 0.84001487493515015 0.49176570773124695 -0.22113099694252014 0.75802767276763916 0.23311233520507813 0.68349295854568481
1285.3315000087023 -0.91387885808944702 0.49497288465499878 0.8267485499382019 0.49608093500137329 -0.22168217599391937 0.7665361762046814 0.22093233466148376 0.67738842964172363
1373.9583999961615 -0.92237222194671631 0.50478142499923706 0.84825867414474487 0.48147466778755188 -0.20775756239891052 0.7524726390838623 0.20390118658542633 0.66604632139205933
1467.2676999866962 -0.90081268548965454 0.49509081244468689 0.90443938970565796 0.47319820523262024 -0.20382826030254364 0.77007520198822021 0.22040407359600067 0.69956189393997192
1560.0073999911547 -0.87986648082733154 0.4924774169921875 0.84353554248809814 0.49145564436912537 -0.20641139149665833 0.75917547941207886 0.22055549919605255 0.68788361549377441
1652.6078999936581 -0.90842139720916748 0.48879599571228027 0.87944096326828003 0.4630810022354126 -0.22561937570571899 0.75591552257537842 0.2083326131105423 0.68521428108215332
1745.2475000023842 -0.92036169767379761 0.48748716711997986 0.84015202522277832 0.49116837978363037 -0.22697731852531433 0.74759846925735474 0.21722434461116791 0.66988623142242432
1837.9002999812365 -0.90704089403152466 0.48452103137969971 0.84229195117950439 0.48836547136306763 -0.22281281650066376 0.74635982513427734 0.20898506045341492 0.67747390270233154
1925.8851000070572 -0.89821285009384155 0.48538267612457275 0.87016373872756958 0.45970603823661804 -0.22469264268875122 0.74863129854202271 0.20147639513015747 0.67843306064605713
2012.871400013566 -0.92809826135635376 0.4850919246673584 0.84559845924377441 0.48650830984115601 -0.23055747151374817 0.75424486398696899 0.21853317320346832 0.67518085241317749
