0.0 -0.73547589778900146 0.77225673198699951 0.63242644071578979 0.75511473417282104 -0.70763343572616577 1.156690239906311 0.57917660474777222 1.1405001878738403
89.327500000596046 -0.71630507707595825 0.7757340669631958 0.64887982606887817 0.75608503818511963 -0.6848645806312561 1.1610901355743408 0.65424430370330811 1.1335068941116333
180.43939998745918 -0.7195512056350708 0.77302300930023193 0.6479913592338562 0.75157618522644043 -0.70144885778427124 1.1513655185699463 0.60316240787506104 1.1317893266677856
265.93049998581409 -0.71036195755004883 0.77280467748641968 0.67235738039016724 0.75082194805145264 -0.69771456718444824 1.158104419708252 0.63309353590011597 1.1345086097717285
351.81970000267029 -0.7168927788734436 0.77133184671401978 0.66756457090377808 0.7466999888420105 -0.6999131441116333 1.1522711515426636 0.63375228643417358 1.1309033632278442
438.0094999819994 -0.73298740386962891 0.78193962574005127 0.66848242282867432 0.74828797578811646 -0.69576442241668701 1.1649351119995117 0.67691636085510254 1.1247391700744629
532.01759998500347 -0.73855608701705933 0.77505785226821899 0.65289491415023804 0.73568886518478394 -0.70157641172409058 1.1561501026153564 0.65422332286834717 1.1197934150695801
624.41029998660088 -0.73363256454467773 0.77232944965362549 0.64861541986465454 0.72499608993530273 -0.68829280138015747 1.1429553031921387 0.69471943378448486 1.1273502111434937
715.93759998679161 -0.72804921865463257 0.7183493971824646 0.70629042387008667 0.70256203413009644 -0.70800286531448364 1.0755544900894165 0.7228243350982666 1.0654369592666626
801.183399990201 -0.7591521143913269 0.58190566301345825 0.69522720575332642 0.60181021690368652 -0.62096112966537476 0.79752147197723389 0.53125560283660889 0.80624270439147949
894.36709998548031 -0.78839021921157837 0.58696407079696655 0.59113675355911255 0.56675595045089722 -0.46370422840118408 0.67180204391479492 0.22525887191295624 0.69324326515197754
985.95899999141693 -0.69877082109451294 0.56275331974029541 0.57406324148178101 0.56196802854537964 -0.25261944532394409 0.58038938045501709 0.059541370719671249 0.62891530990600586
1079.8662000000477 -0.68232309818267822 0.54658567905426025 0.5165979266166687 0.54857039451599121 -0.30705943703651428 0.52965092658996582 -0.043550603091716766 0.5940287709236145
1175.2425999939442 -0.68265575170516968 0.55070990324020386 0.5003315806388855 0.54873847961425781 -0.2591528594493866 0.55765229463577271 -0.019299982115626335 0.61005616188049316
1267.8743999898434 -0.78358316421508789 0.56313019990921021 0.57596868276596069 0.55731725692749023 -0.43685773015022278 0.58251410722732544 0.16784657537937164 0.62567406892776489
1361.7200999855995 -0.76049470901489258 0.7472725510597229 0.75741785764694214 0.54111528396606445 -0.7353319525718689 0.63277274370193481 0.60363447666168213 0.66964513063430786
1455.6206999868155 -1.0658141374588013 0.53707855939865112 1.0824577808380127 0.55068641901016235 -1.7088847160339355 0.66740691661834717 1.6823505163192749 0.71138560771942139
1547.3820999860764 -1.2147178649902344 0.51849657297134399 1.3444353342056274 0.54947984218597412 -1.9852238893508911 0.63109123706817627 2.1845061779022217 0.65892195701599121
1638.0217999964952 -1.2473160028457642 0.50384968519210815 1.3524150848388672 0.49451655149459839 -2.0930891036987305 0.61121374368667603 2.291881799697876 0.6219591498374939
1727.3475999832153 -1.1484833955764771 0.49327829480171204 1.2057267427444458 0.47467300295829773 -1.9032189846038818 0.61111879348754883 2.0385503768920898 0.5739980936050415
1814.1658999919891 -1.1341598033905029 0.49695146083831787 1.2088086605072021 0.46957722306251526 -1.8483791351318359 0.61471724510192871 1.9921160936355591 0.56140363216400146
1903.1095999926329 -1.1611781120300293 0.49540665745735168 1.2594159841537476 0.46223157644271851 -1.8820595741271973 0.61832517385482788 1.993659496307373 0.56299936771392822
1993.1941000074148 -1.2081999778747559 0.47817584872245789 1.2085565328598022 0.46964451670646667 -1.9211181402206421 0.6102563738822937 2.010512113571167 0.56723630428314209
