54.820700000040233 -0.74073827266693115 0.45208123326301575 0.46246671676635742 0.4407992959022522 -0.60014146566390991 0.71013736724853516 0.53400599956512451 0.66446352005004883
164.93099999986589 -0.75455701351165771 0.45393982529640198 0.45698282122612 0.44256439805030823 -0.67194092273712158 0.72132003307342529 0.53438127040863037 0.66584557294845581
271.77229999937117 -0.74879956245422363 0.45502865314483643 0.45872959494590759 0.43742740154266357 -0.66425007581710815 0.72395062446594238 0.55479586124420166 0.65769064426422119
376.61060000024736 -0.75077283382415771 0.45515850186347961 0.46496689319610596 0.43938553333282471 -0.60302603244781494 0.71297836303710938 0.54594391584396362 0.66449946165084839
482.90809999965131 -0.75655263662338257 0.45476835966110229 0.49728938937187195 0.43757465481758118 -0.62068742513656616 0.71310776472091675 0.59171277284622192 0.66191744804382324
587.14259999990463 -0.76602822542190552 0.45345422625541687 0.48455879092216492 0.43964451551437378 -0.63452839851379395 0.70240277051925659 0.58499807119369507 0.66582053899765015
694.21359999943525 -0.79223597049713135 0.45837369561195374 0.5127791166305542 0.45247498154640198 -0.74599725008010864 0.72478902339935303 0.67444109916687012 0.6948319673538208
802.80299999937415 -0.77001512050628662 0.45204022526741028 0.51027822494506836 0.4530903697013855 -0.62588208913803101 0.70315068960189819 0.64950007200241089 0.69643551111221313
904.91279999911785 -0.5210345983505249 0.46331402659416199 0.79886519908905029 0.44819310307502747 -0.5593298077583313 0.64893358945846558 0.55674839019775391 0.63813632726669312
1007.7614000001922 -0.51523089408874512 0.38837113976478577 0.95015931129455566 0.42536371946334839 -0.29511308670043945 0.45583686232566833 0.41705194115638733 0.43495732545852661
1116.8435000004247 -0.74959194660186768 0.38054680824279785 0.99043798446655273 0.41434699296951294 -0.26368269324302673 0.43539100885391235 0.33170115947723389 0.4108726978302002
1210.9354999996722 -0.7030864953994751 0.39217901229858398 0.97143769264221191 0.41111642122268677 -0.21589575707912445 0.46602845191955566 0.44861024618148804 0.41926053166389465
1314.7309999996796 -0.51381367444992065 0.39782950282096863 0.95966845750808716 0.39476221799850464 -0.337758868932724 0.48115077614784241 0.45500358939170837 0.43864518404006958
1417.2083000000566 -0.71817135810852051 0.4138529896736145 0.62184065580368042 0.42314237356185913 -0.50194531679153442 0.61508667469024658 0.76211971044540405 0.56867784261703491
1526.0412999996915 -0.84820950031280518 0.37974759936332703 0.75900238752365112 0.40140804648399353 -1.0696016550064087 0.50253456830978394 0.94150954484939575 0.46300199627876282
1637.6588999992236 -1.1596987247467041 0.35715794563293457 1.0022373199462891 0.35372439026832581 -1.6063786745071411 0.47242051362991333 1.4178054332733154 0.42805635929107666
1743.5126999998465 -0.86846238374710083 0.32126909494400024 1.0002561807632446 0.3689199686050415 -1.1801716089248657 0.39557379484176636 1.1249833106994629 0.33687534928321838
1857.1882999995723 -1.0720248222351074 0.29616400599479675 0.79937636852264404 0.37256467342376709 -1.3487502336502075 0.35154488682746887 1.0246301889419556 0.330767422914505
1952.8210999993607 -1.1212117671966553 0.33399838209152222 0.76468354463577271 0.4075329601764679 -1.5377341508865356 0.37711721658706665 0.34426122903823853 0.65670192241668701
