5.0623999992385507 -0.86049294471740723 0.62351930141448975 0.64496308565139771 0.68664354085922241 -0.8545536994934082 1.043250560760498 0.68376684188842773 1.0642802715301514
125.93099999986589 -0.81993389129638672 0.62738853693008423 0.63692206144332886 0.69004523754119873 -0.86991554498672485 1.0331562757492065 0.64888131618499756 1.0582964420318604
248.96829999983311 -0.836750328540802 0.62958675622940063 0.65029621124267578 0.69412475824356079 -0.89034152030944824 1.0352368354797363 0.68244713544845581 1.0653828382492065
372.1706999996677 -0.81023561954498291 0.62910163402557373 0.66237336397171021 0.69094252586364746 -0.86468380689620972 1.0378096103668213 0.68200141191482544 1.0671384334564209
493.4863999998197 -0.85088491439819336 0.63474339246749878 0.68053805828094482 0.66330498456954956 -0.88343906402587891 1.0426770448684692 0.74192744493484497 1.0292748212814331
608.01429999899119 -0.92252618074417114 0.62716448307037354 0.7714235782623291 0.68614488840103149 -0.95363163948059082 1.0579626560211182 0.8880271315574646 1.0675419569015503
715.70080000068992 -0.95827150344848633 0.6654965877532959 0.75628703832626343 0.63981002569198608 -1.0671344995498657 1.0438501834869385 0.84602344036102295 1.0315274000167847
839.17959999945015 -0.93459451198577881 0.50649809837341309 0.68877065181732178 0.52579194307327271 -0.70382612943649292 0.77477020025253296 0.84121960401535034 0.77130484580993652
962.15020000003278 -0.99260473251342773 0.56844562292098999 0.57965099811553955 0.54134911298751831 -0.4361346960067749 0.58672159910202026 0.60922336578369141 0.57042533159255981
1071.5016999999061 -0.6959720253944397 0.46234795451164246 0.61113709211349487 0.52328407764434814 -0.38195186853408813 0.51489174365997314 0.13916692137718201 0.55400651693344116
1188.5131999999285 -0.63798099756240845 0.46281537413597107 0.63308221101760864 0.52933591604232788 -0.35465455055236816 0.53403651714324951 0.28209850192070007 0.56774669885635376
1315.3460999997333 -0.62791717052459717 0.47077137231826782 0.61545729637145996 0.52731472253799438 -0.38013118505477905 0.54347628355026245 0.18819811940193176 0.56734180450439453
1424.8490000003949 -0.61030864715576172 0.46659824252128601 0.59991180896759033 0.52112174034118652 -0.092390082776546478 0.60194718837738037 0.35945537686347961 0.56263852119445801
1544.6917000003159 -0.83092713356018066 0.58963316679000854 0.67294615507125854 0.55013024806976318 -0.39862510561943054 0.52036547660827637 0.59703230857849121 0.55527216196060181
1667.0408999994397 -1.1804426908493042 0.45822978019714355 1.29224693775177 0.46242627501487732 -1.6037603616714478 0.63106858730316162 1.8622167110443115 0.56806367635726929
1786.2766000004485 -1.2020175457000732 0.46487072110176086 1.2586990594863892 0.50118404626846313 -2.2501499652862549 0.68196785449981689 2.3244287967681885 0.63983058929443359
1907.1758000003174 -1.301896333694458 0.43623054027557373 1.3632876873016357 0.48218366503715515 -2.4551169872283936 0.67890918254852295 2.3107395172119141 0.59842991828918457
