66.873399998992682 -0.67498993873596191 0.87825304269790649 0.51462084054946899 0.94046461582183838 -0.7639542818069458 1.2983825206756592 0.57165974378585815 1.3570687770843506
153.83619999885559 -0.95019495487213135 0.88005024194717407 0.53375244140625 0.95770156383514404 -0.75839495658874512 1.3129698038101196 0.56937521696090698 1.4717044830322266
235.84610000252724 -0.95813041925430298 0.87688881158828735 0.51592457294464111 0.95158505439758301 -0.76015359163284302 1.307625412940979 0.51855003833770752 1.4759479761123657
330.10990000143647 -0.96384024620056152 0.88502240180969238 0.53575736284255981 0.90454667806625366 -0.78901046514511108 1.3123172521591187 0.71708279848098755 1.3354322910308838
425.96639999747276 -0.98945486545562744 0.92305535078048706 0.57444316148757935 0.94075667858123779 -0.83176660537719727 1.3693411350250244 0.77064383029937744 1.3950197696685791
513.94759999960661 -0.8762441873550415 0.84606260061264038 0.79569655656814575 0.92422789335250854 -0.99340856075286865 1.341212272644043 1.0406099557876587 1.5146366357803345
597.24399999901652 -1.1095963716506958 0.80157727003097534 0.8465539813041687 0.80536866188049316 -1.3375170230865479 1.3304622173309326 1.1854685544967651 1.3346931934356689
679.50469999760389 -1.3219562768936157 0.72492772340774536 0.89266538619995117 0.71370029449462891 -1.3580359220504761 1.2990142107009888 1.132122278213501 1.3142942190170288
764.63010000064969 -1.127711296081543 0.6981351375579834 1.1591141223907471 0.6401936411857605 -1.42979896068573 1.3020758628845215 1.3602921962738037 1.1696584224700928
859.05119999870658 -1.1279945373535156 0.60104930400848389 1.2284198999404907 0.57004421949386597 -1.4381470680236816 1.1904091835021973 1.3080571889877319 1.1104671955108643
955.87429999932647 -1.2045943737030029 0.53351986408233643 1.140189528465271 0.49881461262702942 -1.426932692527771 1.0415018796920776 1.2072004079818726 1.0149866342544556
1040.5263999998569 -1.4521886110305786 0.41206929087638855 1.2258492708206177 0.4668925404548645 -1.1289286613464355 0.79518365859985352 0.91987240314483643 0.79732763767242432
1128.2364999987185 -1.0715588331222534 0.43467405438423157 0.94994097948074341 0.47651320695877075 -0.62421655654907227 0.78472203016281128 0.52886921167373657 0.79014468193054199
1212.6675999984145 -0.73722177743911743 0.40084058046340942 0.976085364818573 0.48371338844299316 -0.37902340292930603 0.78261429071426392 0.57228642702102661 0.74694037437438965
1298.2520000003278 -0.60408645868301392 0.51357680559158325 0.92208105325698853 0.51539170742034912 -0.026819620281457901 0.84742230176925659 0.46136137843132019 0.8559688925743103
1383.4946999996901 -0.75279152393341064 0.48068898916244507 1.0595821142196655 0.49739336967468262 -0.017260376363992691 0.80425947904586792 0.53271663188934326 0.84939563274383545
1475.0136999972165 -0.94352585077285767 0.49203333258628845 0.81797689199447632 0.51199883222579956 -0.18899527192115784 0.83173084259033203 0.39081832766532898 0.86367535591125488
1561.8033999986947 -0.66297829151153564 0.53013318777084351 0.90200901031494141 0.48367244005203247 -0.02835785411298275 0.82157623767852783 0.52439957857131958 0.85360038280487061
1645.3676999993622 -0.65879654884338379 0.49421161413192749 0.9651302695274353 0.4962022602558136 -0.028183050453662872 0.81557273864746094 0.52929919958114624 0.84105408191680908
1731.7554999999702 -0.64097350835800171 0.49221399426460266 0.92861634492874146 0.485787034034729 -0.0067666936665773392 0.80752032995223999 0.52899116277694702 0.82665246725082397
1816.8245999999344 -0.65238171815872192 0.48855873942375183 0.90723830461502075 0.48339647054672241 -0.029854157939553261 0.79661387205123901 0.49243718385696411 0.82714235782623291
1903.7631999999285 -0.6609114408493042 0.4936719536781311 0.86584955453872681 0.48161235451698303 -0.043949935585260391 0.79042816162109375 0.45035198330879211 0.8146098256111145
1988.7956999987364 -0.64959096908569336 0.51401042938232422 0.87447929382324219 0.4942944347858429 -0.043783731758594513 0.81639939546585083 0.41137471795082092 0.85111320018768311
