63.169299999251962 -0.80825752019882202 0.67810022830963135 0.55458211898803711 0.62034177780151367 -0.74998211860656738 1.0479146242141724 0.63261735439300537 0.90729033946990967
144.71040000207722 -0.81607514619827271 0.67652368545532227 0.54751211404800415 0.61708563566207886 -0.75371664762496948 1.0532851219177246 0.62329763174057007 0.91440093517303467
227.85249999910593 -0.79744762182235718 0.67268800735473633 0.56585055589675903 0.61699247360229492 -0.74115645885467529 1.0453153848648071 0.64478904008865356 0.90632784366607666
314.02480000071228 -0.79988193511962891 0.67578577995300293 0.56429421901702881 0.6367793083190918 -0.74374163150787354 1.0492528676986694 0.63028645515441895 0.95651179552078247
413.21759999915957 -0.75682836771011353 0.6789623498916626 0.63075512647628784 0.66284650564193726 -0.72952651977539063 1.0605812072753906 0.66106367111206055 1.0170600414276123
504.97240000031888 -0.77893126010894775 0.67309486865997314 0.66405808925628662 0.65142625570297241 -0.75658392906188965 1.0398527383804321 0.67348986864089966 1.0079944133758545
594.43360000103712 -0.88030171394348145 0.62379580736160278 0.82232886552810669 0.47813117504119873 -0.8265531063079834 0.93248426914215088 0.93967902660369873 0.61132538318634033
681.66760000027716 -0.96786254644393921 0.51352977752685547 0.88111972808837891 0.37875810265541077 -0.92311310768127441 0.72803181409835815 0.71875417232513428 0.30264875292778015
771.82489999942482 -0.94149112701416016 0.44295257329940796 0.93880826234817505 0.24527914822101593 -0.71944946050643921 0.43175214529037476 0.65200376510620117 -0.052734453231096268
858.55570000037551 -0.9709736704826355 0.37782937288284302 0.85687631368637085 0.20276749134063721 -0.69061732292175293 0.21158161759376526 0.61184757947921753 -0.10989284515380859
949.24440000019968 -0.92980366945266724 0.29846441745758057 0.99317330121994019 0.13518151640892029 -0.63636273145675659 0.032911863178014755 0.63053679466247559 -0.15769203007221222
1038.6744999997318 -0.75314593315124512 0.23861069977283478 0.92529433965682983 0.13512425124645233 -0.44881048798561096 -0.11513788253068924 0.66055172681808472 -0.11254730820655823
1127.624200001359 -0.75680261850357056 0.25106307864189148 0.83322566747665405 0.076970785856246948 -0.49882835149765015 -0.058447036892175674 0.57336384057998657 -0.23068277537822723
1217.5170000009239 -0.72908735275268555 0.21986398100852966 0.85537236928939819 0.1103343665599823 -0.33741044998168945 -0.1304655522108078 0.53484183549880981 -0.1731853187084198
1309.4194000009447 -0.6704220175743103 0.21284927427768707 0.88325333595275879 0.13537752628326416 -0.28954675793647766 -0.19715708494186401 0.59126317501068115 -0.15612827241420746
1404.0956999994814 -0.81309890747070313 0.26575127243995667 0.89452677965164185 0.033672858029603958 -0.36600834131240845 -0.13224475085735321 0.63575601577758789 -0.26650121808052063
1491.0628999993205 -0.7730715274810791 0.2110430896282196 0.83643054962158203 0.056935474276542664 -0.23488916456699371 -0.1912447065114975 0.55742841958999634 -0.24239961802959442
1577.3374000005424 -0.74412178993225098 0.18934373557567596 0.83249133825302124 0.13071539998054504 -0.35127872228622437 -0.25197550654411316 0.54212909936904907 -0.20083047449588776
1667.1214000005275 -0.80394482612609863 0.22653107345104218 0.80252009630203247 0.082117147743701935 -0.28310468792915344 -0.18964657187461853 0.48790612816810608 -0.21585758030414581
1758.9533000010997 -0.81659287214279175 0.23622812330722809 0.8402370810508728 0.038439948111772537 -0.29997122287750244 -0.14311334490776062 0.57572442293167114 -0.26770186424255371
1851.3037000000477 -0.81273025274276733 0.19440697133541107 0.81327784061431885 0.12223460525274277 -0.24771776795387268 -0.23455324769020081 0.45849522948265076 -0.23493769764900208
1936.2993999999017 -0.80643004179000854 0.18555255234241486 0.81701254844665527 0.11144476383924484 -0.29591238498687744 -0.21909318864345551 0.43726339936256409 -0.22330735623836517
