34.041300000622869 -0.66986501216888428 0.68738394975662231 0.62560337781906128 0.6627768874168396 -0.63286304473876953 1.0583146810531616 0.64815747737884521 1.0256136655807495
141.992800001055 -0.67011946439743042 0.70020997524261475 0.63349640369415283 0.66376960277557373 -0.61574476957321167 1.0652061700820923 0.65724128484725952 1.0259965658187866
247.6917000003159 -0.67327767610549927 0.69062435626983643 0.6319156289100647 0.66907060146331787 -0.62831175327301025 1.0665601491928101 0.65579307079315186 1.0301917791366577
350.15060000121593 -0.67320072650909424 0.69543230533599854 0.63604581356048584 0.68348836898803711 -0.61402648687362671 1.0696943998336792 0.67291951179504395 1.0431208610534668
449.58449999988079 -0.66094678640365601 0.69672602415084839 0.65005314350128174 0.68749415874481201 -0.584697425365448 1.0355406999588013 0.67272520065307617 1.0493267774581909
551.28680000267923 -0.64098429679870605 0.66680210828781128 0.61582750082015991 0.66552162170410156 -0.46783936023712158 0.95577770471572876 0.5891147255897522 0.99737924337387085
657.23460000194609 -0.63879162073135376 0.53099197149276733 0.60841834545135498 0.55376076698303223 -0.41783234477043152 0.73340338468551636 0.39649313688278198 0.7488211989402771
759.33770000189543 -0.69659888744354248 0.48993414640426636 0.65057486295700073 0.51827841997146606 -0.2870928943157196 0.6512683629989624 0.32511997222900391 0.64868080615997314
861.19919999875128 -0.6771884560585022 0.47580486536026001 0.55304855108261108 0.44904094934463501 -0.29610204696655273 0.49684831500053406 0.16862061619758606 0.53866255283355713
958.79910000041127 -0.69749408960342407 0.46469715237617493 0.5582844614982605 0.45961019396781921 -0.30730289220809937 0.49527373909950256 0.17940235137939453 0.54045999050140381
1061.9152000006288 -0.72193139791488647 0.46273180842399597 0.61196434497833252 0.46120482683181763 -0.31466612219810486 0.50823062658309937 0.31027218699455261 0.52916181087493896
1165.5940000023693 -0.69660061597824097 0.54814672470092773 0.73578953742980957 0.45031267404556274 -0.69185501337051392 0.64218848943710327 0.79983383417129517 0.60402309894561768
1266.2506000008434 -1.0613248348236084 0.46824902296066284 1.1352472305297852 0.45086997747421265 -1.5526615381240845 0.65565991401672363 1.8585250377655029 0.61325407028198242
1364.869900001213 -1.1434410810470581 0.44803398847579956 1.2488795518875122 0.43020310997962952 -1.8503170013427734 0.63697284460067749 2.1167829036712646 0.57587742805480957
1464.9395000003278 -1.1314640045166016 0.45271763205528259 1.1875765323638916 0.4057772159576416 -1.8249390125274658 0.59916400909423828 2.0616559982299805 0.50983327627182007
1563.8947000037879 -1.1718786954879761 0.43887653946876526 1.2538563013076782 0.40302565693855286 -1.9374220371246338 0.57618772983551025 2.0927448272705078 0.49878710508346558
1665.7402000036091 -1.1540541648864746 0.43984508514404297 1.179768443107605 0.39988341927528381 -1.8965044021606445 0.57726389169692993 1.9879924058914185 0.49538210034370422
1771.055600002408 -1.1788939237594604 0.44593802094459534 1.1887928247451782 0.40710970759391785 -1.932108998298645 0.57593977451324463 2.0480546951293945 0.50640934705734253
1873.4365999996662 -1.1913669109344482 0.44950464367866516 1.2027401924133301 0.4070701003074646 -1.9399458169937134 0.57818317413330078 2.0542874336242676 0.50832194089889526
1974.0307999998331 -1.1766196489334106 0.44292691349983215 1.2060890197753906 0.40578475594520569 -1.9463785886764526 0.57657766342163086 2.0777554512023926 0.51165664196014404
