92.388499999418855 -0.68675017356872559 0.66971069574356079 0.6144561767578125 0.62960481643676758 -0.69833940267562866 0.97141516208648682 0.64850753545761108 0.95901364088058472
193.03010000102222 -0.68512165546417236 0.67949366569519043 0.60999470949172974 0.63313841819763184 -0.69377321004867554 0.97805815935134888 0.65366083383560181 0.96299290657043457
294.88600000180304 -0.67795336246490479 0.67753273248672485 0.60628092288970947 0.6298295259475708 -0.65824425220489502 0.98160737752914429 0.63888424634933472 0.96069633960723877
397.57750000245869 -0.71684283018112183 0.66318243741989136 0.60679423809051514 0.62532252073287964 -0.65421181917190552 0.98122209310531616 0.62585341930389404 0.95780152082443237
505.1526999995113 -0.7185027003288269 0.65683716535568237 0.63532984256744385 0.62204170227050781 -0.6650540828704834 0.97414374351501465 0.65898311138153076 0.95150697231292725
604.69879999943078 -0.69259911775588989 0.65074843168258667 0.62831312417984009 0.62535732984542847 -0.64450836181640625 0.97965753078460693 0.66140347719192505 0.95810198783874512
705.74410000257194 -0.67433393001556396 0.64825093746185303 0.62959396839141846 0.65137279033660889 -0.55266255140304565 0.97796553373336792 0.64534789323806763 0.98297762870788574
809.25180000066757 -0.63979184627532959 0.6310429573059082 0.63641202449798584 0.60466855764389038 -0.514332115650177 0.93926489353179932 0.61130911111831665 0.95217299461364746
910.23589999973774 -0.65105462074279785 0.51722925901412964 0.63729721307754517 0.51337534189224243 -0.41284540295600891 0.76083254814147949 0.42937555909156799 0.72437596321105957
1010.4239999987186 -0.70527923107147217 0.50227713584899902 0.71778261661529541 0.45107036828994751 -0.33858683705329895 0.65404254198074341 0.38659584522247314 0.62465173006057739
1109.7945000026375 -0.6965373158454895 0.4544316828250885 0.68812090158462524 0.43515846133232117 -0.3522050678730011 0.46361079812049866 0.28512182831764221 0.48471620678901672
1210.5779000017792 -0.68620079755783081 0.44133806228637695 0.68402409553527832 0.43611529469490051 -0.34550535678863525 0.45911076664924622 0.27068197727203369 0.48756378889083862
1310.5339000020176 -0.71805047988891602 0.4680582582950592 0.70041215419769287 0.44819557666778564 -0.38707339763641357 0.53793346881866455 0.42929193377494812 0.56461441516876221
1416.9348000008613 -0.73097681999206543 0.55058491230010986 0.71134817600250244 0.41752240061759949 -0.66650813817977905 0.65171492099761963 0.78703081607818604 0.56753325462341309
1516.4337000008672 -1.1783566474914551 0.46936368942260742 1.1199190616607666 0.43864095211029053 -1.6733659505844116 0.63527333736419678 1.8543072938919067 0.6286771297454834
1620.1413999982178 -1.1881272792816162 0.44133648276329041 1.2565999031066895 0.43264907598495483 -1.7687082290649414 0.5918731689453125 2.0132589340209961 0.58737260103225708
1725.3370000012219 -1.1708914041519165 0.42070192098617554 1.2505369186401367 0.39163720607757568 -1.8582181930541992 0.53672170639038086 1.9911298751831055 0.49932271242141724
1828.9011000003666 -1.1430977582931519 0.41839954257011414 1.1431277990341187 0.38631629943847656 -1.8259409666061401 0.53062409162521362 1.877313494682312 0.48798304796218872
1939.1666000019759 -1.1367925405502319 0.41526371240615845 1.1556628942489624 0.37919709086418152 -1.7947776317596436 0.52144724130630493 1.8624476194381714 0.4795745313167572
