16.078499999828637 -0.8119925856590271 0.65512698888778687 0.59338772296905518 0.68771117925643921 -0.75024056434631348 1.0231091976165771 0.51076406240463257 1.0313248634338379
117.79189999960363 -0.80131596326828003 0.65455073118209839 0.59944289922714233 0.6642991304397583 -0.74701410531997681 1.0127521753311157 0.55950647592544556 1.0430809259414673
226.46129999961704 -0.77264457941055298 0.66433745622634888 0.61251401901245117 0.66815251111984253 -0.71756160259246826 1.0274238586425781 0.53686219453811646 1.0278301239013672
325.66479999944568 -0.78461629152297974 0.65703433752059937 0.56636756658554077 0.69453942775726318 -0.75519770383834839 1.0181657075881958 0.58391129970550537 1.0424872636795044
426.62069999938831 -0.72707873582839966 0.60504275560379028 0.64073777198791504 0.65066307783126831 -0.69453233480453491 0.95951366424560547 0.69035094976425171 1.0295535326004028
529.42029999988154 -0.73100781440734863 0.5485299825668335 0.66533327102661133 0.56988108158111572 -0.708304762840271 0.82580244541168213 0.54547816514968872 0.85151654481887817
630.4410999994725 -0.65973752737045288 0.5101655125617981 0.58140861988067627 0.48288068175315857 -0.56277984380722046 0.59020274877548218 0.27242821455001831 0.54849988222122192
732.78340000007302 -0.67847204208374023 0.45717144012451172 0.57215243577957153 0.45979750156402588 -0.31532356142997742 0.41027525067329407 0.14010535180568695 0.42923024296760559
836.61219999985769 -0.69798517227172852 0.38543528318405151 0.51407158374786377 0.45344686508178711 -0.32270148396492004 0.34848868846893311 0.10009706765413284 0.39282271265983582
934.61859999969602 -0.82450544834136963 0.41042131185531616 0.67274010181427002 0.4730667769908905 -0.52609235048294067 0.34391161799430847 0.27152919769287109 0.40137255191802979
1034.7655999995768 -1.1032119989395142 0.34656128287315369 0.95067518949508667 0.40220507979393005 -1.3413282632827759 0.3554757833480835 1.3301160335540771 0.42041721940040588
1138.4431999996305 -1.0702056884765625 0.31438437104225159 1.1433557271957397 0.35957249999046326 -1.7196358442306519 0.34723278880119324 1.8838109970092773 0.4225100576877594
1239.5304999998771 -1.183144211769104 0.31502500176429749 1.2580475807189941 0.34952589869499207 -2.0045242309570313 0.34894195199012756 2.0201270580291748 0.40253722667694092
1337.6663999995217 -1.1343108415603638 0.33091291785240173 1.1443445682525635 0.34168568253517151 -1.8617503643035889 0.37784111499786377 1.8810940980911255 0.38195899128913879
1438.6507999999449 -1.1372915506362915 0.33943036198616028 1.1496331691741943 0.34940099716186523 -1.9059644937515259 0.37609976530075073 1.8595503568649292 0.39042836427688599
1537.8993999995291 -1.2630027532577515 0.32319885492324829 1.2071071863174438 0.34111765027046204 -2.1387557983398438 0.35653579235076904 2.0544633865356445 0.38589531183242798
1648.2399999997579 -1.1735754013061523 0.31718230247497559 1.1346142292022705 0.35367149114608765 -2.0067930221557617 0.34483292698860168 1.9168244600296021 0.39731007814407349
1750.7352999998257 -1.2154676914215088 0.32363942265510559 1.1389079093933105 0.34922149777412415 -2.0364112854003906 0.34599542617797852 1.9322663545608521 0.39314913749694824
1854.7417999999598 -1.2248445749282837 0.3187415599822998 1.1464465856552124 0.34700444340705872 -2.0614962577819824 0.34406763315200806 1.9332293272018433 0.38748541474342346
1958.1656999997795 -1.2117793560028076 0.32051867246627808 1.1581170558929443 0.34337976574897766 -2.0294210910797119 0.34454447031021118 1.9624475240707397 0.38299456238746643
