100.37299999967217 -0.80605310201644897 0.61974239349365234 0.75589269399642944 0.65669727325439453 -0.89226126670837402 1.0292997360229492 0.83721679449081421 1.0125911235809326
220.64299999922514 -0.80584460496902466 0.61079162359237671 0.77129030227661133 0.64977622032165527 -0.89138758182525635 1.0091663599014282 0.82102924585342407 1.014217734336853
343.653299998492 -0.80627900362014771 0.61980307102203369 0.75175338983535767 0.66730648279190063 -0.88704520463943481 1.029513955116272 0.78849047422409058 1.0417544841766357
454.46549999900162 -0.83787387609481812 0.61183434724807739 0.76758289337158203 0.65991425514221191 -0.9317060112953186 1.017400860786438 0.8029179573059082 1.035460352897644
568.19749999977648 -1.0597192049026489 0.60487943887710571 0.93815571069717407 0.64258992671966553 -1.0416665077209473 0.99451404809951782 0.81520164012908936 1.0532323122024536
685.64599999971688 -0.88881862163543701 0.58986067771911621 1.059693455696106 0.63024890422821045 -0.89009624719619751 1.0036762952804565 0.87305539846420288 1.0411254167556763
793.89999999944121 -1.0530256032943726 0.50398898124694824 1.2011717557907104 0.495860755443573 -0.55965465307235718 0.79986882209777832 0.98612296581268311 0.75433588027954102
899.96139999851584 -0.8981737494468689 0.3415299654006958 0.97274863719940186 0.395750492811203 -0.59001356363296509 0.55943500995635986 0.59944182634353638 0.53698158264160156
1018.4861999992281 -0.91807085275650024 0.34241613745689392 0.89883381128311157 0.38465282320976257 -0.22567979991436005 0.60596626996994019 0.52353543043136597 0.53790372610092163
1120.3165999995545 -0.86686474084854126 0.36039373278617859 1.0564570426940918 0.34898677468299866 -0.15842776000499725 0.59868258237838745 0.41556599736213684 0.55537039041519165
1233.1654999991879 -0.8699684739112854 0.3553907573223114 0.99699074029922485 0.33089938759803772 -0.15195059776306152 0.58468890190124512 0.32360416650772095 0.55335408449172974
1344.0465999990702 -0.82201272249221802 0.3503536581993103 1.0361263751983643 0.33625197410583496 -0.10913126170635223 0.5815807580947876 0.3564600944519043 0.54985398054122925
1453.10899999924 -0.84074515104293823 0.34390741586685181 1.0403468608856201 0.33116695284843445 -0.14484687149524689 0.57996320724487305 0.35273906588554382 0.55093556642532349
1568.7577999988571 -0.85538274049758911 0.35314404964447021 1.0115979909896851 0.34017127752304077 -0.16518284380435944 0.59247660636901855 0.30742976069450378 0.564766526222229
1679.9101999988779 -0.88508093357086182 0.35459965467453003 1.0198094844818115 0.33303818106651306 -0.14154377579689026 0.58103841543197632 0.30455908179283142 0.55553984642028809
1805.1348000001162 -0.84115982055664063 0.35934090614318848 1.0324438810348511 0.3439420759677887 -0.11194861680269241 0.58963733911514282 0.32115042209625244 0.56359821557998657
1923.2693999996409 -0.86266046762466431 0.35841980576515198 1.0082213878631592 0.34193536639213562 -0.15293768048286438 0.59096407890319824 0.2693067193031311 0.56724071502685547
