99.081900000572205 -0.81306368112564087 0.4547935426235199 0.73651671409606934 0.43018323183059692 -0.69094347953796387 0.68683385848999023 0.81930732727050781 0.64279454946517944
203.70970000047237 -0.75652891397476196 0.44148075580596924 0.81960803270339966 0.42507371306419373 -0.75051993131637573 0.7107357382774353 0.92709308862686157 0.63856399059295654
312.6253000004217 -0.74306702613830566 0.45318466424942017 0.77093881368637085 0.42605575919151306 -0.75962710380554199 0.72764277458190918 0.85414212942123413 0.64078021049499512
415.47459999937564 -0.7924918532371521 0.44119331240653992 0.74661660194396973 0.42202574014663696 -0.85081446170806885 0.71585845947265625 0.81574857234954834 0.625416100025177
517.73850000090897 -0.92044216394424438 0.4349152147769928 0.82647234201431274 0.40923100709915161 -0.90616172552108765 0.7237924337387085 0.86761796474456787 0.62188887596130371
628.43020000029355 -0.64588874578475952 0.43802079558372498 0.93551176786422729 0.40383672714233398 -0.91320568323135376 0.70984911918640137 0.96173804998397827 0.62047016620635986
731.01800000015646 -0.84868001937866211 0.32916828989982605 1.2047446966171265 0.30250927805900574 -0.52758270502090454 0.54401993751525879 0.84730243682861328 0.46804714202880859
834.39710000064224 -1.021620512008667 0.31950998306274414 1.2999265193939209 0.30681896209716797 -0.61446976661682129 0.4970909059047699 0.81200772523880005 0.34762778878211975
947.42470000032336 -1.0654962062835693 0.2873062789440155 1.3408975601196289 0.25832584500312805 -0.30679208040237427 0.45624023675918579 0.52859944105148315 0.40376937389373779
1047.3250000001863 -1.0431796312332153 0.2647252082824707 1.2529538869857788 0.24429512023925781 -0.18748241662979126 0.43558558821678162 0.30837330222129822 0.41906121373176575
1158.0259999996051 -1.0585601329803467 0.27052929997444153 1.2840533256530762 0.25068655610084534 -0.21066959202289581 0.43940615653991699 0.33221319317817688 0.4215533435344696
1261.2981000002474 -0.96434295177459717 0.29959109425544739 1.3411357402801514 0.26475939154624939 -0.023424744606018066 0.44874510169029236 0.32416984438896179 0.43213966488838196
1364.4778999993578 -0.94553041458129883 0.29976418614387512 1.3172715902328491 0.26952916383743286 0.012060067616403103 0.45295479893684387 0.30578941106796265 0.43920651078224182
1474.2348999995738 -0.90762078762054443 0.30214747786521912 1.2865346670150757 0.26737597584724426 0.011237378232181072 0.43854832649230957 0.30824995040893555 0.43066999316215515
1576.5817999998108 -0.86686497926712036 0.30106726288795471 1.1584326028823853 0.25472208857536316 0.069814227521419525 0.45309028029441833 0.29601538181304932 0.43942207098007202
1691.5518999993801 -0.95051759481430054 0.29286760091781616 1.3074054718017578 0.26675078272819519 -0.047471370548009872 0.43972715735435486 0.2989727258682251 0.43229341506958008
1801.2227000007406 -0.8834642767906189 0.30189776420593262 1.2513676881790161 0.2696155309677124 -0.012190620414912701 0.44629180431365967 0.26134264469146729 0.44431453943252563
1907.0910000000149 -0.90127962827682495 0.29802733659744263 1.2693395614624023 0.27047064900398254 0.0086557250469923019 0.45200309157371521 0.29134675860404968 0.44318661093711853
