32.488100001588464 -0.67042046785354614 0.68955451250076294 0.62221676111221313 0.67448073625564575 -0.62195980548858643 1.0372118949890137 0.64174067974090576 1.0144106149673462
138.95380000025034 -0.67613363265991211 0.68811947107315063 0.60505980253219604 0.67559391260147095 -0.6283300518989563 1.0362820625305176 0.63608747720718384 1.020138144493103
240.03429999947548 -0.68199819326400757 0.68824583292007446 0.61839562654495239 0.67656201124191284 -0.63906139135360718 1.0352680683135986 0.63767659664154053 1.0196182727813721
338.98980000056326 -0.68861311674118042 0.68535405397415161 0.6279178261756897 0.67187172174453735 -0.64367067813873291 1.0372412204742432 0.65478056669235229 1.0192931890487671
437.80629999935627 -0.67881894111633301 0.68409085273742676 0.65521681308746338 0.66873186826705933 -0.59905147552490234 1.0275640487670898 0.66398650407791138 1.0316858291625977
539.47300000116229 -0.65997636318206787 0.68845963478088379 0.6401219367980957 0.66528123617172241 -0.57801026105880737 1.009523868560791 0.67329132556915283 1.012604832649231
640.56899999827147 -0.67521506547927856 0.63799607753753662 0.62752461433410645 0.59575533866882324 -0.44207745790481567 0.88972806930541992 0.63400721549987793 0.91277134418487549
743.30739999935031 -0.67385441064834595 0.56938540935516357 0.65565365552902222 0.52355390787124634 -0.45955580472946167 0.79600071907043457 0.52418363094329834 0.74620908498764038
848.4886000007391 -0.70653837919235229 0.48060378432273865 0.66244995594024658 0.46494001150131226 -0.35051155090332031 0.53921967744827271 0.36241590976715088 0.52966594696044922
955.51999999955297 -0.65170502662658691 0.45272460579872131 0.61565303802490234 0.42419365048408508 -0.26461982727050781 0.49389290809631348 0.3189484179019928 0.51332414150238037
1055.2032999992371 -0.6460871696472168 0.44468080997467041 0.59323233366012573 0.43478456139564514 -0.23389367759227753 0.47972589731216431 0.32335683703422546 0.50160205364227295
1159.8127000015229 -0.60416895151138306 0.44820985198020935 0.57542246580123901 0.4187895655632019 -0.17613150179386139 0.49296566843986511 0.32343399524688721 0.50345176458358765
1260.6130999997258 -0.64037340879440308 0.45277082920074463 0.62546133995056152 0.46707463264465332 -0.30857455730438232 0.50137895345687866 0.35373476147651672 0.5148889422416687
1358.019200000912 -0.67706823348999023 0.46168479323387146 0.72294610738754272 0.4916130006313324 -0.47532594203948975 0.56259673833847046 0.54972189664840698 0.61332589387893677
1462.1228000000119 -1.1103334426879883 0.55836755037307739 1.0193785429000854 0.47118353843688965 -1.2243583202362061 0.58013254404067993 1.5010229349136353 0.61748260259628296
1567.133299998939 -1.1352566480636597 0.4464668333530426 1.1458332538604736 0.43592005968093872 -1.6495728492736816 0.58940625190734863 1.8945224285125732 0.58807933330535889
1675.9389999993145 -1.2099699974060059 0.40514183044433594 1.2324198484420776 0.38439482450485229 -1.9278004169464111 0.5210908055305481 2.0249807834625244 0.47449663281440735
1775.9070000015199 -1.2620587348937988 0.40900975465774536 1.1592953205108643 0.37719565629959106 -1.9695265293121338 0.50481456518173218 1.9936743974685669 0.4594586193561554
1877.7621000017971 -1.2991218566894531 0.41583889722824097 1.1661057472229004 0.37406262755393982 -2.0414981842041016 0.50847595930099487 2.0069675445556641 0.46602016687393188
1980.9766000024974 -1.2894281148910522 0.41977480053901672 1.1552497148513794 0.37921285629272461 -2.04880690574646 0.51623225212097168 1.9821072816848755 0.46155044436454773
