41.342599995434284 -0.67339444160461426 0.69378089904785156 0.61793512105941772 0.67670506238937378 -0.63873279094696045 1.0522665977478027 0.64463621377944946 1.0193911790847778
147.13229999691248 -0.67971915006637573 0.68733924627304077 0.64714223146438599 0.67066490650177002 -0.65637558698654175 1.0487900972366333 0.67071938514709473 1.023472785949707
247.22199999541044 -0.68128573894500732 0.69175261259078979 0.64678698778152466 0.67628425359725952 -0.66674190759658813 1.0574241876602173 0.6797562837600708 1.0310661792755127
345.22779999859631 -0.68328511714935303 0.68847781419754028 0.67022264003753662 0.66844713687896729 -0.66428035497665405 1.0517725944519043 0.68800783157348633 1.030318021774292
446.52209999784827 -0.81275480985641479 0.67093145847320557 0.77727282047271729 0.65623444318771362 -0.6773102879524231 1.016595721244812 0.70270323753356934 1.0228402614593506
558.09409999661148 -0.92667478322982788 0.61071997880935669 0.79806655645370483 0.59976661205291748 -0.51248693466186523 0.90232503414154053 0.60924404859542847 0.96990722417831421
660.95739999972284 -0.94283163547515869 0.55603247880935669 0.87890869379043579 0.52998435497283936 -0.49243623018264771 0.84094732999801636 0.58619922399520874 0.83722567558288574
759.94599999859929 -0.85730957984924316 0.40151551365852356 0.94480007886886597 0.40704455971717834 -0.23988741636276245 0.6622467041015625 0.37359914183616638 0.60260963439941406
860.42219999618828 -0.87310010194778442 0.40499177575111389 0.91217869520187378 0.40944361686706543 -0.16812397539615631 0.62229812145233154 0.31750980019569397 0.60622787475585938
960.94349999912083 -0.86470377445220947 0.39292359352111816 0.95492160320281982 0.38397124409675598 -0.10363359004259109 0.59777927398681641 0.2609083354473114 0.60125088691711426
1059.6383999977261 -0.82855987548828125 0.40158647298812866 0.90646034479141235 0.38881078362464905 -0.10753699392080307 0.59347265958786011 0.25142255425453186 0.58956694602966309
1167.8697999976575 -0.84346705675125122 0.40006518363952637 0.92544794082641602 0.37683197855949402 -0.1035565584897995 0.58770889043807983 0.24627244472503662 0.56833904981613159
1270.8316999990493 -0.84612607955932617 0.39201834797859192 0.93202561140060425 0.36781403422355652 -0.083507947623729706 0.58392065763473511 0.22301539778709412 0.56025028228759766
1373.2508999966085 -0.86680179834365845 0.39454302191734314 0.93835371732711792 0.3708890974521637 -0.072504281997680664 0.58030354976654053 0.22314862906932831 0.57474786043167114
1473.6216999981552 -0.85797464847564697 0.3905315101146698 0.91931796073913574 0.38053637742996216 -0.10113625228404999 0.57362693548202515 0.20506712794303894 0.5696977972984314
1577.4930999986827 -0.8554985523223877 0.38811331987380981 0.92635595798492432 0.37645941972732544 -0.095365330576896667 0.57804512977600098 0.22760629653930664 0.56606745719909668
1679.3918999955058 -0.86734813451766968 0.38437092304229736 0.93954378366470337 0.37706232070922852 -0.075840756297111511 0.57222527265548706 0.22186717391014099 0.56784695386886597
1776.1968999989331 -0.8418506383895874 0.3829939067363739 0.93711757659912109 0.36843708157539368 -0.062726974487304688 0.56180047988891602 0.21142993867397308 0.56392669677734375
1875.8553999979049 -0.84864264726638794 0.38235780596733093 0.93077921867370605 0.36678224802017212 -0.068531148135662079 0.56662124395370483 0.20773521065711975 0.56589591503143311
1980.0248999968171 -0.85792261362075806 0.38105931878089905 0.93390822410583496 0.36743497848510742 -0.073502875864505768 0.566245436668396 0.23402129113674164 0.5664747953414917
