41.5675999969244 -0.85572677850723267 0.88563930988311768 0.60241866111755371 0.94514238834381104 -0.66976267099380493 1.312207818031311 0.68398213386535645 1.3671674728393555
125.65789999440312 -0.85853880643844604 0.88959479331970215 0.61165511608123779 0.94373661279678345 -0.68658554553985596 1.3260241746902466 0.57243281602859497 1.486283540725708
211.56699999794364 -0.86353868246078491 0.88760793209075928 0.6246178150177002 0.95997631549835205 -0.68284010887145996 1.3132964372634888 0.61290353536605835 1.475562572479248
294.3610999956727 -0.86280828714370728 0.88500887155532837 0.55208104848861694 0.93836593627929688 -0.70191597938537598 1.3092998266220093 0.71766167879104614 1.3580416440963745
379.8559999987483 -0.86477643251419067 0.88484060764312744 0.50571715831756592 0.91991269588470459 -0.69633710384368896 1.3252155780792236 0.82755076885223389 1.3430664539337158
466.76869999989867 -0.63946026563644409 0.86032956838607788 0.57770335674285889 0.96397560834884644 -0.79143869876861572 1.318212628364563 0.88143229484558105 1.4702614545822144
552.92449999973178 -0.70724779367446899 0.86297821998596191 0.62878280878067017 0.95382016897201538 -0.90425926446914673 1.35758376121521 1.0670853853225708 1.4930028915405273
634.25059999898076 -0.89749991893768311 0.87224692106246948 0.83127814531326294 0.96021491289138794 -1.1966060400009155 1.4096353054046631 1.3757591247558594 1.4642809629440308
721.62949999794364 -1.1211390495300293 0.84463793039321899 0.9488753080368042 0.90572208166122437 -1.3341488838195801 1.3993426561355591 1.5035059452056885 1.3957457542419434
802.24049999564886 -1.094599723815918 0.68689048290252686 1.0273013114929199 0.71863394975662231 -1.5251730680465698 1.2166118621826172 1.660333514213562 1.1252191066741943
886.67229999601841 -1.1600232124328613 0.59676116704940796 0.96293866634368896 0.58625006675720215 -1.6251099109649658 1.1574833393096924 1.5860484838485718 0.94002032279968262
972.54340000078082 -1.4516030550003052 0.48133963346481323 0.95651489496231079 0.45795825123786926 -1.4795814752578735 0.9889950156211853 1.5160582065582275 0.74290961027145386
1056.605799999088 -1.210299015045166 0.43429639935493469 1.1774972677230835 0.41848433017730713 -1.0045353174209595 0.84429562091827393 1.0208902359008789 0.78314977884292603
1140.6797999963164 -1.1646841764450073 0.39956608414649963 1.2786791324615479 0.3768424391746521 -0.64154529571533203 0.74230563640594482 0.5949518084526062 0.68666422367095947
1225.6621999964118 -1.0962284803390503 0.38363054394721985 1.0275226831436157 0.42922213673591614 -0.53158801794052124 0.72409695386886597 0.51144957542419434 0.72813898324966431
1313.1091999970376 -0.84365987777709961 0.38582023978233337 1.1605367660522461 0.50584661960601807 -0.22242154181003571 0.78117823600769043 0.23554925620555878 0.83363598585128784
1395.9727999977767 -0.86066359281539917 0.39517328143119812 1.0607048273086548 0.4929482638835907 -0.27513179183006287 0.74521493911743164 0.1536308079957962 0.79164326190948486
1479.7682999968529 -0.88322365283966064 0.37768355011940002 1.1283445358276367 0.4960673451423645 -0.27430400252342224 0.75833690166473389 0.19141711294651031 0.80922788381576538
1563.6963999979198 -0.90395230054855347 0.42286261916160583 1.1529966592788696 0.49726790189743042 -0.30301645398139954 0.77612173557281494 0.23516058921813965 0.81103163957595825
1646.1423999965191 -0.87684172391891479 0.43040955066680908 1.1189310550689697 0.4997582733631134 -0.29212877154350281 0.79120451211929321 0.24349184334278107 0.82020080089569092
1735.8663999959826 -0.93220782279968262 0.41066813468933105 1.1978459358215332 0.49093642830848694 -0.2718183696269989 0.7868187427520752 0.2647075355052948 0.81297928094863892
1826.957999996841 -0.91570103168487549 0.37106886506080627 1.1475980281829834 0.48754000663757324 -0.27464649081230164 0.77306365966796875 0.25484904646873474 0.80207651853561401
1916.7207999974489 -0.89628636837005615 0.36369729042053223 1.112964391708374 0.46985939145088196 -0.25903940200805664 0.79182475805282593 0.25041523575782776 0.78631007671356201
