79.011400004848838 -0.65093910694122314 0.67144680023193359 0.6396680474281311 0.63208466768264771 -0.60136610269546509 0.97690892219543457 0.64995747804641724 0.98028439283370972
183.91450000368059 -0.65002089738845825 0.67633664608001709 0.63653862476348877 0.63357734680175781 -0.61350119113922119 0.98537921905517578 0.64556944370269775 0.97974377870559692
286.11060000583529 -0.67545151710510254 0.6833915114402771 0.6233818531036377 0.63537108898162842 -0.64207947254180908 0.99492037296295166 0.62534046173095703 0.98355299234390259
384.80110000260174 -0.6791914701461792 0.68109762668609619 0.6228376030921936 0.61666488647460938 -0.65834993124008179 0.98808091878890991 0.64444363117218018 0.96905648708343506
488.71050000190735 -0.67379814386367798 0.67352861166000366 0.62081259489059448 0.63009113073348999 -0.65158885717391968 0.98105090856552124 0.66390073299407959 0.97100436687469482
590.15360000170767 -0.65985643863677979 0.67301970720291138 0.61720240116119385 0.62524378299713135 -0.64389431476593018 0.97323209047317505 0.65582257509231567 0.96301281452178955
691.50980000011623 -0.67982387542724609 0.66697192192077637 0.64216601848602295 0.62470090389251709 -0.65551489591598511 0.96616500616073608 0.68417549133300781 0.96201026439666748
791.89240000583231 -0.72731000185012817 0.66369318962097168 0.64309811592102051 0.61710011959075928 -0.71054810285568237 0.96206337213516235 0.6879960298538208 0.95655721426010132
890.41830000281334 -0.99647307395935059 0.60722631216049194 0.89224106073379517 0.60233241319656372 -0.87567305564880371 0.93006443977355957 0.8380468487739563 0.94789737462997437
991.79540000483394 -1.0439218282699585 0.54430216550827026 0.92284345626831055 0.56657075881958008 -0.92040151357650757 0.85923290252685547 0.82264530658721924 0.87726765871047974
1093.2517000008374 -1.1043388843536377 0.44581633806228638 0.9890180230140686 0.46799102425575256 -0.87635010480880737 0.73492187261581421 0.83106493949890137 0.77718877792358398
1190.0729000009596 -1.1682891845703125 0.38161289691925049 0.99750059843063354 0.39558002352714539 -0.80530321598052979 0.65935999155044556 0.6159365177154541 0.65120327472686768
1292.7609000019729 -1.0708285570144653 0.32349291443824768 1.0597243309020996 0.34636023640632629 -0.68983203172683716 0.58857321739196777 0.56880319118499756 0.57718682289123535
1394.1215000040829 -1.0360405445098877 0.3125075101852417 0.96356761455535889 0.31817793846130371 -0.47466388344764709 0.57657879590988159 0.41738724708557129 0.51572978496551514
1493.1186000034213 -0.82173919677734375 0.36817392706871033 0.90163666009902954 0.31139048933982849 -0.12118250876665115 0.54577577114105225 0.22019580006599426 0.52941685914993286
1597.0944000016898 -0.74042272567749023 0.36912822723388672 0.87702882289886475 0.31526145339012146 -0.053514130413532257 0.53185665607452393 0.22274009883403778 0.5485917329788208
1697.5327000021935 -0.78218889236450195 0.3807971179485321 0.91250020265579224 0.32110202312469482 -0.046774819493293762 0.53770822286605835 0.20820616185665131 0.50975567102432251
1796.8099000044167 -0.81244665384292603 0.3762308657169342 0.93245965242385864 0.31840866804122925 -0.05605822429060936 0.53493815660476685 0.21103522181510925 0.51103031635284424
1901.9662000015378 -0.86185503005981445 0.37770053744316101 0.87351024150848389 0.32572460174560547 -0.10816450417041779 0.54158169031143188 0.15851493179798126 0.51592063903808594
