54.11769999563694 -0.71910136938095093 0.76936548948287964 0.6832965612411499 0.75086688995361328 -0.73412686586380005 1.1607428789138794 0.65972059965133667 1.1484688520431519
145.24910001456738 -0.71324467658996582 0.76464182138442993 0.67586022615432739 0.74532103538513184 -0.72857582569122314 1.1549160480499268 0.66265922784805298 1.1498435735702515
235.77600000798702 -0.7215416431427002 0.77544349431991577 0.68740969896316528 0.7528032660484314 -0.74011504650115967 1.1720696687698364 0.66500020027160645 1.1561458110809326
326.25349999964237 -0.72359359264373779 0.76999795436859131 0.68097323179244995 0.75368952751159668 -0.74262189865112305 1.164053201675415 0.65790766477584839 1.15754234790802
413.30650000274181 -0.7373969554901123 0.76900047063827515 0.72817003726959229 0.7343711256980896 -0.74592596292495728 1.1652921438217163 0.70170038938522339 1.1365494728088379
502.75629998743534 -0.92698299884796143 0.70806711912155151 0.9310721755027771 0.71624886989593506 -0.85304743051528931 1.0940250158309937 0.81341904401779175 1.1023185253143311
591.14450001716614 -1.0309450626373291 0.65341722965240479 0.99575263261795044 0.64374881982803345 -0.81976449489593506 1.0301681756973267 0.78129589557647705 1.0481218099594116
682.11420001089573 -1.0471248626708984 0.56020355224609375 0.97713774442672729 0.58930301666259766 -0.72979211807250977 0.91748440265655518 0.62606477737426758 0.93327462673187256
777.35870000720024 -1.0990688800811768 0.52161711454391479 1.0733957290649414 0.47547200322151184 -0.65886873006820679 0.80633056163787842 0.6869739294052124 0.76993590593338013
863.83410000801086 -1.0890460014343262 0.39468422532081604 1.0057175159454346 0.41996878385543823 -0.47064843773841858 0.63391196727752686 0.40343371033668518 0.59566926956176758
952.19260001182556 -0.97947829961776733 0.37251564860343933 0.86936438083648682 0.40280443429946899 -0.33001428842544556 0.60407024621963501 0.36217537522315979 0.58570897579193115
1043.0164000093937 -0.78307324647903442 0.38118329644203186 0.8275303840637207 0.42261666059494019 -0.10177218168973923 0.64742106199264526 0.29822531342506409 0.61219114065170288
1135.3735000193119 -0.70103752613067627 0.39402851462364197 0.71311467885971069 0.42277216911315918 -0.13069319725036621 0.65042686462402344 0.24620266258716583 0.61064374446868896
1224.3178000152111 -0.80174112319946289 0.39022740721702576 0.78042811155319214 0.4204857349395752 -0.17103122174739838 0.65169686079025269 0.26406770944595337 0.60776162147521973
1309.8498000055552 -0.82322102785110474 0.39214116334915161 0.80348283052444458 0.42060205340385437 -0.18881872296333313 0.65954911708831787 0.27559190988540649 0.60759705305099487
1398.7268000096083 -0.8394206166267395 0.3898693323135376 0.79498416185379028 0.42183318734169006 -0.18600252270698547 0.66056334972381592 0.25586080551147461 0.61121416091918945
1490.1827000081539 -0.85831749439239502 0.39027738571166992 0.80053943395614624 0.42151778936386108 -0.17824183404445648 0.66805398464202881 0.23988787829875946 0.60709518194198608
1578.3031000047922 -0.85252648591995239 0.39373716711997986 0.78552347421646118 0.4318540096282959 -0.19563181698322296 0.6651950478553772 0.22097858786582947 0.61857026815414429
1668.2427000105381 -0.84746521711349487 0.38755342364311218 0.80283987522125244 0.42431330680847168 -0.1944563090801239 0.66576558351516724 0.25680422782897949 0.61205899715423584
1752.8984000086784 -0.82545441389083862 0.38327592611312866 0.79949706792831421 0.42728635668754578 -0.18646056950092316 0.66514700651168823 0.24779835343360901 0.61080265045166016
1843.1344000101089 -0.82584232091903687 0.38945561647415161 0.78481864929199219 0.42770171165466309 -0.20212070643901825 0.66393965482711792 0.23358221352100372 0.61304348707199097
1931.4220000058413 -0.80649870634078979 0.38400939106941223 0.80177479982376099 0.42944216728210449 -0.17308175563812256 0.66796660423278809 0.24029432237148285 0.62097626924514771
2023.4952000081539 -0.79903286695480347 0.38917753100395203 0.76491850614547729 0.43069222569465637 -0.20016732811927795 0.67460310459136963 0.24854536354541779 0.61083722114562988
