87.669900000095367 -0.70853674411773682 0.6932486891746521 0.61966931819915771 0.70530480146408081 -0.66729432344436646 1.0664033889770508 0.61218935251235962 1.0597985982894897
179.00050000846386 -0.69975101947784424 0.70747292041778564 0.60507386922836304 0.70389354228973389 -0.65645486116409302 1.0741657018661499 0.61967951059341431 1.0673342943191528
272.63300001621246 -0.69508540630340576 0.70007592439651489 0.62347495555877686 0.70289522409439087 -0.65843421220779419 1.0699266195297241 0.63000947237014771 1.0629041194915771
360.21960000693798 -0.69510149955749512 0.70332330465316772 0.63087278604507446 0.69460821151733398 -0.65269917249679565 1.0765471458435059 0.63532471656799316 1.0594375133514404
448.79720002412796 -0.71020692586898804 0.70058763027191162 0.61543023586273193 0.69983416795730591 -0.67006343603134155 1.0794428586959839 0.63207298517227173 1.0644799470901489
538.88470001518726 -0.74884492158889771 0.68710577487945557 0.66641092300415039 0.68560904264450073 -0.71167713403701782 1.0609352588653564 0.64770978689193726 1.0434868335723877
628.43270000815392 -0.85883873701095581 0.67942219972610474 0.80005156993865967 0.67791002988815308 -0.76041001081466675 1.0359625816345215 0.72329860925674438 1.0570318698883057
720.1593000292778 -0.99970632791519165 0.57567125558853149 0.97370046377182007 0.54651069641113281 -0.768576979637146 0.94015645980834961 0.74896532297134399 0.94272851943969727
807.3938000202179 -1.1533111333847046 0.43270573019981384 1.0724194049835205 0.42352721095085144 -0.62569576501846313 0.71343797445297241 0.65318822860717773 0.70206320285797119
893.54910001158714 -1.0691910982131958 0.3784906268119812 0.99832010269165039 0.3938295841217041 -0.51270145177841187 0.59827113151550293 0.50619488954544067 0.60796225070953369
980.37410001456738 -0.88105016946792603 0.32985880970954895 0.87801843881607056 0.32792586088180542 -0.37137290835380554 0.54836338758468628 0.23915700614452362 0.47052782773971558
1071.1710000187159 -0.94602090120315552 0.32760289311408997 0.92911797761917114 0.34105366468429565 -0.29653191566467285 0.57974070310592651 0.18925057351589203 0.5126224160194397
1158.9882000088692 -0.95539224147796631 0.3105449378490448 0.91279476881027222 0.34223955869674683 -0.32318168878555298 0.58471202850341797 0.17306770384311676 0.51116257905960083
1249.4594000130892 -0.92482560873031616 0.31733500957489014 0.92462801933288574 0.35949134826660156 -0.34518948197364807 0.57083743810653687 0.17356395721435547 0.50901913642883301
1338.2624000012875 -0.92803758382797241 0.31243756413459778 0.90452152490615845 0.34465402364730835 -0.37295758724212646 0.55133694410324097 0.17227990925312042 0.48882526159286499
1425.5992000252008 -0.91245931386947632 0.3119816780090332 0.9172520637512207 0.34175011515617371 -0.34182870388031006 0.56518572568893433 0.1821829229593277 0.49172332882881165
1513.2730000168085 -0.91733705997467041 0.31317988038063049 0.8996085524559021 0.34447240829467773 -0.36719021201133728 0.53985905647277832 0.17510205507278442 0.49011662602424622
1604.1715000122786 -0.93984889984130859 0.31187257170677185 0.92139643430709839 0.34142634272575378 -0.33965754508972168 0.56450414657592773 0.16660882532596588 0.50636261701583862
1691.118200019002 -0.93299376964569092 0.31303894519805908 0.91193222999572754 0.34641438722610474 -0.35273835062980652 0.55369758605957031 0.15832617878913879 0.50508880615234375
1777.2664000242949 -0.92328280210494995 0.31731033325195313 0.90769273042678833 0.34580981731414795 -0.35403627157211304 0.55797213315963745 0.15650679171085358 0.49812331795692444
1865.2091000080109 -0.94405555725097656 0.31756699085235596 0.90751910209655762 0.3443390429019928 -0.34997227787971497 0.55825632810592651 0.1417040079832077 0.50596386194229126
1954.097900018096 -0.9192192554473877 0.32074785232543945 0.91000866889953613 0.34663555026054382 -0.32880270481109619 0.56547176837921143 0.15010315179824829 0.50591421127319336
