99.561899999156594 -0.69025838375091553 0.61199080944061279 0.57510656118392944 0.62220442295074463 -0.67955660820007324 0.92120248079299927 0.57705968618392944 0.90918952226638794
200.00980000011623 -0.67886453866958618 0.63181030750274658 0.5588265061378479 0.63272595405578613 -0.6487763524055481 0.93877404928207397 0.59096723794937134 0.91564607620239258
302.83540000021458 -0.6894109845161438 0.64367139339447021 0.59527325630187988 0.64693504571914673 -0.65194493532180786 0.94952845573425293 0.58354151248931885 0.93568158149719238
406.51799999736249 -0.66831225156784058 0.64092248678207397 0.60754770040512085 0.64276719093322754 -0.62325692176818848 0.95146864652633667 0.61994671821594238 0.93508470058441162
505.8764999974519 -0.65047925710678101 0.64528638124465942 0.61730456352233887 0.64247250556945801 -0.6123386025428772 0.95830291509628296 0.63184058666229248 0.93302899599075317
609.45150000043213 -0.66841119527816772 0.63225871324539185 0.65518385171890259 0.64892876148223877 -0.60835808515548706 0.95035338401794434 0.68209874629974365 0.9418642520904541
708.30250000022352 -0.65358036756515503 0.63960158824920654 0.66892296075820923 0.64052152633666992 -0.58122116327285767 0.94939112663269043 0.66892886161804199 0.94701021909713745
806.76279999688268 -0.6942865252494812 0.59601598978042603 0.63701707124710083 0.59091711044311523 -0.5839536190032959 0.88290977478027344 0.60444247722625732 0.89975309371948242
906.5530000012368 -0.68191230297088623 0.53074324131011963 0.65608274936676025 0.51801252365112305 -0.55862843990325928 0.78064185380935669 0.53478962182998657 0.75438714027404785
1006.6321000009775 -0.68025732040405273 0.44182863831520081 0.66638666391372681 0.45140388607978821 -0.40470167994499207 0.5870015025138855 0.31351175904273987 0.59533447027206421
1105.9592999983579 -0.63909041881561279 0.44690629839897156 0.61948561668395996 0.4538561999797821 -0.23153293132781982 0.51813721656799316 0.2684173583984375 0.55209857225418091
1205.2653999980539 -0.60438203811645508 0.44649666547775269 0.58592891693115234 0.45299485325813293 -0.21469457447528839 0.50583893060684204 0.26030167937278748 0.53174084424972534
1308.5020000003278 -0.61801254749298096 0.44698184728622437 0.59865522384643555 0.44849631190299988 -0.21676346659660339 0.52037829160690308 0.26363465189933777 0.5623854398727417
1409.3630999997258 -0.74545115232467651 0.50788813829421997 0.77391427755355835 0.49452510476112366 -0.58104211091995239 0.6192285418510437 0.70181947946548462 0.60618811845779419
1513.7067999988794 -0.92369610071182251 0.55729073286056519 0.86491137742996216 0.47813352942466736 -1.1445475816726685 0.76369678974151611 1.1850064992904663 0.63128566741943359
1614.0412999987602 -1.1369577646255493 0.44651007652282715 1.1616408824920654 0.46476840972900391 -1.7161446809768677 0.61291223764419556 1.8870326280593872 0.63048464059829712
1717.3852999992669 -1.1876857280731201 0.41954129934310913 1.1918816566467285 0.42729490995407104 -1.8484951257705688 0.56990814208984375 1.8735619783401489 0.55446135997772217
1819.4334000013769 -1.191045880317688 0.41272395849227905 1.139534592628479 0.41011568903923035 -1.8742001056671143 0.54507601261138916 1.8028483390808105 0.52065235376358032
1919.5756000000983 -1.210925817489624 0.41286656260490417 1.1579173803329468 0.4113716185092926 -1.9121643304824829 0.54895764589309692 1.7985494136810303 0.51298946142196655
