56.819600000977516 -0.77554714679718018 0.63879305124282837 0.52484971284866333 0.64783042669296265 -0.72320824861526489 1.0225082635879517 0.56862324476242065 0.97445088624954224
144.95399999991059 -0.74368548393249512 0.63407438993453979 0.54513520002365112 0.63977694511413574 -0.70537400245666504 1.0104813575744629 0.58486390113830566 0.95308655500411987
224.41420000046492 -0.75573223829269409 0.63686716556549072 0.52792000770568848 0.64388012886047363 -0.71805572509765625 1.0185595750808716 0.57632285356521606 0.95767420530319214
308.20170000009239 -0.71069824695587158 0.64397412538528442 0.56723737716674805 0.65371197462081909 -0.70260453224182129 1.0298796892166138 0.60804444551467896 0.97710174322128296
395.90729999914765 -0.73620152473449707 0.64565473794937134 0.57065808773040771 0.65072089433670044 -0.70655477046966553 1.0277868509292603 0.62103670835494995 0.9899909496307373
484.50569999963045 -0.72172039747238159 0.6143723726272583 0.5638917088508606 0.62686961889266968 -0.61043334007263184 0.96572786569595337 0.57865190505981445 0.95044600963592529
571.78889999911189 -0.70402950048446655 0.58145654201507568 0.54889446496963501 0.58136266469955444 -0.55711382627487183 0.88065934181213379 0.52169466018676758 0.85840117931365967
656.36859999969602 -0.70817267894744873 0.59425806999206543 0.50636118650436401 0.62270331382751465 -0.60495126247406006 0.86693054437637329 0.40607064962387085 0.84073883295059204
745.33079999871552 -0.82852667570114136 0.50933551788330078 0.41905990242958069 0.52334034442901611 -0.35451829433441162 0.56773620843887329 0.10257734358310699 0.54617702960968018
832.19519999995828 -0.81380653381347656 0.502685546875 0.39331245422363281 0.53669548034667969 -0.39043000340461731 0.51697516441345215 0.24717384576797485 0.50034469366073608
919.74839999899268 -0.7605246901512146 0.47495943307876587 0.49034035205841064 0.5066484808921814 -0.3127826452255249 0.50749194622039795 0.15622210502624512 0.47806921601295471
1003.752100000158 -0.81207585334777832 0.4901030957698822 0.39180925488471985 0.5228426456451416 -0.42217618227005005 0.5144195556640625 0.092736341059207916 0.49314573407173157
1091.1315000019968 -0.79245328903198242 0.48453697562217712 0.50845056772232056 0.570354163646698 -0.46313297748565674 0.5136757493019104 0.34272372722625732 0.52824270725250244
1173.7720999997109 -0.82421720027923584 0.54164731502532959 0.72246092557907104 0.58106547594070435 -0.56470006704330444 0.55918586254119873 0.62320011854171753 0.56002074480056763
1260.4148999992758 -1.0198032855987549 0.48340865969657898 0.84577053785324097 0.5148245096206665 -1.1816220283508301 0.54807841777801514 1.3609062433242798 0.65247005224227905
1346.6614000014961 -1.1616854667663574 0.43668109178543091 0.98298662900924683 0.50988703966140747 -1.6631767749786377 0.56132227182388306 1.8078469038009644 0.62213283777236938
1430.6757999993861 -1.3381752967834473 0.41866189241409302 1.133940577507019 0.47549945116043091 -2.0890119075775146 0.52490830421447754 2.0193850994110107 0.58916068077087402
1515.8848999999464 -1.379749059677124 0.40743115544319153 1.1054185628890991 0.44317927956581116 -2.0971915721893311 0.50382047891616821 1.9107844829559326 0.53498482704162598
1608.0273999981582 -1.3717228174209595 0.41683393716812134 1.0644100904464722 0.43234255909919739 -2.105604887008667 0.51263809204101563 1.7941352128982544 0.51842361688613892
1692.1822999995202 -1.3431603908538818 0.430071622133255 1.0374234914779663 0.4288012683391571 -2.05535888671875 0.5247228741645813 1.7112047672271729 0.51142048835754395
1777.7642999999225 -1.3528996706008911 0.44087612628936768 1.0359041690826416 0.44064512848854065 -2.0703537464141846 0.53248858451843262 1.7286711931228638 0.52740764617919922
1865.6715000011027 -1.3411234617233276 0.43486529588699341 1.0400611162185669 0.44664850831031799 -2.0827741622924805 0.53174710273742676 1.7603627443313599 0.53352254629135132
1951.763599999249 -1.3806195259094238 0.43534344434738159 1.0487200021743774 0.44385972619056702 -2.1212723255157471 0.52844858169555664 1.7977683544158936 0.53324329853057861
