24.914299998432398 -0.80693787336349487 0.68344521522521973 0.51298779249191284 0.69896835088729858 -0.67495745420455933 1.0751340389251709 0.47277042269706726 1.0479494333267212
113.84969999827445 -0.79317301511764526 0.68500280380249023 0.51114201545715332 0.69750052690505981 -0.65902698040008545 1.0775974988937378 0.48567259311676025 1.0431604385375977
199.8545000012964 -0.80016744136810303 0.68452668190002441 0.50851446390151978 0.68971037864685059 -0.6532975435256958 1.073100209236145 0.49102452397346497 1.0402251482009888
284.26019999943674 -0.77228128910064697 0.68535524606704712 0.52653878927230835 0.69354391098022461 -0.63020795583724976 1.0809377431869507 0.4989396333694458 1.0444974899291992
371.78629999794066 -0.75834798812866211 0.70265638828277588 0.55359429121017456 0.70661163330078125 -0.58077317476272583 1.0952209234237671 0.52855461835861206 1.0567246675491333
456.9805999994278 -0.69851601123809814 0.69855296611785889 0.60293704271316528 0.66155338287353516 -0.56320202350616455 1.0826579332351685 0.65017759799957275 0.98040765523910522
545.87769999913871 -0.79606914520263672 0.64338463544845581 0.7322351336479187 0.54778242111206055 -0.60735088586807251 0.98675578832626343 0.62929332256317139 0.82903832197189331
631.30059999786317 -0.87043130397796631 0.63872289657592773 0.8302730917930603 0.51202952861785889 -0.63118422031402588 0.95359742641448975 0.66340893507003784 0.76091945171356201
715.25719999708235 -1.0124174356460571 0.47872486710548401 0.93756639957427979 0.40408068895339966 -0.7101517915725708 0.59602081775665283 0.68206155300140381 0.30715823173522949
800.85759999975562 -1.0053157806396484 0.41187816858291626 0.96465593576431274 0.29309567809104919 -0.5397571325302124 0.29208439588546753 0.5413062572479248 0.019506050273776054
885.79030000045896 -1.0079494714736938 0.25215122103691101 0.96225607395172119 0.16697873175144196 -0.56814128160476685 -0.085224717855453491 0.65928983688354492 -0.14673972129821777
973.88589999824762 -0.74804478883743286 0.21383962035179138 0.79552346467971802 0.17852339148521423 -0.45394289493560791 -0.14275208115577698 0.60324627161026001 -0.14795351028442383
1062.9643999990076 -0.73296439647674561 0.20483072102069855 0.76985621452331543 0.19089151918888092 -0.44875258207321167 -0.1375328004360199 0.62031298875808716 -0.098557703197002411
1146.0234999991953 -0.75743895769119263 0.23538516461849213 0.74647778272628784 0.16262497007846832 -0.49566411972045898 -0.075365781784057617 0.46499073505401611 -0.2663063108921051
1235.070799998939 -0.72207188606262207 0.2174304723739624 0.76900756359100342 0.18438591063022614 -0.32554176449775696 -0.18127216398715973 0.51831507682800293 -0.24131347239017487
1322.6563999988139 -0.73400503396987915 0.23331345617771149 0.76650941371917725 0.19518670439720154 -0.32012337446212769 -0.15226934850215912 0.5993238091468811 -0.13330604135990143
1409.8857999965549 -0.76066893339157104 0.2863616943359375 0.79995626211166382 0.23392967879772186 -0.37811976671218872 -0.098857715725898743 0.56415444612503052 -0.10864755511283875
1496.1701999995857 -0.73352748155593872 0.22984765470027924 0.79172778129577637 0.25809958577156067 -0.38206163048744202 -0.16638007760047913 0.58844327926635742 -0.10107629746198654
1583.4923999998719 -0.74735122919082642 0.23293851315975189 0.79007023572921753 0.25018113851547241 -0.32416313886642456 -0.20334361493587494 0.60587441921234131 -0.095566347241401672
1670.4104999992996 -0.71042013168334961 0.2524256706237793 0.76697933673858643 0.10002878308296204 -0.32014557719230652 -0.15666250884532928 0.57975190877914429 -0.15764133632183075
1755.0519999992102 -0.80254161357879639 0.25068503618240356 0.7756352424621582 0.19274982810020447 -0.31239709258079529 -0.1376652866601944 0.5006592869758606 -0.16142499446868896
1842.9993999991566 -0.78808218240737915 0.23192939162254333 0.71506321430206299 0.22294022142887115 -0.20543347299098969 -0.17533497512340546 0.47639858722686768 -0.12429516017436981
1928.480799999088 -0.80218374729156494 0.21536067128181458 0.68533891439437866 0.1621997207403183 -0.24282938241958618 -0.19520792365074158 0.4258047342300415 -0.1523994505405426
