86.003499999642372 -0.67511135339736938 0.68625098466873169 0.631919264793396 0.66742783784866333 -0.62435668706893921 1.0340497493743896 0.64369511604309082 1.0041073560714722
185.49899999983609 -0.68086987733840942 0.68062829971313477 0.61931473016738892 0.65727394819259644 -0.62883889675140381 1.0345718860626221 0.63622510433197021 1.0005718469619751
285.16350000165403 -0.67747575044631958 0.6965409517288208 0.64608591794967651 0.67600357532501221 -0.62611007690429688 1.0477688312530518 0.66000485420227051 1.0128480195999146
386.89149999991059 -0.6771424412727356 0.68748033046722412 0.63446247577667236 0.66515547037124634 -0.64065313339233398 1.039057731628418 0.65334391593933105 1.006455659866333
483.37449999898672 -0.68065851926803589 0.69608664512634277 0.63419580459594727 0.66152769327163696 -0.64314627647399902 1.0437980890274048 0.6544041633605957 1.0080697536468506
580.65839999914169 -0.68395590782165527 0.68988889455795288 0.66740572452545166 0.65474754571914673 -0.67004925012588501 1.0394258499145508 0.72179889678955078 1.0039561986923218
680.55399999953806 -0.67630046606063843 0.66874498128890991 0.69255977869033813 0.64391499757766724 -0.64059466123580933 0.98630177974700928 0.80172014236450195 0.97914779186248779
781.26649999991059 -0.65990257263183594 0.63173812627792358 0.68999344110488892 0.59991562366485596 -0.54738843441009521 0.90863335132598877 0.79380393028259277 0.90333539247512817
884.93880000151694 -0.65256160497665405 0.47648486495018005 0.70608961582183838 0.458995521068573 -0.35002917051315308 0.62564229965209961 0.52194172143936157 0.64408046007156372
983.33080000057817 -0.58245807886123657 0.44025269150733948 0.68602043390274048 0.42987713217735291 -0.14374597370624542 0.49955642223358154 0.44699707627296448 0.50310105085372925
1083.3596000000834 -0.49995940923690796 0.38211408257484436 0.58469927310943604 0.41160750389099121 -0.086684823036193848 0.43990647792816162 0.36386597156524658 0.44042986631393433
1185.784500002861 -0.45821389555931091 0.39028513431549072 0.59115457534790039 0.40305843949317932 -0.12498603761196136 0.44328898191452026 0.35405662655830383 0.4411468505859375
1284.7679999992251 -0.59999310970306396 0.4342494010925293 0.73284053802490234 0.48272797465324402 -0.28445780277252197 0.49771296977996826 0.55519378185272217 0.52381277084350586
1390.322400001809 -0.6671709418296814 0.58773672580718994 0.76457160711288452 0.46979668736457825 -0.56702059507369995 0.54732227325439453 0.96277797222137451 0.58408147096633911
1489.5539000015706 -1.0623033046722412 0.46572074294090271 1.0578370094299316 0.42535650730133057 -1.2417470216751099 0.55663794279098511 1.6720371246337891 0.57316172122955322
1583.3457999993116 -1.1511187553405762 0.46070650219917297 1.1999055147171021 0.40757814049720764 -1.6809787750244141 0.5668981671333313 2.0010590553283691 0.52905178070068359
1684.0724999997765 -1.186138391494751 0.40431734919548035 1.2435123920440674 0.3860110342502594 -1.9113196134567261 0.52848953008651733 2.1015849113464355 0.46896734833717346
1781.6617999989539 -1.1582549810409546 0.41881328821182251 1.1357184648513794 0.37334233522415161 -1.8495793342590332 0.52166670560836792 1.9805628061294556 0.45760118961334229
1879.7922000028193 -1.2031303644180298 0.42437499761581421 1.1456128358840942 0.36998763680458069 -1.8836808204650879 0.52489554882049561 1.9891080856323242 0.45696043968200684
1983.4733000006527 -1.1824723482131958 0.4171549379825592 1.1680264472961426 0.36756843328475952 -1.9036015272140503 0.52338838577270508 1.992250919342041 0.45017355680465698
