87.185899999924004 -0.80099195241928101 0.47173294425010681 1.0410006046295166 0.4678615927696228 -0.990092933177948 0.77491635084152222 1.0305415391921997 0.76026403903961182
185.83080000057817 -0.73116612434387207 0.46663981676101685 0.91111505031585693 0.46751809120178223 -0.89074069261550903 0.77207571268081665 0.92071634531021118 0.75466912984848022
278.78139999974519 -0.7086101770401001 0.4660319983959198 0.92064136266708374 0.46230769157409668 -0.86988317966461182 0.77056401968002319 0.92264395952224731 0.75076282024383545
377.15529999975115 -0.7140883207321167 0.47239184379577637 0.90066921710968018 0.46743002533912659 -0.86881351470947266 0.77456969022750854 0.92203247547149658 0.75121915340423584
477.74519999977201 -0.70984840393066406 0.47232916951179504 0.93150240182876587 0.46785372495651245 -0.86744922399520874 0.76864612102508545 0.95376741886138916 0.74550962448120117
571.66060000006109 -0.82399165630340576 0.47130471467971802 1.0567137002944946 0.44806066155433655 -0.97682309150695801 0.77105849981307983 1.0897543430328369 0.7272566556930542
669.86070000007749 -0.86422938108444214 0.4556911289691925 1.2678841352462769 0.44744652509689331 -0.72243189811706543 0.75107645988464355 1.2126551866531372 0.74031603336334229
763.43530000001192 -1.1343321800231934 0.35743209719657898 1.1193081140518188 0.36961278319358826 -0.70963394641876221 0.6009979248046875 1.0146958827972412 0.61049073934555054
864.50570000056177 -1.4357362985610962 0.29826587438583374 1.0022664070129395 0.30376386642456055 -1.0498764514923096 0.489492267370224 0.67142707109451294 0.48353144526481628
967.3238000003621 -1.3761780261993408 0.27555033564567566 1.1478639841079712 0.29292452335357666 -0.92034405469894409 0.47043156623840332 0.69364351034164429 0.43590408563613892
1067.9506000000983 -0.68271434307098389 0.30250200629234314 1.0018481016159058 0.30435261130332947 -0.30571332573890686 0.4153837263584137 0.45458525419235229 0.40005916357040405
1170.9894000003114 -0.65020722150802612 0.31164529919624329 0.9425358772277832 0.30130273103713989 -0.24209119379520416 0.42861118912696838 0.46853774785995483 0.40969812870025635
1264.174699999392 -0.68097525835037231 0.30557140707969666 0.94090896844863892 0.30765172839164734 -0.29046609997749329 0.42682984471321106 0.43069949746131897 0.40804815292358398
1363.6006999993697 -0.66283100843429565 0.31054010987281799 0.87622565031051636 0.31014141440391541 -0.28242731094360352 0.43118852376937866 0.41919121146202087 0.41226264834403992
1461.3251000000164 -0.67600691318511963 0.31628516316413879 0.90893739461898804 0.30657470226287842 -0.27533450722694397 0.424623042345047 0.43377688527107239 0.40882119536399841
1560.3067999994382 -0.66401493549346924 0.31608062982559204 0.90369248390197754 0.30499982833862305 -0.29317131638526917 0.42232650518417358 0.45077690482139587 0.4141119122505188
1657.1064999997616 -0.67927491664886475 0.30964496731758118 0.89426904916763306 0.30298161506652832 -0.30360609292984009 0.42385184764862061 0.43589669466018677 0.40373778343200684
1756.533400000073 -0.83345884084701538 0.27478581666946411 0.92336177825927734 0.30993884801864624 -0.28692817687988281 0.41813221573829651 0.43222305178642273 0.40175145864486694
1854.4490999998525 -0.82153695821762085 0.27001392841339111 0.93459159135818481 0.30494928359985352 -0.27496078610420227 0.42200726270675659 0.39645490050315857 0.3984418511390686
1947.0389999998733 -0.67641901969909668 0.31059503555297852 0.97474586963653564 0.30757337808609009 -0.30197617411613464 0.41880565881729126 0.43898060917854309 0.40081930160522461
