82.390999998897314 -0.69949859380722046 0.66669118404388428 0.58698725700378418 0.63245326280593872 -0.67899572849273682 0.96707344055175781 0.63403719663619995 0.9561963677406311
181.6382999997586 -0.68421363830566406 0.66751182079315186 0.59138506650924683 0.62791347503662109 -0.66841429471969604 0.95964831113815308 0.64420652389526367 0.94991672039031982
285.62069999799132 -0.67719662189483643 0.65789061784744263 0.60454857349395752 0.61790531873703003 -0.65514200925827026 0.95970600843429565 0.64806824922561646 0.9550209641456604
389.41600000113249 -0.67697149515151978 0.65865790843963623 0.62741899490356445 0.62482738494873047 -0.6661447286605835 0.96030682325363159 0.68075078725814819 0.95200258493423462
494.32769999839365 -0.73395073413848877 0.65831822156906128 0.70258462429046631 0.63177800178527832 -0.68948501348495483 0.95624125003814697 0.72943574190139771 0.96223223209381104
598.31350000016391 -0.80329388380050659 0.62807732820510864 0.75976508855819702 0.61696243286132813 -0.80482542514801025 0.94875949621200562 0.77179205417633057 0.93657135963439941
702.03949999809265 -0.93390387296676636 0.59855002164840698 0.90182262659072876 0.58315294981002808 -0.89120912551879883 0.90879136323928833 0.91777878999710083 0.89298635721206665
802.39369999989867 -1.11962890625 0.51498246192932129 1.0805537700653076 0.50278317928314209 -1.0221801996231079 0.82095283269882202 1.1247410774230957 0.81555771827697754
901.78920000046492 -1.0809756517410278 0.42965412139892578 1.0606470108032227 0.4216446578502655 -0.96635377407073975 0.72658753395080566 1.0950819253921509 0.73793917894363403
1000.8979999981821 -1.1379103660583496 0.39778885245323181 1.1025060415267944 0.40129706263542175 -0.95771878957748413 0.65815150737762451 1.0483435392379761 0.70187073945999146
1100.7175999972969 -1.0269412994384766 0.32716256380081177 1.0578974485397339 0.31621313095092773 -0.68337792158126831 0.59020715951919556 0.67379510402679443 0.57680040597915649
1198.7005000002682 -1.1201933622360229 0.30170843005180359 1.0796710252761841 0.30759212374687195 -0.62322425842285156 0.54641866683959961 0.53524082899093628 0.54180043935775757
1291.718500001356 -0.94434702396392822 0.3066539466381073 0.96168506145477295 0.25597882270812988 -0.30870947241783142 0.45099949836730957 0.31506624817848206 0.46405518054962158
1387.2110999990255 -0.79765874147415161 0.31360962986946106 0.90823787450790405 0.25759789347648621 -0.19883483648300171 0.46408435702323914 0.26206985116004944 0.44663003087043762
1491.7305999975652 -0.8199763298034668 0.31826156377792358 0.93241733312606812 0.24409525096416473 -0.16285552084445953 0.46339768171310425 0.28715342283248901 0.44594866037368774
1594.0691999979317 -0.81272363662719727 0.30701303482055664 1.0087547302246094 0.24450664222240448 -0.14827723801136017 0.45626270771026611 0.34165504574775696 0.44434300065040588
1700.1601999979466 -0.79094064235687256 0.30639249086380005 1.009282112121582 0.24324855208396912 -0.13338564336299896 0.45635437965393066 0.3242526650428772 0.4461841881275177
1801.0256999973208 -0.79874777793884277 0.30937042832374573 0.97372537851333618 0.25223895907402039 -0.15110185742378235 0.45655184984207153 0.30898118019104004 0.44807124137878418
1900.3866000007838 -0.84013593196868896 0.31481671333312988 0.93728256225585938 0.25865089893341064 -0.18949833512306213 0.45815560221672058 0.27837568521499634 0.4499034583568573
1997.8323999978602 -0.78710812330245972 0.31217905879020691 0.98240935802459717 0.25095489621162415 -0.11987555772066116 0.45307701826095581 0.3174501359462738 0.44681188464164734
