97.901300000026822 -0.71059143543243408 0.67822355031967163 0.61123883724212646 0.64958804845809937 -0.70513230562210083 1.0049512386322021 0.60337769985198975 0.99098819494247437
199.91160000301898 -0.72869336605072021 0.67888104915618896 0.58933615684509277 0.66120129823684692 -0.70347285270690918 1.006056547164917 0.57372701168060303 0.99994069337844849
296.50980000011623 -0.73575454950332642 0.67923396825790405 0.58823674917221069 0.65968036651611328 -0.68671315908432007 1.024994969367981 0.57489883899688721 0.99573242664337158
396.24270000122488 -0.74664884805679321 0.68164098262786865 0.61128860712051392 0.65006899833679199 -0.7269824743270874 1.0096101760864258 0.57886123657226563 0.99836939573287964
501.291400000453 -0.76355218887329102 0.67316693067550659 0.61902689933776855 0.62542915344238281 -0.74630391597747803 1.0043683052062988 0.5838811993598938 0.97935420274734497
606.57239999808371 -0.9240729808807373 0.63587057590484619 0.84926104545593262 0.6079668402671814 -0.88772273063659668 0.98786646127700806 0.75098657608032227 0.96239775419235229
705.18760000169277 -1.0063776969909668 0.58160185813903809 0.94409191608428955 0.5577847957611084 -0.91438925266265869 0.8989945650100708 0.84746909141540527 0.88921403884887695
806.291400000453 -1.0437585115432739 0.43238162994384766 1.0267347097396851 0.40856170654296875 -0.69347339868545532 0.69046342372894287 0.73989611864089966 0.72543764114379883
913.26290000043809 -1.0605169534683228 0.36435163021087646 1.0913294553756714 0.35370451211929321 -0.6930079460144043 0.62133485078811646 0.65987569093704224 0.61780375242233276
1010.8704000003636 -0.94717389345169067 0.28735661506652832 1.0495425462722778 0.24232597649097443 -0.36681747436523438 0.45295807719230652 0.46558627486228943 0.45562580227851868
1112.0384000018239 -0.83404916524887085 0.30990228056907654 0.98647814989089966 0.22841334342956543 -0.20184312760829926 0.4546082615852356 0.33019289374351501 0.43363258242607117
1216.0223000012338 -0.78308963775634766 0.31313762068748474 0.97471630573272705 0.25201839208602905 -0.19546635448932648 0.46616598963737488 0.33315384387969971 0.45256894826889038
1318.601800000295 -0.77308154106140137 0.32710668444633484 0.98260974884033203 0.26883441209793091 -0.2419009804725647 0.45635008811950684 0.30842643976211548 0.46550816297531128
1429.9023999981582 -0.76758885383605957 0.31868544220924377 0.98464757204055786 0.26163628697395325 -0.21531718969345093 0.45614916086196899 0.27154308557510376 0.45501819252967834
1531.2791000008583 -0.77982419729232788 0.32603311538696289 0.96663057804107666 0.26542362570762634 -0.23407013714313507 0.45647653937339783 0.30024492740631104 0.45599457621574402
1625.2363000009209 -0.83644860982894897 0.31443867087364197 0.90582180023193359 0.2620866596698761 -0.26338395476341248 0.45964285731315613 0.23413780331611633 0.45464909076690674
1725.6405000016093 -0.79318422079086304 0.32164919376373291 0.92335242033004761 0.26231110095977783 -0.24719178676605225 0.46055972576141357 0.23129050433635712 0.45398601889610291
1824.2557999994606 -0.79187893867492676 0.32351517677307129 0.89597958326339722 0.26570537686347961 -0.23419930040836334 0.46081849932670593 0.23076999187469482 0.45859155058860779
1926.8398000001907 -0.83355182409286499 0.31413286924362183 0.93417304754257202 0.25951170921325684 -0.27857580780982971 0.44880381226539612 0.22232922911643982 0.45740339159965515
