16.227099999785423 -0.73345905542373657 0.46976780891418457 0.52903968095779419 0.46555668115615845 -0.65670007467269897 0.74199718236923218 0.48831763863563538 0.7114100456237793
126.60309999994934 -0.7241518497467041 0.47453305125236511 0.95232176780700684 0.49705466628074646 -0.66579842567443848 0.75429642200469971 0.54424756765365601 0.71787148714065552
241.53349999897182 -0.58872705698013306 0.46815371513366699 0.89911085367202759 0.5091552734375 -0.68540281057357788 0.75209277868270874 0.52616703510284424 0.73048514127731323
350.12779999990016 -0.76582801342010498 0.47120687365531921 0.57825261354446411 0.4527873694896698 -0.73338377475738525 0.75152957439422607 0.58213412761688232 0.69767481088638306
457.75209999922663 -0.69264936447143555 0.4543251097202301 0.59894120693206787 0.4456666111946106 -0.8280106782913208 0.75482058525085449 0.53227955102920532 0.70899611711502075
568.34969999920577 -0.84557938575744629 0.45769643783569336 0.68964236974716187 0.46784919500350952 -0.92925834655761719 0.74876224994659424 0.59646499156951904 0.72894394397735596
664.93759999983013 -0.95334541797637939 0.39514511823654175 0.74229097366333008 0.3987140953540802 -0.72057503461837769 0.6366533637046814 0.67001223564147949 0.61866629123687744
778.20399999991059 -1.0212419033050537 0.32444494962692261 0.9891095757484436 0.33891928195953369 -0.63389968872070313 0.54624342918395996 0.71892595291137695 0.44687333703041077
883.90270000044256 -0.8825153112411499 0.33005738258361816 0.78957623243331909 0.40630429983139038 -0.37192398309707642 0.5003201961517334 0.57266449928283691 0.41799744963645935
984.51740000024438 -0.68757927417755127 0.33976605534553528 0.69415289163589478 0.42010557651519775 -0.21276901662349701 0.49040678143501282 0.5372653603553772 0.41517451405525208
1086.2680999999866 -0.69106489419937134 0.33627143502235413 0.73712342977523804 0.41434916853904724 -0.18548679351806641 0.49566403031349182 0.54983651638031006 0.39861100912094116
1184.0595000004396 -0.65155661106109619 0.3379395604133606 0.75075370073318481 0.4091484546661377 -0.14127722382545471 0.49343854188919067 0.58945220708847046 0.39601093530654907
1291.9702999992296 -0.68428611755371094 0.33728855848312378 0.76820981502532959 0.4064270555973053 -0.1736300140619278 0.48054555058479309 0.63146686553955078 0.39295652508735657
1390.9448999995366 -0.60948193073272705 0.33318474888801575 0.69796544313430786 0.40873757004737854 -0.17726457118988037 0.47638413310050964 0.58079314231872559 0.38600650429725647
1503.7673999993131 -0.64984148740768433 0.33160939812660217 0.63583898544311523 0.40997427701950073 -0.19383645057678223 0.4727417528629303 0.6016811728477478 0.38099351525306702
1612.354400000535 -0.64391273260116577 0.33214092254638672 0.62444984912872314 0.40848568081855774 -0.18809430301189423 0.46717038750648499 0.59898281097412109 0.38514333963394165
1723.3040999993682 -0.6924622654914856 0.32640218734741211 0.64100146293640137 0.41139793395996094 -0.2365332692861557 0.46847838163375854 0.62244629859924316 0.3836941123008728
1826.8482999997213 -0.64091455936431885 0.32748514413833618 0.58642500638961792 0.40677526593208313 -0.20293085277080536 0.4617590606212616 0.62118101119995117 0.37444621324539185
1938.3417999995872 -0.65880036354064941 0.32648718357086182 0.65322315692901611 0.40506529808044434 -0.20273120701313019 0.46440905332565308 0.65089207887649536 0.37478849291801453
