17.001700000837445 -0.80980217456817627 0.45748415589332581 0.57063424587249756 0.48727062344551086 -0.72667795419692993 0.76761728525161743 0.65554571151733398 0.7926323413848877
109.57580000068992 -0.78813713788986206 0.46104779839515686 0.56382620334625244 0.49174681305885315 -0.69832688570022583 0.77139019966125488 0.63241291046142578 0.79637825489044189
205.00400000065565 -0.78144538402557373 0.4679526686668396 0.59788930416107178 0.48916956782341003 -0.69609546661376953 0.77504342794418335 0.67260545492172241 0.79637044668197632
304.0887000001967 -0.78476792573928833 0.46257057785987854 0.59736108779907227 0.47961559891700745 -0.70244902372360229 0.76746952533721924 0.67161256074905396 0.78921538591384888
398.65500000026077 -0.77865922451019287 0.4660135805606842 0.60709851980209351 0.48139670491218567 -0.6980825662612915 0.76618587970733643 0.66789478063583374 0.78718352317810059
493.47919999994338 -0.7953561544418335 0.45921674370765686 0.62258100509643555 0.47938743233680725 -0.72912752628326416 0.77638101577758789 0.66757148504257202 0.78560304641723633
586.17750000022352 -0.84092366695404053 0.46606287360191345 0.72386139631271362 0.4729328453540802 -0.74705344438552856 0.79336333274841309 0.75600850582122803 0.77902573347091675
689.4569000005722 -1.0171871185302734 0.43393105268478394 0.86869972944259644 0.41149786114692688 -0.80746191740036011 0.72541767358779907 0.69357407093048096 0.68695133924484253
793.50130000058562 -1.1667346954345703 0.32896408438682556 0.68375194072723389 0.36707088351249695 -0.74207437038421631 0.5917656421661377 0.56487131118774414 0.58516949415206909
897.28120000008494 -1.1250061988830566 0.25654038786888123 1.1279374361038208 0.22741420567035675 -0.65148574113845825 0.464975506067276 0.47090768814086914 0.42125329375267029
992.68030000012368 -0.81276077032089233 0.26940497756004333 1.3283048868179321 0.23640505969524384 -0.28054651618003845 0.41992771625518799 0.5864797830581665 0.3832627534866333
1087.3125999998301 -0.60346579551696777 0.2586115300655365 1.296122670173645 0.23868153989315033 -0.16370426118373871 0.39650878310203552 0.49313238263130188 0.37014409899711609
1183.7846000008285 -0.59525644779205322 0.26649186015129089 1.2557166814804077 0.23933881521224976 -0.16947047412395477 0.40906596183776855 0.50846505165100098 0.3714887797832489
1275.4854000005871 -0.64815127849578857 0.27373430132865906 1.2265543937683105 0.2431626170873642 -0.19020521640777588 0.41933608055114746 0.48576414585113525 0.37934646010398865
1377.9098000004888 -0.64271271228790283 0.27216380834579468 1.2725729942321777 0.23745425045490265 -0.17998580634593964 0.41205289959907532 0.50085455179214478 0.37913516163825989
1473.9463000008836 -0.62885415554046631 0.26800000667572021 1.2530070543289185 0.23668798804283142 -0.19105127453804016 0.40579727292060852 0.47878041863441467 0.37844464182853699
1572.0766000002623 -0.63392370939254761 0.2709953784942627 1.2500938177108765 0.23619548976421356 -0.20655997097492218 0.4057430624961853 0.50296998023986816 0.37266027927398682
1668.5264000007883 -0.64843666553497314 0.26679137349128723 1.2209575176239014 0.23430697619915009 -0.19429367780685425 0.40936651825904846 0.47618374228477478 0.37033873796463013
1764.7701000003144 -0.6535915732383728 0.2701532244682312 1.2383421659469604 0.23318766057491302 -0.21042729914188385 0.40691149234771729 0.49061599373817444 0.36581307649612427
1865.8347000004724 -0.66257929801940918 0.27219080924987793 1.201181173324585 0.23843136429786682 -0.24813050031661987 0.4020574688911438 0.48721155524253845 0.36098143458366394
1958.2331999996677 -0.65839040279388428 0.27340742945671082 1.2387286424636841 0.23968750238418579 -0.20286217331886292 0.40828046202659607 0.49391952157020569 0.36981379985809326
