63.67179998755455 -0.67597115039825439 0.75293987989425659 0.63113051652908325 0.746132493019104 -0.64192235469818115 1.1454874277114868 0.61461126804351807 1.1229193210601807
152.6114000082016 -0.69526076316833496 0.74376857280731201 0.62429314851760864 0.74246156215667725 -0.66792339086532593 1.1330724954605103 0.63460826873779297 1.1094087362289429
242.39629998803139 -0.68281286954879761 0.74292045831680298 0.61989659070968628 0.74364167451858521 -0.65909737348556519 1.1312800645828247 0.6353650689125061 1.1278419494628906
328.47310000658035 -0.69109159708023071 0.75472623109817505 0.59845113754272461 0.75366991758346558 -0.66254758834838867 1.1407818794250488 0.62632745504379272 1.1365921497344971
415.92359998822212 -0.70786595344543457 0.75018960237503052 0.57459276914596558 0.73218792676925659 -0.6838950514793396 1.1384482383728027 0.61889773607254028 1.1117899417877197
508.88929998874664 -0.71199232339859009 0.74563783407211304 0.61576575040817261 0.72859007120132446 -0.69389837980270386 1.1270833015441895 0.67549985647201538 1.1321351528167725
594.29669998586178 -0.70929694175720215 0.72097510099411011 0.59633564949035645 0.70670783519744873 -0.65789109468460083 1.0961823463439941 0.64998078346252441 1.0837856531143188
683.94829998910427 -0.706032395362854 0.66864204406738281 0.6142391562461853 0.67985033988952637 -0.6251111626625061 1.0212210416793823 0.4987030029296875 1.0418071746826172
774.30419999361038 -0.77068483829498291 0.62732082605361938 0.65456914901733398 0.59812808036804199 -0.51664704084396362 0.84198540449142456 0.49691292643547058 0.82476836442947388
864.30179999768734 -0.74349290132522583 0.60950928926467896 0.59117293357849121 0.58528929948806763 -0.40331840515136719 0.76758360862731934 0.25749415159225464 0.72171878814697266
954.59539999067783 -0.69096153974533081 0.5620686411857605 0.49092987179756165 0.57928669452667236 -0.31690138578414917 0.58500134944915771 0.049252375960350037 0.6544918417930603
1043.5567000061274 -0.66408246755599976 0.55909335613250732 0.47334694862365723 0.57779884338378906 -0.28312000632286072 0.58352792263031006 0.048982121050357819 0.65886694192886353
1133.1831999868155 -0.73025351762771606 0.54886853694915771 0.55927354097366333 0.55965262651443481 -0.43660515546798706 0.63389593362808228 0.24596787989139557 0.67711377143859863
1224.8848999887705 -0.82648229598999023 0.55440986156463623 0.69738245010375977 0.54980379343032837 -0.75889509916305542 0.7047429084777832 0.69000363349914551 0.67296361923217773
1313.007699996233 -1.0451148748397827 0.52003860473632813 1.150684118270874 0.53692251443862915 -1.6702374219894409 0.68518662452697754 1.7793406248092651 0.70732277631759644
1403.7741000056267 -1.2468767166137695 0.51866132020950317 1.338654637336731 0.53948110342025757 -2.033499002456665 0.65368783473968506 2.1820099353790283 0.64900428056716919
1499.3165999948978 -1.3000773191452026 0.48717179894447327 1.3018954992294312 0.48272067308425903 -2.1232810020446777 0.62147706747055054 2.215242862701416 0.6045374870300293
1591.4827999919653 -1.1551204919815063 0.48114451766014099 1.1681391000747681 0.4695412814617157 -1.893420934677124 0.60189282894134521 1.9137207269668579 0.56275749206542969
1678.5798999965191 -1.1920315027236938 0.47732287645339966 1.2174355983734131 0.45920518040657043 -1.8717209100723267 0.6086687445640564 1.8736190795898438 0.55993795394897461
1766.551499992609 -1.1725598573684692 0.47425320744514465 1.1557486057281494 0.47708934545516968 -1.8817259073257446 0.59818506240844727 1.8931138515472412 0.55769950151443481
1859.085599988699 -1.1751524209976196 0.46934643387794495 1.2013607025146484 0.45540687441825867 -1.8621690273284912 0.59086126089096069 1.9281415939331055 0.56145209074020386
1949.0465999990702 -1.1828160285949707 0.46742561459541321 1.1986483335494995 0.45953017473220825 -1.9251368045806885 0.57858562469482422 1.933111310005188 0.5649300217628479
