40.867600000463426 -0.86761844158172607 0.41479739546775818 0.81223243474960327 0.43022644519805908 -0.89868843555450439 0.69555008411407471 0.89586007595062256 0.64842599630355835
152.66929999925196 -0.85271662473678589 0.41272112727165222 0.81539374589920044 0.43290647864341736 -0.66941583156585693 0.64656704664230347 0.91626876592636108 0.64720809459686279
261.78179999999702 -0.8372916579246521 0.41085541248321533 0.83827030658721924 0.43598365783691406 -0.89353072643280029 0.68287843465805054 0.87503331899642944 0.64940649271011353
384.19669999927282 -0.91244453191757202 0.41734609007835388 0.76934266090393066 0.43498441576957703 -0.96540123224258423 0.68905150890350342 0.79685240983963013 0.64797341823577881
499.78640000056475 -0.81024301052093506 0.40709879994392395 1.0700529813766479 0.42062091827392578 -1.1407421827316284 0.70455247163772583 1.1252957582473755 0.62858325242996216
599.60820000059903 -0.84162449836730957 0.392284095287323 0.98738974332809448 0.43049871921539307 -0.70211696624755859 0.64298474788665771 0.94750708341598511 0.62886792421340942
705.06130000017583 -0.80197888612747192 0.34853705763816833 0.91828328371047974 0.37731119990348816 -0.54172599315643311 0.50580096244812012 0.54966288805007935 0.52218049764633179
810.2480999995023 -0.77644163370132446 0.35576719045639038 0.62783759832382202 0.38958773016929626 -0.39512112736701965 0.43932521343231201 0.17677177488803864 0.49527335166931152
918.24190000072122 -0.77978664636611938 0.33576673269271851 0.50754344463348389 0.38359954953193665 -0.38857218623161316 0.40423527359962463 0.21207593381404877 0.44896173477172852
1024.3881999999285 -0.77356171607971191 0.35416838526725769 0.74462807178497314 0.30204313993453979 -0.42838940024375916 0.42806613445281982 0.63120108842849731 0.4666769802570343
1133.7358999997377 -0.85646486282348633 0.3634856641292572 1.1335263252258301 0.35277462005615234 -0.68465805053710938 0.52978062629699707 1.2062603235244751 0.44370654225349426
1239.9884000001475 -0.76271528005599976 0.30868327617645264 0.81730431318283081 0.32014280557632446 -1.7220547199249268 0.42989987134933472 1.8494275808334351 0.34947368502616882
1351.748900000006 -1.3567107915878296 0.29136639833450317 1.1075599193572998 0.29206088185310364 -2.1278448104858398 0.39446869492530823 2.7536845207214355 0.32128447294235229
1453.5929000005126 -1.3511086702346802 0.29267987608909607 0.90273666381835938 0.2749345600605011 -2.0513148307800293 0.31542700529098511 1.5196008682250977 0.32952526211738586
1567.9115999992937 -1.3109869956970215 0.27608555555343628 0.95273065567016602 0.26731875538825989 -1.8475180864334106 0.29127466678619385 1.6513863801956177 0.32562202215194702
1668.8006000006571 -1.3418123722076416 0.28701308369636536 0.91294312477111816 0.2686653733253479 -2.0381734371185303 0.31339743733406067 2.4129948616027832 0.30934911966323853
1773.19550000038 -1.3623082637786865 0.27735969424247742 0.90218079090118408 0.26698499917984009 -2.0086266994476318 0.29618996381759644 2.3169283866882324 0.30386361479759216
1872.1889000004157 -1.389793872833252 0.28076845407485962 1.5707683563232422 0.25404876470565796 -2.1247422695159912 0.31234806776046753 2.2214891910552979 0.30104896426200867
1982.4062000000849 -1.366452693939209 0.27818581461906433 0.98263436555862427 0.26315402984619141 -1.9608813524246216 0.29298806190490723 2.5229973793029785 0.29983037710189819
