16.725900001823902 -0.70182067155838013 0.88541293144226074 0.51230019330978394 0.91261500120162964 -0.82978302240371704 1.3206067085266113 0.74046188592910767 1.3232170343399048
100.50499999895692 -0.71118342876434326 0.88277333974838257 0.49962818622589111 0.90827369689941406 -0.82799381017684937 1.3413618803024292 0.72951442003250122 1.3210307359695435
188.99430000036955 -0.70572054386138916 0.88407039642333984 0.5143086314201355 0.88997524976730347 -0.82084012031555176 1.3396109342575073 0.71499353647232056 1.2984181642532349
274.17289999872446 -0.92185628414154053 0.89412081241607666 0.53646522760391235 0.91233885288238525 -0.81318753957748413 1.3268835544586182 0.72490477561950684 1.3235859870910645
363.38539999723434 -0.91266250610351563 0.90508830547332764 0.48467168211936951 0.93927973508834839 -0.80356776714324951 1.339424729347229 0.77679067850112915 1.3511290550231934
447.35400000214577 -0.70811289548873901 0.88406097888946533 0.48136082291603088 0.92855876684188843 -0.82064718008041382 1.343396782875061 0.79367852210998535 1.3605203628540039
531.47680000215769 -0.74785661697387695 0.88699084520339966 0.51911133527755737 0.91572290658950806 -0.82203203439712524 1.36436927318573 0.83955240249633789 1.3167673349380493
613.89590000361204 -0.77407717704772949 0.90981036424636841 0.5484347939491272 0.93151062726974487 -0.86351370811462402 1.3948351144790649 0.87949937582015991 1.4441496133804321
699.20470000058413 -0.80595844984054565 0.93425118923187256 0.63042730093002319 0.9416009783744812 -0.86648690700531006 1.4989674091339111 1.0083719491958618 1.515809178352356
784.58069999888539 -0.74776190519332886 0.97436803579330444 0.78652870655059814 0.89523774385452271 -0.95668518543243408 1.6181449890136719 0.90743774175643921 1.4272950887680054
865.19010000303388 -0.73213750123977661 0.76391839981079102 0.62204736471176147 0.80132418870925903 -0.68377029895782471 0.82533276081085205 0.90816015005111694 0.93633383512496948
948.69230000302196 -0.87416541576385498 0.54427087306976318 0.8197709321975708 0.49531608819961548 -0.65596038103103638 0.50702077150344849 0.76809751987457275 0.48782464861869812
1032.0749999992549 -0.70512849092483521 0.60743695497512817 0.59291863441467285 0.46518564224243164 -0.26476609706878662 0.49904441833496094 0.54713255167007446 0.45854583382606506
1117.5097000002861 -0.64074236154556274 0.52854853868484497 0.54668200016021729 0.51126211881637573 -0.39087679982185364 0.36775559186935425 0.45753341913223267 0.45999610424041748
1202.1991000026464 -0.59399205446243286 0.52786320447921753 0.70229452848434448 0.49474522471427917 -0.41739609837532043 0.38989010453224182 0.57042044401168823 0.46235787868499756
1284.2090000025928 -0.7209007740020752 0.59316802024841309 0.88810837268829346 0.48824906349182129 -0.053306590765714645 0.54739522933959961 0.89531230926513672 0.47186511754989624
1372.722199998796 -0.99884754419326782 0.44367480278015137 0.86169624328613281 0.51331865787506104 -0.64424741268157959 0.46995478868484497 0.90293920040130615 0.47652050852775574
1456.5758000016212 -1.4433257579803467 0.4630037248134613 1.088803768157959 0.43519416451454163 -1.532886266708374 0.48604169487953186 1.572506308555603 0.48255610466003418
1541.3760000020266 -1.1318657398223877 0.46149998903274536 1.2692290544509888 0.50251418352127075 -2.2022967338562012 0.5532795786857605 2.3397414684295654 0.51751184463500977
1627.5762000009418 -1.3185452222824097 0.43364071846008301 1.3812671899795532 0.47863194346427917 -2.4427945613861084 0.5438237190246582 2.6046457290649414 0.4801880419254303
1711.8519000001252 -1.2715157270431519 0.44225549697875977 1.2682986259460449 0.44825288653373718 -2.3107931613922119 0.50557589530944824 2.3450524806976318 0.49181601405143738
1799.6266999989748 -1.3564622402191162 0.42728844285011292 1.2875245809555054 0.44883275032043457 -2.3666954040527344 0.46760886907577515 -2.4496638774871826 0.46614459156990051
1883.8931999988854 -1.1276341676712036 0.38273641467094421 1.2894790172576904 0.45364129543304443 -2.2592952251434326 0.44287392497062683 -2.2290098667144775 0.47380760312080383
1970.1310000047088 -1.0503382682800293 0.40010541677474976 1.1523021459579468 0.43497070670127869 -2.1660370826721191 0.45829454064369202 -2.2028801441192627 0.49038970470428467
