47.892400003969669 -0.63413923978805542 0.87379187345504761 0.52382761240005493 0.92025661468505859 -0.73471629619598389 1.3331763744354248 0.71886724233627319 1.3280124664306641
134.44050000235438 -0.63109797239303589 0.88117724657058716 0.54769200086593628 0.93129760026931763 -0.72352170944213867 1.3407049179077148 0.69470584392547607 1.3318303823471069
217.98570000380278 -0.62213009595870972 0.87403935194015503 0.54018056392669678 0.93376255035400391 -0.73359042406082153 1.3346728086471558 0.67914414405822754 1.332409143447876
301.4636000059545 -0.622283935546875 0.88205265998840332 0.5578954815864563 0.94511908292770386 -0.72564852237701416 1.3293960094451904 0.71236073970794678 1.3415007591247559
386.56199999898672 -0.61975580453872681 0.87836390733718872 0.53271198272705078 0.9385077953338623 -0.73207825422286987 1.351252555847168 0.70913457870483398 1.3278554677963257
470.36070000007749 -0.65701752901077271 0.89705836772918701 0.56997591257095337 0.95396119356155396 -0.72724628448486328 1.3706005811691284 0.7480316162109375 1.4545139074325562
555.5325000025332 -0.78568732738494873 0.81751501560211182 0.65699833631515503 0.94134682416915894 -0.87382751703262329 1.3353078365325928 0.92991185188293457 1.4622167348861694
639.58600000292063 -1.1519535779953003 0.77523648738861084 1.0156111717224121 0.89518380165100098 -1.0812779664993286 1.3607915639877319 1.3953522443771362 1.4023680686950684
726.96510000154376 -1.1611628532409668 0.75584155321121216 1.0419437885284424 0.76762121915817261 -1.1795597076416016 1.2916765213012695 1.2366598844528198 1.3737118244171143
811.72800000011921 -1.2017518281936646 0.60924899578094482 1.2404477596282959 0.62023341655731201 -1.6918344497680664 1.2436407804489136 1.6208260059356689 1.1690115928649902
895.28359999880195 -1.4446594715118408 0.48504930734634399 1.2514344453811646 0.48091092705726624 -1.510167121887207 1.1003575325012207 1.2591726779937744 1.0279406309127808
1003.400900002569 -1.4133651256561279 0.43312260508537292 1.5774943828582764 0.40913435816764832 -1.1772843599319458 0.959969162940979 1.1909302473068237 0.92234677076339722
1089.5963000021875 -1.0677176713943481 0.38937079906463623 1.1405965089797974 0.39163923263549805 -0.71740627288818359 0.713753342628479 0.84990030527114868 0.73833185434341431
1174.749500002712 -0.95729494094848633 0.41331806778907776 1.2290056943893433 0.44989484548568726 -0.33036813139915466 0.77525204420089722 0.6566767692565918 0.73687171936035156
1258.7429000027478 -0.77740895748138428 0.47756883502006531 1.3203189373016357 0.48315376043319702 -0.13766948878765106 0.86562120914459229 0.38666516542434692 0.86052083969116211
1337.8680999986827 -0.81961971521377563 0.48196366429328918 1.3131818771362305 0.48957431316375732 -0.16739194095134735 0.84055006504058838 0.37531518936157227 0.8287043571472168
1422.006200004369 -0.90310299396514893 0.41979274153709412 1.3340857028961182 0.46802884340286255 -0.19904866814613342 0.77889490127563477 0.38665646314620972 0.79261487722396851
1506.4436000026762 -0.9068148136138916 0.44438406825065613 1.3578481674194336 0.45866778492927551 -0.21968436241149902 0.78317523002624512 0.40502026677131653 0.78018325567245483
1588.2420000061393 -0.93117231130599976 0.43118491768836975 1.2768872976303101 0.44723996520042419 -0.24905194342136383 0.77080708742141724 0.38207435607910156 0.77503025531768799
1669.2662000022829 -1.0057599544525146 0.4223150908946991 1.2104482650756836 0.443582683801651 -0.09373822808265686 0.75240534543991089 0.3299517035484314 0.76645159721374512
1750.0859000012279 -0.9893498420715332 0.43060979247093201 1.194621205329895 0.44441148638725281 -0.080950409173965454 0.74737364053726196 0.33044108748435974 0.76095032691955566
1835.9269000031054 -0.93829911947250366 0.45950552821159363 1.194904088973999 0.45263791084289551 -0.066705778241157532 0.76149022579193115 0.40960976481437683 0.73122084140777588
1919.8626000024378 -0.96450883150100708 0.43514549732208252 1.1930205821990967 0.45109951496124268 -0.10600052773952484 0.74635332822799683 0.35151821374893188 0.76425760984420776
2001.3544000051916 -0.99173307418823242 0.46341946721076965 1.1862691640853882 0.45248374342918396 -0.31317853927612305 0.77162963151931763 0.39067080616950989 0.73079997301101685
