44.649500012397766 -0.77418839931488037 0.78385883569717407 0.67939561605453491 0.74534541368484497 -0.75275677442550659 1.1799789667129517 0.67231768369674683 1.1329997777938843
129.87040001153946 -0.78092116117477417 0.78736025094985962 0.67238974571228027 0.74744099378585815 -0.74729645252227783 1.1826900243759155 0.66613346338272095 1.1301019191741943
219.5615000128746 -0.78675079345703125 0.7914503812789917 0.66931754350662231 0.75171869993209839 -0.76313823461532593 1.1838759183883667 0.65901303291320801 1.1400446891784668
311.61100001633167 -0.78663027286529541 0.79156064987182617 0.66709715127944946 0.75011169910430908 -0.75505554676055908 1.1878044605255127 0.65591126680374146 1.1349787712097168
397.85060000419617 -0.79264563322067261 0.79172301292419434 0.68029952049255371 0.7515978217124939 -0.75676995515823364 1.1819140911102295 0.69751036167144775 1.1294562816619873
487.48330001533031 -0.78350281715393066 0.79158830642700195 0.71651852130889893 0.76551854610443115 -0.75147151947021484 1.1881377696990967 0.70484459400177002 1.1519278287887573
576.59690000116825 -0.71182435750961304 0.72783303260803223 0.74238842725753784 0.69696122407913208 -0.68082195520401001 1.1018050909042358 0.70990282297134399 1.0906913280487061
670.48030000925064 -0.6467435359954834 0.69546329975128174 0.72198194265365601 0.65661722421646118 -0.5587775707244873 1.0185695886611938 0.53801620006561279 1.0030852556228638
760.11519999802113 -0.69442975521087646 0.63360446691513062 0.71210825443267822 0.62629079818725586 -0.45394748449325562 0.81531804800033569 0.53240883350372314 0.84822911024093628
851.45230001211166 -0.6109459400177002 0.59138959646224976 0.56201660633087158 0.57497537136077881 -0.24830798804759979 0.64828580617904663 0.12653131783008575 0.66147679090499878
943.98610000312328 -0.64659041166305542 0.60712265968322754 0.58332628011703491 0.57683157920837402 -0.34336104989051819 0.66087496280670166 0.2060244083404541 0.68678075075149536
1039.1055000126362 -0.78857094049453735 0.59862124919891357 0.74327564239501953 0.58443218469619751 -0.64331358671188354 0.73263460397720337 0.46111354231834412 0.70358794927597046
1129.9639000147581 -0.95031803846359253 0.57295435667037964 0.76112514734268188 0.56406712532043457 -0.99790418148040771 0.68793505430221558 0.95395958423614502 0.75075119733810425
1219.0391000062227 -1.1689866781234741 0.5620192289352417 1.2933306694030762 0.54695761203765869 -1.8576940298080444 0.73613637685775757 2.0671238899230957 0.73508995771408081
1313.2132000029087 -1.2810510396957397 0.54982006549835205 1.3822365999221802 0.5430305004119873 -2.0194129943847656 0.70871144533157349 2.2235078811645508 0.67900508642196655
1402.3412000089884 -1.3009045124053955 0.54640394449234009 1.3603832721710205 0.49432340264320374 -2.0514743328094482 0.68645554780960083 2.1068851947784424 0.60826283693313599
1493.3784000128508 -1.2772812843322754 0.53118205070495605 1.361237645149231 0.47655096650123596 -1.9897979497909546 0.66305810213088989 2.1113836765289307 0.57170379161834717
1583.1402000039816 -1.2430217266082764 0.52216130495071411 1.2819939851760864 0.47278726100921631 -1.9093846082687378 0.65815997123718262 2.0147862434387207 0.5646975040435791
1671.3030000180006 -1.2194552421569824 0.5137101411819458 1.2527488470077515 0.47307276725769043 -1.9022096395492554 0.64918255805969238 2.0110580921173096 0.56933301687240601
1761.8780000060797 -1.2296738624572754 0.51027560234069824 1.3053945302963257 0.47415310144424438 -1.9429506063461304 0.64152097702026367 2.0586142539978027 0.55949884653091431
1855.9212000072002 -1.2699751853942871 0.50408649444580078 1.2909046411514282 0.47484180331230164 -1.9833029508590698 0.6411358118057251 2.0480127334594727 0.56612318754196167
1951.2061000019312 -1.2670396566390991 0.5060272216796875 1.2940949201583862 0.47919684648513794 -1.9691399335861206 0.634391188621521 2.0663652420043945 0.56753826141357422
