34.531099999323487 -0.74525076150894165 0.66254431009292603 0.59037911891937256 0.64066189527511597 -0.64257872104644775 0.9727751612663269 0.63059508800506592 0.96282052993774414
140.44709999859333 -0.76280242204666138 0.66216319799423218 0.59116160869598389 0.64440125226974487 -0.67844492197036743 0.97353279590606689 0.63070559501647949 0.96272027492523193
237.20689999684691 -0.70827031135559082 0.67159348726272583 0.58628267049789429 0.63592374324798584 -0.68174296617507935 0.97370642423629761 0.64062416553497314 0.95656239986419678
336.45600000023842 -0.70837581157684326 0.66431987285614014 0.58931571245193481 0.63492196798324585 -0.68630284070968628 0.96591055393218994 0.63659155368804932 0.95861577987670898
437.01039999909699 -0.7078547477722168 0.66978895664215088 0.59026437997817993 0.63187676668167114 -0.68486702442169189 0.97416591644287109 0.63667964935302734 0.95495295524597168
540.96959999762475 -0.74217629432678223 0.65922856330871582 0.64336782693862915 0.632152259349823 -0.71085411310195923 0.9613032341003418 0.6497044563293457 0.96113318204879761
639.69649999774992 -0.80994069576263428 0.64699387550354004 0.70708996057510376 0.62347793579101563 -0.77252799272537231 0.96502411365509033 0.70600295066833496 0.94779515266418457
740.90179999731481 -0.93387043476104736 0.60586965084075928 0.87383335828781128 0.6070551872253418 -0.84887874126434326 0.92034542560577393 0.83440256118774414 0.93481647968292236
841.58729999884963 -1.1217583417892456 0.49889704585075378 0.99823898077011108 0.51628154516220093 -0.96448308229446411 0.79571533203125 0.91615933179855347 0.80270677804946899
944.13320000097156 -1.1106750965118408 0.43316522240638733 1.0413565635681152 0.43410664796829224 -0.88284999132156372 0.69595217704772949 0.92417579889297485 0.70508795976638794
1043.9188999980688 -1.0962882041931152 0.39933553338050842 1.0040314197540283 0.38290372490882874 -0.75597476959228516 0.65019369125366211 0.74776607751846313 0.65392351150512695
1151.3997999988496 -1.1289834976196289 0.29809120297431946 1.0982848405838013 0.32187628746032715 -0.64279985427856445 0.58357810974121094 0.54874181747436523 0.56708037853240967
1250.8933999985456 -0.99055320024490356 0.30317500233650208 1.0169905424118042 0.28411126136779785 -0.39024946093559265 0.4623679518699646 0.4487159252166748 0.48329958319664001
1352.3002000004053 -0.81731265783309937 0.33071249723434448 0.98322266340255737 0.29805585741996765 -0.23152181506156921 0.46294897794723511 0.29075157642364502 0.48098805546760559
1452.28579999879 -0.70857113599777222 0.32726848125457764 0.95896828174591064 0.27817243337631226 -0.14210505783557892 0.47105759382247925 0.25324872136116028 0.4808468222618103
1552.0848999992013 -0.83426594734191895 0.32822707295417786 0.98889791965484619 0.29493811726570129 -0.24378259479999542 0.46986198425292969 0.21684437990188599 0.48294955492019653
1653.1272999979556 -0.77284920215606689 0.33304452896118164 0.9406617283821106 0.29889139533042908 -0.22799587249755859 0.47314366698265076 0.20026616752147675 0.49042391777038574
1750.8213999979198 -0.75674295425415039 0.34146794676780701 0.93235176801681519 0.29371938109397888 -0.20962196588516235 0.47299715876579285 0.21087510883808136 0.48469686508178711
1851.483200000599 -0.78343081474304199 0.33919182419776917 0.93791556358337402 0.30167469382286072 -0.25509136915206909 0.46950900554656982 0.19104614853858948 0.48737737536430359
1953.6391000002623 -0.77610045671463013 0.33972802758216858 0.94482672214508057 0.29870221018791199 -0.25589221715927124 0.47095197439193726 0.18682593107223511 0.48482215404510498
