56.941100001335144 -0.66977667808532715 0.87214821577072144 0.52797657251358032 0.9270939826965332 -0.80090522766113281 1.3474202156066895 0.7348639965057373 1.3300902843475342
143.30650000274181 -0.68756842613220215 0.87820464372634888 0.48793879151344299 0.93597197532653809 -0.80454444885253906 1.3498687744140625 0.70507049560546875 1.3425158262252808
227.9721000008285 -0.66718512773513794 0.87889391183853149 0.5073733925819397 0.93119329214096069 -0.79331976175308228 1.3556697368621826 0.73905903100967407 1.3415186405181885
320.58030000329018 -0.69779866933822632 0.88379675149917603 0.47186461091041565 0.92649191617965698 -0.80116951465606689 1.3348667621612549 0.71569740772247314 1.3393573760986328
411.14149999991059 -0.67684096097946167 0.87685191631317139 0.50714874267578125 0.94249242544174194 -0.80700099468231201 1.3474265336990356 0.73728418350219727 1.3483747243881226
495.32950000092387 -0.6658441424369812 0.89040911197662354 0.51686233282089233 0.94313794374465942 -0.77387505769729614 1.3573353290557861 0.73696112632751465 1.3387280702590942
579.84720000252128 -0.68863308429718018 0.91406470537185669 0.57524377107620239 0.97252964973449707 -0.77338677644729614 1.3938087224960327 0.66079980134963989 1.4959732294082642
661.18270000070333 -0.61807787418365479 0.95143496990203857 0.64701682329177856 0.96955358982086182 -0.6572151780128479 1.4735045433044434 0.80329698324203491 1.4627882242202759
747.81550000235438 -0.76731771230697632 0.95123356580734253 0.59506577253341675 0.93239974975585938 -0.71277832984924316 1.5617783069610596 0.81463098526000977 1.4822574853897095
835.24980000033975 -0.76288038492202759 0.75909310579299927 0.51280754804611206 0.71455943584442139 -0.69342690706253052 1.1104474067687988 0.68315917253494263 1.0344367027282715
920.35540000349283 -0.84880936145782471 0.72404003143310547 0.68905037641525269 0.68357741832733154 -0.42866015434265137 0.68653064966201782 0.68725371360778809 0.73662596940994263
1001.7019999995828 -0.8171197772026062 0.6231154203414917 0.69739329814910889 0.64068162441253662 -0.2737547755241394 0.64931821823120117 0.63107442855834961 0.69131624698638916
1088.3379999995232 -0.83701962232589722 0.65142256021499634 0.68242555856704712 0.66017955541610718 -0.10675076395273209 0.69462817907333374 0.61794966459274292 0.69536256790161133
1203.8154999986291 -0.543964684009552 0.67669212818145752 0.65664619207382202 0.76557224988937378 -0.32158690690994263 0.73725277185440063 0.71656477451324463 0.78378206491470337
1287.4948999993503 -1.2566750049591064 0.69704234600067139 1.1431150436401367 0.71151775121688843 -1.7946369647979736 0.76981163024902344 1.7726351022720337 0.83956408500671387
1373.5931000001729 -1.1587567329406738 0.5714726448059082 1.1105923652648926 0.6402096152305603 1.982758641242981 0.77395933866500854 2.0165438652038574 0.74122357368469238
1462.0069000013173 -1.3752967119216919 0.54220366477966309 1.2995685338973999 0.58151644468307495 -2.1701123714447021 0.73476505279541016 2.4944334030151367 0.73810452222824097
1547.72329999879 -1.2635601758956909 0.55794250965118408 1.4605729579925537 0.53862565755844116 -2.2572062015533447 0.66024792194366455 2.4518115520477295 0.69078302383422852
1633.4615999981761 -1.2854182720184326 0.53135538101196289 1.4176592826843262 0.5445372462272644 -2.3617374897003174 0.66080445051193237 2.4168510437011719 0.68566006422042847
1715.209399998188 -1.2702491283416748 0.53319817781448364 1.3957717418670654 0.55285698175430298 2.1528263092041016 0.65829563140869141 2.3596029281616211 0.66892325878143311
1796.597500000149 -1.3809524774551392 0.54479879140853882 1.3220831155776978 0.52980542182922363 2.0685954093933105 0.63521581888198853 2.2725725173950195 0.64705759286880493
1881.6627999991179 -1.2427417039871216 0.51205772161483765 1.3260639905929565 0.5414854884147644 -2.3585178852081299 0.62281703948974609 2.2812724113464355 0.65675705671310425
1967.2622999995947 -1.2194463014602661 0.52458512783050537 1.3221626281738281 0.53614640235900879 2.1250057220458984 0.6358795166015625 2.315889835357666 0.65680921077728271
