89.687300000339746 -0.81125980615615845 0.47351980209350586 1.00339674949646 0.46950864791870117 -1.0251702070236206 0.76895129680633545 0.94824463129043579 0.74806308746337891
183.46460000053048 -0.82229351997375488 0.47850120067596436 0.97932326793670654 0.46902534365653992 -1.0337491035461426 0.77024048566818237 0.93123888969421387 0.74961501359939575
275.94969999976456 -0.80087751150131226 0.48343393206596375 0.98097425699234009 0.46866899728775024 -0.99529552459716797 0.77899187803268433 0.93657487630844116 0.74873298406600952
370.76059999968857 -0.7178339958190918 0.48273178935050964 0.84775465726852417 0.46296754479408264 -0.91268640756607056 0.77747398614883423 0.93503952026367188 0.74469131231307983
463.94790000002831 -0.80221784114837646 0.47547426819801331 0.99610507488250732 0.46453064680099487 -1.0223032236099243 0.77268630266189575 1.1246404647827148 0.74340081214904785
557.25380000006407 -0.79305696487426758 0.47675853967666626 1.014823317527771 0.45760196447372437 -0.68743884563446045 0.75414657592773438 1.1731466054916382 0.73595684766769409
655.06809999980032 -1.0700792074203491 0.39888450503349304 0.94493222236633301 0.41653150320053101 -0.99944162368774414 0.6395103931427002 1.0554404258728027 0.62662577629089355
747.36780000012368 -0.74753421545028687 0.3376961350440979 0.89868533611297607 0.37920424342155457 -0.8510698676109314 0.56411540508270264 0.94682163000106812 0.54894387722015381
842.91160000022501 -0.54267805814743042 0.37625882029533386 0.95751559734344482 0.34158426523208618 -0.47262266278266907 0.46555021405220032 0.53798729181289673 0.45313450694084167
941.66330000013113 -0.59759044647216797 0.34558510780334473 0.86624115705490112 0.32635432481765747 -0.49211964011192322 0.36966359615325928 0.34343883395195007 0.37630206346511841
1037.7413999997079 -0.60354006290435791 0.33577647805213928 0.81865406036376953 0.32831084728240967 -0.47122058272361755 0.37587523460388184 0.36229795217514038 0.37391677498817444
1135.7686999998987 -0.40578249096870422 0.33629691600799561 0.61841708421707153 0.36834841966629028 -0.49323001503944397 0.39357435703277588 0.35024440288543701 0.39272993803024292
1229.8193000005558 -0.7876896858215332 0.39757835865020752 0.82499831914901733 0.3551095724105835 -0.48198315501213074 0.40661972761154175 0.53569698333740234 0.418458491563797
1327.5401000007987 -0.70569324493408203 0.31538912653923035 0.64770817756652832 0.31392344832420349 -1.1379151344299316 0.38920992612838745 1.2323861122131348 0.40716323256492615
1420.0298000006005 -0.93755125999450684 0.343770831823349 1.0428794622421265 0.34930667281150818 -1.4724875688552856 0.43000206351280212 1.799750804901123 0.43071216344833374
1518.1308000003919 -1.1721149682998657 0.32153069972991943 1.5677305459976196 0.3262878954410553 -2.1659750938415527 0.4269290566444397 2.8440382480621338 0.4274192750453949
1621.9734999993816 -1.1812425851821899 0.32083490490913391 1.6858361959457397 0.32273769378662109 -2.2710015773773193 0.42668414115905762 2.9918694496154785 0.43154853582382202
1724.3546000001952 -1.1443428993225098 0.32001402974128723 1.6716650724411011 0.32305800914764404 -2.1864001750946045 0.42526733875274658 2.9832441806793213 0.4329286515712738
1822.4739000005648 -1.1679747104644775 0.3196512758731842 1.6631127595901489 0.31787806749343872 -2.2349033355712891 0.42390406131744385 2.9614558219909668 0.4288981556892395
1912.2032000003383 -1.1780632734298706 0.32314956188201904 1.6982307434082031 0.3178899884223938 -2.2998108863830566 0.43134200572967529 3.0279879570007324 0.4279123842716217
