59.205599999055266 -0.74519133567810059 0.67913085222244263 0.60409367084503174 0.69136595726013184 -0.76038676500320435 1.0471482276916504 0.59602296352386475 1.0493483543395996
159.79849999956787 -0.72476285696029663 0.68112176656723022 0.61769944429397583 0.68977540731430054 -0.75105935335159302 1.0532687902450562 0.63724148273468018 1.050392746925354
260.30450000055134 -0.73598361015319824 0.67969024181365967 0.63063651323318481 0.68889403343200684 -0.75506895780563354 1.0600830316543579 0.64461588859558105 1.051923394203186
357.88590000011027 -0.72741442918777466 0.68228435516357422 0.62013614177703857 0.69049721956253052 -0.7410849928855896 1.0575230121612549 0.63512349128723145 1.0554025173187256
460.89809999801219 -0.75189638137817383 0.68432134389877319 0.69213509559631348 0.6990506649017334 -0.757759690284729 1.0609545707702637 0.69340312480926514 1.0562617778778076
565.9507999997586 -0.79257857799530029 0.68431925773620605 0.77000510692596436 0.68123906850814819 -0.79010653495788574 1.0548273324966431 0.75738811492919922 1.0536186695098877
668.42159999907017 -0.892658531665802 0.65267884731292725 0.89513927698135376 0.63516366481781006 -0.75925260782241821 1.0151866674423218 0.77623826265335083 1.0108472108840942
767.92349999956787 -0.98900610208511353 0.55463790893554688 0.9890596866607666 0.51578915119171143 -0.65944623947143555 0.8876221776008606 0.70869779586791992 0.86108636856079102
866.80189999751747 -0.84104651212692261 0.40503817796707153 0.9683799147605896 0.37568521499633789 -0.42311453819274902 0.62654399871826172 0.58355969190597534 0.57381826639175415
966.31689999997616 -0.87713849544525146 0.37480336427688599 0.87540054321289063 0.37964954972267151 -0.41787204146385193 0.56437087059020996 0.25307202339172363 0.56313115358352661
1065.5380999986082 -0.7761266827583313 0.36732512712478638 0.92669576406478882 0.36847293376922607 -0.18895049393177032 0.51536256074905396 0.27133134007453918 0.56592732667922974
1164.4236999992281 -0.8229793906211853 0.37245884537696838 0.93628346920013428 0.3683205246925354 -0.29266929626464844 0.51866596937179565 0.25820723176002502 0.54657423496246338
1265.8379999995232 -0.80454409122467041 0.38593760132789612 0.88636207580566406 0.37759366631507874 -0.30632036924362183 0.53487575054168701 0.22693148255348206 0.55471545457839966
1367.7110999990255 -0.83111804723739624 0.39051225781440735 0.91365730762481689 0.38025784492492676 -0.3309384286403656 0.53941398859024048 0.23948007822036743 0.55527836084365845
1470.314900001511 -0.83880084753036499 0.3851359486579895 0.90196359157562256 0.37321162223815918 -0.30849975347518921 0.5305255651473999 0.26163724064826965 0.55786871910095215
1571.2195999994874 -0.83127963542938232 0.38711270689964294 0.88494521379470825 0.37464720010757446 -0.32396414875984192 0.5291140079498291 0.27403154969215393 0.56223368644714355
1671.8523000013083 -0.82730615139007568 0.38933894038200378 0.87512338161468506 0.37640702724456787 -0.32021984457969666 0.53209662437438965 0.24116812646389008 0.56627202033996582
1767.4007999990135 -0.81134277582168579 0.38861504197120667 0.88602936267852783 0.37112799286842346 -0.29999345541000366 0.53208684921264648 0.22369234263896942 0.55786657333374023
1866.4454999994487 -0.84351879358291626 0.39153987169265747 0.90241736173629761 0.3759828507900238 -0.34159499406814575 0.53165113925933838 0.2553037703037262 0.56916433572769165
1967.8735000006855 -0.82346135377883911 0.38882273435592651 0.87248194217681885 0.37695020437240601 -0.32570910453796387 0.52763068675994873 0.25916212797164917 0.56132036447525024
