57.739400001242757 -0.79167437553405762 0.68186849355697632 0.54534417390823364 0.65734702348709106 -0.63840973377227783 1.0682892799377441 0.59093648195266724 0.99141949415206909
151.55130000039935 -0.76059961318969727 0.67724341154098511 0.55510109663009644 0.63491946458816528 -0.61985474824905396 1.0569312572479248 0.61656814813613892 0.95746761560440063
236.94099999964237 -0.75913077592849731 0.68586510419845581 0.55486279726028442 0.65032374858856201 -0.61544686555862427 1.0638643503189087 0.6195189356803894 0.97796767950057983
322.86100000143051 -0.76467788219451904 0.6952509880065918 0.56123310327529907 0.65113317966461182 -0.63332641124725342 1.0780098438262939 0.6030656099319458 1.0125905275344849
412.9438000023365 -0.74377650022506714 0.69951599836349487 0.65882015228271484 0.69159388542175293 -0.62115216255187988 1.0854967832565308 0.6559603214263916 1.0539216995239258
505.05459999851882 -0.72946858406066895 0.65914303064346313 0.68491989374160767 0.63650655746459961 -0.61169016361236572 1.0096482038497925 0.68891662359237671 0.98325473070144653
599.86790000088513 -0.81765627861022949 0.56876438856124878 0.82212936878204346 0.44961881637573242 -0.61426663398742676 0.84282928705215454 0.80447965860366821 0.62572163343429565
685.05570000037551 -0.95529407262802124 0.53102743625640869 0.87049305438995361 0.41988414525985718 -0.67850899696350098 0.62366199493408203 0.6837465763092041 0.33216673135757446
772.22180000133812 -0.98416370153427124 0.39784151315689087 0.84721541404724121 0.28263965249061584 -0.52099084854125977 0.23560447990894318 0.59723359346389771 -0.030505666509270668
860.0931000020355 -0.89147913455963135 0.31782039999961853 1.0350598096847534 0.25307378172874451 -0.51131963729858398 -0.0076613295823335648 0.70663422346115112 -0.092226915061473846
948.18060000054538 -0.8625638484954834 0.26464146375656128 0.94942659139633179 0.20477376878261566 -0.47558605670928955 -0.087794244289398193 0.75079596042633057 -0.1142057329416275
1040.6001000013202 -0.72779995203018188 0.2446686327457428 0.80700153112411499 0.22106371819972992 -0.48324307799339294 -0.09957229346036911 0.68166041374206543 -0.11746961623430252
1129.1124000009149 -0.79431015253067017 0.26612269878387451 0.7902446985244751 0.17200872302055359 -0.57150775194168091 -0.066295690834522247 0.60403251647949219 -0.1494891494512558
1218.3365000002086 -0.78172546625137329 0.21986441314220428 0.84189856052398682 0.17565177381038666 -0.3056182861328125 -0.19497212767601013 0.565998375415802 -0.18537333607673645
1306.7848000004888 -0.65105330944061279 0.23607553541660309 0.89460235834121704 0.12266022711992264 -0.296906977891922 -0.1632552295923233 0.66035223007202148 -0.1322103887796402
1392.9883000012487 -0.76458537578582764 0.28381544351577759 0.8442503809928894 0.079355083405971527 -0.36733469367027283 -0.080282330513000488 0.6088518500328064 -0.2154729962348938
1475.817599998787 -0.78687608242034912 0.23532481491565704 0.70749270915985107 0.051761522889137268 -0.42423862218856812 -0.20553408563137054 0.46976491808891296 -0.24780561029911041
1562.4223000016063 -0.7556687593460083 0.24771708250045776 0.80360037088394165 0.099487714469432831 -0.21564169228076935 -0.21766048669815063 0.55870407819747925 -0.20089562237262726
1650.2033999990672 -0.76908844709396362 0.26212042570114136 0.81640332937240601 0.089571624994277954 -0.24862876534461975 -0.16082309186458588 0.55142933130264282 -0.21190311014652252
1738.8941000010818 -0.80137747526168823 0.25048968195915222 0.80998384952545166 0.085200577974319458 -0.31981009244918823 -0.13149352371692657 0.52397102117538452 -0.21701137721538544
1822.9634000007063 -0.76118159294128418 0.24099577963352203 0.79041910171508789 0.18248850107192993 -0.23856121301651001 -0.19412088394165039 0.49802982807159424 -0.14347049593925476
1910.9393000006676 -0.75909537076950073 0.25590983033180237 0.83137345314025879 0.072510510683059692 -0.29722988605499268 -0.118448406457901 0.5566408634185791 -0.20720930397510529
1997.7324999999255 -0.7995147705078125 0.24956628680229187 0.88175481557846069 0.079720050096511841 -0.30797660350799561 -0.13102540373802185 0.57513821125030518 -0.21982882916927338
