18.07209999486804 -0.66038882732391357 0.90178000926971436 0.48656398057937622 0.97688007354736328 -0.79155099391937256 1.382776141166687 0.46107316017150879 1.5182493925094604
103.9455000013113 -0.64697396755218506 0.91682422161102295 0.4767763614654541 0.97605758905410767 -0.75539308786392212 1.4035365581512451 0.49312770366668701 1.5261455774307251
189.06700000166893 -0.65620177984237671 0.9014737606048584 0.50938832759857178 0.98882997035980225 -0.76819348335266113 1.3761665821075439 0.60813403129577637 1.4080173969268799
273.69900000095367 -0.64639556407928467 0.91348916292190552 0.51553189754486084 0.96336674690246582 -0.75766974687576294 1.3887766599655151 0.57283008098602295 1.4092555046081543
364.14879999682307 -0.65639525651931763 0.90786296129226685 0.52748197317123413 0.97494441270828247 -0.76391398906707764 1.3660091161727905 0.57394516468048096 1.3999398946762085
466.30989999696612 -0.62538242340087891 0.89451175928115845 0.53072142601013184 0.99971073865890503 -0.75487548112869263 1.3604741096496582 0.59336984157562256 1.3984161615371704
556.29120000079274 -0.6527983546257019 0.90446954965591431 0.55770057439804077 0.98646378517150879 -0.76074820756912231 1.3539106845855713 0.61337375640869141 1.4054226875305176
639.46850000321865 -0.64215409755706787 0.90323913097381592 0.53774368762969971 0.95420068502426147 -0.75520801544189453 1.3760268688201904 0.77691906690597534 1.3817988634109497
723.41389999911189 -0.66196054220199585 0.90129071474075317 0.55238252878189087 0.97142702341079712 -0.80618149042129517 1.3974521160125732 0.72653090953826904 1.3612313270568848
813.69419999793172 -0.79733479022979736 0.95981007814407349 0.59736138582229614 0.94794094562530518 -0.70391732454299927 1.4665639400482178 0.68808567523956299 1.4147335290908813
898.78999999910593 -0.71158128976821899 1.0121334791183472 0.54726713895797729 0.89265787601470947 -0.67366600036621094 1.6223186254501343 0.71959471702575684 1.3770946264266968
982.04259999841452 -0.67400276660919189 0.77076369524002075 0.59685760736465454 0.76152265071868896 -0.30107831954956055 1.0527570247650146 0.4869140088558197 1.040810227394104
1065.672800000757 -0.63410371541976929 0.60261654853820801 0.56010812520980835 0.69673871994018555 -0.28424480557441711 0.82307088375091553 0.27684289216995239 0.82583743333816528
1148.4213999994099 -0.84685546159744263 0.65289968252182007 0.88642376661300659 0.64636498689651489 -0.33593878149986267 0.72984796762466431 0.63342899084091187 0.7018970251083374
1236.0483999997377 -0.68850845098495483 0.67501211166381836 0.82429015636444092 0.65738534927368164 -0.12945926189422607 0.681324303150177 0.66236388683319092 0.63801181316375732
1322.8373999968171 -0.85419034957885742 0.61698687076568604 0.71304589509963989 0.65457922220230103 -0.17832918465137482 0.68010663986206055 0.59402638673782349 0.69196200370788574
1407.8515999987721 -0.94077974557876587 0.63332605361938477 0.92392176389694214 0.69914287328720093 -0.64247018098831177 0.69869709014892578 1.1018894910812378 0.66155064105987549
1488.2561999969184 -1.3512555360794067 0.64049094915390015 1.317915678024292 0.66453015804290771 -1.4167388677597046 0.71888762712478638 2.1059703826904297 0.80897784233093262
1571.8585999980569 -1.2453676462173462 0.56073325872421265 1.2426422834396362 0.62877166271209717 2.1391186714172363 0.80687522888183594 2.1794519424438477 0.77241057157516479
1655.0649999976158 -1.3802144527435303 0.56184124946594238 1.4181830883026123 0.59859508275985718 2.3244435787200928 0.74765193462371826 2.5692801475524902 0.76019084453582764
1747.5822000019252 -1.0735197067260742 0.53128343820571899 1.3360843658447266 0.54870128631591797 -2.1383988857269287 0.76290959119796753 2.3284993171691895 0.71096467971801758
1831.3033000007272 -0.94877851009368896 0.50832986831665039 1.1299433708190918 0.59827357530593872 -1.9380302429199219 0.74679267406463623 2.1540350914001465 0.67364996671676636
1916.5522000007331 -1.2985320091247559 0.55382674932479858 1.3385205268859863 0.55298680067062378 -2.1737439632415771 0.74473780393600464 2.30849289894104 0.68669211864471436
