67.000599998980761 -0.98270940780639648 0.871376633644104 0.50633478164672852 0.90714961290359497 -0.75506025552749634 1.3290208578109741 0.62303227186203003 1.3310865163803101
150.50280000269413 -0.98932939767837524 0.8666764497756958 0.51179534196853638 0.91555136442184448 -0.79106301069259644 1.3272128105163574 0.68529927730560303 1.3377619981765747
235.28180000185966 -0.67421466112136841 0.85173004865646362 0.52615880966186523 0.89998060464859009 -0.80683833360671997 1.3164194822311401 0.66501325368881226 1.3441630601882935
321.43490000069141 -0.67582917213439941 0.85897266864776611 0.51932191848754883 0.90943676233291626 -0.79846125841140747 1.3210530281066895 0.62444698810577393 1.3491195440292358
407.70829999819398 -0.98098999261856079 0.87631571292877197 0.51279789209365845 0.92445158958435059 -0.76168668270111084 1.3317948579788208 0.5833890438079834 1.3616113662719727
491.23609999939799 -0.69497448205947876 0.87033677101135254 0.54746472835540771 0.92046964168548584 -0.79353249073028564 1.3367091417312622 0.72683334350585938 1.3589023351669312
575.46310000121593 -0.76263332366943359 0.87135827541351318 0.57429683208465576 0.92431503534317017 -0.80861026048660278 1.3328434228897095 0.8336983323097229 1.3382793664932251
672.30900000035763 -0.83970546722412109 0.87031382322311401 0.67630261182785034 0.87385690212249756 -0.85232877731323242 1.3286819458007813 0.89702290296554565 1.3353660106658936
763.30649999901652 -1.0027095079421997 0.83965808153152466 0.86201083660125732 0.93014919757843018 -1.0512809753417969 1.4388481378555298 0.93687677383422852 1.4066762924194336
846.59919999912381 -1.1452194452285767 0.84737700223922729 0.94788384437561035 0.84886264801025391 -1.0840092897415161 1.4280968904495239 1.0442198514938354 1.5027003288269043
932.99450000375509 -1.2324140071868896 0.72817158699035645 1.0995290279388428 0.72442126274108887 -1.109637975692749 1.3741048574447632 1.1791905164718628 1.2773672342300415
1017.3940999992192 -1.3223996162414551 0.66585695743560791 1.0915234088897705 0.62737923860549927 -0.88088977336883545 1.1422935724258423 1.0166387557983398 1.163198709487915
1100.4759999997914 -1.3690186738967896 0.61812478303909302 0.99187922477722168 0.59905910491943359 -0.64605897665023804 1.0532072782516479 0.88009905815124512 1.0098139047622681
1183.8510999977589 -1.3065364360809326 0.47153675556182861 1.2978231906890869 0.49031764268875122 -0.65850651264190674 0.83717292547225952 0.67380398511886597 0.880237877368927
1266.3553999997675 -1.0805959701538086 0.47211152315139771 1.3538916110992432 0.46712020039558411 -0.39088255167007446 0.83023715019226074 0.48298674821853638 0.86459022760391235
1348.9928999990225 -1.2316247224807739 0.47663408517837524 1.2394430637359619 0.48074382543563843 -0.24097530543804169 0.79125469923019409 0.22933442890644073 0.84358376264572144
1434.1715999990702 -1.0488182306289673 0.49461281299591064 1.1588064432144165 0.51303994655609131 -0.35192611813545227 0.89700543880462646 0.25769674777984619 0.87985002994537354
1521.0953999981284 -0.74559134244918823 0.43637403845787048 1.118802547454834 0.51790821552276611 -0.17283684015274048 0.78494399785995483 0.21481549739837646 0.85291677713394165
1601.0725999996066 -1.0937303304672241 0.46923321485519409 1.1428592205047607 0.50547468662261963 -0.24548634886741638 0.78771144151687622 0.24008868634700775 0.85298687219619751
1687.2699000015855 -1.1475991010665894 0.47455489635467529 1.1156148910522461 0.50262719392776489 -0.26362746953964233 0.7873263955116272 0.21321132779121399 0.85731786489486694
1773.4602000005543 -1.1652182340621948 0.47906827926635742 1.1013337373733521 0.50919008255004883 -0.27718937397003174 0.79756063222885132 0.18510863184928894 0.85830652713775635
1856.9803999997675 -1.1961735486984253 0.47724533081054688 1.1709682941436768 0.50617015361785889 -0.26562583446502686 0.79138129949569702 0.18990723788738251 0.85332554578781128
1938.4199000000954 -0.89812314510345459 0.42082160711288452 1.1229817867279053 0.51387989521026611 -0.28552073240280151 0.78237873315811157 0.13903588056564331 0.86338651180267334
