40.748299999162555 -0.70604521036148071 0.66857224702835083 0.56204521656036377 0.65066754817962646 -0.68920671939849854 0.98199117183685303 0.56090104579925537 0.9776495099067688
142.56650000065565 -0.67512720823287964 0.67071837186813354 0.57731258869171143 0.64403921365737915 -0.65264618396759033 0.99211794137954712 0.57343721389770508 0.98161530494689941
249.99890000186861 -0.71714192628860474 0.67153877019882202 0.58718985319137573 0.65473282337188721 -0.67518836259841919 0.99533110857009888 0.58419984579086304 0.99042946100234985
351.83230000175536 -0.70386630296707153 0.67722064256668091 0.5773007869720459 0.65014535188674927 -0.67464590072631836 0.99496704339981079 0.58075535297393799 0.98353463411331177
452.77379999868572 -0.72824448347091675 0.68602734804153442 0.65162885189056396 0.6351274847984314 -0.71294379234313965 1.0212453603744507 0.63003730773925781 0.98390603065490723
554.24700000137091 -0.7780303955078125 0.6571505069732666 0.7156989574432373 0.63843673467636108 -0.7443663477897644 0.99638700485229492 0.6752772331237793 0.98906815052032471
653.17890000157058 -0.83911401033401489 0.64410525560379028 0.81084877252578735 0.63307392597198486 -0.7942582368850708 0.96168208122253418 0.7854381799697876 0.96561455726623535
757.02010000124574 -1.0209460258483887 0.57497680187225342 0.95386648178100586 0.57556062936782837 -0.85058897733688354 0.89849978685379028 0.9288519024848938 0.90210437774658203
851.115099998191 -1.0961149930953979 0.51783788204193115 1.0247398614883423 0.48884660005569458 -0.78834164142608643 0.79311609268188477 0.95033687353134155 0.80229610204696655
950.89029999822378 -1.0327399969100952 0.43213924765586853 1.0866094827651978 0.40365815162658691 -0.65269380807876587 0.697642982006073 0.77359366416931152 0.70911240577697754
1057.2116000000387 -0.96227806806564331 0.37432104349136353 1.0800455808639526 0.35673028230667114 -0.58792567253112793 0.62798845767974854 0.68722838163375854 0.61909610033035278
1159.6618999987841 -0.85804265737533569 0.3474518358707428 0.93327701091766357 0.30916038155555725 -0.28132256865501404 0.60231661796569824 0.45996516942977905 0.51936918497085571
1263.816000001505 -0.87459266185760498 0.35850599408149719 1.0058412551879883 0.31324061751365662 -0.04138593003153801 0.56383657455444336 0.36452788114547729 0.53211921453475952
1366.3565000016242 -0.70880806446075439 0.38106879591941833 0.8927919864654541 0.31609120965003967 -0.0068524503149092197 0.55292421579360962 0.23655273020267487 0.52259939908981323
1471.2586000002921 -0.77628040313720703 0.37891599535942078 0.95738506317138672 0.32163584232330322 -0.01325193140655756 0.54509943723678589 0.25956898927688599 0.52226042747497559
1570.9806999992579 -0.72956007719039917 0.37540572881698608 0.94745725393295288 0.31838801503181458 -0.0018638678593561053 0.55668067932128906 0.24556277692317963 0.52061963081359863
1669.6761000007391 -0.73350435495376587 0.37903705239295959 0.92966991662979126 0.31720682978630066 -0.029351456090807915 0.55187356472015381 0.23094888031482697 0.51870912313461304
1764.6923999972641 -0.74188202619552612 0.37505728006362915 0.95096182823181152 0.31986144185066223 -0.027323329821228981 0.55036920309066772 0.22759059071540833 0.52629768848419189
1866.765000000596 -0.72563177347183228 0.37342405319213867 0.9953920841217041 0.33953872323036194 -0.033428076654672623 0.54956322908401489 0.22308856248855591 0.52598792314529419
1967.6970000006258 -0.74546521902084351 0.37439742684364319 1.0015702247619629 0.34248477220535278 -0.043618630617856979 0.55441004037857056 0.20033837854862213 0.52821111679077148
