63.94620000012219 -0.71200042963027954 0.47744342684745789 0.88893640041351318 0.47210937738418579 -0.889354407787323 0.78191262483596802 0.85734289884567261 0.76417934894561768
157.15089999977499 -0.71645605564117432 0.47921460866928101 0.86971360445022583 0.46815642714500427 -0.8725089430809021 0.78369623422622681 0.85708147287368774 0.75761103630065918
256.12490000016987 -0.58909809589385986 0.47662302851676941 0.74007707834243774 0.46813133358955383 -0.74351346492767334 0.77977478504180908 0.72767901420593262 0.75855404138565063
355.00999999977648 -0.70385569334030151 0.47429889440536499 0.8809240460395813 0.47280839085578918 -0.86484760046005249 0.78264391422271729 0.84605872631072998 0.7614511251449585
451.45930000115186 -0.70342874526977539 0.4744982123374939 0.8667675256729126 0.46517699956893921 -0.8764805793762207 0.77659493684768677 0.85125148296356201 0.75003063678741455
544.81950000021607 -0.79756873846054077 0.475767582654953 0.97596132755279541 0.45693603157997131 -1.017526388168335 0.77685266733169556 1.0628719329833984 0.73664772510528564
640.97850000020117 -0.74889719486236572 0.47364038228988647 1.0155676603317261 0.46125003695487976 -0.96841782331466675 0.77718353271484375 1.1378511190414429 0.75274217128753662
740.14500000048429 -0.78263062238693237 0.41726958751678467 0.93867146968841553 0.42688563466072083 -0.67282360792160034 0.64838713407516479 1.0912039279937744 0.65965735912322998
837.94989999942482 -0.75230628252029419 0.38587319850921631 1.0081688165664673 0.40293648838996887 -0.61099636554718018 0.61580049991607666 1.0996525287628174 0.58879202604293823
934.20759999938309 -0.40758669376373291 0.37271422147750854 0.92174744606018066 0.34427362680435181 -0.40371033549308777 0.41291061043739319 0.61757475137710571 0.39475122094154358
1034.152499999851 -0.40164399147033691 0.34754464030265808 0.68205702304840088 0.38053601980209351 -0.50757616758346558 0.36812970042228699 0.37502801418304443 0.34519696235656738
1129.4465000005439 -0.60903751850128174 0.33707860112190247 0.64099186658859253 0.37976828217506409 -0.53845632076263428 0.37161409854888916 0.28932204842567444 0.33859065175056458
1224.3373999996111 -0.65020751953125 0.32937109470367432 0.64150345325469971 0.38339254260063171 -0.4278998076915741 0.38122043013572693 0.37663537263870239 0.35280773043632507
1318.450300000608 -0.60334795713424683 0.33912628889083862 0.65128344297409058 0.38250163197517395 -0.41811969876289368 0.37879788875579834 0.36622226238250732 0.35575664043426514
1413.3861000007018 -0.69427037239074707 0.3458387553691864 0.96489608287811279 0.34725511074066162 -0.33492866158485413 0.38882419466972351 0.62839800119400024 0.33032763004302979
1501.3133000005037 -0.65941190719604492 0.32049542665481567 0.64054232835769653 0.31265664100646973 -0.79649263620376587 0.39774048328399658 1.2495776414871216 0.38990184664726257
1602.3805999998003 -0.98570930957794189 0.33260294795036316 1.1169283390045166 0.33241623640060425 -1.5583068132400513 0.42276158928871155 1.9088898897171021 0.41816991567611694
1701.8804999999702 -1.5903196334838867 0.31538891792297363 1.8263596296310425 0.31798425316810608 -2.3001031875610352 0.40942507982254028 3.2666137218475342 0.41741806268692017
1801.0537999998778 -1.2007043361663818 0.31351763010025024 1.780393123626709 0.29824835062026978 -2.3146297931671143 0.4059525728225708 3.048656702041626 0.3918326199054718
1897.3722000000998 -1.160988450050354 0.32055667042732239 1.7086658477783203 0.2961239218711853 -2.2418677806854248 0.41156652569770813 2.9980068206787109 0.38851544260978699
1987.1248999992386 -1.1243621110916138 0.31903401017189026 1.6669894456863403 0.29678231477737427 -2.1245496273040771 0.41830435395240784 2.8406610488891602 0.38956239819526672
