93.657299999147654 -0.71673721075057983 0.69444155693054199 0.63820970058441162 0.6787380576133728 -0.65515846014022827 1.0729212760925293 0.62777233123779297 1.0363579988479614
193.45910000242293 -0.71728289127349854 0.69631177186965942 0.63618022203445435 0.67359983921051025 -0.65399038791656494 1.0718096494674683 0.62877720594406128 1.0326173305511475
304.43730000220239 -0.72055715322494507 0.68850940465927124 0.63811647891998291 0.67574930191040039 -0.66610687971115112 1.0613925457000732 0.62768673896789551 1.027584433555603
403.14179999940097 -0.69397366046905518 0.68881708383560181 0.63858133554458618 0.67365151643753052 -0.66028326749801636 1.0594328641891479 0.62718367576599121 1.0267730951309204
507.97960000112653 -0.70334219932556152 0.68673610687255859 0.642250657081604 0.67347252368927002 -0.6487920880317688 1.0653072595596313 0.63208150863647461 1.0295976400375366
613.93520000204444 -0.76903665065765381 0.67300575971603394 0.71073853969573975 0.6736447811126709 -0.73703360557556152 1.031038761138916 0.68942016363143921 1.0270538330078125
715.6959000043571 -0.87945932149887085 0.64922893047332764 0.82230472564697266 0.63384801149368286 -0.77125567197799683 0.97623258829116821 0.7213255763053894 1.002619743347168
815.60410000197589 -0.9971771240234375 0.56275808811187744 0.94222843647003174 0.54221481084823608 -0.77121114730834961 0.86367946863174438 0.81064510345458984 0.86993718147277832
921.91290000267327 -1.0362087488174438 0.48115268349647522 0.9871399998664856 0.47080063819885254 -0.59399974346160889 0.76360505819320679 0.64942610263824463 0.77671176195144653
1022.0915000047535 -0.95085221529006958 0.42585247755050659 0.99567347764968872 0.40695929527282715 -0.50167769193649292 0.72834277153015137 0.58371317386627197 0.66548418998718262
1121.9794000014663 -0.81442946195602417 0.40269559621810913 0.90442484617233276 0.40867695212364197 -0.19140274822711945 0.66334539651870728 0.43939808011054993 0.59319788217544556
1219.5220999997109 -0.80897819995880127 0.39721769094467163 0.80872470140457153 0.40236455202102661 -0.058889526873826981 0.64834862947463989 0.19410660862922668 0.61774975061416626
1320.8332000002265 -0.84660947322845459 0.39684206247329712 0.87534350156784058 0.39178362488746643 -0.05109718069434166 0.64339113235473633 0.2017328292131424 0.59645229578018188
1420.8833000008017 -0.88390010595321655 0.39123278856277466 0.8902055025100708 0.39012280106544495 -0.046525239944458008 0.63201236724853516 0.2026069164276123 0.58830165863037109
1526.2322000041604 -0.85535901784896851 0.39281591773033142 0.87077248096466064 0.38422533869743347 -0.054299503564834595 0.61668074131011963 0.21913570165634155 0.57791459560394287
1630.3165000025183 -0.84631776809692383 0.38287836313247681 0.89777916669845581 0.38008835911750793 -0.033200129866600037 0.61036229133605957 0.23164045810699463 0.57287716865539551
1737.0189000014216 -0.8692283034324646 0.38549509644508362 0.90763890743255615 0.38514947891235352 -0.076509259641170502 0.60906487703323364 0.22456207871437073 0.57319009304046631
1842.6150000002235 -0.86725825071334839 0.38033881783485413 0.92274433374404907 0.37875267863273621 -0.059139128774404526 0.60751396417617798 0.24810180068016052 0.57074761390686035
1946.4852000009269 -0.83663076162338257 0.38554689288139343 0.87821108102798462 0.37861719727516174 -0.044274501502513885 0.60487329959869385 0.24310232698917389 0.57183003425598145
