56.060999998822808 -0.75703620910644531 0.63291335105895996 0.5324476957321167 0.63001441955566406 -0.7018049955368042 1.0104740858078003 0.57564395666122437 0.94486492872238159
142.66029999963939 -0.77270931005477905 0.63939863443374634 0.53204268217086792 0.62856543064117432 -0.72842633724212646 1.0147781372070313 0.59207713603973389 0.92288106679916382
229.38969999924302 -0.73948931694030762 0.64137345552444458 0.54462838172912598 0.63423138856887817 -0.69511497020721436 1.0160981416702271 0.60955333709716797 0.93949156999588013
313.28369999863207 -0.75870001316070557 0.63712692260742188 0.54011780023574829 0.63344824314117432 -0.7151980996131897 1.0189632177352905 0.60166579484939575 0.94917404651641846
408.39279999770224 -0.75751966238021851 0.63456964492797852 0.53782445192337036 0.62658345699310303 -0.71054500341415405 1.0125993490219116 0.60280954837799072 0.92319321632385254
494.90789999812841 -0.84022164344787598 0.68386876583099365 0.59954524040222168 0.64013487100601196 -0.73429930210113525 1.0291310548782349 0.63831102848052979 0.97693467140197754
579.65149999782443 -0.92973047494888306 0.64854550361633301 0.70654350519180298 0.63566380739212036 -0.77110415697097778 0.99445134401321411 0.61088794469833374 1.0022264719009399
663.90859999880195 -1.0085698366165161 0.5528874397277832 0.785228431224823 0.557902991771698 -0.65505260229110718 0.86150842905044556 0.67376589775085449 0.8482927680015564
755.04399999976158 -1.0138571262359619 0.51418715715408325 0.92767965793609619 0.53977972269058228 -0.68545424938201904 0.76387465000152588 0.52521330118179321 0.78469616174697876
839.41459999978542 -1.025547981262207 0.4164966344833374 0.8332403302192688 0.45760557055473328 -0.53537261486053467 0.64236211776733398 0.40283709764480591 0.60255318880081177
925.23039999976754 -1.0741742849349976 0.36378470063209534 0.95677930116653442 0.43207773566246033 -0.49451065063476563 0.60846418142318726 0.32944020628929138 0.53659981489181519
1014.333299998194 -1.0189039707183838 0.34836643934249878 0.84015965461730957 0.41757360100746155 -0.44518864154815674 0.50862014293670654 0.24937775731086731 0.49023148417472839
1108.6832999996841 -1.0410497188568115 0.39518323540687561 0.79245913028717041 0.39842090010643005 -0.37022954225540161 0.51323485374450684 0.18112580478191376 0.52199280261993408
1190.5099999997765 -1.0856401920318604 0.40187317132949829 0.82188242673873901 0.42383423447608948 -0.40152516961097717 0.52525639533996582 0.19690954685211182 0.54225271940231323
1278.6038999985904 -1.0698946714401245 0.3993791937828064 0.79046386480331421 0.40269586443901062 -0.38300859928131104 0.51489883661270142 0.21814075112342834 0.49209696054458618
1364.6326999980956 -1.0929231643676758 0.39659711718559265 0.78491276502609253 0.39733856916427612 -0.4068126380443573 0.50740212202072144 0.17695268988609314 0.51654303073883057
1451.5218000002205 -1.0748698711395264 0.3979363739490509 0.8068203330039978 0.40216836333274841 -0.40430364012718201 0.50409245491027832 0.19792099297046661 0.52366119623184204
1537.0215999986976 -1.0755037069320679 0.39603939652442932 0.83998215198516846 0.40458551049232483 -0.40642690658569336 0.49539124965667725 0.24963678419589996 0.47821342945098877
1621.8462999984622 -1.0510718822479248 0.38995558023452759 0.83692258596420288 0.40112122893333435 -0.39471280574798584 0.484559565782547 0.25715774297714233 0.47098904848098755
1707.6348999980837 -1.055080771446228 0.39620169997215271 0.83216637372970581 0.40253695845603943 -0.38856050372123718 0.48970872163772583 0.20330840349197388 0.50673443078994751
1796.6968999989331 -1.0507779121398926 0.38845628499984741 0.82671797275543213 0.40004417300224304 -0.41384661197662354 0.48011282086372375 0.22638782858848572 0.47980120778083801
1886.3745999988168 -1.067196249961853 0.39272007346153259 0.83836090564727783 0.40175002813339233 -0.40253746509552002 0.4905548095703125 0.21345596015453339 0.48057547211647034
1976.9813999980688 -1.0495444536209106 0.39540466666221619 0.80116450786590576 0.39842703938484192 -0.39436224102973938 0.48505836725234985 0.19658580422401428 0.50129443407058716
