51.001700000837445 -0.81876933574676514 0.694053053855896 0.56539028882980347 0.64499980211257935 -0.67102169990539551 1.08220374584198 0.59069085121154785 0.99110829830169678
140.56190000101924 -0.79919683933258057 0.68640369176864624 0.54445469379425049 0.64567255973815918 -0.66606897115707397 1.0726569890975952 0.57028287649154663 0.99109327793121338
222.90940000116825 -0.81400126218795776 0.68733131885528564 0.53414219617843628 0.64448744058609009 -0.67579537630081177 1.07117760181427 0.55334073305130005 0.99513232707977295
308.98100000061095 -0.81406217813491821 0.6926543116569519 0.53684639930725098 0.65687412023544312 -0.67765384912490845 1.0760939121246338 0.56640046834945679 1.0107941627502441
393.75590000115335 -0.75076049566268921 0.70993185043334961 0.68195420503616333 0.69870108366012573 -0.64344823360443115 1.1003131866455078 0.64988327026367188 1.0719102621078491
482.23870000056922 -0.76149851083755493 0.68112879991531372 0.74168121814727783 0.63173532485961914 -0.6513635516166687 1.0460166931152344 0.72576653957366943 0.96920639276504517
568.46740000136197 -0.81732887029647827 0.68331813812255859 0.81317895650863647 0.49879270792007446 -0.67612659931182861 1.005983829498291 0.73897594213485718 0.63494288921356201
659.99740000069141 -0.87584829330444336 0.6698492169380188 0.86223018169403076 0.46423628926277161 -0.67250758409500122 0.99895399808883667 0.68567520380020142 0.47770848870277405
746.23929999954998 -0.98441165685653687 0.45178902149200439 0.81050252914428711 0.26476424932479858 -0.57126998901367188 0.3679347038269043 0.50772684812545776 -0.043348874896764755
834.25300000049174 -1.0055911540985107 0.35805097222328186 0.84443217515945435 0.2211170494556427 -0.67085957527160645 0.093616999685764313 0.54869663715362549 -0.12284296751022339
918.46310000121593 -0.91163098812103271 0.25565189123153687 0.9565308690071106 0.19598434865474701 -0.55091953277587891 -0.11699192225933075 0.69948405027389526 -0.14850135147571564
1008.0865000002086 -0.70009773969650269 0.21985702216625214 0.79990273714065552 0.18294458091259003 -0.48677769303321838 -0.13311430811882019 0.52936363220214844 -0.15386351943016052
1094.2126000020653 -0.76330965757369995 0.24825581908226013 0.79314965009689331 0.10003446042537689 -0.57081657648086548 -0.067253820598125458 0.49449697136878967 -0.17822778224945068
1183.9127999991179 -0.74318027496337891 0.2679658830165863 0.84853309392929077 0.25236544013023376 -0.29965084791183472 -0.10928933322429657 0.52602028846740723 -0.089240342378616333
1268.7351000010967 -0.68105852603912354 0.2726719081401825 0.79480373859405518 0.23547445237636566 -0.2730661928653717 -0.12049848586320877 0.55475473403930664 -0.086585484445095062
1354.3103000018746 -0.74860620498657227 0.23881837725639343 0.82405400276184082 0.093122370541095734 -0.42919638752937317 -0.10199657827615738 0.43649283051490784 -0.19268354773521423
1441.3596000000834 -0.75881749391555786 0.24082717299461365 0.80068552494049072 0.18434549868106842 -0.28412032127380371 -0.19563367962837219 0.53837978839874268 -0.14689487218856812
1526.679200001061 -0.76562398672103882 0.24862697720527649 0.76893246173858643 0.23320379853248596 -0.20634621381759644 -0.21218025684356689 0.50692605972290039 -0.11298308521509171
1612.4659000001848 -0.75508701801300049 0.25134178996086121 0.79783535003662109 0.10422130674123764 -0.2761273980140686 -0.17519015073776245 0.4896588921546936 -0.18905505537986755
1703.5549000017345 -0.80026799440383911 0.268248051404953 0.83315062522888184 0.11128141731023788 -0.31327572464942932 -0.13874459266662598 0.56183153390884399 -0.20466373860836029
1794.0986000001431 -0.77851778268814087 0.24403983354568481 0.8083270788192749 0.23350344598293304 -0.2057923823595047 -0.19806858897209167 0.52296280860900879 -0.11853820085525513
1883.0980000011623 -0.75606942176818848 0.21246756613254547 0.75081431865692139 0.15603479743003845 -0.25483167171478271 -0.2037462443113327 0.42541661858558655 -0.15929156541824341
1970.1019000001252 -0.782539963722229 0.25519475340843201 0.8453519344329834 0.090469121932983398 -0.24854998290538788 -0.13425882160663605 0.46157953143119812 -0.15951313078403473
