107.33779999893159 -0.94265985488891602 0.6418004035949707 0.62427908182144165 0.66766393184661865 -1.010608434677124 1.0489228963851929 0.70335310697555542 1.0501991510391235
219.1761999996379 -0.95176988840103149 0.63827139139175415 0.64082866907119751 0.67136174440383911 -1.0121822357177734 1.0469943284988403 0.72945451736450195 1.0462738275527954
334.51709999982268 -0.93954008817672729 0.63631165027618408 0.65039604902267456 0.65944522619247437 -1.0081202983856201 1.0436140298843384 0.74639201164245605 1.037325382232666
445.8179999999702 -0.92716538906097412 0.62841129302978516 0.66526645421981812 0.66148996353149414 -1.0000952482223511 1.0374618768692017 0.77539634704589844 1.0313020944595337
559.12959999963641 -0.96016865968704224 0.6310039758682251 0.67867118120193481 0.65791451930999756 -1.018815279006958 1.0344756841659546 0.78513425588607788 1.0233949422836304
673.29540000017732 -0.98146873712539673 0.64922302961349487 0.71981000900268555 0.67650198936462402 -1.04987633228302 1.0654053688049316 0.85877573490142822 1.0428318977355957
796.02609999943525 -1.0153683423995972 0.65816009044647217 0.76389288902282715 0.66028344631195068 -1.0228344202041626 1.0688790082931519 0.83484345674514771 1.0493192672729492
912.90649999957532 -0.82479077577590942 0.61727368831634521 0.75337934494018555 0.64354234933853149 -0.8040052056312561 0.99954766035079956 0.89663946628570557 0.9960474967956543
1033.0260000005364 -0.82974183559417725 0.57694005966186523 0.61395198106765747 0.55015420913696289 -0.34033533930778503 0.80163520574569702 0.41726678609848022 0.78795158863067627
1156.7729000002146 -0.83463007211685181 0.50288516283035278 0.58235400915145874 0.54878419637680054 -0.52736097574234009 0.70697534084320068 0.47574955224990845 0.68166267871856689
1275.0476000001654 -0.80819296836853027 0.48090893030166626 0.62745791673660278 0.49252051115036011 -0.49877491593360901 0.69405025243759155 0.51049697399139404 0.67107647657394409
1394.8783999998122 -0.75543344020843506 0.56441664695739746 0.50990569591522217 0.57122522592544556 -0.43998846411705017 0.72156953811645508 0.67809611558914185 0.68711954355239868
1508.0534999994561 -1.1726531982421875 0.60664135217666626 1.0192450284957886 0.52299708127975464 -1.8502647876739502 0.86868220567703247 1.6922698020935059 0.74492514133453369
1613.799699999392 -1.3357338905334473 0.48348838090896606 1.3181943893432617 0.52095341682434082 -2.2049798965454102 0.70990133285522461 2.384129524230957 0.71123147010803223
1719.7638000007719 -1.4459875822067261 0.43384674191474915 1.2874671220779419 0.47613751888275146 -2.6294324398040771 0.66817349195480347 2.3595702648162842 0.66514092683792114
1824.0450999997556 -1.3677630424499512 0.40322768688201904 1.2572911977767944 0.46559727191925049 -2.641948938369751 0.6673123836517334 2.2779562473297119 0.63691544532775879
1941.3281999994069 -1.3222649097442627 0.41029596328735352 1.1836105585098267 0.47204753756523132 -2.570777416229248 0.66641265153884888 2.2080550193786621 0.6299101710319519
