53.477800000458956 -0.73217058181762695 0.46857020258903503 0.53716778755187988 0.47111597657203674 -0.66805911064147949 0.74259328842163086 0.56197911500930786 0.71247905492782593
165.35590000078082 -0.56268388032913208 0.46777576208114624 0.54387325048446655 0.46951469779014587 -0.60321742296218872 0.74106186628341675 0.52930599451065063 0.70079147815704346
281.90519999992102 -0.55612814426422119 0.46427196264266968 0.53681308031082153 0.46998751163482666 -0.6198502779006958 0.73881936073303223 0.47506812214851379 0.70378565788269043
397.64080000109971 -0.72861820459365845 0.4702104926109314 0.51298671960830688 0.45706915855407715 -0.6372600793838501 0.75008535385131836 0.4978330135345459 0.68626266717910767
515.92020000144839 -0.70152604579925537 0.46024027466773987 0.54526823759078979 0.45742657780647278 -0.62452518939971924 0.73275208473205566 0.5163535475730896 0.68595689535140991
627.11840000096709 -0.57817661762237549 0.45894435048103333 0.55408447980880737 0.44267070293426514 -0.61932915449142456 0.72735714912414551 0.73145961761474609 0.67771440744400024
739.63290000054985 -0.72365027666091919 0.44210541248321533 0.52765035629272461 0.44494611024856567 -0.61209338903427124 0.69184768199920654 0.66779273748397827 0.67995649576187134
845.80250000022352 -0.66445755958557129 0.38053590059280396 0.80567800998687744 0.43675017356872559 -0.50165891647338867 0.53286093473434448 0.54044830799102783 0.54018282890319824
954.57460000086576 -0.85976666212081909 0.37564554810523987 0.95560604333877563 0.41396313905715942 -0.34870290756225586 0.398577481508255 0.27237573266029358 0.38491988182067871
1061.0087999999523 -0.94164907932281494 0.31666713953018188 0.84349983930587769 0.30664947628974915 -0.39058944582939148 0.30063727498054504 -0.073125287890434265 0.29998281598091125
1165.5217000003904 -0.7886425256729126 0.33974385261535645 0.79407346248626709 0.3137945830821991 -0.31141039729118347 0.29009604454040527 -0.073386885225772858 0.32004299759864807
1269.5111000007018 -0.71487975120544434 0.35024654865264893 0.74310117959976196 0.33121109008789063 -0.29143610596656799 0.3199441134929657 -0.1032731831073761 0.33413630723953247
1370.2034000009298 -0.66916161775588989 0.36118131875991821 0.70842057466506958 0.33822932839393616 -0.49887996912002563 0.32625856995582581 0.62751758098602295 0.28667089343070984
1475.7569000003859 -1.1310222148895264 0.33066186308860779 1.049046516418457 0.33384543657302856 -0.62500786781311035 0.23223190009593964 0.94154250621795654 0.3041730523109436
1581.4779000012204 -1.4095450639724731 0.22234998643398285 1.3991941213607788 0.26109543442726135 -1.9155476093292236 0.27263262867927551 1.7284543514251709 0.23396386206150055
1689.1185000007972 -1.3040338754653931 0.19446085393428802 0.93223875761032104 0.22543647885322571 -1.3139431476593018 0.2470867782831192 1.2260133028030396 0.21806208789348602
1793.2533000009134 -1.4079885482788086 0.20175723731517792 0.96278250217437744 0.21924884617328644 -1.8731635808944702 0.24996781349182129 1.1939084529876709 0.20141422748565674
1906.1831000009552 -1.3173694610595703 0.19375711679458618 0.93985641002655029 0.20865976810455322 -1.6289407014846802 0.24971960484981537 1.3556771278381348 0.20214977860450745
