65.853600010275841 -0.69148516654968262 0.85981565713882446 0.6124303936958313 0.89979153871536255 -0.67972010374069214 1.3445073366165161 0.59692925214767456 1.3506380319595337
153.375 -0.69219136238098145 0.85582661628723145 0.61610758304595947 0.89750337600708008 -0.6799197793006897 1.3390916585922241 0.59785604476928711 1.3529982566833496
243.30879999697208 -0.70190924406051636 0.85491818189620972 0.60412073135375977 0.89713138341903687 -0.69118452072143555 1.3464299440383911 0.59173750877380371 1.3502236604690552
334.01350000500679 -0.70112287998199463 0.86890745162963867 0.59905785322189331 0.90392923355102539 -0.69082498550415039 1.3580887317657471 0.58710408210754395 1.3583614826202393
419.57250000536442 -0.69903033971786499 0.86597144603729248 0.61118787527084351 0.89507383108139038 -0.67792797088623047 1.3519772291183472 0.59089607000350952 1.3415943384170532
508.03590001165867 -0.70640134811401367 0.86268389225006104 0.61077237129211426 0.89142495393753052 -0.68686294555664063 1.3477843999862671 0.59037649631500244 1.3573387861251831
600.48670001327991 -0.70886558294296265 0.85799664258956909 0.62320125102996826 0.88075911998748779 -0.6918063759803772 1.3349997997283936 0.60306650400161743 1.3463577032089233
686.29099999368191 -0.73481565713882446 0.82324260473251343 0.63519281148910522 0.85339128971099854 -0.65738862752914429 1.2629098892211914 0.58497190475463867 1.2900608777999878
774.83330000936985 -0.70796316862106323 0.78265112638473511 0.61366593837738037 0.79976660013198853 -0.58305370807647705 1.176949143409729 0.4998614490032196 1.1150461435317993
863.90880000591278 -0.69763606786727905 0.70485043525695801 0.60729104280471802 0.69576770067214966 -0.48394104838371277 0.94389253854751587 0.33784195780754089 0.87352186441421509
951.91800001263618 -0.71676993370056152 0.67046618461608887 0.49521341919898987 0.62110251188278198 -0.41675406694412231 0.69661414623260498 0.16507650911808014 0.67693710327148438
1042.7915000021458 -0.71553868055343628 0.66980642080307007 0.48293125629425049 0.60839545726776123 -0.37009871006011963 0.63573241233825684 0.07518884539604187 0.61643332242965698
1135.1323000043631 -0.71936213970184326 0.662608802318573 0.50866156816482544 0.61408907175064087 -0.35155245661735535 0.63735705614089966 0.13272550702095032 0.63987588882446289
1227.0987000018358 -0.80661106109619141 0.69616502523422241 0.6670488715171814 0.68146675825119019 -0.55938577651977539 0.65732115507125854 0.38555765151977539 0.74613577127456665
1315.4508000016212 -1.1034412384033203 0.60365396738052368 0.92702180147171021 0.70561414957046509 -1.3847887516021729 0.69487917423248291 1.1424061059951782 0.7983623743057251
1404.0503000020981 -1.3234485387802124 0.58473831415176392 1.2111548185348511 0.6358223557472229 -2.026494026184082 0.71235096454620361 1.9664126634597778 0.74491900205612183
1494.1133999973536 -1.3896888494491577 0.58996796607971191 1.3078857660293579 0.61243098974227905 -2.1603331565856934 0.67611026763916016 2.1683330535888672 0.7221333384513855
1578.064899995923 -1.3761684894561768 0.58214682340621948 1.3454630374908447 0.58332669734954834 -2.0896553993225098 0.68166482448577881 2.1293799877166748 0.68742209672927856
1665.6746000051498 -1.2985143661499023 0.58855801820755005 1.2566502094268799 0.57088273763656616 -1.9636613130569458 0.69538646936416626 2.033649206161499 0.6896938681602478
1755.5282000005245 -1.300084114074707 0.59558480978012085 1.2708162069320679 0.58043932914733887 -1.9787338972091675 0.7119942307472229 2.06162428855896 0.7043755054473877
1848.6572000086308 -1.3095242977142334 0.6010621190071106 1.2663729190826416 0.58445465564727783 -1.9818733930587769 0.70593369007110596 2.0489585399627686 0.7066529393196106
1939.0095999985933 -1.3132122755050659 0.59334510564804077 1.2527480125427246 0.57501751184463501 -2.0068135261535645 0.70379775762557983 2.0536930561065674 0.70173698663711548
2030.0104000121355 -1.3244369029998779 0.59024608135223389 1.2951356172561646 0.57767570018768311 -2.0416226387023926 0.69192975759506226 2.102900505065918 0.69553768634796143
