0.0 -0.78355449438095093 0.66441547870635986 0.64992856979370117 0.67967528104782104 -0.75486063957214355 1.0152727365493774 0.62112206220626831 1.0554012060165405
98.479000000283122 -0.76696640253067017 0.665496826171875 0.65064090490341187 0.67069810628890991 -0.7328183650970459 1.008232593536377 0.6204497218132019 1.0500078201293945
199.25410000048578 -0.77496892213821411 0.6649511456489563 0.65297210216522217 0.67070025205612183 -0.73325777053833008 1.0139888525009155 0.6310431957244873 1.0483227968215942
297.38650000048801 -0.8006940484046936 0.66116690635681152 0.64998215436935425 0.66665768623352051 -0.75101989507675171 1.0128591060638428 0.63072860240936279 1.0475705862045288
402.70340000046417 -0.82250934839248657 0.66886651515960693 0.64652585983276367 0.67418062686920166 -0.76847124099731445 1.012035608291626 0.65237557888031006 1.0521230697631836
502.93070000084117 -0.78053122758865356 0.67089247703552246 0.65819460153579712 0.66011834144592285 -0.7522779107093811 1.0158356428146362 0.67243331670761108 1.0508967638015747
604.25630000047386 -0.70803683996200562 0.59328341484069824 0.63359934091567993 0.64109212160110474 -0.64210754632949829 0.91088908910751343 0.45842835307121277 0.94038444757461548
720.603900000453 -0.67195808887481689 0.52351671457290649 0.56692326068878174 0.53322851657867432 -0.43931633234024048 0.73202961683273315 0.30065500736236572 0.74885362386703491
823.70290000038221 -0.65668123960494995 0.51571124792098999 0.4830668568611145 0.52573060989379883 -0.39213952422142029 0.68135136365890503 0.046476259827613831 0.66463696956634521
928.29250000044703 -0.679576575756073 0.52098357677459717 0.59923112392425537 0.51665794849395752 -0.49015301465988159 0.67499035596847534 0.24785590171813965 0.66880333423614502
1034.2031000005081 -0.75603461265563965 0.53632038831710815 0.64851093292236328 0.52378344535827637 -0.69091814756393433 0.67793703079223633 0.55344009399414063 0.72287595272064209
1138.5309000005946 -1.0422296524047852 0.47012394666671753 0.96683746576309204 0.52436590194702148 -1.6024740934371948 0.61528927087783813 1.5101929903030396 0.70917505025863647
1247.2157000000589 -1.1865266561508179 0.43838518857955933 1.1111516952514648 0.50889486074447632 -1.8402596712112427 0.59449028968811035 1.8424605131149292 0.65637791156768799
1354.052100000903 -1.1665691137313843 0.42967966198921204 1.1078541278839111 0.46137487888336182 -1.9606313705444336 0.55890172719955444 1.8893327713012695 0.5859646201133728
1456.4546000002883 -1.1064931154251099 0.43379667401313782 0.99554949998855591 0.44585135579109192 -1.8679435253143311 0.56804841756820679 1.7559608221054077 0.57749390602111816
1567.7728000003844 -1.0842685699462891 0.44152534008026123 0.98953604698181152 0.45565345883369446 -1.8237524032592773 0.58286756277084351 1.7076774835586548 0.58737391233444214
1681.6513000000268 -1.0904855728149414 0.44422042369842529 0.97694683074951172 0.46795734763145447 -1.8192336559295654 0.58543717861175537 1.6691354513168335 0.59190881252288818
1784.473000000231 -1.1297098398208618 0.44981032609939575 1.017204761505127 0.46961387991905212 -1.8982574939727783 0.58540642261505127 1.7402603626251221 0.59513187408447266
1885.3123000003397 -1.1195404529571533 0.44396594166755676 1.0156738758087158 0.46865364909172058 -1.9143334627151489 0.58549010753631592 1.7706735134124756 0.59203571081161499
1983.1223000003956 -1.1178646087646484 0.44659432768821716 1.0004034042358398 0.47407275438308716 -1.8940659761428833 0.59131813049316406 1.7630205154418945 0.59562665224075317
