0.0 -0.76489394903182983 0.45711809396743774 0.49105671048164368 0.44040906429290771 -0.68545550107955933 0.72393864393234253 0.49642866849899292 0.65780013799667358
107.39660000149161 -0.57859677076339722 0.46015322208404541 0.5237610936164856 0.44871315360069275 -0.6195564866065979 0.73082512617111206 0.53338676691055298 0.66374003887176514
213.36680000089109 -0.59962767362594604 0.45759853720664978 0.51672607660293579 0.44674214720726013 -0.64377069473266602 0.72906494140625 0.53211873769760132 0.66774773597717285
320.95440000016242 -0.75208175182342529 0.46137604117393494 0.48613107204437256 0.45820504426956177 -0.64539003372192383 0.7287982702255249 0.50166094303131104 0.68484807014465332
425.08110000099987 -0.61201936006546021 0.46466773748397827 0.4771159291267395 0.45201790332794189 -0.64845114946365356 0.73443841934204102 0.50686603784561157 0.67950916290283203
532.63280000071973 -0.77669751644134521 0.45384103059768677 0.46456196904182434 0.44385594129562378 -0.6829601526260376 0.72226029634475708 0.54755663871765137 0.67333757877349854
640.33130000159144 -0.76550638675689697 0.45941239595413208 0.51098734140396118 0.43885156512260437 -0.6493414044380188 0.73781383037567139 0.67978090047836304 0.67658472061157227
747.07400000095367 -0.46144384145736694 0.42167341709136963 0.65811711549758911 0.42972281575202942 -0.60414361953735352 0.67637276649475098 0.76215708255767822 0.64848291873931885
855.59310000110418 -0.41065105795860291 0.41485369205474854 0.99794209003448486 0.4467194676399231 -0.25720009207725525 0.59074777364730835 0.64324265718460083 0.61802887916564941
961.77730000019073 -0.75212723016738892 0.37859365344047546 0.84888666868209839 0.4059569239616394 -0.33216002583503723 0.42501306533813477 0.21645630896091461 0.40746700763702393
1077.6098000016063 -0.82194012403488159 0.36580806970596313 0.79812359809875488 0.38816860318183899 -0.38251397013664246 0.38200342655181885 0.11584949493408203 0.37859463691711426
1184.6052000010386 -0.77154058218002319 0.37726187705993652 0.84609472751617432 0.39501634240150452 -0.36162060499191284 0.41213709115982056 0.21051403880119324 0.40192690491676331
1291.4511000011116 -0.56679928302764893 0.38929766416549683 0.83981180191040039 0.44361013174057007 -0.34702962636947632 0.45036911964416504 0.42666184902191162 0.43448930978775024
1403.419100000523 -0.84202009439468384 0.40177968144416809 0.63740026950836182 0.44420278072357178 -0.68441599607467651 0.48133558034896851 0.84406536817550659 0.62885063886642456
1511.6295000007376 -1.0244498252868652 0.35850444436073303 0.75550758838653564 0.340789794921875 -1.1960089206695557 0.50515365600585938 0.99520689249038696 0.42286962270736694
1617.2290000002831 -1.0967246294021606 0.33058330416679382 0.86281555891036987 0.32783991098403931 -1.3879091739654541 0.40074238181114197 1.2038050889968872 0.32839286327362061
1717.324800000526 -1.0747730731964111 0.29296749830245972 0.83164358139038086 0.3148019015789032 -1.4686505794525146 0.35417607426643372 1.1204204559326172 0.33439052104949951
1820.8054000008851 -1.1068596839904785 0.28587877750396729 0.65507429838180542 0.36020496487617493 -1.4420156478881836 0.34641072154045105 1.0008361339569092 0.34272363781929016
1918.6682000011206 -1.1055357456207275 0.27476084232330322 0.89281851053237915 0.3096320629119873 -1.4451284408569336 0.33825245499610901 1.1384637355804443 0.32116749882698059
