48.324699999764562 -0.811942458152771 0.40216755867004395 0.72217673063278198 0.42587965726852417 -0.72963446378707886 0.64024180173873901 0.78172796964645386 0.66845053434371948
142.14179999940097 -0.91068083047866821 0.41423127055168152 0.70351332426071167 0.41536602377891541 -0.82238340377807617 0.6344488263130188 0.72113960981369019 0.66115486621856689
235.88239999953657 -0.88661026954650879 0.39612892270088196 0.68122720718383789 0.4167112410068512 -0.85594803094863892 0.6307748556137085 0.7011534571647644 0.65908873081207275
330.5948999999091 -0.89159297943115234 0.40298798680305481 0.67479169368743896 0.41966778039932251 -0.85258197784423828 0.6359022855758667 0.68802958726882935 0.66215223073959351
428.36890000011772 -0.94392591714859009 0.42268037796020508 0.72586435079574585 0.41370716691017151 -0.90410465002059937 0.68949592113494873 0.9376823902130127 0.6735120415687561
526.13719999976456 -1.0459569692611694 0.42630112171173096 0.83361828327178955 0.40699765086174011 -0.80717986822128296 0.66934108734130859 1.1260710954666138 0.66049742698669434
625.21589999925345 -0.90774667263031006 0.4129129946231842 0.94255900382995605 0.38603565096855164 -0.84342682361602783 0.68022274971008301 1.383018970489502 0.59097081422805786
724.15809999871999 -0.89377397298812866 0.21012236177921295 0.76945209503173828 0.19969369471073151 -0.98324364423751831 0.29517042636871338 1.5810462236404419 0.23491202294826508
815.92549999989569 -1.363127589225769 0.19864319264888763 1.3567781448364258 0.14552025496959686 -1.2619079351425171 0.094624921679496765 1.3951977491378784 0.1203935444355011
914.89509999938309 -1.1948831081390381 0.08450143039226532 1.5234925746917725 0.053339302539825439 -1.1340628862380981 -0.17445093393325806 1.3434652090072632 -0.12492404878139496
1016.756699998863 -0.72506719827651978 -0.018618494272232056 1.1361222267150879 0.0069019561633467674 -0.90775787830352783 -0.2539503276348114 0.94605189561843872 -0.23673327267169952
1111.9934999998659 -0.88754373788833618 -0.038683328777551651 1.1549198627471924 -0.061263173818588257 -0.81035351753234863 -0.27441263198852539 0.74007713794708252 -0.25162386894226074
1207.6759999999776 -0.7473900318145752 -0.012670202180743217 1.1400437355041504 -0.04773363471031189 -0.68542474508285522 -0.2830539345741272 0.9310644268989563 -0.18562372028827667
1295.9237000001594 -1.2040036916732788 -0.05522141233086586 1.3793953657150269 -0.034560408443212509 -0.65491616725921631 -0.26393315196037292 0.75750303268432617 -0.1826300323009491
1391.6748999990523 -0.76821863651275635 -0.020764907822012901 1.2733000516891479 -0.038672290742397308 -0.78981989622116089 -0.25204432010650635 0.62159812450408936 -0.19398178160190582
1487.2487999992445 -0.81804138422012329 -0.017077611759305 1.3209294080734253 -0.044389341026544571 -0.86089599132537842 -0.24244210124015808 0.60644418001174927 -0.20021823048591614
1584.1575999995694 -0.96093064546585083 -0.0088362675160169601 1.2262077331542969 -0.040298037230968475 -0.79426121711730957 -0.24329523742198944 0.55013912916183472 -0.19138933718204498
1683.8723999997601 -0.73678886890411377 -0.031898315995931625 1.1699870824813843 -0.046836860477924347 -0.75751101970672607 -0.22777538001537323 0.52410435676574707 -0.18318773806095123
1781.3141999989748 -0.74198704957962036 -0.031244287267327309 1.2118343114852905 -0.041983477771282196 -0.76002615690231323 -0.2460532933473587 0.54856699705123901 -0.19863525032997131
1879.1080999998376 -0.73496943712234497 -0.027523914352059364 1.1708557605743408 -0.048202410340309143 -0.71655136346817017 -0.23879805207252502 0.51431739330291748 -0.19127932190895081
1975.4276999989524 -0.77387923002243042 -0.023954033851623535 1.2549600601196289 -0.042921707034111023 -0.82847070693969727 -0.2359897643327713 0.61362272500991821 -0.18143092095851898
