14.056700000539422 -0.74912905693054199 0.65849786996841431 0.58020657300949097 0.646992027759552 -0.69088023900985718 1.0241302251815796 0.56015926599502563 0.99591118097305298
100.80340000241995 -0.73777055740356445 0.65648019313812256 0.59005236625671387 0.64904588460922241 -0.66823470592498779 1.0252690315246582 0.57162123918533325 0.99887996912002563
185.18630000203848 -0.73404401540756226 0.64967936277389526 0.58666527271270752 0.64629906415939331 -0.67100411653518677 1.0156086683273315 0.56502938270568848 0.99802452325820923
270.16060000099242 -0.72939187288284302 0.65502709150314331 0.60000866651535034 0.65027463436126709 -0.66739839315414429 1.0223803520202637 0.57619673013687134 0.99742543697357178
352.74670000001788 -0.71859055757522583 0.65425401926040649 0.60357338190078735 0.64663821458816528 -0.66326355934143066 1.0202275514602661 0.58858978748321533 0.99149340391159058
435.6003000009805 -0.72234773635864258 0.65544652938842773 0.60157537460327148 0.65027511119842529 -0.66095489263534546 1.019268274307251 0.56733274459838867 1.0002167224884033
530.77650000154972 -0.72677642107009888 0.64983522891998291 0.63044542074203491 0.64882445335388184 -0.64972209930419922 1.0195244550704956 0.51656609773635864 0.98257863521575928
616.34769999980927 -0.69989097118377686 0.66145473718643188 0.6080472469329834 0.68319249153137207 -0.63881391286849976 1.0318698883056641 0.27148261666297913 0.96197742223739624
706.31400000117719 -0.73491525650024414 0.66248375177383423 0.56095635890960693 0.67864269018173218 -0.69222944974899292 0.99940884113311768 0.059959974139928818 0.84720927476882935
797.92540000006557 -0.71457552909851074 0.65096545219421387 0.56350868940353394 0.69151270389556885 -0.68630301952362061 1.0306248664855957 -0.024151517078280449 0.62452727556228638
882.47870000079274 -0.73675698041915894 0.69207322597503662 0.51165103912353516 0.67739111185073853 -0.71075320243835449 1.0756893157958984 -0.014899536967277527 0.51894146203994751
970.83220000006258 -0.7722548246383667 0.68740677833557129 0.47098562121391296 0.66137969493865967 -0.72392261028289795 1.0642943382263184 -0.092192009091377258 0.43996742367744446
1055.3440000005066 -0.7544437050819397 0.6715124249458313 0.50760465860366821 0.65101057291030884 -0.71357041597366333 1.0722012519836426 -0.040514744818210602 0.41384986042976379
1143.2309000007808 -0.7341618537902832 0.67261731624603271 0.51840561628341675 0.64548534154891968 -0.70066636800765991 1.069044828414917 0.00010981444938806817 0.43422099947929382
1231.0164000000805 -0.76144880056381226 0.66651922464370728 0.50353890657424927 0.64257162809371948 -0.71574687957763672 1.0582089424133301 -0.032148487865924835 0.41529601812362671
1313.0945999994874 -0.7505418062210083 0.67832523584365845 0.49716639518737793 0.64517360925674438 -0.7216525673866272 1.0591539144515991 -0.036347031593322754 0.42304620146751404
1394.1449000015855 -0.74036294221878052 0.66775572299957275 0.50849741697311401 0.64331144094467163 -0.71761929988861084 1.0582114458084106 -0.0093156909570097923 0.42822077870368958
1481.6415000017732 -0.76203668117523193 0.66698533296585083 0.50463306903839111 0.64411371946334839 -0.73937445878982544 1.059292197227478 -0.021585647016763687 0.42681542038917542
1567.816000001505 -0.7560315728187561 0.66391420364379883 0.50677281618118286 0.64306408166885376 -0.71557843685150146 1.0543053150177002 -0.023323522880673409 0.41822928190231323
1652.2308000009507 -0.75867265462875366 0.66651821136474609 0.5001220703125 0.64623099565505981 -0.72838133573532104 1.0541521310806274 -0.027847463265061378 0.41725137829780579
1738.8290000017732 -0.76627254486083984 0.6699528694152832 0.49297153949737549 0.64269071817398071 -0.73626893758773804 1.0558799505233765 -0.032775085419416428 0.42445620894432068
1825.9085000008345 -0.7591814398765564 0.66953033208847046 0.50028324127197266 0.64516609907150269 -0.72416543960571289 1.0619566440582275 -0.034904967993497849 0.40974918007850647
1914.0144999995828 -0.77553606033325195 0.66259586811065674 0.49768352508544922 0.64262622594833374 -0.74248325824737549 1.0546716451644897 -0.037386108189821243 0.40553385019302368
2000.3183000013232 -0.76966828107833862 0.66237813234329224 0.48608857393264771 0.63442701101303101 -0.72848904132843018 1.0473053455352783 -0.035179413855075836 0.41005319356918335
