77.481499999761581 -0.75226461887359619 0.61883836984634399 0.73942160606384277 0.65481364727020264 -0.83211982250213623 1.0237836837768555 0.75613981485366821 1.0245404243469238
203.65789999999106 -0.73774844408035278 0.61525207757949829 0.75213384628295898 0.64838504791259766 -0.82582718133926392 1.018302321434021 0.74468255043029785 1.0238699913024902
316.31140000000596 -0.72889095544815063 0.6195526123046875 0.73505628108978271 0.65308994054794312 -0.81056296825408936 1.0243592262268066 0.72315365076065063 1.02205491065979
441.2445000000298 -0.77647441625595093 0.61462891101837158 0.74576926231384277 0.65081614255905151 -0.85955345630645752 1.0144084692001343 0.7046513557434082 1.021162748336792
540.70220000017434 -0.76106977462768555 0.62210148572921753 0.74027723073959351 0.65868860483169556 -0.85174185037612915 1.0225136280059814 0.70225799083709717 1.0310032367706299
657.17790000047535 -0.74616199731826782 0.6224677562713623 0.78548353910446167 0.63889259099960327 -0.83878070116043091 1.0234332084655762 0.8798835277557373 0.98493224382400513
779.93690000101924 -0.79210013151168823 0.60839217901229858 0.91275560855865479 0.63674837350845337 -0.89883768558502197 1.0057399272918701 1.0803401470184326 1.0021728277206421
889.51390000060201 -0.81080365180969238 0.6112372875213623 0.94312024116516113 0.52300059795379639 -0.90508538484573364 1.0057591199874878 1.7213646173477173 0.76439785957336426
1015.6759000010788 -0.7900388240814209 0.62554085254669189 1.3487775325775146 0.34213250875473022 -0.90856820344924927 1.0201677083969116 2.32663893699646 0.38747557997703552
1135.7681999998167 -0.85107755661010742 0.6494327187538147 1.6379231214523315 0.20167630910873413 -1.0245579481124878 1.0650248527526855 2.5606570243835449 -0.0046735918149352074
1257.0529000004753 -0.67840248346328735 0.64059942960739136 0.87635570764541626 0.070105761289596558 -0.83994805812835693 1.0202596187591553 1.2603626251220703 -0.076894693076610565
1379.763900000602 -0.67989623546600342 0.6493564248085022 1.054274320602417 0.027420816943049431 -0.82224905490875244 1.0475705862045288 1.0456514358520508 -0.27714735269546509
1487.4650000007823 -0.79110360145568848 0.65161669254302979 0.99553191661834717 -0.033531047403812408 -0.87381947040557861 1.0398375988006592 0.81033474206924438 -0.31006690859794617
1597.8008000003174 -0.8068271279335022 0.64289337396621704 1.021565318107605 -0.052521251142024994 -0.88756638765335083 1.0350559949874878 0.75038391351699829 -0.30680039525032043
1714.3720000004396 -0.81296473741531372 0.64573818445205688 0.97784054279327393 -0.035222757607698441 -0.91910463571548462 1.0428786277770996 0.87335038185119629 -0.23980128765106201
1826.391600000672 -0.81500852108001709 0.65377962589263916 1.0318343639373779 -0.043166231364011765 -0.96897858381271362 1.0378929376602173 0.86026328802108765 -0.28103813529014587
1948.2045000009239 -0.81968098878860474 0.65653181076049805 1.0497206449508667 -0.070351079106330872 -0.9492068886756897 1.037692666053772 0.76848107576370239 -0.32190397381782532
