35.357400000095367 -0.60509556531906128 0.46134918928146362 0.48540705442428589 0.44280463457107544 -0.66719400882720947 0.73766165971755981 0.48201733827590942 0.67462307214736938
143.78280000016093 -0.40931445360183716 0.4740462601184845 0.66435641050338745 0.45285588502883911 -0.42901861667633057 0.74650740623474121 0.65482836961746216 0.68786799907684326
255.12490000016987 -0.62902504205703735 0.46536552906036377 0.48335674405097961 0.44591614603996277 -0.62905019521713257 0.73967987298965454 0.4970417320728302 0.67426472902297974
366.91830000095069 -0.65746611356735229 0.47377306222915649 0.46392592787742615 0.44314810633659363 -0.64119517803192139 0.74316418170928955 0.47734856605529785 0.6740800142288208
476.28540000040084 -0.61661350727081299 0.46277251839637756 0.46809306740760803 0.43477779626846313 -0.66622805595397949 0.74170547723770142 0.47796836495399475 0.65718239545822144
589.33750000037253 -0.62422639131546021 0.47359630465507507 0.47257962822914124 0.44615960121154785 -0.65454661846160889 0.74557191133499146 0.53844571113586426 0.68499100208282471
697.73590000066906 -0.68412429094314575 0.45316290855407715 0.57394891977310181 0.42689839005470276 -0.76385974884033203 0.74009525775909424 0.7918664813041687 0.66008669137954712
809.7558000003919 -0.91517996788024902 0.40986454486846924 0.69785577058792114 0.36943069100379944 -1.0715339183807373 0.57923483848571777 1.2286425828933716 0.49921208620071411
911.5757000008598 -1.1413180828094482 0.1842486709356308 1.0137412548065186 0.22450278699398041 -0.68417352437973022 0.03512311726808548 0.99412846565246582 0.20039911568164825
1024.8585000010207 -0.89288473129272461 0.19957098364830017 1.1761587858200073 0.12378865480422974 -0.47818255424499512 0.11789564788341522 1.5115847587585449 0.096280291676521301
1131.6695000007749 -1.4800688028335571 0.0023258819710463285 0.72174984216690063 -0.020191425457596779 -1.5347424745559692 -0.24526543915271759 1.1362028121948242 -0.20130756497383118
1240.0575999999419 -1.3986366987228394 -0.073770970106124878 0.40276184678077698 -0.028089731931686401 -1.1517192125320435 -0.20280377566814423 0.55118322372436523 -0.17688353359699249
1349.7255000006407 -1.0761058330535889 -0.12570734322071075 0.48747402429580688 -0.058837655931711197 -0.69286727905273438 -0.22936190664768219 0.57663524150848389 -0.18501757085323334
1449.0944000007585 -1.1033098697662354 -0.13822528719902039 0.56137871742248535 -0.054016157984733582 -0.61024188995361328 -0.23755000531673431 0.74121761322021484 -0.17402994632720947
1563.5175000010058 -1.1348271369934082 -0.14588890969753265 0.54410803318023682 -0.043352827429771423 -0.62375503778457642 -0.21968592703342438 0.53569412231445313 -0.16349434852600098
1670.6414000000805 -1.0958364009857178 -0.13823880255222321 0.57819968461990356 -0.045453492552042007 -0.67677456140518188 -0.20154093205928802 0.72687834501266479 -0.15425097942352295
1787.9066000003368 -1.1177997589111328 -0.14118263125419617 0.50955778360366821 -0.050270646810531616 -0.66801959276199341 -0.2213934063911438 0.72254806756973267 -0.15409135818481445
1901.7236000001431 -1.106042742729187 -0.13441354036331177 0.59833848476409912 -0.030237331986427307 -0.66526627540588379 -0.20330159366130829 0.74931979179382324 -0.132768914103508
