67.512300001457334 -0.75486516952514648 0.64255684614181519 0.52982908487319946 0.66852593421936035 -0.71501374244689941 1.004307746887207 0.51031666994094849 1.004840612411499
152.89110000059009 -0.7691500186920166 0.65118628740310669 0.52442580461502075 0.67159974575042725 -0.72444945573806763 1.0133578777313232 0.49471911787986755 1.0142194032669067
238.40710000135005 -0.73890691995620728 0.65804988145828247 0.54108095169067383 0.67515784502029419 -0.70716172456741333 1.0222550630569458 0.51851087808609009 1.0148662328720093
324.66540000028908 -0.78110730648040771 0.66277605295181274 0.52557682991027832 0.67247456312179565 -0.74935340881347656 1.0201494693756104 0.49797099828720093 1.0126371383666992
409.27600000053644 -0.76087063550949097 0.66140574216842651 0.53680825233459473 0.67481976747512817 -0.70925045013427734 1.0220022201538086 0.50681281089782715 1.009401798248291
496.7480999995023 -0.76883602142333984 0.6613810658454895 0.52366149425506592 0.67307943105697632 -0.70640206336975098 1.0235663652420044 0.49158841371536255 1.0049487352371216
576.02340000122786 -0.74690479040145874 0.66476297378540039 0.54245185852050781 0.68051660060882568 -0.68985354900360107 1.0189366340637207 0.51165109872817993 1.0147089958190918
661.41779999993742 -0.72435605525970459 0.6584436297416687 0.54356288909912109 0.6773948073387146 -0.67117810249328613 1.0231388807296753 0.51685476303100586 1.0140954256057739
744.06509999930859 -0.73614585399627686 0.6621132493019104 0.55075854063034058 0.67781060934066772 -0.68326038122177124 1.0248037576675415 0.52709609270095825 1.0144150257110596
831.50680000148714 -0.74270570278167725 0.66069948673248291 0.55686646699905396 0.67534905672073364 -0.69545340538024902 1.0202639102935791 0.53186893463134766 1.010596752166748
917.12429999932647 -0.82776737213134766 0.6785920262336731 0.61420494318008423 0.64103144407272339 -0.735146164894104 1.0017472505569458 0.68331748247146606 0.97389405965805054
1004.8452000003308 -0.97032201290130615 0.63073039054870605 0.84308236837387085 0.60708683729171753 -0.98593676090240479 0.91920101642608643 0.94601619243621826 0.92898678779602051
1088.9544000010937 -1.2919453382492065 0.49736067652702332 1.0979621410369873 0.50312161445617676 -1.4401639699935913 0.78631848096847534 1.4433456659317017 0.70989978313446045
1175.4052000008523 -1.3143777847290039 0.43287485837936401 1.158037543296814 0.38700157403945923 -1.6118535995483398 0.65198737382888794 1.627916693687439 0.52890431880950928
1259.9004000015557 -1.2831571102142334 0.35635507106781006 1.1751034259796143 0.3256133496761322 -1.9496997594833374 0.28730899095535278 1.7333717346191406 0.18058308959007263
1344.1529999990016 -1.2667425870895386 0.36406013369560242 1.2401115894317627 0.34416073560714722 -1.8738583326339722 0.18960535526275635 1.7855470180511475 0.13666756451129913
1427.1637999992818 -1.2869433164596558 0.42025718092918396 1.2205175161361694 0.38715165853500366 -1.7871582508087158 0.20362111926078796 1.6929810047149658 0.17365872859954834
1512.8840000014752 -1.093592643737793 0.52054882049560547 1.0267326831817627 0.51916706562042236 -1.8165194988250732 0.53125572204589844 1.7596392631530762 0.52239811420440674
1592.8261000011116 -1.0718197822570801 0.52994894981384277 1.0443739891052246 0.53548228740692139 -1.7821990251541138 0.6752130389213562 1.7745048999786377 0.68403929471969604
1677.0186999998987 -1.0221184492111206 0.5843808650970459 0.91864919662475586 0.56958156824111938 -1.4616838693618774 0.85489338636398315 1.3949726819992065 0.89182561635971069
1763.9692000020295 -1.1108649969100952 0.56837183237075806 0.99197506904602051 0.54628831148147583 -1.5340994596481323 0.82357907295227051 1.4681642055511475 0.83036458492279053
1852.8733000010252 -1.2245450019836426 0.48347276449203491 1.1129904985427856 0.50231754779815674 -1.725659966468811 0.70613420009613037 1.6740154027938843 0.67343533039093018
1939.2457999996841 -1.2420294284820557 0.35362502932548523 1.1845529079437256 0.36784154176712036 -1.9325520992279053 0.44482079148292542 1.8994975090026855 0.44252344965934753
2028.4997000005096 -1.2045376300811768 0.34529390931129456 1.2429256439208984 0.35154926776885986 -1.8066861629486084 0.37556689977645874 2.0022339820861816 0.35861092805862427
