63.334899999201291 -0.70571416616439819 0.59465432167053223 0.54063302278518677 0.60160678625106812 -0.65974193811416626 0.90504240989685059 0.57365506887435913 0.89236295223236084
168.24880000017583 -0.69989895820617676 0.59225422143936157 0.5311744213104248 0.60046184062957764 -0.66142690181732178 0.9032975435256958 0.5941547155380249 0.8893204927444458
263.68120000138879 -0.71222233772277832 0.58308100700378418 0.53175157308578491 0.59545087814331055 -0.68267512321472168 0.89796680212020874 0.66020125150680542 0.89621126651763916
367.50599999912083 -0.73741143941879272 0.57859224081039429 0.55427688360214233 0.59654122591018677 -0.70837277173995972 0.89557576179504395 0.74301975965499878 0.88280987739562988
473.91389999911189 -0.99555498361587524 0.57324212789535522 0.80074858665466309 0.5253835916519165 -1.2138220071792603 0.8624613881111145 1.2822833061218262 0.79086053371429443
575.89179999753833 -1.0517776012420654 0.49151098728179932 1.0416841506958008 0.45638081431388855 -1.4793984889984131 0.75094336271286011 1.7676836252212524 0.67364495992660522
684.63550000078976 -1.1842923164367676 0.42746102809906006 1.144457221031189 0.40383210778236389 -1.7282851934432983 0.59438216686248779 1.9532026052474976 0.54480648040771484
793.66179999895394 -1.3114088773727417 0.26386421918869019 1.0731064081192017 0.23909346759319305 -1.8975613117218018 0.22589465975761414 2.0382766723632813 0.14083276689052582
904.1330000013113 -1.3823831081390381 0.13118173182010651 1.1310896873474121 0.10344908386468887 -1.8304246664047241 -0.016818761825561523 1.8740139007568359 -0.081418052315711975
1008.0030999984592 -1.2084835767745972 0.055128403007984161 0.95933479070663452 0.020835556089878082 -1.5358548164367676 -0.22461766004562378 1.4594937562942505 -0.27489078044891357
1107.6208000015467 -1.2686408758163452 -0.077589966356754303 1.1076852083206177 -0.01740897074341774 -1.2832249402999878 -0.35666269063949585 1.0878405570983887 -0.20078909397125244
1209.3829999994487 -1.1990082263946533 -0.10873165726661682 0.97427469491958618 -0.074664726853370667 -1.0970646142959595 -0.35565590858459473 0.82860827445983887 -0.34317663311958313
1311.1793999988586 -1.0594561100006104 -0.12682704627513885 1.0086957216262817 -0.083065919578075409 -0.81827563047409058 -0.32073703408241272 0.61658656597137451 -0.30449223518371582
1422.9230999983847 -0.95753610134124756 -0.14284949004650116 1.0159673690795898 -0.094829283654689789 -0.62411493062973022 -0.32809501886367798 0.60594469308853149 -0.2881806492805481
1522.9742000009865 -0.93431788682937622 -0.14336663484573364 0.98806220293045044 -0.099556215107440948 -0.56432169675827026 -0.33462300896644592 0.52765452861785889 -0.29672974348068237
1624.5921999998391 -0.98669975996017456 -0.12815409898757935 0.9588891863822937 -0.083878710865974426 -0.57313829660415649 -0.31822285056114197 0.55130720138549805 -0.27710616588592529
1725.3923000004143 -0.99826103448867798 -0.13353085517883301 0.97989243268966675 -0.080388084053993225 -0.54065591096878052 -0.32824188470840454 0.5202709436416626 -0.30135276913642883
1824.5910000000149 -0.94752687215805054 -0.14573681354522705 1.0005384683609009 -0.090707816183567047 -0.50684082508087158 -0.33619093894958496 0.57443022727966309 -0.30988344550132751
1925.1385999973863 -0.95058506727218628 -0.14105367660522461 1.0380547046661377 -0.084609091281890869 -0.56402510404586792 -0.31524991989135742 0.63895726203918457 -0.29773077368736267
