2.8199000002350658 -0.82512223720550537 0.65184313058853149 0.6017487645149231 0.64833086729049683 -0.81580448150634766 1.0213640928268433 0.556693434715271 1.0011584758758545
96.151199999963865 -0.83476012945175171 0.6550440788269043 0.58409124612808228 0.64633256196975708 -0.8273996114730835 1.0213357210159302 0.55073583126068115 1.0013184547424316
193.86930000013672 -0.80798983573913574 0.64571356773376465 0.60402345657348633 0.64106106758117676 -0.79946184158325195 1.0118758678436279 0.61214959621429443 0.98035085201263428
290.53280000016093 -0.80333268642425537 0.6545366644859314 0.61109012365341187 0.64209401607513428 -0.8029060959815979 1.0272262096405029 0.57865273952484131 0.99686962366104126
383.38440000033006 -0.83233124017715454 0.63968062400817871 0.67321741580963135 0.63067412376403809 -0.83294248580932617 1.0086631774902344 0.69961774349212646 0.97278130054473877
475.06350000016391 -0.91917973756790161 0.63111346960067749 0.83889764547348022 0.63032317161560059 -0.921378493309021 0.97710233926773071 0.84873688220977783 0.97328495979309082
563.49090000009164 -1.0511904954910278 0.55002957582473755 1.0837441682815552 0.52612161636352539 -1.1154720783233643 0.87433558702468872 1.0999195575714111 0.90556627511978149
655.50410000025295 -1.1315431594848633 0.51334095001220703 1.1069287061691284 0.45422676205635071 -1.2817909717559814 0.78795921802520752 1.3453788757324219 0.7499193549156189
745.57710000011139 -1.2345093488693237 0.3174787163734436 1.1885840892791748 0.33172857761383057 -1.7128533124923706 0.46238020062446594 1.7419838905334473 0.4275536835193634
841.05490000010468 -1.2270265817642212 0.30862358212471008 1.1037237644195557 0.31856077909469604 -1.9690314531326294 0.33106020092964172 1.7910380363464355 0.27910107374191284
935.18290000013076 -1.2978819608688354 0.36026021838188171 1.1786136627197266 0.40339487791061401 -1.9238837957382202 0.19783863425254822 1.8466155529022217 0.2289256751537323
1027.6211000001058 -1.1577333211898804 0.45251542329788208 1.106830358505249 0.43847030401229858 -1.8174780607223511 0.30548033118247986 1.7267681360244751 0.33204969763755798
1122.1607000001241 -1.1098271608352661 0.5035710334777832 1.1130025386810303 0.51498317718505859 -1.931169867515564 0.58331316709518433 1.8729822635650635 0.63662451505661011
1218.781100000022 -1.0204870700836182 0.5357966423034668 0.99210882186889648 0.54786854982376099 -1.6342769861221313 0.77168571949005127 1.6190006732940674 0.81002861261367798
1308.5854000002146 -1.080974817276001 0.50903463363647461 1.09900963306427 0.51091057062149048 -1.6594201326370239 0.7162737250328064 1.6870352029800415 0.75631153583526611
1400.7472000000998 -1.2547664642333984 0.40985724329948425 1.1795679330825806 0.44702515006065369 -1.911293625831604 0.52947854995727539 1.7426046133041382 0.571003258228302
1491.6033000000753 -1.2840448617935181 0.3032049834728241 1.2236202955245972 0.36417970061302185 -1.9917377233505249 0.33250945806503296 1.9317058324813843 0.36688956618309021
1584.3210999998264 -1.2723464965820313 0.26834788918495178 1.1425156593322754 0.30024123191833496 -1.971686840057373 0.19305616617202759 1.7641816139221191 0.20701339840888977
1682.7838999999221 -1.306816577911377 0.29736539721488953 1.1269820928573608 0.33734309673309326 -1.9741685390472412 0.12143780291080475 1.7376726865768433 0.17412686347961426
1775.5010000001639 -1.1521520614624023 0.45714116096496582 1.125762939453125 0.4379718005657196 -1.8180090188980103 0.32909923791885376 1.6733636856079102 0.30872222781181335
1867.4950000001118 -1.0870050191879272 0.50301569700241089 1.0678818225860596 0.53497588634490967 -1.9683842658996582 0.51708167791366577 1.8179594278335571 0.45538821816444397
1958.4405000002589 -1.0806641578674316 0.60840457677841187 0.89587914943695068 0.5832180380821228 -1.6979523897171021 0.84008026123046875 1.6297295093536377 0.81342846155166626
