76.733599999919534 -0.57027190923690796 0.45551899075508118 0.79434633255004883 0.438028484582901 -1.1446892023086548 0.70097106695175171 0.83790820837020874 0.66745316982269287
189.86830000020564 -0.55842375755310059 0.45449522137641907 0.71708828210830688 0.43299195170402527 -1.0034767389297485 0.701011061668396 0.72262835502624512 0.66468381881713867
297.9433000003919 -0.45328986644744873 0.46250131726264954 0.65652728080749512 0.44603320956230164 -0.90985912084579468 0.72250527143478394 0.63693732023239136 0.66914397478103638
404.47900000028312 -0.44453001022338867 0.46781536936759949 0.67436623573303223 0.43726059794425964 -0.43022233247756958 0.72884970903396606 0.71684074401855469 0.65798455476760864
522.3620000006631 -0.51410239934921265 0.47899645566940308 0.6177329421043396 0.44055032730102539 -0.43183210492134094 0.73573976755142212 0.71342563629150391 0.62316179275512695
630.2519000004977 -0.62685412168502808 0.46511408686637878 0.4855906069278717 0.4299081563949585 -0.60349118709564209 0.72436964511871338 0.6608615517616272 0.65947830677032471
735.13140000123531 -0.57933914661407471 0.46767717599868774 0.56677830219268799 0.41143989562988281 -0.54458266496658325 0.73362976312637329 0.85244071483612061 0.62097513675689697
841.33600000105798 -0.62802201509475708 0.47317349910736084 0.7388421893119812 0.34864610433578491 -0.52034610509872437 0.73193800449371338 1.016363263130188 0.37746283411979675
949.01800000015646 -0.67283177375793457 0.45085480809211731 1.0240557193756104 0.16823849081993103 -0.52029305696487427 0.7150806188583374 1.2133445739746094 0.11923647671937943
1052.8929000003263 -0.58318710327148438 0.45921152830123901 0.96417468786239624 0.11598598212003708 -0.49582281708717346 0.71443045139312744 1.2901177406311035 0.0056857690215110779
1166.2863000007346 -0.67225104570388794 0.44804257154464722 0.87929284572601318 0.037148952484130859 -0.53797602653503418 0.70813888311386108 1.0999950170516968 -0.13600243628025055
1280.6036000009626 -0.54561454057693481 0.46909371018409729 0.86197930574417114 0.04500797763466835 -0.54153573513031006 0.72346192598342896 1.1020268201828003 -0.069105565547943115
1387.8680000007153 -0.61414444446563721 0.47506678104400635 0.81626194715499878 0.02185133658349514 -0.55523395538330078 0.72844433784484863 0.79808562994003296 -0.097238682210445404
1489.2604000000283 -0.62205344438552856 0.47489306330680847 0.83040261268615723 0.038343910127878189 -0.59379673004150391 0.7242092490196228 0.76466453075408936 -0.11604171991348267
1599.4052000008523 -0.53123706579208374 0.46748214960098267 0.86309421062469482 0.037146810442209244 -0.54395359754562378 0.72174882888793945 1.0851783752441406 -0.075252354145050049
1713.8818000005558 -0.57775765657424927 0.46010085940361023 0.91959267854690552 0.039891105145215988 -0.57760477066040039 0.71090167760848999 0.88761967420578003 -0.090309813618659973
1808.8023000005633 -0.55521607398986816 0.46237429976463318 0.89715558290481567 0.037376202642917633 -0.5672944188117981 0.71470177173614502 0.89690375328063965 -0.095844529569149017
1916.7805000003427 -0.56088751554489136 0.46232470870018005 0.87535548210144043 0.040103793144226074 -0.5179131031036377 0.71878343820571899 0.87551528215408325 -0.091827079653739929
