106.09110000077635 -0.79728883504867554 0.62227934598922729 0.69457155466079712 0.64415037631988525 -0.88969969749450684 1.0246886014938354 0.6908334493637085 1.0160856246948242
232.88620000053197 -0.80190461874008179 0.62213748693466187 0.6756095290184021 0.65059190988540649 -0.90433138608932495 1.0262912511825562 0.67927289009094238 1.0211038589477539
357.58360000047833 -0.76276630163192749 0.63212102651596069 0.68285930156707764 0.63821446895599365 -0.87687546014785767 1.0316712856292725 0.7207980751991272 1.0074207782745361
481.89220000058413 -0.77982360124588013 0.63465601205825806 0.69464033842086792 0.66139060258865356 -0.94238448143005371 1.0356017351150513 0.76029002666473389 1.0274077653884888
606.69479999970645 -0.89863425493240356 0.62418580055236816 0.91609370708465576 0.64229530096054077 -0.97414249181747437 0.98782551288604736 1.190851092338562 0.98612099885940552
725.40660000033677 -0.96355986595153809 0.55568718910217285 0.97825002670288086 0.54089885950088501 -1.5245989561080933 0.9508206844329834 1.6975297927856445 0.80522507429122925
840.21669999975711 -1.2339081764221191 0.43305599689483643 1.5942625999450684 0.34689286351203918 -2.3850505352020264 0.59732228517532349 2.0137178897857666 0.41138327121734619
966.54520000051707 -1.2838151454925537 0.26962721347808838 1.3900163173675537 0.1598394513130188 -2.0935399532318115 0.12576340138912201 2.5342121124267578 -0.095799006521701813
1077.2269999999553 -1.6075675487518311 0.13718819618225098 1.4146897792816162 0.036559224128723145 -2.303957462310791 -0.15581031143665314 1.6283005475997925 -0.29572063684463501
1193.4994000000879 -1.0385994911193848 -0.010840798728168011 0.8732638955116272 0.074469961225986481 -1.2404041290283203 -0.3765958845615387 1.3661739826202393 -0.10775380581617355
1311.5264999996871 -0.75036847591400146 -0.094813816249370575 0.95132780075073242 -0.088924773037433624 -0.70368498563766479 -0.33937034010887146 0.93181216716766357 -0.32652574777603149
1426.2207000013441 -0.97541928291320801 -0.10196402668952942 0.63514125347137451 -0.086820200085639954 -0.86633533239364624 -0.37062036991119385 0.52326160669326782 -0.28754487633705139
1535.3896000003442 -0.90127503871917725 -0.092287823557853699 0.72883796691894531 -0.095261208713054657 -0.70971739292144775 -0.35716986656188965 0.57409071922302246 -0.24920240044593811
1661.0355000011623 -0.87431633472442627 -0.08873574435710907 0.71381467580795288 -0.085898131132125854 -0.81754845380783081 -0.35215204954147339 0.59879809617996216 -0.23898807168006897
1778.9440000010654 -0.91694259643554688 -0.09769807755947113 0.69397497177124023 -0.070750519633293152 -0.67002391815185547 -0.35385793447494507 0.61968165636062622 -0.25615605711936951
1897.1524000009522 -0.97586607933044434 -0.10682941228151321 0.59155213832855225 -0.096099086105823517 -0.72001034021377563 -0.36305466294288635 0.46409520506858826 -0.25555244088172913
