9.8527000024914742 -0.75555181503295898 0.66953432559967041 0.62449890375137329 0.66650325059890747 -0.74538505077362061 1.019020676612854 0.61520963907241821 1.0263587236404419
110.71759999915957 -0.75658714771270752 0.67415332794189453 0.6222119927406311 0.66764986515045166 -0.74310308694839478 1.0236907005310059 0.61347097158432007 1.0275729894638062
213.56450000032783 -0.75040507316589355 0.67801976203918457 0.63177269697189331 0.67126405239105225 -0.74077457189559937 1.0237716436386108 0.6215217113494873 1.0312738418579102
316.02650000154972 -0.74056696891784668 0.67882281541824341 0.63177222013473511 0.6710466742515564 -0.73303437232971191 1.0302149057388306 0.60970866680145264 1.0379172563552856
412.33879999816418 -0.76466363668441772 0.66491520404815674 0.63749140501022339 0.66915500164031982 -0.80823314189910889 1.0166655778884888 0.66783076524734497 1.0401473045349121
500.63709999993443 -0.97390753030776978 0.63279592990875244 0.89574712514877319 0.59917020797729492 -1.2775731086730957 0.95187592506408691 1.1799596548080444 0.94410932064056396
591.81300000101328 -1.0209358930587769 0.57104861736297607 1.0801588296890259 0.57449644804000854 -1.6290280818939209 0.84706628322601318 1.6531822681427002 0.86267918348312378
687.20289999991655 -1.3133111000061035 0.44091701507568359 1.2436544895172119 0.40394768118858337 -2.172560453414917 0.57544690370559692 2.0645124912261963 0.50915771722793579
790.21510000154376 -1.248539924621582 0.25037670135498047 1.2599776983261108 0.23205040395259857 -2.0885567665100098 0.14337058365345001 2.0414056777954102 0.12817981839179993
887.2441000007093 -1.1113213300704956 0.088017746806144714 1.1284933090209961 0.13528312742710114 -1.6843047142028809 -0.13159732520580292 1.6592099666595459 -0.14196042716503143
985.33339999988675 -1.0477977991104126 -0.017876053228974342 1.1552727222442627 0.007454791571944952 -1.3531880378723145 -0.32556635141372681 1.3135517835617065 -0.30295217037200928
1080.1224000006914 -0.93771803379058838 -0.074040137231349945 1.0331871509552002 -0.061513319611549377 -0.89385223388671875 -0.41375425457954407 1.0086768865585327 -0.38923490047454834
1177.4624000005424 -1.0700275897979736 -0.1430942714214325 1.0538743734359741 -0.12402676045894623 -0.95095902681350708 -0.48421692848205566 0.89167451858520508 -0.44840908050537109
1266.3190000019968 -0.9766085147857666 -0.14824490249156952 0.93079066276550293 -0.14232747256755829 -0.6148754358291626 -0.48968720436096191 0.48742926120758057 -0.46849673986434937
1358.9495999999344 -0.93329727649688721 -0.13417260348796844 0.89578187465667725 -0.14421005547046661 -0.54050189256668091 -0.47157865762710571 0.29089626669883728 -0.48689788579940796
1450.5416999980807 -0.93137949705123901 -0.12519562244415283 0.86850768327713013 -0.13776056468486786 -0.5501517653465271 -0.45868873596191406 0.28143998980522156 -0.47509309649467468
1548.9432999975979 -0.94108498096466064 -0.12366872280836105 0.88023734092712402 -0.14157506823539734 -0.5451856255531311 -0.4548490047454834 0.27395570278167725 -0.48463734984397888
1651.7235000021756 -0.96081662178039551 -0.12583394348621368 0.89697074890136719 -0.14180202782154083 -0.52499103546142578 -0.46685823798179626 0.27028101682662964 -0.47608408331871033
1754.2344999983907 -0.95327562093734741 -0.12029176950454712 0.90108990669250488 -0.14134189486503601 -0.55319452285766602 -0.44796586036682129 0.27620166540145874 -0.47712820768356323
1851.6389999985695 -0.96186327934265137 -0.11986267566680908 0.90796220302581787 -0.15008248388767242 -0.54822784662246704 -0.4545687735080719 0.25968778133392334 -0.4852268397808075
1952.2854000031948 -0.96700572967529297 -0.11683584004640579 0.90733659267425537 -0.14730603992938995 -0.55751192569732666 -0.44770911335945129 0.2792336642742157 -0.48343673348426819
