48.678200002759695 -0.67810064554214478 0.68927174806594849 0.68767392635345459 0.67397487163543701 -0.65563958883285522 1.0321451425552368 0.65893280506134033 1.0578975677490234
155.24340000376105 -0.68522506952285767 0.68273401260375977 0.6900249719619751 0.67295444011688232 -0.66346287727355957 1.0239212512969971 0.65832328796386719 1.0483615398406982
265.96130000054836 -0.67318332195281982 0.68675607442855835 0.68864339590072632 0.67135310173034668 -0.65492260456085205 1.0292673110961914 0.67364633083343506 1.0512803792953491
363.70879999920726 -0.68144059181213379 0.68353003263473511 0.70256805419921875 0.66623383760452271 -0.71317267417907715 1.0278970003128052 0.66911971569061279 1.0420031547546387
464.14320000261068 -0.72577530145645142 0.67882812023162842 0.70532494783401489 0.66785752773284912 -0.80770605802536011 1.0092868804931641 0.65926790237426758 1.0473188161849976
561.79340000078082 -1.019096851348877 0.57734876871109009 0.75248801708221436 0.66268390417098999 -1.672953724861145 0.83601671457290649 0.69893044233322144 1.059745192527771
657.08240000158548 -1.2032909393310547 0.52928268909454346 0.77310675382614136 0.66994565725326538 -2.0256838798522949 0.68144816160202026 0.71872955560684204 1.0669331550598145
752.80090000107884 -1.3683981895446777 0.46471157670021057 0.78067606687545776 0.67942690849304199 -2.2075178623199463 0.50927615165710449 0.72260427474975586 1.0773698091506958
853.44209999963641 -1.2318403720855713 0.2328650951385498 0.70273375511169434 0.70602011680603027 -1.9789654016494751 0.11080825328826904 0.63781487941741943 1.0815777778625488
953.28930000215769 -1.2167314291000366 0.088252246379852295 0.71305912733078003 0.67894613742828369 -1.8062828779220581 -0.15093237161636353 0.66585260629653931 1.0647516250610352
1046.2501000016928 -1.0665700435638428 0.018729982897639275 0.72031682729721069 0.65744566917419434 -1.4757260084152222 -0.27151826024055481 0.66258221864700317 1.0539823770523071
1142.0306000001729 -0.91552501916885376 -0.052563875913619995 0.85828793048858643 0.65786862373352051 -1.105018138885498 -0.36636948585510254 0.81143712997436523 1.0470383167266846
1232.9919000007212 -0.94029808044433594 -0.10744944959878922 0.78506207466125488 0.64866173267364502 -0.86957669258117676 -0.46201515197753906 0.71936547756195068 1.0499610900878906
1333.69980000332 -0.92475879192352295 -0.1127784252166748 0.78107357025146484 0.66751772165298462 -0.66291266679763794 -0.42199504375457764 0.71306908130645752 1.0651339292526245
1428.7498000003397 -0.92864996194839478 -0.10817132145166397 0.79318702220916748 0.659046471118927 -0.49268612265586853 -0.42228469252586365 0.71254020929336548 1.0552811622619629
1522.9160999991 -0.95388758182525635 -0.10596556216478348 0.79725885391235352 0.66368472576141357 -0.49783217906951904 -0.40612205862998962 0.71371102333068848 1.0610949993133545
1618.5529999993742 -0.95465570688247681 -0.10369554907083511 0.79987674951553345 0.65308612585067749 -0.45306459069252014 -0.39641818404197693 0.74862492084503174 1.0381213426589966
1717.5257999971509 -0.94440394639968872 -0.10840106755495071 0.80632781982421875 0.66091257333755493 -0.45107465982437134 -0.40440523624420166 0.73304545879364014 1.0554745197296143
1815.6782999970019 -0.96074682474136353 -0.1045437753200531 0.81748443841934204 0.66001719236373901 -0.4604225754737854 -0.40272387862205505 0.73068124055862427 1.0458259582519531
1919.6159000024199 -0.95854228734970093 -0.10026966780424118 0.820137619972229 0.64506310224533081 -0.4967624843120575 -0.39513364434242249 0.75007712841033936 1.0444636344909668
