9.2408000002615154 -0.73430484533309937 0.68027889728546143 0.62594431638717651 0.68042278289794922 -0.72879880666732788 1.0210162401199341 0.60718226432800293 1.0569242238998413
106.62690000003204 -0.7450295090675354 0.69447171688079834 0.63451302051544189 0.69233924150466919 -0.71928399801254272 1.0436465740203857 0.6003568172454834 1.0675721168518066
206.19980000052601 -0.73336166143417358 0.68093806505203247 0.6227453351020813 0.67895025014877319 -0.72127705812454224 1.0259199142456055 0.59673941135406494 1.0544999837875366
305.27540000062436 -0.74595284461975098 0.68911296129226685 0.63307744264602661 0.68602102994918823 -0.71498268842697144 1.0340261459350586 0.59980946779251099 1.0527733564376831
414.71110000042245 -0.79277670383453369 0.68811327219009399 0.70858657360076904 0.66357898712158203 -0.78816407918930054 1.0422356128692627 0.7465510368347168 1.0540580749511719
520.40800000075251 -0.8512834906578064 0.65613269805908203 0.81338763236999512 0.62926864624023438 -0.8903346061706543 1.0295196771621704 0.91378390789031982 0.9563174843788147
624.30110000027344 -1.1481379270553589 0.47085580229759216 1.1107480525970459 0.47233840823173523 -1.3774974346160889 0.74062007665634155 1.5697708129882813 0.67680072784423828
724.72970000049099 -1.107244610786438 0.41247236728668213 1.1120762825012207 0.3994060754776001 -1.4443742036819458 0.6620902419090271 1.5838478803634644 0.57744961977005005
824.30210000043735 -1.0674302577972412 0.28354349732398987 1.1903854608535767 0.29766058921813965 -1.7870101928710938 0.22922298312187195 1.8352195024490356 0.21271878480911255
934.1949000004679 -1.0904102325439453 0.2699245810508728 1.1532636880874634 0.27450940012931824 -1.7735397815704346 0.1319478452205658 1.7840808629989624 0.13572275638580322
1034.5607000002638 -1.2273205518722534 0.35026341676712036 1.1552941799163818 0.36419022083282471 -1.8970528841018677 0.20455114543437958 1.8624318838119507 0.28105917572975159
1140.6631000000052 -1.2550215721130371 0.38568976521492004 1.1051651239395142 0.43063530325889587 -1.8989559412002563 0.27547797560691833 2.0358626842498779 0.36956331133842468
1244.8664000001736 -1.0103076696395874 0.51026821136474609 0.97918212413787842 0.54315215349197388 -1.7041549682617188 0.73965960741043091 1.6870805025100708 0.78882092237472534
1343.8959000003524 -0.99351751804351807 0.51946830749511719 1.0144039392471313 0.53696948289871216 -1.6365844011306763 0.76552736759185791 1.5664112567901611 0.78318542242050171
1448.2421000003815 -1.0881706476211548 0.44160276651382446 1.1199133396148682 0.48111048340797424 -1.800024151802063 0.59315091371536255 1.7513823509216309 0.62417227029800415
1555.5846000001766 -1.1824636459350586 0.37970682978630066 1.2208930253982544 0.38082030415534973 -1.8703758716583252 0.48138976097106934 1.8764971494674683 0.46723395586013794
1654.2124000000767 -1.1425507068634033 0.26403748989105225 1.1735255718231201 0.28677886724472046 -1.853857159614563 0.22354611754417419 1.815359354019165 0.23003560304641724
1753.6334000001661 -1.1125044822692871 0.26465567946434021 1.1332519054412842 0.2662932276725769 -1.7840001583099365 0.099729202687740326 1.7882319688796997 0.11998352408409119
1856.3490000008605 -1.2127895355224609 0.31474503874778748 1.1749918460845947 0.32377040386199951 -1.8887453079223633 0.16430266201496124 1.8287562131881714 0.18956790864467621
1958.0489000002854 -1.0705969333648682 0.43424883484840393 1.0390256643295288 0.45655873417854309 -1.8053410053253174 0.50927799940109253 1.9561091661453247 0.5066719651222229
