0.0 -0.8193393349647522 0.69718098640441895 0.59496462345123291 0.69892030954360962 -0.79109573364257813 1.0363093614578247 0.58706933259963989 1.0288122892379761
85.521199986338615 -0.81257885694503784 0.67845475673675537 0.56370598077774048 0.69210267066955566 -0.79962414503097534 1.0153840780258179 0.56581336259841919 1.0178073644638062
168.44640000164509 -0.77011018991470337 0.65533304214477539 0.57447940111160278 0.68896478414535522 -0.75954258441925049 1.0162727832794189 0.58545464277267456 1.0015230178833008
259.65039999783039 -0.75898152589797974 0.65175169706344604 0.58004021644592285 0.67734342813491821 -0.76328682899475098 1.0048987865447998 0.58517950773239136 0.99642163515090942
347.99700000882149 -0.79271191358566284 0.66338002681732178 0.56274288892745972 0.67711877822875977 -0.79183852672576904 0.98641973733901978 0.57864731550216675 0.99798154830932617
436.61760000884533 -0.8262859582901001 0.66593700647354126 0.55191516876220703 0.69656127691268921 -0.80799758434295654 0.99453264474868774 0.57835012674331665 1.0160930156707764
527.15840001404285 -0.79953175783157349 0.66642969846725464 0.54308182001113892 0.68928653001785278 -0.78290915489196777 0.99493718147277832 0.56254029273986816 1.0112439393997192
616.38379999995232 -0.82436293363571167 0.6697201132774353 0.55800026655197144 0.67308163642883301 -0.8045731782913208 0.99197649955749512 0.63318419456481934 0.98319178819656372
703.47269999980927 -0.79095447063446045 0.67518329620361328 0.66685914993286133 0.65539997816085815 -0.76176673173904419 1.0036883354187012 0.99877840280532837 0.96568530797958374
791.60040000081062 -0.7889217734336853 0.66250038146972656 0.91641777753829956 0.57666343450546265 -0.7450835108757019 0.98776113986968994 1.4546719789505005 0.87638109922409058
878.28930000960827 -0.78193962574005127 0.67464590072631836 1.235224723815918 0.40267893671989441 -0.77493703365325928 1.0120466947555542 2.2017531394958496 0.45702683925628662
969.79710000753403 -0.81315833330154419 0.67693865299224854 1.4156038761138916 0.27916347980499268 -0.80020171403884888 1.0211929082870483 2.2249915599822998 0.19097870588302612
1058.6429999917746 -0.70028704404830933 0.67385131120681763 1.1794537305831909 0.15853585302829742 -0.68719655275344849 1.0004886388778687 1.7519733905792236 -0.055166825652122498
1143.575100004673 -0.76540488004684448 0.67361807823181152 1.0874403715133667 0.018520154058933258 -0.72839808464050293 0.99768966436386108 1.2803343534469604 -0.24938970804214478
1233.4245999902487 -0.71068990230560303 0.6793174147605896 1.0467253923416138 -0.00094830238958820701 -0.67157948017120361 1.0004751682281494 0.97149366140365601 -0.33410537242889404
1322.3074000030756 -0.75301796197891235 0.65816318988800049 0.93478816747665405 -0.039882250130176544 -0.710243821144104 0.98388129472732544 0.69617652893066406 -0.33692219853401184
1412.0699999928474 -0.75096696615219116 0.66754686832427979 0.94875830411911011 -0.067526325583457947 -0.70681267976760864 0.99812805652618408 0.50756746530532837 -0.30315837264060974
1500.0588000118732 -0.80016118288040161 0.65782433748245239 0.87791377305984497 -0.077400527894496918 -0.72391897439956665 0.99297666549682617 0.39655482769012451 -0.2801281213760376
1589.5199000090361 -0.77941834926605225 0.66468709707260132 0.93196260929107666 -0.062871046364307404 -0.72041749954223633 0.99605804681777954 0.4325261116027832 -0.27509862184524536
1678.6692999899387 -0.7752072811126709 0.664104163646698 0.94243812561035156 -0.064395591616630554 -0.71823227405548096 0.99355065822601318 0.45107096433639526 -0.27192375063896179
1770.6120999902487 -0.81740665435791016 0.67023277282714844 0.93707555532455444 -0.05418068915605545 -0.76990711688995361 0.99877798557281494 0.44580778479576111 -0.27446308732032776
1858.4941000044346 -0.82306629419326782 0.65928852558135986 0.96017009019851685 -0.04356151819229126 -0.75768685340881348 0.99541324377059937 0.49648827314376831 -0.27511081099510193
1946.8832000046968 -0.81644922494888306 0.66167759895324707 0.95841860771179199 -0.053502187132835388 -0.74881011247634888 0.9942166805267334 0.48871225118637085 -0.27792796492576599
2035.1799999922514 -0.83518081903457642 0.65923285484313965 0.96007007360458374 -0.043349914252758026 -0.75756227970123291 0.99855577945709229 0.48843815922737122 -0.27507871389389038
