48.343999998643994 -0.81271684169769287 0.64525240659713745 0.49254179000854492 0.65686756372451782 -0.81073009967803955 0.98071634769439697 0.54457920789718628 0.95748263597488403
165.19840000011027 -0.80646920204162598 0.66398751735687256 0.51501822471618652 0.67986273765563965 -0.81129962205886841 1.010547399520874 0.60900658369064331 1.0154737234115601
281.19510000012815 -0.80639255046844482 0.63876247406005859 0.6148608922958374 0.64740276336669922 -0.80903375148773193 0.98357963562011719 0.84984636306762695 0.96974849700927734
399.27199999988079 -0.77678501605987549 0.64879679679870605 0.87091588973999023 0.58837932348251343 -0.76029288768768311 0.98977911472320557 1.3504303693771362 0.83205884695053101
515.23449999839067 -0.79881507158279419 0.63925659656524658 1.0135248899459839 0.49935287237167358 -0.77039772272109985 0.98240464925765991 1.7694032192230225 0.73036468029022217
627.20679999887943 -0.73796874284744263 0.65443342924118042 1.210268497467041 0.3471570611000061 -0.71778947114944458 0.99867779016494751 2.10135817527771 0.39545461535453796
742.26369999907911 -0.6984328031539917 0.65618056058883667 1.1986949443817139 0.20384830236434937 -0.68120056390762329 0.99280774593353271 1.936282753944397 0.10177509486675262
860.76830000057817 -0.77325719594955444 0.68735808134078979 1.1257565021514893 0.11116864532232285 -0.7400510311126709 1.0131363868713379 1.6862747669219971 -0.15497109293937683
968.72389999963343 -0.77066504955291748 0.67637747526168823 1.0332672595977783 -0.011053753085434437 -0.70827174186706543 0.98728907108306885 1.2109421491622925 -0.34290575981140137
1076.5614999998361 -0.84182637929916382 0.70040053129196167 1.0046209096908569 -0.064685270190238953 -0.79115355014801025 1.0301015377044678 0.91516339778900146 -0.45647242665290833
1190.8476999998093 -0.85455381870269775 0.699310302734375 0.94777470827102661 -0.12111096084117889 -0.80911421775817871 1.029489278793335 0.47068566083908081 -0.40652796626091003
1306.2335999999195 -0.87612462043762207 0.7062915563583374 0.7637256383895874 -0.091346323490142822 -0.81895953416824341 1.0457167625427246 0.12618602812290192 -0.40302789211273193
1419.3730999976397 -0.8903813362121582 0.71162575483322144 0.75825995206832886 -0.094358086585998535 -0.8339153528213501 1.0518542528152466 0.087927937507629395 -0.40457174181938171
1534.9178999997675 -0.90413045883178711 0.71248757839202881 0.7631954550743103 -0.092242933809757233 -0.85892182588577271 1.0455930233001709 0.085321567952632904 -0.40132105350494385
1644.9735999982804 -0.90315347909927368 0.69104462862014771 0.79947131872177124 -0.085966825485229492 -0.85268056392669678 1.0208694934844971 0.11482931673526764 -0.39980089664459229
1767.8901000004262 -0.88507199287414551 0.69975626468658447 0.82320296764373779 -0.08911769837141037 -0.82958519458770752 1.0339312553405762 0.16919703781604767 -0.40874442458152771
1878.8865999989212 -0.89420014619827271 0.7004091739654541 0.82923752069473267 -0.098941408097743988 -0.850899338722229 1.0327252149581909 0.16323180496692657 -0.40425726771354675
1990.5807999987155 -0.91326028108596802 0.6906198263168335 0.81096452474594116 -0.090461917221546173 -0.8688427209854126 1.029426097869873 0.16785740852355957 -0.40529915690422058
