34.392999991774559 -0.67829596996307373 0.73806613683700562 0.5928269624710083 0.72692203521728516 -0.68130552768707275 1.107431173324585 0.63428312540054321 1.0989214181900024
126.41699999570847 -0.72816890478134155 0.7371591329574585 0.56452202796936035 0.72601616382598877 -0.72811055183410645 1.1121416091918945 0.60829132795333862 1.0975098609924316
222.53519999980927 -0.69228082895278931 0.74257659912109375 0.60191595554351807 0.72651094198226929 -0.68643492460250854 1.1210764646530151 0.6247861385345459 1.0959161520004272
312.12699998915195 -0.71755290031433105 0.74429374933242798 0.61832088232040405 0.72340911626815796 -0.70750510692596436 1.1198543310165405 0.64521759748458862 1.0978590250015259
407.25569997727871 -0.7479591965675354 0.74658596515655518 0.60386115312576294 0.73212134838104248 -0.74635052680969238 1.123324990272522 0.635489821434021 1.1083844900131226
508.51879999041557 -0.72078734636306763 0.73815202713012695 0.61311697959899902 0.72691482305526733 -0.7492566704750061 1.1105877161026001 0.72174578905105591 1.096316933631897
600.93469998240471 -0.78101646900177002 0.69836145639419556 0.70628327131271362 0.72038835287094116 -1.0452679395675659 1.0407642126083374 1.020169734954834 1.0761770009994507
688.054000005126 -1.1432558298110962 0.61775541305541992 1.0221951007843018 0.63679403066635132 -1.6639571189880371 0.91934466361999512 1.6343320608139038 0.96935957670211792
779.55009998381138 -1.330767035484314 0.48409947752952576 1.2816296815872192 0.53547495603561401 -1.9873180389404297 0.61585158109664917 2.1694653034210205 0.6860886812210083
870.7504999935627 -1.3323496580123901 0.38720083236694336 1.3761730194091797 0.39471003413200378 -2.0964808464050293 0.42053332924842834 2.2474384307861328 0.41627225279808044
965.55279998481274 -1.2300194501876831 0.25787317752838135 1.2516876459121704 0.25333204865455627 -1.9476213455200195 0.16701677441596985 1.9779132604598999 0.16003422439098358
1053.4392999857664 -1.0698541402816772 0.088903702795505524 1.0818207263946533 0.11381948739290237 -1.5878825187683105 -0.14695018529891968 1.5192828178405762 -0.19021347165107727
1147.2103999853134 -1.1362730264663696 0.037737887352705002 1.0450477600097656 0.0024632178246974945 -1.4035567045211792 -0.28825885057449341 1.3589051961898804 -0.277178555727005
1238.4042999893427 -1.0527400970458984 -0.023681644350290298 0.98127502202987671 -0.025743637233972549 -0.9482991099357605 -0.32704505324363708 0.92917740345001221 -0.36951234936714172
1331.5590999871492 -1.0499204397201538 -0.042071569710969925 0.89685118198394775 -0.045367591083049774 -0.87414002418518066 -0.36137288808822632 0.77239519357681274 -0.3744921088218689
1422.7960999906063 -1.0017522573471069 -0.090140096843242645 0.80447113513946533 -0.051328577101230621 -0.67914378643035889 -0.37539348006248474 0.56253033876419067 -0.37604987621307373
1516.6299999803305 -0.98532366752624512 -0.094193205237388611 0.82494091987609863 -0.055368773639202118 -0.6186671257019043 -0.38457182049751282 0.54433989524841309 -0.38168200850486755
1607.1953999847174 -0.96123343706130981 -0.10364161431789398 0.83747851848602295 -0.068508490920066833 -0.56411582231521606 -0.38841304183006287 0.54462718963623047 -0.39508703351020813
1701.7847999930382 -0.94245076179504395 -0.10750628262758255 0.84365451335906982 -0.070456318557262421 -0.5544893741607666 -0.38592371344566345 0.55413132905960083 -0.39892560243606567
1788.0894999802113 -0.95467144250869751 -0.11072919517755508 0.82865339517593384 -0.076732896268367767 -0.55885887145996094 -0.39348936080932617 0.3301997184753418 -0.34799012541770935
1877.359099984169 -0.95257270336151123 -0.12438295036554337 0.80439680814743042 -0.082928471267223358 -0.55508279800415039 -0.40903231501579285 0.27292144298553467 -0.3700726330280304
1972.1034999787807 -0.96738344430923462 -0.12086353451013565 0.80631822347640991 -0.08404618501663208 -0.56112170219421387 -0.40712878108024597 0.25252661108970642 -0.37324202060699463
2064.7245999872684 -0.94245332479476929 -0.11582124978303909 0.81018441915512085 -0.084503792226314545 -0.54601806402206421 -0.40231055021286011 0.27944442629814148 -0.36802980303764343
