64.721099998801947 -0.69268971681594849 0.65123695135116577 0.62687003612518311 0.6771051287651062 -0.76081138849258423 1.0250657796859741 0.61669045686721802 1.0323909521102905
174.6207999996841 -0.67611050605773926 0.64972126483917236 0.61552870273590088 0.66827863454818726 -0.74664324522018433 1.0192046165466309 0.60850256681442261 1.0343807935714722
273.41660000011325 -0.71681523323059082 0.66706675291061401 0.6761704683303833 0.67780089378356934 -0.78422456979751587 1.0389459133148193 0.67938381433486938 1.0404270887374878
376.12549999915063 -0.74960237741470337 0.66488879919052124 0.7974051833152771 0.64778381586074829 -0.80664312839508057 1.0225706100463867 0.9430890679359436 1.0075770616531372
475.63360000215471 -0.87598270177841187 0.61417359113693237 1.0013808012008667 0.57133388519287109 -1.0660244226455688 0.92291444540023804 1.4917217493057251 0.87108051776885986
576.83929999917746 -1.092021107673645 0.57221853733062744 1.0840861797332764 0.50378423929214478 -1.4034110307693481 0.86397874355316162 1.6832301616668701 0.69181036949157715
677.95759999938309 -1.0402407646179199 0.53982853889465332 1.2405718564987183 0.46283182501792908 -1.4989814758300781 0.73280918598175049 2.0216414928436279 0.65391659736633301
783.81189999729395 -1.3057804107666016 0.27222567796707153 1.2755860090255737 0.20393653213977814 -1.7108719348907471 0.21154668927192688 2.0581095218658447 0.065744116902351379
882.82529999874532 -1.2097460031509399 0.16359451413154602 1.2520089149475098 0.095683455467224121 -1.6929339170455933 -0.050056230276823044 1.9205023050308228 -0.13633762300014496
982.86030000075698 -1.1111394166946411 -0.010751044377684593 0.99244809150695801 -0.023758262395858765 -1.2987111806869507 -0.31920993328094482 1.2571889162063599 -0.35652235150337219
1086.3840999994427 -1.1333737373352051 -0.031616821885108948 0.92504823207855225 -0.041186347603797913 -1.2066595554351807 -0.35103502869606018 1.0881742238998413 -0.33345890045166016
1185.4441000018269 -1.0917990207672119 -0.095461830496788025 0.98935520648956299 -0.067439936101436615 -0.76293927431106567 -0.39789187908172607 0.70361912250518799 -0.41995477676391602
1291.4912999998778 -1.0259113311767578 -0.10239775478839874 0.91297334432601929 -0.113006591796875 -0.63097721338272095 -0.34396922588348389 0.53843486309051514 -0.36886343359947205
1395.125799998641 -0.96724748611450195 -0.099899299442768097 0.88079154491424561 -0.12020232528448105 -0.61734014749526978 -0.32730403542518616 0.44508522748947144 -0.34280472993850708
1491.6519000008702 -0.94898945093154907 -0.1128004714846611 0.89223986864089966 -0.12441986054182053 -0.54474735260009766 -0.32968857884407043 0.41763788461685181 -0.33801242709159851
1594.3254999984056 -0.90997844934463501 -0.10178142040967941 0.87465363740921021 -0.11718740314245224 -0.55155998468399048 -0.32190355658531189 0.41541826725006104 -0.32647436857223511
1696.2357000000775 -0.94489806890487671 -0.10683021694421768 0.85278189182281494 -0.12269286066293716 -0.56235212087631226 -0.32338127493858337 0.40795710682868958 -0.32124471664428711
1799.6559999976307 -0.95887494087219238 -0.10590682923793793 0.85928177833557129 -0.12420795112848282 -0.56843036413192749 -0.32794675230979919 0.40076333284378052 -0.33803057670593262
1899.3167000003159 -0.94399905204772949 -0.1069563701748848 0.87463873624801636 -0.12982305884361267 -0.57559466361999512 -0.32716411352157593 0.41319054365158081 -0.34468334913253784
1999.2091000005603 -0.96880191564559937 -0.10569939762353897 0.89939248561859131 -0.13172480463981628 -0.57215183973312378 -0.32630893588066101 0.42103615403175354 -0.34350651502609253
