6.4878000002354383 -0.74544566869735718 0.65720510482788086 0.54465264081954956 0.62759113311767578 -0.7391241192817688 0.96138674020767212 0.5517694354057312 0.96475464105606079
111.89600000157952 -0.73857426643371582 0.65906691551208496 0.54947441816329956 0.62649577856063843 -0.73135781288146973 0.96551710367202759 0.55758500099182129 0.96159529685974121
211.99359999783337 -0.71456348896026611 0.65497863292694092 0.54534393548965454 0.6239473819732666 -0.70869827270507813 0.95591002702713013 0.57558214664459229 0.95040637254714966
314.71329999901354 -0.73814785480499268 0.65911871194839478 0.56418007612228394 0.62185925245285034 -0.73240369558334351 0.96348559856414795 0.59257394075393677 0.95578759908676147
419.00749999843538 -0.77738726139068604 0.6690976619720459 0.65118306875228882 0.63261878490447998 -0.85268455743789673 0.99279415607452393 0.82696026563644409 0.94424700736999512
519.71540000103414 -0.86302775144577026 0.62570750713348389 0.79649573564529419 0.59552597999572754 -1.0347018241882324 0.95448297262191772 1.055523157119751 0.89732587337493896
623.01009999960661 -1.0526326894760132 0.54796737432479858 1.0674725770950317 0.48899942636489868 -1.4790250062942505 0.8139159083366394 1.6472965478897095 0.69086778163909912
725.57260000146925 -1.2274031639099121 0.51541376113891602 1.1462037563323975 0.40470334887504578 -1.8871774673461914 0.71035516262054443 1.9733650684356689 0.52444612979888916
822.83060000091791 -1.4187647104263306 0.27769440412521362 1.1584568023681641 0.22567668557167053 -2.1529853343963623 0.29309168457984924 2.0398714542388916 0.10767871886491776
920.52869999967515 -1.1900298595428467 0.14111809432506561 1.0573867559432983 0.058163762092590332 -1.6532336473464966 0.013984889723360538 1.7466645240783691 -0.20628169178962708
1019.1987999994308 -1.2246160507202148 0.016244545578956604 0.94023787975311279 -0.031225105747580528 -1.5561437606811523 -0.2697138786315918 1.2311075925827026 -0.32546684145927429
1119.3685999978334 -1.1229747533798218 -0.070381544530391693 0.96792984008789063 -0.083624362945556641 -1.000807523727417 -0.35717710852622986 0.85775476694107056 -0.35183587670326233
1220.4453999996185 -0.9100874662399292 -0.10299176722764969 0.88847768306732178 -0.094317995011806488 -0.72885614633560181 -0.31624537706375122 0.37108558416366577 -0.37879833579063416
1320.4099000003189 -0.98554795980453491 -0.11399625241756439 0.85165560245513916 -0.12325974553823471 -0.6812891960144043 -0.32209581136703491 0.17860278487205505 -0.38139119744300842
1423.8654999993742 -0.95299071073532104 -0.11421066522598267 0.85141634941101074 -0.12049728631973267 -0.66326898336410522 -0.31842297315597534 0.35723292827606201 -0.27897059917449951
1525.7298999987543 -0.94767564535140991 -0.10779562592506409 0.85994440317153931 -0.12763860821723938 -0.6501535177230835 -0.3145420253276825 0.21050871908664703 -0.37926125526428223
1628.9059999994934 -0.9598003625869751 -0.11600202322006226 0.85487008094787598 -0.12388613075017929 -0.67014729976654053 -0.30635648965835571 0.377890944480896 -0.26746538281440735
1728.19820000045 -0.97857922315597534 -0.11433360725641251 0.80980652570724487 -0.12738603353500366 -0.67877888679504395 -0.30858343839645386 0.1669219583272934 -0.36972293257713318
1830.7536999993026 -0.97975349426269531 -0.11041482537984848 0.87512767314910889 -0.13250544667243958 -0.68043017387390137 -0.30706411600112915 0.25847035646438599 -0.37920662760734558
1932.9676000010222 -0.97784888744354248 -0.11781592667102814 0.85400164127349854 -0.12806269526481628 -0.68877637386322021 -0.30688798427581787 0.21881678700447083 -0.37788102030754089
