27.907500000204891 -0.81351518630981445 0.6771543025970459 0.5358879566192627 0.66282147169113159 -0.76312875747680664 1.005602240562439 0.54453074932098389 0.99996757507324219
119.88380000018515 -0.83273673057556152 0.67636573314666748 0.52808851003646851 0.67296618223190308 -0.77253454923629761 0.99994170665740967 0.5303112268447876 0.99883538484573364
213.57689999998547 -0.82302689552307129 0.67900621891021729 0.53285729885101318 0.66581135988235474 -0.76892983913421631 1.0034090280532837 0.55124408006668091 0.99419176578521729
308.31810000026599 -0.82672780752182007 0.68510174751281738 0.55678927898406982 0.67951756715774536 -0.77581495046615601 1.015779972076416 0.54035025835037231 1.0194108486175537
405.31400000024587 -0.81994354724884033 0.67276459932327271 0.61146742105484009 0.6504981517791748 -0.76035493612289429 0.99263572692871094 0.58196967840194702 0.97010236978530884
498.75570000032894 -0.80703240633010864 0.66233062744140625 0.61315065622329712 0.62933462858200073 -0.75749164819717407 0.98354965448379517 0.59730261564254761 0.88764965534210205
591.26919999998063 -0.81347239017486572 0.66562330722808838 0.65328282117843628 0.61231368780136108 -0.73257994651794434 0.97599482536315918 0.34716424345970154 0.63924229145050049
685.01850000023842 -0.81891566514968872 0.66817784309387207 0.61309641599655151 0.62536388635635376 -0.75987887382507324 0.97880202531814575 0.111309714615345 0.50588434934616089
780.8179000003729 -0.78472179174423218 0.67547810077667236 0.57675367593765259 0.60852015018463135 -0.73202592134475708 0.99886846542358398 0.023822057992219925 0.42635300755500793
871.58540000021458 -0.79137063026428223 0.67443364858627319 0.46035307645797729 0.58886116743087769 -0.72980540990829468 1.0127081871032715 -0.086854018270969391 0.36913317441940308
956.74210000038147 -0.8139493465423584 0.67883181571960449 0.45033338665962219 0.60075759887695313 -0.75771623849868774 1.0264400243759155 -0.14006747305393219 0.36687302589416504
1053.8033000002615 -0.79800146818161011 0.68714123964309692 0.43362995982170105 0.60477191209793091 -0.74696147441864014 1.0286002159118652 -0.17204126715660095 0.36505478620529175
1139.2821000001859 -0.81448280811309814 0.67503547668457031 0.44389113783836365 0.60186690092086792 -0.76299107074737549 1.0075550079345703 -0.16357815265655518 0.36536857485771179
1231.971300000092 -0.82818496227264404 0.67711406946182251 0.43716910481452942 0.5967443585395813 -0.78160971403121948 1.0177690982818604 -0.18497167527675629 0.36303418874740601
1329.9874000002164 -0.79775631427764893 0.68625122308731079 0.43585914373397827 0.60035741329193115 -0.75485020875930786 1.0197485685348511 -0.15805445611476898 0.36611434817314148
1424.312600000063 -0.80904728174209595 0.67989045381546021 0.44854831695556641 0.59706413745880127 -0.7595335841178894 1.0099678039550781 -0.15938225388526917 0.36381080746650696
1523.3070000002626 -0.78499501943588257 0.67562371492385864 0.45286062359809875 0.59616684913635254 -0.74181240797042847 1.0144574642181396 -0.14178423583507538 0.36248296499252319
1619.5299000001978 -0.79512190818786621 0.67902028560638428 0.46400108933448792 0.59701502323150635 -0.74122262001037598 1.0250735282897949 -0.14211942255496979 0.36453640460968018
1711.1133000000846 -0.81117969751358032 0.67905563116073608 0.45359843969345093 0.60267066955566406 -0.76143687963485718 1.0082217454910278 -0.11934547871351242 0.3739471435546875
1802.6471000001766 -0.80645549297332764 0.6798703670501709 0.43484005331993103 0.60041791200637817 -0.76250869035720825 1.0123205184936523 -0.13581910729408264 0.3725164532661438
1903.4888999999966 -0.79498887062072754 0.68226742744445801 0.46897488832473755 0.60314071178436279 -0.75633800029754639 1.0248434543609619 -0.11474423110485077 0.37026256322860718
1992.884500000393 -0.80074828863143921 0.6797645092010498 0.45165720582008362 0.5939674973487854 -0.76699686050415039 1.0120393037796021 -0.12861776351928711 0.36755445599555969
