90.137199999764562 -0.77557605504989624 0.68741506338119507 0.5593116283416748 0.65243798494338989 -0.72332072257995605 1.0132745504379272 0.58943635225296021 0.98036032915115356
184.22939999983646 -0.78147250413894653 0.69187438488006592 0.55961531400680542 0.66472750902175903 -0.73516708612442017 1.0223255157470703 0.59036058187484741 0.98821943998336792
275.54170000017621 -0.76107680797576904 0.68875640630722046 0.5550767183303833 0.6596493124961853 -0.72028380632400513 1.0129635334014893 0.58079701662063599 0.98263567686080933
369.12799999979325 -0.77595257759094238 0.67841720581054688 0.57738375663757324 0.64670276641845703 -0.72490739822387695 1.0033305883407593 0.60245358943939209 0.97052353620529175
462.74640000006184 -0.78278368711471558 0.68947362899780273 0.57009941339492798 0.66726452112197876 -0.73587822914123535 1.0250587463378906 0.5948825478553772 0.99197137355804443
554.22799999988638 -0.77164602279663086 0.6842808723449707 0.60511404275894165 0.66354221105575562 -0.72487211227416992 1.0050423145294189 0.65013021230697632 1.0078744888305664
650.37479999987409 -0.7979779839515686 0.66816025972366333 0.69855934381484985 0.63992071151733398 -0.78748691082000732 1.0068516731262207 0.79218721389770508 0.98487943410873413
741.50699999998324 -0.85844814777374268 0.64452338218688965 0.91618627309799194 0.59720641374588013 -0.88762825727462769 0.95977222919464111 1.1207396984100342 0.89701515436172485
833.52009999984875 -0.89239251613616943 0.62595289945602417 1.0132659673690796 0.55396711826324463 -0.99289208650588989 0.93011093139648438 1.3516426086425781 0.84514898061752319
931.53100000019185 -0.88421165943145752 0.58052968978881836 1.0361675024032593 0.51400947570800781 -1.0677115917205811 0.80239880084991455 1.5192240476608276 0.70869868993759155
1025.7863999998663 -0.86170941591262817 0.63148254156112671 1.0050863027572632 0.34989163279533386 -1.0682090520858765 0.50303560495376587 1.3912738561630249 0.40737885236740112
1118.8146999999881 -0.89411526918411255 0.57958698272705078 1.1872761249542236 0.31068897247314453 -1.0153845548629761 0.33120936155319214 1.3330647945404053 0.31650862097740173
1214.088099999819 -0.8862617015838623 0.48923203349113464 1.4916455745697021 0.27464812994003296 -1.0126608610153198 0.18359681963920593 1.2389296293258667 0.09809507429599762
1297.2349000002723 -0.81580716371536255 0.45440006256103516 1.3776959180831909 0.18964998424053192 -0.78585821390151978 0.12926919758319855 0.85526597499847412 -0.045444726943969727
1388.9200999999885 -0.81173348426818848 0.43530040979385376 1.2999190092086792 0.13291917741298676 -0.66942256689071655 0.095371879637241364 0.67770898342132568 -0.055050846189260483
1483.3045999999158 -0.79159832000732422 0.44231986999511719 1.2183762788772583 0.12767085433006287 -0.57934361696243286 0.1389632374048233 0.54761165380477905 -0.017480537295341492
1568.3033000002615 -0.69242686033248901 0.44019147753715515 1.2001475095748901 0.090238951146602631 -0.44717517495155334 0.058480411767959595 0.49570739269256592 -0.049436688423156738
1655.9294000000227 -0.71466094255447388 0.45055040717124939 1.2203953266143799 0.09329388290643692 -0.42945122718811035 0.058893047273159027 0.49322310090065002 -0.053111337125301361
1745.5947999998461 -0.69664639234542847 0.46013361215591431 1.2661809921264648 0.11383552104234695 -0.41823545098304749 0.081141859292984009 0.49726951122283936 -0.023225788027048111
1834.2708999998868 -0.69307088851928711 0.44718340039253235 1.2634081840515137 0.10774016380310059 -0.46355909109115601 0.098013497889041901 0.52769726514816284 -0.031617563217878342
1932.7413000001106 -0.7053980827331543 0.44549846649169922 1.3213390111923218 0.089028924703598022 -0.4943709671497345 0.088356941938400269 0.5121997594833374 -0.040073812007904053
