64.124099999666214 -0.7626463770866394 0.69931066036224365 0.58798384666442871 0.69476568698883057 -0.71665126085281372 1.019804835319519 0.56883692741394043 1.0408757925033569
172.13169999793172 -0.75326675176620483 0.70779556035995483 0.60413289070129395 0.6978725790977478 -0.7089497447013855 1.0246211290359497 0.5924382209777832 1.0481765270233154
272.87570000067353 -0.74557441473007202 0.7139628529548645 0.61014121770858765 0.69353014230728149 -0.68449723720550537 1.0326182842254639 0.5831146240234375 1.0449328422546387
387.65659999847412 -0.78641313314437866 0.7099032998085022 0.70309126377105713 0.69339525699615479 -0.74680244922637939 1.0475536584854126 0.67782551050186157 1.0404903888702393
500.69099999591708 -0.96737462282180786 0.64468866586685181 0.9116857647895813 0.61244839429855347 -1.1008819341659546 0.9352840781211853 1.0447453260421753 0.97054111957550049
603.92379999905825 -1.1797502040863037 0.50937962532043457 1.0589363574981689 0.51554691791534424 -1.5664185285568237 0.81387978792190552 1.6578222513198853 0.76174527406692505
708.93800000101328 -1.2810107469558716 0.36535334587097168 1.3499040603637695 0.33919623494148254 -2.0082597732543945 0.44805735349655151 2.2062869071960449 0.33684316277503967
821.92969999834895 -1.2088927030563354 0.3228592574596405 1.2141001224517822 0.29559823870658875 -1.8554730415344238 0.29228284955024719 1.8700133562088013 0.2026636153459549
929.0088999979198 -1.1443134546279907 0.36754140257835388 1.1448502540588379 0.33802324533462524 -1.7859081029891968 0.24669766426086426 1.7779130935668945 0.22428156435489655
1040.0511000007391 -1.1134583950042725 0.47528547048568726 1.0506880283355713 0.48514500260353088 -1.8691182136535645 0.57399743795394897 1.968376636505127 0.59911692142486572
1159.1805999986827 -1.0804755687713623 0.54981529712677002 0.95296865701675415 0.56037968397140503 -1.6409993171691895 0.78768914937973022 1.6319015026092529 0.76839858293533325
1270.4699000008404 -1.066401481628418 0.60116076469421387 0.87940829992294312 0.58215892314910889 -1.4763106107711792 0.9196898341178894 1.3582758903503418 0.84316253662109375
1393.1634999997914 -1.2579497098922729 0.5644107460975647 0.97979950904846191 0.55530846118927002 -1.7888507843017578 0.84689712524414063 1.5331259965896606 0.78307318687438965
1500.4244999997318 -1.2800452709197998 0.40920880436897278 1.25783371925354 0.41079705953598022 -2.0933213233947754 0.53078573942184448 2.0478971004486084 0.50218331813812256
1602.2089999988675 -1.3412353992462158 0.31288102269172668 1.1091396808624268 0.28428909182548523 -2.0919857025146484 0.23717325925827026 1.8327208757400513 0.21164891123771667
1703.9217000007629 -1.2539656162261963 0.30665004253387451 1.0855162143707275 0.29126861691474915 -1.9095824956893921 0.18336941301822662 1.7611483335494995 0.15036004781723022
1805.8467999994755 -1.2091771364212036 0.40402430295944214 1.1361300945281982 0.41125422716140747 -1.9409171342849731 0.31788340210914612 1.8271884918212891 0.30191197991371155
1907.326099999249 -1.2126474380493164 0.46436893939971924 1.0702025890350342 0.48028424382209778 -1.9090518951416016 0.50296789407730103 1.9901450872421265 0.47447857260704041
2014.076400000602 -1.0358538627624512 0.58926832675933838 0.91211938858032227 0.58710575103759766 -1.5551291704177856 0.8595234751701355 1.5500962734222412 0.82289844751358032
