75.713599999435246 -0.78838187456130981 0.64458489418029785 0.7051842212677002 0.67487221956253052 -0.87580746412277222 1.055078387260437 0.72583639621734619 1.0430878400802612
186.4488999992609 -0.76729083061218262 0.63387852907180786 0.70749539136886597 0.67534363269805908 -0.87287318706512451 1.0547412633895874 0.71193695068359375 1.0495569705963135
306.25509999971837 -0.76183736324310303 0.62362825870513916 0.73478507995605469 0.66161864995956421 -0.86336201429367065 1.0430667400360107 0.76219189167022705 1.0316861867904663
418.1985999988392 -0.86165392398834229 0.65127944946289063 0.83310216665267944 0.67959177494049072 -1.0207614898681641 1.0794438123703003 0.82758438587188721 1.0828062295913696
541.62290000077337 -1.0839909315109253 0.63274252414703369 0.83124661445617676 0.56443184614181519 -1.2109508514404297 1.0095808506011963 1.517015814781189 0.87978750467300415
653.92149999924004 -1.2383822202682495 0.54953241348266602 1.1083656549453735 0.49304565787315369 -1.932415246963501 0.84926223754882813 1.9511260986328125 0.63586515188217163
768.00569999963045 -1.4860082864761353 0.39439046382904053 1.681624174118042 0.31113070249557495 -2.2798027992248535 0.37509810924530029 3.140594482421875 0.17988276481628418
893.73979999870062 -1.2112791538238525 0.19958981871604919 1.5791463851928711 0.12909217178821564 -1.9821664094924927 -0.084883294999599457 2.4292163848876953 -0.14304652810096741
1008.7936999993399 -0.88570845127105713 0.027352971956133842 1.096632719039917 0.075797773897647858 -1.2147260904312134 -0.21159616112709045 1.5796197652816772 -0.089096315205097198
1125.4106999998912 -0.97495120763778687 -0.032800089567899704 1.083893895149231 -0.0011435640044510365 -0.91295450925827026 -0.37810865044593811 1.2627798318862915 -0.21918147802352905
1239.6512000001967 -0.7828136682510376 -0.10776578634977341 0.98211413621902466 -0.067837290465831757 -0.71916013956069946 -0.43411850929260254 0.97104722261428833 -0.31323623657226563
1351.3929999992251 -1.019994854927063 -0.10491769015789032 0.64965623617172241 -0.084840402007102966 -0.8107445240020752 -0.35864385962486267 0.52425521612167358 -0.25526875257492065
1473.7121999999508 -1.0315043926239014 -0.12229055911302567 0.66839629411697388 -0.10990361869335175 -0.86617743968963623 -0.35695531964302063 0.54477882385253906 -0.27322569489479065
1590.8788999989629 -1.0249415636062622 -0.13442976772785187 0.7313077449798584 -0.12242605537176132 -0.73937773704528809 -0.41487953066825867 0.60360366106033325 -0.2916485071182251
1710.642899999395 -1.0639686584472656 -0.14359083771705627 0.69561052322387695 -0.10358833521604538 -0.70081782341003418 -0.37717825174331665 0.57839572429656982 -0.27252599596977234
1830.8535999991 -1.0325065851211548 -0.14080370962619781 0.69289201498031616 -0.10365070402622223 -0.67615705728530884 -0.37040764093399048 0.55341792106628418 -0.2765171229839325
1947.3927000006661 -1.0440236330032349 -0.14195017516613007 0.68653315305709839 -0.10440827161073685 -0.6197928786277771 -0.37935730814933777 0.51540988683700562 -0.27350491285324097
