93.863099997863173 -0.73148709535598755 0.66447269916534424 0.5491560697555542 0.63475173711776733 -0.71376270055770874 0.96695953607559204 0.53137630224227905 0.96691888570785522
191.99359999783337 -0.73599809408187866 0.66094052791595459 0.56028753519058228 0.62989211082458496 -0.71302759647369385 0.96553623676300049 0.54699772596359253 0.96473807096481323
296.45049999840558 -0.70225250720977783 0.66450434923171997 0.56387299299240112 0.63232535123825073 -0.69215071201324463 0.96282291412353516 0.55736881494522095 0.96127158403396606
398.14080000109971 -0.70649856328964233 0.65290570259094238 0.58848506212234497 0.62200212478637695 -0.68199706077575684 0.96667903661727905 0.57868432998657227 0.96131390333175659
500.00799999758601 -0.70563435554504395 0.66239839792251587 0.57604527473449707 0.62418192625045776 -0.68157809972763062 0.96858763694763184 0.55678278207778931 0.96487635374069214
600.93769999593496 -0.7294049859046936 0.66545689105987549 0.5809897780418396 0.63061845302581787 -0.72270232439041138 0.96725219488143921 0.64177346229553223 0.9594612717628479
700.20119999721646 -0.70805478096008301 0.66046267747879028 0.74056500196456909 0.62776410579681396 -0.69678479433059692 0.96177470684051514 0.93785536289215088 0.9432605504989624
803.72519999742508 -0.74370640516281128 0.66251814365386963 0.88617712259292603 0.54722994565963745 -0.72073864936828613 0.97240155935287476 1.4310675859451294 0.80463653802871704
902.69159999862313 -0.78491544723510742 0.66088181734085083 1.1809284687042236 0.40586254000663757 -0.74512207508087158 0.98114579916000366 1.9351389408111572 0.51648116111755371
1006.8183999992907 -0.73305344581604004 0.66752630472183228 1.3773889541625977 0.18520231544971466 -0.73194640874862671 0.97475326061248779 2.2464706897735596 0.049776144325733185
1110.2552999965847 -0.71198868751525879 0.67498821020126343 1.1830857992172241 0.064200006425380707 -0.70367544889450073 0.98982739448547363 1.8613048791885376 -0.18765875697135925
1207.6847999989986 -0.7483488917350769 0.67484259605407715 1.046133279800415 0.024150781333446503 -0.76118707656860352 0.98425120115280151 1.3291943073272705 -0.14339713752269745
1314.1666999980807 -0.73009800910949707 0.6639818549156189 0.98836171627044678 -0.087990343570709229 -0.75890123844146729 0.97628867626190186 0.58025401830673218 -0.36383706331253052
1414.0287999995053 -0.72234344482421875 0.65719723701477051 0.95563185214996338 -0.12294838577508926 -0.72684371471405029 0.96608304977416992 0.42747735977172852 -0.37286227941513062
1514.4801000002772 -0.7199741005897522 0.65341520309448242 0.91239839792251587 -0.12827569246292114 -0.71834021806716919 0.96243160963058472 0.38652956485748291 -0.37130755186080933
1617.5153999999166 -0.69589823484420776 0.65226006507873535 0.91404777765274048 -0.13420212268829346 -0.69076120853424072 0.96800154447555542 0.39239075779914856 -0.38866531848907471
1717.7439999990165 -0.72711426019668579 0.65131545066833496 0.95095717906951904 -0.13346453011035919 -0.71340829133987427 0.9716951847076416 0.41664040088653564 -0.37930607795715332
1820.9470999985933 -0.69893431663513184 0.65464746952056885 0.93615639209747314 -0.13637329638004303 -0.69568467140197754 0.97052353620529175 0.40353038907051086 -0.38529801368713379
1920.6612999979407 -0.69031774997711182 0.65407919883728027 0.9388357400894165 -0.12628091871738434 -0.68769901990890503 0.97449958324432373 0.43028402328491211 -0.36786019802093506
