21.481799999251962 -0.82275444269180298 0.67920404672622681 0.53235989809036255 0.68964838981628418 -0.80274951457977295 1.0308381319046021 0.46517425775527954 1.0313084125518799
104.56519999727607 -0.8237040638923645 0.68928587436676025 0.51195865869522095 0.69970691204071045 -0.79828017950057983 1.0437510013580322 0.43806174397468567 1.0503963232040405
187.75249999761581 -0.81941384077072144 0.68073546886444092 0.51905602216720581 0.69050109386444092 -0.79405158758163452 1.0247625112533569 0.45494061708450317 1.0288180112838745
276.88499999605119 -0.8070334792137146 0.68350076675415039 0.52797943353652954 0.69861900806427002 -0.79385477304458618 1.0366078615188599 0.46860450506210327 1.0486623048782349
362.83519999869168 -0.80814796686172485 0.68616527318954468 0.53960561752319336 0.70186346769332886 -0.79041010141372681 1.0385861396789551 0.49542757868766785 1.0650484561920166
451.15979999862611 -0.81173473596572876 0.68139737844467163 0.52618980407714844 0.69024384021759033 -0.79953151941299438 1.0308725833892822 0.4565548300743103 1.0162650346755981
537.15529999695718 -0.7851642370223999 0.66760635375976563 0.48684981465339661 0.63902091979980469 -0.75422060489654541 1.017084002494812 0.22949595749378204 0.88714134693145752
619.92159999720752 -0.83785003423690796 0.64708268642425537 0.50457125902175903 0.63643389940261841 -0.81271123886108398 0.97236669063568115 0.036844354122877121 0.79975646734237671
706.37199999764562 -0.85415470600128174 0.68094581365585327 0.41837787628173828 0.65106874704360962 -0.83317089080810547 0.99798893928527832 -0.35958507657051086 0.63756328821182251
795.11629999801517 -0.89302724599838257 0.67651361227035522 0.23298488557338715 0.6192467212677002 -0.85345745086669922 0.99432939291000366 -0.54558277130126953 0.48609244823455811
883.08899999782443 -0.9034457802772522 0.6689409613609314 0.24427880346775055 0.61516940593719482 -0.88945138454437256 1.0064190626144409 -0.53051704168319702 0.43356862664222717
968.72199999727309 -0.90669655799865723 0.67289590835571289 0.2425677627325058 0.62982296943664551 -0.87612366676330566 1.0440539121627808 -0.55667012929916382 0.43554386496543884
1050.4886999987066 -0.91950178146362305 0.65697252750396729 0.23444762825965881 0.61124354600906372 -0.89939439296722412 1.0236847400665283 -0.55140542984008789 0.42313209176063538
1140.3807999975979 -0.86921131610870361 0.69409084320068359 0.26379826664924622 0.62255054712295532 -0.88636976480484009 1.0444742441177368 -0.5413176417350769 0.42885780334472656
1228.744399998337 -0.87751966714859009 0.67382359504699707 0.27299484610557556 0.6285521388053894 -0.86411267518997192 1.0449814796447754 -0.51418882608413696 0.43795678019523621
1314.2499999981374 -0.8510286808013916 0.7030797004699707 0.25003814697265625 0.63491940498352051 -0.85644793510437012 1.0593962669372559 -0.52718544006347656 0.43497917056083679
1401.5254999976605 -0.90120923519134521 0.67358368635177612 0.2294744998216629 0.6348341703414917 -0.89062881469726563 1.0530707836151123 -0.52866506576538086 0.42627710103988647
1483.6423999983817 -0.91012012958526611 0.67420417070388794 0.22291889786720276 0.63060790300369263 -0.88327115774154663 1.0520287752151489 -0.52756708860397339 0.42724928259849548
1569.7761999983341 -0.92055535316467285 0.67381805181503296 0.24103270471096039 0.63106757402420044 -0.89728492498397827 1.0529675483703613 -0.55256611108779907 0.43461251258850098
1653.8892999961972 -0.89277410507202148 0.6748802661895752 0.2610609233379364 0.63581180572509766 -0.86724263429641724 1.0589326620101929 -0.51580005884170532 0.43117424845695496
1740.6276999972761 -0.89552634954452515 0.66700607538223267 0.24134106934070587 0.62909626960754395 -0.87464874982833862 1.0450761318206787 -0.54048615694046021 0.42766651511192322
1826.6577999982983 -0.87594318389892578 0.69002079963684082 0.24262550473213196 0.62374192476272583 -0.86823004484176636 1.0387469530105591 -0.54000598192214966 0.41719090938568115
1919.6893999986351 -0.86151939630508423 0.69105535745620728 0.25284221768379211 0.62652438879013062 -0.86338657140731812 1.0398880243301392 -0.52468109130859375 0.42853009700775146
