29.978100001811981 -0.68547052145004272 0.65516859292984009 0.5887485146522522 0.62306290864944458 -0.67230141162872314 0.9662291407585144 0.6156771183013916 0.96220910549163818
133.4961999990046 -0.74400579929351807 0.63014191389083862 0.54543030261993408 0.62483346462249756 -0.66574656963348389 0.9551275372505188 0.57331544160842896 0.94561779499053955
231.3562000002712 -0.72591328620910645 0.63318157196044922 0.5366661548614502 0.61812055110931396 -0.66856992244720459 0.96029287576675415 0.57150638103485107 0.94287353754043579
332.51210000179708 -0.75323551893234253 0.62986332178115845 0.55556517839431763 0.62263435125350952 -0.69565200805664063 0.95894378423690796 0.6062660813331604 0.94075322151184082
432.67210000194609 -0.75039482116699219 0.63836151361465454 0.57354426383972168 0.62339180707931519 -0.68554568290710449 0.9673607349395752 0.62993031740188599 0.95023423433303833
535.305300001055 -0.71230238676071167 0.65601485967636108 0.58121496438980103 0.63727229833602905 -0.74966251850128174 0.98477029800415039 0.69365483522415161 0.97361040115356445
633.50230000168085 -0.84321409463882446 0.57290756702423096 0.76508986949920654 0.58014100790023804 -1.0369508266448975 0.88429540395736694 1.1412328481674194 0.8865429162979126
732.45639999955893 -0.96794986724853516 0.52683055400848389 0.89989936351776123 0.53082793951034546 -1.3624190092086792 0.81926655769348145 1.491726279258728 0.80063772201538086
827.42870000377297 -1.2590802907943726 0.40947896242141724 1.21635901927948 0.39235135912895203 -1.8627599477767944 0.57465112209320068 2.081801176071167 0.52785420417785645
930.38700000010431 -1.2343363761901855 0.34314686059951782 1.2324447631835938 0.31351393461227417 -1.8610512018203735 0.38507172465324402 2.1532001495361328 0.32885304093360901
1034.3240000028163 -1.3494336605072021 0.20751200616359711 1.3036782741546631 0.17202791571617126 -1.8765730857849121 0.11463992297649384 2.0463976860046387 0.011004055850207806
1139.2604000009596 -1.291541576385498 0.092534162104129791 1.235226035118103 0.077378198504447937 -1.8568824529647827 -0.10848487168550491 1.7736524343490601 -0.23320429027080536
1245.106300001964 -1.1953655481338501 0.00040104324580170214 1.1483900547027588 0.006482378114014864 -1.4923299551010132 -0.29847195744514465 1.2525207996368408 -0.32432559132575989
1345.3119000028819 -1.1237928867340088 -0.010260308161377907 1.0115324258804321 -0.0086556859314441681 -1.1786643266677856 -0.34759557247161865 1.1889147758483887 -0.17942352592945099
1444.7786000017077 -1.0470397472381592 -0.098630793392658234 0.98874896764755249 -0.079932644963264465 -0.85836982727050781 -0.36957138776779175 0.63487464189529419 -0.36999234557151794
1546.4022000040859 -0.90769344568252563 -0.10701964795589447 0.96280604600906372 -0.071626365184783936 -0.76129406690597534 -0.34711125493049622 0.59554564952850342 -0.32845821976661682
1648.792199999094 -0.91606003046035767 -0.11858763545751572 0.92720454931259155 -0.10298317670822144 -0.63149338960647583 -0.32877889275550842 0.49046039581298828 -0.28265082836151123
1749.2523000016809 -0.92853832244873047 -0.11878528445959091 0.942138671875 -0.094583436846733093 -0.60310846567153931 -0.3248850405216217 0.50195866823196411 -0.27471137046813965
1848.6581999994814 -0.91503727436065674 -0.11566871404647827 0.95016098022460938 -0.10192471742630005 -0.60567140579223633 -0.30783486366271973 0.46477207541465759 -0.29318121075630188
1948.6578000020236 -0.91595417261123657 -0.12592913210391998 0.93381023406982422 -0.10252805799245834 -0.51676434278488159 -0.32610657811164856 0.45323142409324646 -0.30028331279754639
