12.209700000006706 -0.84081798791885376 0.67486721277236938 0.51995915174484253 0.69860625267028809 -0.81460988521575928 1.0217328071594238 0.4616120457649231 1.0429564714431763
106.76030000019819 -0.82883995771408081 0.66851311922073364 0.52917790412902832 0.68633353710174561 -0.79143589735031128 1.0118663311004639 0.47086319327354431 1.0280847549438477
205.78930000006221 -0.83870100975036621 0.67258834838867188 0.5323415994644165 0.68185222148895264 -0.80867147445678711 1.0163503885269165 0.47795870900154114 1.0308916568756104
300.6972999998834 -0.83713716268539429 0.67404013872146606 0.51974838972091675 0.68732750415802002 -0.80961006879806519 1.0214124917984009 0.47043785452842712 1.0372128486633301
400.78300000005402 -0.80885779857635498 0.66968202590942383 0.55289661884307861 0.69173437356948853 -0.78418177366256714 1.0163568258285522 0.49452891945838928 1.033800482749939
499.17799999983981 -0.79810583591461182 0.67686313390731812 0.58027273416519165 0.7123991847038269 -0.76698356866836548 1.0275242328643799 0.52135229110717773 1.0451252460479736
592.42919999966398 -0.7956308126449585 0.66815304756164551 0.59172749519348145 0.69166100025177002 -0.76488226652145386 1.012021541595459 0.5281531810760498 1.0409388542175293
688.05530000012368 -0.80081796646118164 0.66759908199310303 0.65758633613586426 0.67872321605682373 -0.76478064060211182 1.0071530342102051 0.55007624626159668 1.0135312080383301
783.31400000001304 -0.80654960870742798 0.67119956016540527 0.69806617498397827 0.64926570653915405 -0.7667040228843689 1.016454815864563 0.51478230953216553 0.94727623462677002
871.50949999992736 -0.83851587772369385 0.67661195993423462 0.75118786096572876 0.6270100474357605 -0.77115398645401001 1.0114461183547974 0.29444786906242371 0.65446430444717407
967.41680000000633 -0.77050685882568359 0.6755334734916687 0.69464260339736938 0.63004285097122192 -0.72285968065261841 1.0288100242614746 0.2801920473575592 0.57999670505523682
1062.1391000002623 -0.72565317153930664 0.67445403337478638 0.57446449995040894 0.58670544624328613 -0.6936379075050354 1.0391377210617065 0.014820318669080734 0.40700268745422363
1147.0814000000246 -0.76398336887359619 0.66531091928482056 0.5540127158164978 0.56950849294662476 -0.71616601943969727 1.0291248559951782 -0.023921985179185867 0.36513647437095642
1244.2441000000108 -0.78177201747894287 0.68078404664993286 0.45161738991737366 0.57328253984451294 -0.72935914993286133 1.0409554243087769 -0.10385458916425705 0.35924452543258667
1337.499099999899 -0.78495556116104126 0.67481690645217896 0.41930592060089111 0.58411562442779541 -0.72157573699951172 1.0392361879348755 -0.285565584897995 0.38741913437843323
1432.2105000000447 -0.74740433692932129 0.673026442527771 0.42261755466461182 0.58481103181838989 -0.69187444448471069 1.0290898084640503 -0.23464037477970123 0.38837823271751404
1523.6976999999024 -0.77637583017349243 0.68027055263519287 0.39764183759689331 0.58423483371734619 -0.72477680444717407 1.0386811494827271 -0.27417951822280884 0.38634926080703735
1614.2857999999542 -0.76307857036590576 0.67964649200439453 0.41845935583114624 0.5859254002571106 -0.69794797897338867 1.0396180152893066 -0.2668529748916626 0.37886455655097961
1707.9797999998555 -0.74457794427871704 0.66925925016403198 0.44868895411491394 0.58005255460739136 -0.68447613716125488 1.0181043148040771 -0.23841805756092072 0.38910976052284241
1799.931199999759 -0.74044704437255859 0.67634493112564087 0.43770495057106018 0.58616626262664795 -0.68744152784347534 1.0357005596160889 -0.20419800281524658 0.38970655202865601
1892.4577999999747 -0.75043302774429321 0.67640739679336548 0.43802347779273987 0.58885103464126587 -0.69489836692810059 1.0313293933868408 -0.21301780641078949 0.4004000723361969
1981.5308000000659 -0.73686164617538452 0.67006444931030273 0.44860625267028809 0.58358323574066162 -0.68396657705307007 1.0279794931411743 -0.23449692130088806 0.39274868369102478
