62.626399999950081 -0.7608177661895752 0.67659372091293335 0.55125826597213745 0.70276123285293579 -0.72198683023452759 1.0384794473648071 0.50027763843536377 1.042189359664917
156.10070000006817 -0.77535861730575562 0.68377631902694702 0.54888457059860229 0.7018885612487793 -0.7444075345993042 1.0435359477996826 0.47576034069061279 1.047295093536377
247.35690000001341 -0.77919632196426392 0.70102167129516602 0.54658252000808716 0.71195054054260254 -0.74548459053039551 1.0658466815948486 0.48683354258537292 1.0619629621505737
342.65610000002198 -0.75387728214263916 0.68412685394287109 0.56083041429519653 0.70796960592269897 -0.71535158157348633 1.047120213508606 0.50362211465835571 1.0525689125061035
443.3440999998711 -0.75216889381408691 0.6970859169960022 0.56020712852478027 0.72063350677490234 -0.72345983982086182 1.0568652153015137 0.50622385740280151 1.0652375221252441
541.3686999999918 -0.75935655832290649 0.6869320273399353 0.56939935684204102 0.71161574125289917 -0.74399244785308838 1.0569870471954346 0.56105297803878784 1.0653812885284424
633.63259999989532 -0.86585360765457153 0.63326942920684814 0.78380775451660156 0.64983975887298584 -1.0965777635574341 0.97042155265808105 1.0532990694046021 0.97636735439300537
728.81400000001304 -1.016947865486145 0.61119931936264038 0.90332144498825073 0.62380075454711914 -1.3602555990219116 0.91236585378646851 1.3399038314819336 0.93744432926177979
825.63789999997243 -1.2537449598312378 0.47053298354148865 1.2099533081054688 0.48040452599525452 -1.9553918838500977 0.65794742107391357 2.091632604598999 0.64418888092041016
921.72660000016913 -1.2775723934173584 0.36350259184837341 1.2874605655670166 0.36098417639732361 -1.9948724508285522 0.40658515691757202 2.0739247798919678 0.36463403701782227
1010.4734000000171 -1.2570149898529053 0.065377555787563324 1.1733886003494263 0.06775829941034317 -1.9308363199234009 -0.19430698454380035 1.6974611282348633 -0.19267934560775757
1105.535400000168 -1.3145438432693481 -0.0087292538955807686 1.1647505760192871 0.018588827922940254 -1.6142834424972534 -0.31751242280006409 1.5306833982467651 -0.34065696597099304
1196.9262000001036 -1.1948090791702271 -0.026730436831712723 1.1142627000808716 0.0046386453323066235 -1.3004496097564697 -0.39053001999855042 1.3280779123306274 -0.34162184596061707
1292.1566999999341 -1.0922496318817139 -0.12049946188926697 0.89967554807662964 -0.098756186664104462 -0.81490349769592285 -0.39112246036529541 0.67055767774581909 -0.39844506978988647
1383.6884999999311 -1.0860079526901245 -0.13577894866466522 0.85100823640823364 -0.11301187425851822 -0.72146910429000854 -0.39644387364387512 0.46063384413719177 -0.43443456292152405
1478.3396000000648 -1.0586146116256714 -0.12257616966962814 0.8703884482383728 -0.10996915400028229 -0.62908381223678589 -0.38851329684257507 0.38695886731147766 -0.37817269563674927
1570.4913999999408 -1.0341314077377319 -0.13573029637336731 0.87174606323242188 -0.11098384112119675 -0.59728235006332397 -0.4042803943157196 0.32770842313766479 -0.39443516731262207
1662.2641000000294 -1.0456891059875488 -0.13328199088573456 0.8665582537651062 -0.12204979360103607 -0.6012454628944397 -0.40625745058059692 0.30249917507171631 -0.39645510911941528
1758.8200000000652 -1.0587512254714966 -0.13626465201377869 0.80172640085220337 -0.1293855756521225 -0.59582692384719849 -0.4035375714302063 0.31895887851715088 -0.438975989818573
1851.0863999999128 -1.0721043348312378 -0.12556147575378418 0.86021286249160767 -0.10479861497879028 -0.61110800504684448 -0.38062959909439087 0.31777676939964294 -0.42129296064376831
1944.9117999998853 -1.0566446781158447 -0.13196976482868195 0.84799867868423462 -0.13063836097717285 -0.60622602701187134 -0.39931806921958923 0.28285866975784302 -0.39126729965209961
