25.260600000619888 -0.74217522144317627 0.65045958757400513 0.57406067848205566 0.65925151109695435 -0.67346787452697754 1.0233622789382935 0.52186048030853271 1.001091480255127
110.96069999970496 -0.75540673732757568 0.65603858232498169 0.56136655807495117 0.65921950340270996 -0.68662148714065552 1.0261973142623901 0.51414734125137329 0.99541395902633667
200.5265999995172 -0.73883020877838135 0.65547794103622437 0.57079464197158813 0.65495288372039795 -0.67474621534347534 1.0270252227783203 0.5305020809173584 0.99378335475921631
289.43510000035167 -0.75740510225296021 0.64921396970748901 0.56204867362976074 0.6618196964263916 -0.69250822067260742 1.0206655263900757 0.50691354274749756 0.99908846616744995
376.89849999919534 -0.75385779142379761 0.64671164751052856 0.58541160821914673 0.65831542015075684 -0.69689232110977173 1.0234313011169434 0.49847280979156494 0.98636370897293091
463.86470000073314 -0.79501521587371826 0.65078949928283691 0.58390945196151733 0.66404086351394653 -0.74263632297515869 1.0287353992462158 0.46714901924133301 0.96265256404876709
551.37170000001788 -0.77580398321151733 0.65674161911010742 0.54600250720977783 0.69613528251647949 -0.71999925374984741 1.0259804725646973 0.26019147038459778 0.7326735258102417
639.15409999899566 -0.76662814617156982 0.66025692224502563 0.51586884260177612 0.68264168500900269 -0.74972003698348999 1.0356142520904541 0.10797661542892456 0.38286763429641724
727.75530000030994 -0.80917900800704956 0.64643514156341553 0.3940759003162384 0.61740833520889282 -0.80703800916671753 1.0040982961654663 0.049550522118806839 0.26661646366119385
815.08170000091195 -0.89783865213394165 0.65593045949935913 0.32192519307136536 0.61155545711517334 -0.93827342987060547 1.0151088237762451 -0.0075760059989988804 0.26059979200363159
905.0118000023067 -0.97688943147659302 0.65981894731521606 0.32048991322517395 0.6072356104850769 -1.0263062715530396 1.0167142152786255 -0.044678349047899246 0.25278788805007935
989.2292999997735 -0.95845675468444824 0.64938277006149292 0.31532078981399536 0.60663044452667236 -1.0144728422164917 1.0143135786056519 -0.019888557493686676 0.26417610049247742
1076.892899999395 -0.87228280305862427 0.64016205072402954 0.32810503244400024 0.61457216739654541 -0.93164187669754028 1.0020078420639038 0.026145374402403831 0.26760536432266235
1163.4857999999076 -0.88186502456665039 0.63063162565231323 0.3483855128288269 0.63550829887390137 -0.9452940821647644 1.004615306854248 0.070812836289405823 0.32129606604576111
1250.6871000006795 -0.84112793207168579 0.66738122701644897 0.3489055335521698 0.63429915904998779 -0.89253383874893188 1.0199071168899536 0.26755049824714661 0.56655782461166382
1335.1311000008136 -0.81811583042144775 0.65063261985778809 0.33612123131752014 0.61904430389404297 -0.87305837869644165 1.0022326707839966 0.26793983578681946 0.57474249601364136
1421.4327999986708 -0.79497337341308594 0.65568196773529053 0.36467024683952332 0.62437063455581665 -0.85912919044494629 0.99981498718261719 0.28383749723434448 0.59468621015548706
1507.9652999993414 -0.80072098970413208 0.65444844961166382 0.34768137335777283 0.61600738763809204 -0.86635440587997437 1.0046839714050293 0.26685851812362671 0.58023446798324585
1594.945000000298 -0.80016756057739258 0.65490561723709106 0.3653654158115387 0.6194499135017395 -0.86971664428710938 1.0097558498382568 0.28513100743293762 0.59718972444534302
1682.4996000006795 -0.78689026832580566 0.6535831093788147 0.36703497171401978 0.62261307239532471 -0.84285914897918701 1.0069596767425537 0.28386637568473816 0.57853579521179199
1767.7640000004321 -0.77454042434692383 0.65320396423339844 0.37435615062713623 0.6322399377822876 -0.82794493436813354 1.0060698986053467 0.2977607250213623 0.5891035795211792
1850.8336999993771 -0.7920340895652771 0.65173488855361938 0.3666713535785675 0.61785316467285156 -0.84426003694534302 1.0016963481903076 0.29266011714935303 0.58850830793380737
1934.3494000006467 -0.78950643539428711 0.65492016077041626 0.37184873223304749 0.61332309246063232 -0.84297263622283936 1.0032072067260742 0.29514947533607483 0.59704476594924927
