32.163499999791384 -0.70727860927581787 0.67349976301193237 0.67385965585708618 0.67373353242874146 -0.6449817419052124 1.020756721496582 0.62771260738372803 1.0036299228668213
129.49699999764562 -0.71366286277770996 0.67185729742050171 0.66026681661605835 0.676979660987854 -0.65844440460205078 1.0204813480377197 0.61606544256210327 1.0120679140090942
221.85559999570251 -0.72342705726623535 0.67384278774261475 0.63840872049331665 0.67222249507904053 -0.67496651411056519 1.0229251384735107 0.60653549432754517 1.0096457004547119
320.55920000001788 -0.74405258893966675 0.67993682622909546 0.62793105840682983 0.67589056491851807 -0.69950103759765625 1.0266735553741455 0.5927574634552002 1.0113459825515747
425.71389999985695 -0.74988341331481934 0.68181735277175903 0.63576823472976685 0.67834764719009399 -0.72471410036087036 1.0440133810043335 0.6244310736656189 1.030106782913208
525.61749999970198 -0.87112390995025635 0.63664358854293823 0.79303675889968872 0.60962182283401489 -1.1325579881668091 0.97077739238739014 1.0086407661437988 0.97254705429077148
621.49459999799728 -1.0251258611679077 0.61802434921264648 0.94734114408493042 0.60583436489105225 -1.4474999904632568 0.93132644891738892 1.3712077140808105 0.86355942487716675
725.32609999924898 -1.3498338460922241 0.44008192420005798 1.2362363338470459 0.42469298839569092 -2.107201099395752 0.58999311923980713 2.0701014995574951 0.60241782665252686
827.23869999870658 -1.2334438562393188 0.29283934831619263 1.2438074350357056 0.28171554207801819 -2.1176426410675049 0.25043153762817383 2.0825996398925781 0.23181672394275665
930.8817999958992 -1.0933202505111694 0.12609291076660156 1.2409253120422363 0.14471815526485443 -1.8678117990493774 -0.056724738329648972 1.8254762887954712 -0.080860234797000885
1028.410000000149 -1.1247410774230957 0.061716150492429733 1.1698088645935059 0.045443311333656311 -1.7047024965286255 -0.17939662933349609 1.5571920871734619 -0.22332446277141571
1128.3596999980509 -0.88777399063110352 -0.12821656465530396 1.0815461874008179 -0.093026608228683472 -0.78180867433547974 -0.42306733131408691 0.98690891265869141 -0.41438281536102295
1226.5379999987781 -0.96708536148071289 -0.1350008100271225 1.0946235656738281 -0.12817542254924774 -0.76275086402893066 -0.43412834405899048 1.0029538869857788 -0.43228313326835632
1319.0724999979138 -0.99899882078170776 -0.12921415269374847 1.1099542379379272 -0.15382885932922363 -0.62021827697753906 -0.46459424495697021 0.70743435621261597 -0.46984153985977173
1418.9233999997377 -0.97801405191421509 -0.12488992512226105 1.0652098655700684 -0.14785385131835938 -0.52704370021820068 -0.43587544560432434 0.46578538417816162 -0.46459409594535828
1509.7498000003397 -0.97213691473007202 -0.13193145394325256 1.0485920906066895 -0.15184947848320007 -0.51570236682891846 -0.43410235643386841 0.43047305941581726 -0.4622458815574646
1603.9969999976456 -0.96049845218658447 -0.12729640305042267 1.0231930017471313 -0.14560821652412415 -0.51853400468826294 -0.43065226078033447 0.44281697273254395 -0.45851075649261475
1704.4202999956906 -0.96326595544815063 -0.12560044229030609 1.0260487794876099 -0.14720413088798523 -0.50285589694976807 -0.43152612447738647 0.45631766319274902 -0.45886635780334473
1806.4640000015497 -0.97960704565048218 -0.11702916771173477 1.0215390920639038 -0.14336943626403809 -0.52691447734832764 -0.42492756247520447 0.44373661279678345 -0.45423448085784912
1908.1876999996603 -0.99311721324920654 -0.11744437366724014 1.0189253091812134 -0.13927336037158966 -0.50933682918548584 -0.43176549673080444 0.45519641041755676 -0.45072507858276367
