49.810000000521541 -0.78395575284957886 0.67490935325622559 0.59476613998413086 0.66235393285751343 -0.74021166563034058 1.0291073322296143 0.54563772678375244 0.99115383625030518
136.09180000051856 -0.80514711141586304 0.67550837993621826 0.57190096378326416 0.65877121686935425 -0.76425725221633911 1.0268529653549194 0.52395492792129517 0.98140102624893188
219.37210000120103 -0.80182218551635742 0.68423753976821899 0.58441603183746338 0.67066025733947754 -0.76221561431884766 1.0475505590438843 0.51442998647689819 0.99976187944412231
305.69749999977648 -0.77619856595993042 0.6809346079826355 0.58736276626586914 0.66778397560119629 -0.74033635854721069 1.0339202880859375 0.52701073884963989 0.99464541673660278
392.82830000109971 -0.77641481161117554 0.66881436109542847 0.59185951948165894 0.66154903173446655 -0.73941183090209961 1.0217174291610718 0.54536145925521851 0.98507660627365112
476.63509999960661 -0.77646833658218384 0.66774141788482666 0.63732057809829712 0.68493372201919556 -0.73431336879730225 1.0267553329467773 0.64057093858718872 1.033964991569519
559.07919999957085 -0.80121159553527832 0.64436149597167969 0.63134759664535522 0.6648935079574585 -0.76730459928512573 0.98896151781082153 0.65718585252761841 0.99233609437942505
645.28849999979138 -0.87435346841812134 0.63660413026809692 0.70485228300094604 0.63419735431671143 -0.87095159292221069 0.98090845346450806 0.79579824209213257 0.96187245845794678
728.39310000091791 -0.88123148679733276 0.62444889545440674 0.86363130807876587 0.59955960512161255 -0.89652144908905029 0.92292493581771851 0.90262192487716675 0.86642533540725708
815.73070000112057 -0.85374230146408081 0.53590375185012817 1.0306856632232666 0.55712789297103882 -0.95166206359863281 0.64094746112823486 0.81968802213668823 0.66543352603912354
900.71330000087619 -0.80813544988632202 0.66045033931732178 1.0296274423599243 0.48966377973556519 -0.75421386957168579 0.50380980968475342 0.58654731512069702 0.38479939103126526
989.94930000044405 -0.7518354058265686 0.61569857597351074 0.97388374805450439 0.46966025233268738 -0.69792038202285767 0.38321387767791748 0.57009148597717285 0.34207910299301147
1075.1333000008017 -0.85078001022338867 0.59769076108932495 1.0314592123031616 0.38661482930183411 -0.58985459804534912 0.27430498600006104 0.44587427377700806 0.19529235363006592
1159.7291000001132 -0.72665095329284668 0.59719276428222656 0.84110015630722046 0.37542447447776794 -0.32410085201263428 0.25186964869499207 0.35264128446578979 0.13572871685028076
1247.2074000015855 -0.87213081121444702 0.60206520557403564 1.0897737741470337 0.38191327452659607 -0.39469626545906067 0.23599305748939514 0.4500679075717926 0.1136365532875061
1333.5882999990135 -0.94539535045623779 0.60813289880752563 1.1154954433441162 0.37616518139839172 -0.42977866530418396 0.23722599446773529 0.43929925560951233 0.11010276526212692
1416.7403000015765 -0.82822161912918091 0.60712134838104248 0.94261354207992554 0.38095766305923462 -0.37468644976615906 0.24359148740768433 0.36109936237335205 0.12999714910984039
1498.3135000001639 -0.81304705142974854 0.60873663425445557 0.96571874618530273 0.37545624375343323 -0.38397085666656494 0.24176564812660217 0.37790483236312866 0.1044912114739418
1581.3228000011295 -0.76602721214294434 0.61377060413360596 0.98630964756011963 0.38027605414390564 -0.34128910303115845 0.24805839359760284 0.40146389603614807 0.11887942254543304
1666.7188000008464 -0.78862482309341431 0.61151444911956787 0.9644889235496521 0.37762594223022461 -0.36204332113265991 0.25459611415863037 0.3808789849281311 0.13717977702617645
1748.7825000006706 -0.77927285432815552 0.61553335189819336 0.96912682056427002 0.38970446586608887 -0.35545656085014343 0.25533288717269897 0.38893380761146545 0.13569040596485138
1836.7267000004649 -0.81778252124786377 0.60107332468032837 0.93599003553390503 0.37546512484550476 -0.38500544428825378 0.24984215199947357 0.35439109802246094 0.12978178262710571
1923.9944000020623 -0.77063703536987305 0.60796278715133667 0.96936029195785522 0.37301799654960632 -0.35119381546974182 0.25600191950798035 0.38889041543006897 0.11031898856163025
2008.3076000008732 -0.83797138929367065 0.59716284275054932 0.9454309344291687 0.37036386132240295 -0.38047966361045837 0.25193792581558228 0.36886104941368103 0.11939176172018051
