35.1539000000339 -0.80340325832366943 0.69700843095779419 0.51827305555343628 0.71312731504440308 -0.77256882190704346 1.056172251701355 0.48831936717033386 1.0548208951950073
130.57319999998435 -0.79786175489425659 0.69805347919464111 0.53516519069671631 0.7144092321395874 -0.76312845945358276 1.0579664707183838 0.49459323287010193 1.0588321685791016
224.54410000005737 -0.80409449338912964 0.69312894344329834 0.54721617698669434 0.71102142333984375 -0.78118050098419189 1.0557130575180054 0.54087150096893311 1.0627738237380981
323.7789000000339 -0.80181443691253662 0.6792905330657959 0.59236085414886475 0.69513320922851563 -0.86265784502029419 1.0403505563735962 0.66401076316833496 1.0482209920883179
420.46940000005998 -0.9464988112449646 0.65480583906173706 0.78005856275558472 0.63568252325057983 -1.2174532413482666 1.0028259754180908 1.1025162935256958 0.96404063701629639
515.25209999992512 -1.1591236591339111 0.5769277811050415 1.0647820234298706 0.53451567888259888 -1.6500703096389771 0.86627352237701416 1.6354459524154663 0.7797432541847229
610.42129999981262 -1.1924312114715576 0.50041252374649048 1.1451171636581421 0.43065199255943298 -1.9741495847702026 0.64956504106521606 1.8814990520477295 0.5916857123374939
705.76279999990948 -1.3186154365539551 0.23235495388507843 1.2620041370391846 0.14864037930965424 -2.1038804054260254 0.15884356200695038 2.059800386428833 0.046402983367443085
801.88540000002831 -1.2105733156204224 0.10948926955461502 1.229999303817749 0.063261181116104126 -1.9524523019790649 -0.065334111452102661 1.8070100545883179 -0.159219890832901
899.58100000000559 -1.2478506565093994 0.0024642972275614738 1.1204860210418701 -0.017356604337692261 -1.6034083366394043 -0.29687869548797607 1.4290224313735962 -0.36345678567886353
998.53719999990426 -1.108441948890686 -0.10716391354799271 1.0032616853713989 -0.097362905740737915 -1.0613738298416138 -0.43381142616271973 0.90794813632965088 -0.45731854438781738
1093.1924000000581 -1.0781069993972778 -0.097842715680599213 0.88944661617279053 -0.10787598788738251 -0.8116573691368103 -0.39519405364990234 0.56717526912689209 -0.43413117527961731
1186.6554000000469 -1.121535062789917 -0.15646924078464508 0.89091849327087402 -0.12346680462360382 -0.67644083499908447 -0.40161710977554321 0.44583716988563538 -0.44905427098274231
1279.2628999999724 -1.1048679351806641 -0.13723756372928619 0.86641407012939453 -0.13925471901893616 -0.64512211084365845 -0.39513534307479858 0.24334919452667236 -0.37150585651397705
1373.5301000000909 -1.0815340280532837 -0.13886800408363342 0.8541225790977478 -0.1325996071100235 -0.64963901042938232 -0.39312931895256042 0.26358151435852051 -0.36459654569625854
1462.4882000000216 -1.0854188203811646 -0.14188332855701447 0.84543585777282715 -0.13488671183586121 -0.65743666887283325 -0.39346438646316528 0.27409982681274414 -0.36905643343925476
1555.5697999999393 -1.0761381387710571 -0.13700097799301147 0.83428579568862915 -0.13534559309482574 -0.66862654685974121 -0.39132857322692871 0.26535627245903015 -0.37172061204910278
1644.9373000001069 -1.0804306268692017 -0.14343433082103729 0.86843889951705933 -0.13313928246498108 -0.63679981231689453 -0.4089217483997345 0.36593416333198547 -0.44790688157081604
1732.4135999998543 -1.0892300605773926 -0.1341591477394104 0.87965935468673706 -0.12408816814422607 -0.65620040893554688 -0.39668139815330505 0.35951286554336548 -0.44180944561958313
1822.8061999999918 -1.0739306211471558 -0.1363719254732132 0.86757415533065796 -0.12067475914955139 -0.62172675132751465 -0.39464625716209412 0.35770541429519653 -0.43979820609092712
1909.8640999998897 -1.0647870302200317 -0.13486474752426147 0.87833511829376221 -0.11986934393644333 -0.61996108293533325 -0.39325150847434998 0.36438161134719849 -0.43075484037399292
