45.469099999638274 -0.79477608203887939 0.61997699737548828 0.58373540639877319 0.66806930303573608 -0.77094352245330811 0.97358119487762451 0.56176704168319702 1.0018656253814697
143.5991999998223 -0.7830314040184021 0.62966459989547729 0.58027654886245728 0.67134594917297363 -0.76744407415390015 0.98469525575637817 0.55389869213104248 1.0081379413604736
242.42699999990873 -0.80213075876235962 0.62691986560821533 0.602652907371521 0.65627169609069824 -0.76976668834686279 0.97796863317489624 0.58614325523376465 0.99611598253250122
341.22999999974854 -0.84100759029388428 0.65335339307785034 0.69252109527587891 0.63458722829818726 -0.8055119514465332 0.97846758365631104 0.73267310857772827 0.96294045448303223
438.47789999982342 -1.0681926012039185 0.53247052431106567 1.0929684638977051 0.53039973974227905 -1.3165512084960938 0.81728804111480713 1.3003747463226318 0.8282584547996521
530.33000000007451 -1.1616758108139038 0.44936752319335938 1.1517205238342285 0.44808802008628845 -1.491060733795166 0.72610390186309814 1.522790789604187 0.68416875600814819
623.42209999985062 -1.1948719024658203 0.34005510807037354 1.1930298805236816 0.29774385690689087 -1.9125262498855591 0.44567862153053284 1.8380603790283203 0.37162613868713379
714.28199999965727 -1.2274971008300781 0.28097283840179443 1.2237544059753418 0.28361520171165466 -1.969840407371521 0.17425370216369629 1.9601161479949951 0.15537860989570618
808.16829999978654 -1.2336655855178833 0.3505035936832428 1.185523509979248 0.3615114688873291 -1.7499681711196899 0.10935042798519135 1.6788127422332764 0.13064225018024445
894.3796999999322 -1.2653381824493408 0.44838795065879822 1.1675859689712524 0.42723533511161804 -1.772923469543457 0.19812764227390289 1.7078027725219727 0.24715448915958405
986.78379999985918 -1.1499719619750977 0.53267765045166016 1.1460115909576416 0.53812897205352783 -2.033766508102417 0.50406026840209961 1.9449573755264282 0.52810072898864746
1085.5769999998156 -1.0006500482559204 0.59018856287002563 0.9067000150680542 0.62185251712799072 -1.4980862140655518 0.87450385093688965 1.5954090356826782 0.89421254396438599
1184.8439999998081 -1.0212832689285278 0.58777475357055664 0.900989830493927 0.61442005634307861 -1.4484184980392456 0.85010707378387451 1.3762434720993042 0.89421164989471436
1279.1273999998812 -1.0291024446487427 0.54048651456832886 0.94054758548736572 0.56964701414108276 -1.5401813983917236 0.78775489330291748 1.4971510171890259 0.79819166660308838
1373.5367000000551 -1.2507221698760986 0.40849104523658752 1.1435490846633911 0.44766050577163696 -2.0774416923522949 0.53922921419143677 1.908721923828125 0.53330481052398682
1462.8600999996997 -1.2788084745407104 0.35067054629325867 1.1738986968994141 0.36563524603843689 -1.9838156700134277 0.35251682996749878 1.9532526731491089 0.36444002389907837
1557.0839999997988 -1.1918846368789673 0.28999671339988708 1.1724416017532349 0.33599591255187988 -1.9000600576400757 0.16045452654361725 1.8211789131164551 0.1861138641834259
1650.9380999996793 -1.2482426166534424 0.3180849552154541 1.2111080884933472 0.35251113772392273 -1.83754563331604 0.14316500723361969 1.7848680019378662 0.13949203491210938
1742.1431999998167 -1.1890765428543091 0.4589390754699707 1.1733454465866089 0.47249218821525574 -1.9409902095794678 0.39845961332321167 1.9463859796524048 0.39740818738937378
1834.6878999997862 -1.1579607725143433 0.52426671981811523 0.99699527025222778 0.56087315082550049 -1.913293719291687 0.6583024263381958 1.7533272504806519 0.62615901231765747
1930.6477999999188 -1.0463753938674927 0.57362073659896851 0.83632820844650269 0.61274939775466919 -1.5437735319137573 0.83253395557403564 1.4791455268859863 0.83859896659851074
