26.422400005161762 -0.73358374834060669 0.63757288455963135 0.56653493642807007 0.62766951322555542 -0.66441237926483154 0.96140021085739136 0.6279938817024231 0.94761204719543457
125.85600000433625 -0.71046197414398193 0.65932708978652954 0.58978152275085449 0.64478617906570435 -0.69735223054885864 0.97616314888000488 0.69859039783477783 0.98942738771438599
225.6993000023067 -0.71298509836196899 0.66684848070144653 0.63579654693603516 0.64293348789215088 -0.72682702541351318 0.97444689273834229 0.82234340906143188 0.98042255640029907
325.53110000118613 -0.80558609962463379 0.60524725914001465 0.86467128992080688 0.60281449556350708 -1.0184284448623657 0.93721294403076172 1.2806719541549683 0.87856096029281616
427.7772000040859 -0.88638788461685181 0.57119464874267578 0.90580141544342041 0.53712868690490723 -1.1976895332336426 0.87110769748687744 1.5456994771957397 0.80553573369979858
523.13180000148714 -1.1610754728317261 0.52320414781570435 1.1403743028640747 0.43689092993736267 -1.7451404333114624 0.73007327318191528 1.9721570014953613 0.57537829875946045
623.53370000235736 -1.2882249355316162 0.37193933129310608 1.230622410774231 0.30484309792518616 -1.9383463859558105 0.43096262216567993 2.1641383171081543 0.31958997249603271
724.32270000129938 -1.2952499389648438 0.1948452889919281 1.2253527641296387 0.1301247626543045 -1.8524030447006226 0.10415307432413101 2.0308225154876709 -0.023200893774628639
821.9662000015378 -1.2049510478973389 0.070414863526821136 1.1182384490966797 0.074008308351039886 -1.7537392377853394 -0.15359847247600555 1.6517007350921631 -0.25181230902671814
918.77500000409782 -1.2032508850097656 -0.009833301417529583 0.99578404426574707 -0.028301572427153587 -1.5559722185134888 -0.31902152299880981 1.1652417182922363 -0.29683980345726013
1018.1617000028491 -1.1361862421035767 -0.06013193354010582 0.95946794748306274 -0.096770904958248138 -1.1956533193588257 -0.35964936017990112 1.045032262802124 -0.33307039737701416
1119.7722000014037 -0.94752675294876099 -0.13503476977348328 0.88141584396362305 -0.092325344681739807 -0.78513115644454956 -0.3818739652633667 0.66900479793548584 -0.34126260876655579
1223.4539000019431 -0.9628371000289917 -0.14650765061378479 0.8928070068359375 -0.1073051318526268 -0.73616957664489746 -0.37635177373886108 0.57672876119613647 -0.35732358694076538
1324.3454000037163 -0.92807906866073608 -0.11844063550233841 0.90780073404312134 -0.10831876844167709 -0.62256062030792236 -0.32743433117866516 0.56475061178207397 -0.23621377348899841
1421.0020000021905 -0.91383391618728638 -0.12272710353136063 0.94433307647705078 -0.12336944788694382 -0.56009691953659058 -0.33054158091545105 0.46338948607444763 -0.27167367935180664
1521.7756000030786 -0.91387873888015747 -0.12621520459651947 0.88734525442123413 -0.10785949230194092 -0.58213621377944946 -0.32001373171806335 0.4705013632774353 -0.25265732407569885
1623.9886000026017 -0.92875313758850098 -0.12628434598445892 0.87996989488601685 -0.10790383070707321 -0.58028596639633179 -0.32246288657188416 0.49671345949172974 -0.24832704663276672
1729.5288000013679 -0.94232016801834106 -0.12147758901119232 0.89467889070510864 -0.12124220281839371 -0.59738832712173462 -0.32707887887954712 0.40867283940315247 -0.27326661348342896
1829.2016000021249 -0.92961215972900391 -0.12525244057178497 0.91661691665649414 -0.12039775401353836 -0.61742138862609863 -0.30973473191261292 0.39658841490745544 -0.27649468183517456
1929.9202000014484 -0.91290140151977539 -0.12384061515331268 0.92265975475311279 -0.12846852838993073 -0.58535057306289673 -0.32130464911460876 0.42961451411247253 -0.28836318850517273
