31.343099998310208 -0.72486966848373413 0.65982943773269653 0.62895488739013672 0.62484526634216309 -0.73019200563430786 0.96370941400527954 0.61465960741043091 0.95089209079742432
133.40349999815226 -0.6983068585395813 0.66015392541885376 0.62672293186187744 0.6174589991569519 -0.69660729169845581 0.95348554849624634 0.61681979894638062 0.94704651832580566
232.63249999843538 -0.69422566890716553 0.65365177392959595 0.61806279420852661 0.61537295579910278 -0.70622348785400391 0.95053708553314209 0.62092924118041992 0.9463043212890625
332.830899996683 -0.680794358253479 0.65773856639862061 0.63612270355224609 0.61743474006652832 -0.68294632434844971 0.95131063461303711 0.64114910364151001 0.93987482786178589
433.17579999566078 -0.71793091297149658 0.66116166114807129 0.65457350015640259 0.61246460676193237 -0.74892747402191162 0.95295500755310059 0.75521707534790039 0.94215935468673706
533.54889999702573 -0.80627626180648804 0.60581439733505249 0.7918134331703186 0.55175894498825073 -0.95392578840255737 0.93314611911773682 1.0408116579055786 0.88231325149536133
642.84169999882579 -1.2193101644515991 0.5287972092628479 1.1130715608596802 0.44955945014953613 -1.5629096031188965 0.7871355414390564 1.8045799732208252 0.64006549119949341
739.8122999984771 -1.2258821725845337 0.36322528123855591 1.2481272220611572 0.30777344107627869 -1.7072488069534302 0.44252708554267883 2.2047054767608643 0.33819717168807983
844.84329999424517 -1.2629865407943726 0.24951328337192535 1.1697243452072144 0.21632669866085052 -1.7669763565063477 0.22513774037361145 2.0969498157501221 0.08194480836391449
950.42849999852479 -1.1933450698852539 0.051774866878986359 1.1028010845184326 0.074863128364086151 -1.617099404335022 -0.17091190814971924 1.5328669548034668 -0.27394971251487732
1055.7309999968857 -1.2267204523086548 -0.022898197174072266 1.0559427738189697 -0.061289668083190918 -1.2815865278244019 -0.36007827520370483 1.181692361831665 -0.3068210780620575
1161.5951999966055 -1.0165057182312012 -0.11189662665128708 0.956981360912323 -0.1094960942864418 -0.90833348035812378 -0.38187962770462036 0.79176038503646851 -0.3885725736618042
1265.5149999987334 -0.92340302467346191 -0.12178260833024979 0.89588660001754761 -0.12574182450771332 -0.71918171644210815 -0.34760835766792297 0.36130988597869873 -0.39591187238693237
1368.5796999949962 -0.92018717527389526 -0.11966221034526825 0.88262975215911865 -0.13681761920452118 -0.60386019945144653 -0.34696105122566223 0.20354148745536804 -0.37168207764625549
1466.4042999949306 -0.94440072774887085 -0.12339646369218826 0.89607095718383789 -0.13201947510242462 -0.56907415390014648 -0.33744749426841736 0.20600147545337677 -0.3800714910030365
1562.7896999977529 -0.92812293767929077 -0.11797870695590973 0.91502869129180908 -0.11299069225788116 -0.51755470037460327 -0.33172956109046936 0.4600527286529541 -0.25427159667015076
1660.8528999965638 -0.92889606952667236 -0.11661458760499954 0.93605309724807739 -0.11470302939414978 -0.53909480571746826 -0.32505229115486145 0.45632517337799072 -0.2619367241859436
1761.6905999965966 -0.9276130199432373 -0.11943000555038452 0.93529552221298218 -0.11903833597898483 -0.55288797616958618 -0.3291323184967041 0.49118340015411377 -0.25257125496864319
1862.5042999964207 -0.92894178628921509 -0.12402570247650146 0.94200849533081055 -0.12164681404829025 -0.53997373580932617 -0.33443793654441833 0.49365600943565369 -0.26977244019508362
1962.985799998045 -0.92914140224456787 -0.11977925151586533 0.93714827299118042 -0.11666838824748993 -0.54642599821090698 -0.32666972279548645 0.26503568887710571 -0.35575029253959656
