87.30600000009872 -0.81723260879516602 0.70367968082427979 0.57370454072952271 0.72864699363708496 -0.80614292621612549 1.0543051958084106 0.51923501491546631 1.083638072013855
183.18199999979697 -0.81220781803131104 0.69935429096221924 0.59544813632965088 0.72833466529846191 -0.80063444375991821 1.0513571500778198 0.52523273229598999 1.084381103515625
278.39730000006966 -0.79930561780929565 0.69458669424057007 0.59692466259002686 0.73191356658935547 -0.78627121448516846 1.047407865524292 0.533222496509552 1.0906573534011841
371.76109999977052 -0.80282258987426758 0.70392954349517822 0.58460986614227295 0.72443753480911255 -0.78134691715240479 1.0590178966522217 0.52518695592880249 1.0784921646118164
464.98600000003353 -0.80110561847686768 0.69524729251861572 0.61424374580383301 0.72292590141296387 -0.7914765477180481 1.0485459566116333 0.60707247257232666 1.0686700344085693
559.58449999988079 -0.80853897333145142 0.68942129611968994 0.60790884494781494 0.70459473133087158 -0.78744429349899292 1.0390979051589966 0.59443193674087524 1.0269076824188232
651.72549999994226 -0.81899261474609375 0.68814539909362793 0.65730047225952148 0.69034463167190552 -0.80012637376785278 1.0442284345626831 0.53337287902832031 0.97864854335784912
744.01079999981448 -0.78381568193435669 0.69474321603775024 0.63092982769012451 0.68563985824584961 -0.77897602319717407 1.0440496206283569 0.49529978632926941 0.63029515743255615
841.3542999997735 -0.88456904888153076 0.69486820697784424 0.53463912010192871 0.67686384916305542 -0.8698081374168396 1.0441555976867676 0.12453833222389221 0.37492400407791138
934.22400000016205 -0.9499053955078125 0.69536119699478149 0.41642463207244873 0.65333473682403564 -0.95170068740844727 1.04764723777771 0.021976223215460777 0.2997472882270813
1025.4636999999639 -0.98309952020645142 0.68499481678009033 0.35471200942993164 0.63070887327194214 -0.97957676649093628 1.0356490612030029 -0.019431833177804947 0.26271006464958191
1116.721300000092 -0.93086713552474976 0.69873756170272827 0.3861599862575531 0.64311748743057251 -0.94334834814071655 1.0588133335113525 0.013346021063625813 0.26879444718360901
1212.685599999968 -0.9101378321647644 0.68395107984542847 0.36985272169113159 0.63548922538757324 -0.93083822727203369 1.0430090427398682 0.013826766051352024 0.27492126822471619
1304.9099999996834 -0.90862369537353516 0.68641507625579834 0.39405527710914612 0.64065122604370117 -0.91616851091384888 1.0436241626739502 0.021296655759215355 0.27301004528999329
1399.0511999998707 -0.89179551601409912 0.68874984979629517 0.44838240742683411 0.65259450674057007 -0.89040565490722656 1.0474865436553955 0.064171478152275085 0.26968789100646973
1493.4436999999452 -0.89756691455841064 0.68276673555374146 0.42509561777114868 0.66119843721389771 -0.89520454406738281 1.0458220243453979 0.084759257733821869 0.30429831147193909
1575.9132999998983 -0.9693109393119812 0.69193130731582642 0.52099287509918213 0.66484856605529785 -0.97490990161895752 1.0507043600082397 0.42921099066734314 0.45733281970024109
1672.8071000000928 -0.97616881132125854 0.68406152725219727 0.55139940977096558 0.67754048109054565 -0.98509901762008667 1.0417791604995728 0.57449477910995483 0.49802941083908081
1769.2290999998804 -0.9087943434715271 0.67610645294189453 0.5296856164932251 0.67688602209091187 -0.91630387306213379 1.0200152397155762 0.54221385717391968 0.52219867706298828
1866.7537000000011 -0.91501611471176147 0.68094533681869507 0.49270668625831604 0.67751342058181763 -0.92825144529342651 1.0359934568405151 0.50446748733520508 0.5288885235786438
1960.188400000101 -0.91727364063262939 0.68291372060775757 0.51509320735931396 0.68284416198730469 -0.93312156200408936 1.0366940498352051 0.52238541841506958 0.52684992551803589
