9.1489000001456589 -0.79823887348175049 0.7050672173500061 0.5740324854850769 0.73621457815170288 -0.79461228847503662 1.0766723155975342 0.50748282670974731 1.094534158706665
105.38010000018403 -0.7916601300239563 0.70824599266052246 0.58162194490432739 0.73980385065078735 -0.78330081701278687 1.0897973775863647 0.53950190544128418 1.0938893556594849
203.34520000033081 -0.801643967628479 0.70669859647750854 0.57111448049545288 0.74516415596008301 -0.79790025949478149 1.0856835842132568 0.49861147999763489 1.0988748073577881
293.33840000024065 -0.78229957818984985 0.71288961172103882 0.57809990644454956 0.74996674060821533 -0.7824939489364624 1.093271017074585 0.50770288705825806 1.1100594997406006
390.56300000031479 -0.78446507453918457 0.69799071550369263 0.58956015110015869 0.73970460891723633 -0.77212333679199219 1.0786343812942505 0.53119605779647827 1.0886110067367554
478.33090000017546 -0.79155600070953369 0.70496618747711182 0.59299290180206299 0.73914772272109985 -0.81648725271224976 1.0928134918212891 0.57117658853530884 1.099958062171936
572.06310000014491 -0.83031356334686279 0.68615579605102539 0.59484922885894775 0.71909582614898682 -0.91980969905853271 1.0608010292053223 0.71468377113342285 1.0642435550689697
665.79080000030808 -0.89739614725112915 0.69494795799255371 0.69924449920654297 0.71919268369674683 -1.1369180679321289 1.0687259435653687 0.93295645713806152 1.1055012941360474
760.47140000015497 -1.0989547967910767 0.6217876672744751 0.96398282051086426 0.62945061922073364 -1.5213836431503296 0.93163764476776123 1.4772112369537354 0.96913391351699829
848.89650000003166 -1.1954038143157959 0.49232828617095947 1.1552531719207764 0.47310090065002441 -2.0247969627380371 0.63288199901580811 2.0218353271484375 0.62668496370315552
946.24970000004396 -1.2580097913742065 0.27852842211723328 1.2487831115722656 0.23008556663990021 -2.0177268981933594 0.20320959389209747 1.9938236474990845 0.14011596143245697
1040.312900000019 -1.2064200639724731 0.16748172044754028 1.3061589002609253 0.12315300107002258 -1.9510523080825806 -0.029066538438200951 1.9847685098648071 -0.060865037143230438
1134.4781000001822 -1.2101020812988281 -0.017275247722864151 1.2138500213623047 -0.019445205107331276 -1.4275747537612915 -0.3174685537815094 1.5298730134963989 -0.3716464638710022
1226.6912000002339 -1.1066255569458008 -0.065939337015151978 1.0839158296585083 -0.048419535160064697 -1.1201481819152832 -0.43223437666893005 1.1371051073074341 -0.42940860986709595
1321.6415000001434 -1.1164679527282715 -0.10664094984531403 1.0320199728012085 -0.10611224174499512 -0.87680399417877197 -0.39442232251167297 0.82711118459701538 -0.419607013463974
1417.5520999999717 -1.0796546936035156 -0.13367147743701935 0.87865334749221802 -0.10903440415859222 -0.69777476787567139 -0.38993006944656372 0.5313493013381958 -0.44396883249282837
1512.3233000002801 -1.0600183010101318 -0.12994538247585297 0.83356863260269165 -0.11532600224018097 -0.64394080638885498 -0.3833768367767334 0.36159741878509521 -0.42593231797218323
1605.40960000013 -1.0463994741439819 -0.13974407315254211 0.80396300554275513 -0.12154009938240051 -0.61692595481872559 -0.38728818297386169 0.32369431853294373 -0.43071663379669189
1690.6670000001322 -1.0620155334472656 -0.12645761668682098 0.80278414487838745 -0.11573866754770279 -0.62632912397384644 -0.37961232662200928 0.32450553774833679 -0.42623811960220337
1787.1713000002783 -1.0672957897186279 -0.1256386935710907 0.79843318462371826 -0.11711975932121277 -0.60127687454223633 -0.37248691916465759 0.33642777800559998 -0.41682460904121399
1880.9965000001248 -1.045301079750061 -0.11346974223852158 0.82299131155014038 -0.099418565630912781 -0.60736227035522461 -0.35983413457870483 0.34286889433860779 -0.41958838701248169
1974.937600000063 -1.0778299570083618 -0.12402515858411789 0.84764891862869263 -0.1151789054274559 -0.60524606704711914 -0.37840771675109863 0.34174951910972595 -0.42745742201805115
