16.355700001120567 -0.78828924894332886 0.65208429098129272 0.51026207208633423 0.65737348794937134 -0.78536713123321533 0.9665377140045166 0.54551571607589722 0.97859597206115723
116.93620000220835 -0.76061207056045532 0.64634919166564941 0.53451395034790039 0.64105921983718872 -0.77009832859039307 0.9514394998550415 0.57017582654953003 0.96183353662490845
219.88770000077784 -0.738231360912323 0.65536373853683472 0.56046444177627563 0.63671219348907471 -0.75901329517364502 0.96335095167160034 0.56815367937088013 0.96776497364044189
330.59950000047684 -0.70889294147491455 0.6571509838104248 0.57600152492523193 0.63592302799224854 -0.72426503896713257 0.95740938186645508 0.59965771436691284 0.96183395385742188
432.30389999970794 -0.77345246076583862 0.64545702934265137 0.56018805503845215 0.63698071241378784 -0.72609376907348633 0.95801442861557007 0.59594988822937012 0.95761549472808838
534.60419999808073 -0.71761566400527954 0.66503816843032837 0.57218104600906372 0.63500106334686279 -0.73089390993118286 0.95883142948150635 0.59705156087875366 0.96134102344512939
632.04230000078678 -0.70158958435058594 0.6614910364151001 0.56612372398376465 0.64644956588745117 -0.72472339868545532 0.95804756879806519 0.64616793394088745 0.96398156881332397
731.54299999959767 -0.68505030870437622 0.65176182985305786 0.66500741243362427 0.62943369150161743 -0.69949942827224731 0.95604628324508667 0.88274919986724854 0.9500194787979126
829.55360000021756 -0.69775867462158203 0.65811234712600708 0.81129390001296997 0.54625523090362549 -0.69081050157546997 0.96224808692932129 1.376795768737793 0.83703505992889404
931.48050000332296 -0.7233273983001709 0.6569596529006958 1.116229772567749 0.45638546347618103 -0.70611929893493652 0.95571714639663696 1.9804737567901611 0.66643178462982178
1025.4045000020415 -0.70407843589782715 0.66261452436447144 1.1955769062042236 0.38144779205322266 -0.68282800912857056 0.97285676002502441 2.1967308521270752 0.45602327585220337
1130.0151000022888 -0.69456303119659424 0.65573793649673462 1.3662873506546021 0.18038564920425415 -0.66743952035903931 0.96004551649093628 2.2406461238861084 0.019929632544517517
1232.0722000002861 -0.63522422313690186 0.65398597717285156 1.2956174612045288 0.12725679576396942 -0.63197356462478638 0.96206915378570557 1.9390754699707031 -0.11158225685358047
1335.3265000004321 -0.63487762212753296 0.66891211271286011 1.1541625261306763 0.023504659533500671 -0.63357990980148315 0.97554278373718262 1.3387484550476074 -0.30272182822227478
1433.6274000033736 -0.67021673917770386 0.66014689207077026 1.0948683023452759 -0.010096315294504166 -0.67273694276809692 0.96567952632904053 1.1967337131500244 -0.32231223583221436
1535.4355999995023 -0.67562413215637207 0.66446906328201294 1.0414779186248779 -0.062447596341371536 -0.66298556327819824 0.97411048412322998 0.72504502534866333 -0.34572750329971313
1637.3067000005394 -0.72435194253921509 0.65140879154205322 0.98663020133972168 -0.07951846718788147 -0.66551482677459717 0.97267204523086548 0.58445721864700317 -0.33926749229431152
1735.2134000007063 -0.74967551231384277 0.65655052661895752 0.91783547401428223 -0.094777196645736694 -0.68542248010635376 0.96718966960906982 0.50243860483169556 -0.3511626124382019
1835.8180999979377 -0.73397821187973022 0.65447998046875 0.92920595407485962 -0.098356574773788452 -0.70674383640289307 0.97224289178848267 0.4586431086063385 -0.40003815293312073
1934.8633999992162 -0.72640883922576904 0.64996826648712158 0.91072851419448853 -0.11225157231092453 -0.71170324087142944 0.9722016453742981 0.41965362429618835 -0.4068431556224823
