34.649599999887869 -0.83860665559768677 0.70841079950332642 0.62228256464004517 0.7031400203704834 -0.82926356792449951 1.0966718196868896 0.5866624116897583 1.0608698129653931
129.69870000006631 -0.85859924554824829 0.71046304702758789 0.62774419784545898 0.70179390907287598 -0.84719830751419067 1.0984681844711304 0.57612007856369019 1.0626274347305298
230.08740000007674 -0.85107827186584473 0.7203938364982605 0.62312561273574829 0.7156522274017334 -0.82757288217544556 1.1092256307601929 0.59449648857116699 1.0860308408737183
315.25689999992028 -0.82838320732116699 0.70729249715805054 0.66552472114562988 0.7000889778137207 -0.80371397733688354 1.0917237997055054 0.63287174701690674 1.0765655040740967
407.438700000057 -0.84789460897445679 0.70860165357589722 0.65655696392059326 0.6983565092086792 -0.82353043556213379 1.0993455648422241 0.62899899482727051 1.0806517601013184
497.47530000004917 -0.82253128290176392 0.70902132987976074 0.68598127365112305 0.68586385250091553 -0.80396175384521484 1.0971516370773315 0.74323689937591553 1.0661126375198364
594.62509999983013 -0.81688278913497925 0.71659678220748901 0.78736704587936401 0.71889138221740723 -0.80762678384780884 1.1030912399291992 1.0026859045028687 1.1067420244216919
693.16299999994226 -0.74053698778152466 0.68717825412750244 0.97535800933837891 0.61412674188613892 -0.71775615215301514 1.0636852979660034 1.5244877338409424 0.94642364978790283
783.90399999986403 -0.7546805739402771 0.68624317646026611 1.1088496446609497 0.47804257273674011 -0.74741828441619873 1.0650826692581177 1.9667093753814697 0.60383576154708862
879.5226000000257 -0.69001668691635132 0.70102763175964355 1.2326278686523438 0.31504127383232117 -0.68024951219558716 1.0812587738037109 1.8796291351318359 0.20085644721984863
972.90029999986291 -0.70652711391448975 0.68432813882827759 1.2673575878143311 0.20929083228111267 -0.69077438116073608 1.0679888725280762 1.814448356628418 -0.0055462662130594254
1068.1599999999162 -0.71205723285675049 0.69393903017044067 1.157549262046814 0.091591492295265198 -0.69809728860855103 1.0615131855010986 1.3808939456939697 -0.28411629796028137
1164.312099999981 -0.70669698715209961 0.70925462245941162 1.190791130065918 0.040729586035013199 -0.67637038230895996 1.0734027624130249 1.1393094062805176 -0.3459392786026001
1261.3648999999277 -0.69430571794509888 0.71620148420333862 1.013358473777771 -0.0076379389502108097 -0.6715506911277771 1.0826563835144043 0.82070094347000122 -0.35893949866294861
1352.3920000002254 -0.72218859195709229 0.687225341796875 0.96554350852966309 -0.051262859255075455 -0.69227826595306396 1.0405770540237427 0.59008109569549561 -0.36110252141952515
1451.24729999993 -0.73069345951080322 0.67850577831268311 0.94385373592376709 -0.068251676857471466 -0.70736920833587646 1.0343157052993774 0.48889774084091187 -0.36418238282203674
1537.7251999999862 -0.75933510065078735 0.6788400411605835 0.96456217765808105 -0.060847684741020203 -0.7296021580696106 1.0356615781784058 0.5165143609046936 -0.34864705801010132
1633.8604000001214 -0.74179017543792725 0.67095470428466797 0.95739811658859253 -0.051792476326227188 -0.72324299812316895 1.0323032140731812 0.50822168588638306 -0.341062992811203
1729.4310999999288 -0.76579576730728149 0.68766647577285767 0.9538998007774353 -0.053821135312318802 -0.74025911092758179 1.0540686845779419 0.51042503118515015 -0.34500113129615784
1828.8190999999642 -0.76971250772476196 0.68357813358306885 0.94782537221908569 -0.051751740276813507 -0.74248033761978149 1.0452132225036621 0.51461231708526611 -0.32764467597007751
1921.9183000000194 -0.74577289819717407 0.67915546894073486 0.95323282480239868 -0.052806127816438675 -0.72397583723068237 1.0378621816635132 0.52659285068511963 -0.32830899953842163
