63.558700002729893 -0.78827196359634399 0.68790501356124878 0.58287358283996582 0.70424336194992065 -0.77404201030731201 1.0145968198776245 0.57179903984069824 1.041566014289856
159.43039999902248 -0.77245301008224487 0.70314383506774902 0.57843637466430664 0.69487380981445313 -0.75320208072662354 1.0437116622924805 0.56382673978805542 1.0335433483123779
266.88619999960065 -0.80260288715362549 0.70890313386917114 0.60683047771453857 0.70371824502944946 -0.77055847644805908 1.05548095703125 0.61417442560195923 1.0524553060531616
362.46820000559092 -0.82983219623565674 0.69868826866149902 0.68698722124099731 0.69947355985641479 -0.82732158899307251 1.0596569776535034 0.71250021457672119 1.071082592010498
462.03100000321865 -1.0730527639389038 0.62502884864807129 0.94593799114227295 0.62547624111175537 -1.3082919120788574 0.96866744756698608 1.2449855804443359 0.94267135858535767
567.8885000012815 -1.1883485317230225 0.53225904703140259 1.0298094749450684 0.52990901470184326 -1.6086201667785645 0.80207419395446777 1.7142059803009033 0.72397452592849731
665.39829999953508 -1.2514039278030396 0.43601265549659729 1.2843165397644043 0.40405064821243286 -1.9830410480499268 0.48460763692855835 2.1417167186737061 0.32319650053977966
770.42009999975562 -1.1575278043746948 0.41415131092071533 1.1140048503875732 0.36881285905838013 -1.8423086404800415 0.31583735346794128 1.7222919464111328 0.21058286726474762
869.33000000193715 -1.2417740821838379 0.44089430570602417 1.1883511543273926 0.43468794226646423 -1.9077949523925781 0.32517129182815552 1.8221265077590942 0.26440215110778809
972.26340000331402 -1.1782954931259155 0.48488122224807739 1.0748722553253174 0.48527795076370239 -1.8484776020050049 0.45446488261222839 1.9706542491912842 0.42875772714614868
1075.6010000035167 -1.0189948081970215 0.58447849750518799 0.9400327205657959 0.5966799259185791 -1.5510252714157104 0.85206830501556396 1.5994271039962769 0.82043421268463135
1176.4240000024438 -1.0567055940628052 0.61459404230117798 0.97375613451004028 0.59740692377090454 -1.4474142789840698 0.93714547157287598 1.4627008438110352 0.84947788715362549
1287.4063000008464 -1.1667604446411133 0.53570544719696045 1.0153080224990845 0.55333781242370605 -1.7077378034591675 0.78224086761474609 1.669913649559021 0.75409775972366333
1394.7331000007689 -1.1666592359542847 0.48387610912322998 1.0992183685302734 0.52425068616867065 -1.8736115694046021 0.70559471845626831 1.8279834985733032 0.65175735950469971
1496.9025999978185 -1.1571547985076904 0.40548881888389587 1.1643024682998657 0.36230096220970154 -1.8539997339248657 0.35305860638618469 1.8000255823135376 0.25849911570549011
1604.4490999989212 -1.11680006980896 0.39780804514884949 1.0933181047439575 0.36561354994773865 -1.7737590074539185 0.29520577192306519 1.6950678825378418 0.20874659717082977
1711.7952999994159 -1.2109580039978027 0.44403514266014099 1.0660953521728516 0.44577950239181519 -1.8725802898406982 0.34437912702560425 1.7834510803222656 0.30498790740966797
1825.9111000038683 -1.0194227695465088 0.5713847279548645 1.0129318237304688 0.56585925817489624 -1.693375825881958 0.79901283979415894 1.7742611169815063 0.73353284597396851
1931.5828000046313 -1.0353717803955078 0.61607515811920166 0.98239076137542725 0.60005158185958862 -1.4544723033905029 0.91508179903030396 1.5582842826843262 0.87297207117080688
