43.116900000721216 -0.69497394561767578 0.68889182806015015 0.6994936466217041 0.6743243932723999 -0.66554361581802368 1.0329607725143433 0.64961576461791992 1.0545854568481445
149.56709999963641 -0.69500720500946045 0.68670988082885742 0.69793975353240967 0.67244625091552734 -0.65673696994781494 1.0337538719177246 0.65298998355865479 1.0538023710250854
263.51529999822378 -0.68957841396331787 0.69554424285888672 0.70171219110488892 0.67872679233551025 -0.65492111444473267 1.0434190034866333 0.65412020683288574 1.0666888952255249
367.25919999927282 -0.69023525714874268 0.68871331214904785 0.70604473352432251 0.67205232381820679 -0.65984588861465454 1.0338025093078613 0.66204243898391724 1.0491893291473389
469.22649999707937 -0.68042385578155518 0.68980294466018677 0.71891820430755615 0.67491215467453003 -0.75184899568557739 1.0324198007583618 0.67601782083511353 1.0556927919387817
560.04189999774098 -0.76690566539764404 0.68645894527435303 0.72703796625137329 0.67002522945404053 -1.0229414701461792 1.0184363126754761 0.66527938842773438 1.0569055080413818
659.09099999815226 -1.0704044103622437 0.58253258466720581 0.73781943321228027 0.66088402271270752 -1.7403565645217896 0.84474951028823853 0.68217086791992188 1.0567582845687866
753.25 -1.2659311294555664 0.51049506664276123 0.75208175182342529 0.67160135507583618 -2.0238704681396484 0.6641535758972168 0.68990468978881836 1.0625839233398438
851.64259999617934 -1.3525922298431396 0.30648133158683777 0.66403883695602417 0.67841094732284546 -2.3324174880981445 0.24813884496688843 0.61586600542068481 1.0543533563613892
949.32929999753833 -1.2797056436538696 0.2033277302980423 0.65169858932495117 0.68843340873718262 -2.0993447303771973 0.055784359574317932 0.61674225330352783 1.0746486186981201
1044.450900003314 -1.096401572227478 0.039845891296863556 0.67755889892578125 0.67399221658706665 -1.5320290327072144 -0.22713810205459595 0.66024565696716309 1.0479985475540161
1144.7244999967515 -0.99214404821395874 -0.048792947083711624 0.75794863700866699 0.67572146654129028 -1.1604872941970825 -0.35553646087646484 0.72270524501800537 1.0683567523956299
1233.0148999989033 -0.93895417451858521 -0.11547751724720001 0.77782976627349854 0.66435813903808594 -0.80311644077301025 -0.4383147656917572 0.72440099716186523 1.0717450380325317
1332.6418999955058 -0.91865617036819458 -0.11665704846382141 0.78222143650054932 0.66577285528182983 -0.65135496854782104 -0.43024808168411255 0.71211886405944824 1.0657141208648682
1426.131099998951 -0.81487196683883667 -0.1234913170337677 0.77547276020050049 0.66055971384048462 -0.3519824743270874 -0.42845582962036133 0.73435807228088379 1.0624277591705322
1527.4448000006378 -0.82721215486526489 -0.1345178633928299 0.77787470817565918 0.66409313678741455 -0.29845127463340759 -0.45079904794692993 0.73505908250808716 1.0722379684448242
1621.4829999953508 -0.8612404465675354 -0.13584667444229126 0.76639795303344727 0.66220957040786743 -0.3097759485244751 -0.44970634579658508 0.71522140502929688 1.066521167755127
1712.6004999987781 -0.86501294374465942 -0.12567161023616791 0.76691144704818726 0.66365450620651245 -0.35142931342124939 -0.44079005718231201 0.73057973384857178 1.0630699396133423
1808.0883999988437 -0.8743588924407959 -0.11978854984045029 0.78484433889389038 0.65952527523040771 -0.39305785298347473 -0.42590039968490601 0.75590461492538452 1.0608674287796021
1902.855499997735 -0.88063323497772217 -0.11691229045391083 0.7819523811340332 0.65829378366470337 -0.42357587814331055 -0.42228609323501587 0.75909906625747681 1.0569038391113281
