50.421800000593066 -0.63776189088821411 0.49075719714164734 0.7143484354019165 0.4665868878364563 -0.54016375541687012 0.76809102296829224 0.70293629169464111 0.76180851459503174
151.13320000097156 -0.63078093528747559 0.4831775426864624 0.71941322088241577 0.46726104617118835 -0.5381094217300415 0.76531583070755005 0.71693062782287598 0.76256072521209717
251.12280000001192 -0.63440483808517456 0.48612061142921448 0.71470427513122559 0.46998554468154907 -0.55087566375732422 0.7629048228263855 0.71395254135131836 0.76280826330184937
353.1499000005424 -0.62972360849380493 0.47972932457923889 0.72223436832427979 0.47062069177627563 -0.54377400875091553 0.75969976186752319 0.7206616997718811 0.75868338346481323
456.32360000070184 -0.62500917911529541 0.48718070983886719 0.72089439630508423 0.47173666954040527 -0.53294229507446289 0.75944846868515015 0.69703519344329834 0.76882463693618774
556.27599999960512 -0.59372270107269287 0.48896270990371704 0.74704164266586304 0.47233426570892334 -0.51636767387390137 0.76138520240783691 0.73601645231246948 0.76875722408294678
653.82819999940693 -0.60063892602920532 0.4863516092300415 0.80692195892333984 0.467429518699646 -0.50778144598007202 0.76692730188369751 0.82791835069656372 0.77050793170928955
754.74430000130087 -0.6818879246711731 0.47915607690811157 0.83392059803009033 0.46755051612854004 -0.57925599813461304 0.76102215051651001 0.93688201904296875 0.77190947532653809
856.22130000032485 -0.67165476083755493 0.46760451793670654 0.62021064758300781 0.28594151139259338 -0.57395124435424805 0.76363521814346313 1.0817967653274536 0.38405075669288635
952.62510000076145 -0.68574762344360352 0.46125495433807373 0.9169507622718811 0.2113659679889679 -0.60634660720825195 0.75169885158538818 1.178863525390625 0.24789804220199585
1052.2545000007376 -0.51831859350204468 0.44622817635536194 1.1121004819869995 0.061554521322250366 -0.4845481812953949 0.75322061777114868 1.0837931632995605 -0.15430359542369843
1147.8591000009328 -0.5060921311378479 0.45247495174407959 1.1936230659484863 0.042299874126911163 -0.48318994045257568 0.75953245162963867 1.4072275161743164 -0.14544132351875305
1244.9066000003368 -0.67889976501464844 0.4546971321105957 1.0118852853775024 0.062139786779880524 -0.64514386653900146 0.76074725389480591 0.87702298164367676 -0.17699895799160004
1344.6586999995634 -0.61734884977340698 0.45629340410232544 1.1837115287780762 0.013381726108491421 -0.56413507461547852 0.75786632299423218 0.65801119804382324 -0.22449098527431488
1439.9380999999121 -0.59744954109191895 0.45927524566650391 1.067590594291687 0.0022104987874627113 -0.54190516471862793 0.76394504308700562 0.57080924510955811 -0.22548267245292664
1532.6417000005022 -0.64643567800521851 0.46019679307937622 0.92155450582504272 0.052208028733730316 -0.59100240468978882 0.76661086082458496 0.57932007312774658 -0.23163513839244843
1632.0900999996811 -0.63400155305862427 0.45495522022247314 1.0688172578811646 0.0080378996208310127 -0.58579915761947632 0.75993818044662476 0.55440175533294678 -0.23334823548793793
1731.0933000007644 -0.61548244953155518 0.45486322045326233 1.0641331672668457 0.018100818619132042 -0.56888753175735474 0.7659604549407959 0.57497590780258179 -0.22826269268989563
1826.3450000006706 -0.65089982748031616 0.46103113889694214 1.1123497486114502 0.0070431479252874851 -0.60953545570373535 0.77094244956970215 0.62694483995437622 -0.21523188054561615
1949.037100000307 -0.6525418758392334 0.45115834474563599 1.0636489391326904 0.0054080523550510406 -0.60670173168182373 0.76702648401260376 0.57134515047073364 -0.22769230604171753
