41.918399999849498 -0.58732068538665771 0.45828557014465332 0.66538935899734497 0.43036660552024841 -0.48519822955131531 0.71699541807174683 0.76052498817443848 0.66352248191833496
174.57959999889135 -0.46677422523498535 0.45695257186889648 0.6514696478843689 0.43550631403923035 -0.46759891510009766 0.71346360445022583 0.75444340705871582 0.67956757545471191
315.29719999898225 -0.46794825792312622 0.46365854144096375 0.67125964164733887 0.4381701648235321 -0.51262611150741577 0.72572058439254761 0.77732956409454346 0.67567294836044312
445.17109999898821 -0.59012645483016968 0.45866096019744873 0.67194455862045288 0.43488022685050964 -0.49388167262077332 0.71890455484390259 0.78006976842880249 0.67570823431015015
562.20869999937713 -0.56481164693832397 0.45798555016517639 0.71284759044647217 0.42722755670547485 -0.50302803516387939 0.7160910964012146 0.86014974117279053 0.66202062368392944
691.11869999859482 -0.8106682300567627 0.44907906651496887 0.6131293773651123 0.41254901885986328 -0.80238747596740723 0.71782094240188599 0.87331503629684448 0.62387222051620483
822.72460000030696 -0.86046534776687622 0.36100342869758606 0.84538346529006958 0.35528028011322021 -0.90881001949310303 0.53128457069396973 0.90195262432098389 0.41598513722419739
949.5511999996379 -0.82812255620956421 0.15412859618663788 1.2488958835601807 0.11698128283023834 -0.38681992888450623 0.054118409752845764 1.367932915687561 0.10914669185876846
1077.9762999992818 -1.4183517694473267 0.057279258966445923 1.1964608430862427 0.041275214403867722 -1.9294530153274536 0.044304005801677704 2.0053610801696777 -0.081730589270591736
1200.6469999998808 -1.1263012886047363 0.013881468214094639 0.59466499090194702 -0.011251479387283325 -1.175972580909729 -0.1724579930305481 0.88112914562225342 -0.20009692013263702
1331.9100999990478 -1.2405903339385986 -0.018311815336346626 0.51602435111999512 -0.021625060588121414 -1.1274107694625854 -0.13370901346206665 0.54457730054855347 -0.14316309988498688
1461.9895999990404 -1.263067364692688 -0.069629751145839691 0.55863022804260254 -0.052101258188486099 -0.86280333995819092 -0.18814471364021301 0.59931349754333496 -0.14144586026668549
1580.1505999993533 -1.2121666669845581 -0.080529831349849701 0.57959049940109253 -0.02988155372440815 -1.0075638294219971 -0.21112048625946045 0.55674612522125244 -0.13657993078231812
1704.4756999993697 -1.2845982313156128 -0.085988126695156097 0.50772714614868164 -0.04984118789434433 -0.96365714073181152 -0.23995572328567505 0.6487421989440918 -0.14995355904102325
1813.1121999984607 -1.2531384229660034 -0.06875232607126236 0.58111411333084106 -0.037209775298833847 -1.0655808448791504 -0.20268267393112183 0.64395314455032349 -0.12559719383716583
1921.3731999993324 -1.3099678754806519 -0.085696116089820862 0.44837892055511475 -0.060828562825918198 -1.0147942304611206 -0.23189499974250793 0.63459473848342896 -0.1392567902803421
