17.76209999807179 -0.78039401769638062 0.66200155019760132 0.55850517749786377 0.65538346767425537 -0.7217448353767395 1.0210541486740112 0.5536913275718689 0.98264145851135254
104.18520000018179 -0.77728891372680664 0.65762072801589966 0.56761360168457031 0.65380561351776123 -0.71768420934677124 1.0178109407424927 0.55450695753097534 0.98737692832946777
194.7626999989152 -0.79470658302307129 0.65528333187103271 0.59445565938949585 0.65472275018692017 -0.74792921543121338 1.0232218503952026 0.54420125484466553 0.98003906011581421
280.67009999975562 -0.80599337816238403 0.65710258483886719 0.61209625005722046 0.63496065139770508 -0.74817460775375366 1.0254045724868774 0.56549638509750366 0.90649998188018799
367.70069999992847 -0.80830258131027222 0.67491000890731812 0.64677578210830688 0.6922028660774231 -0.76410728693008423 1.0255680084228516 0.32034537196159363 0.67529302835464478
452.05189999938011 -0.77962803840637207 0.66373008489608765 0.60094577074050903 0.6607622504234314 -0.76051443815231323 1.0209510326385498 0.25545701384544373 0.44661584496498108
540.73659999854863 -0.88228476047515869 0.65004301071166992 0.44854927062988281 0.64277905225753784 -0.87140834331512451 1.0012954473495483 0.08208918571472168 0.27898064255714417
627.66159999929368 -0.8826567530632019 0.6512758731842041 0.37171843647956848 0.62454217672348022 -0.89912152290344238 1.0138413906097412 0.052693378180265427 0.26765421032905579
713.83479999750853 -0.89143341779708862 0.63991045951843262 0.35182124376296997 0.64027285575866699 -0.918651282787323 1.0108391046524048 0.0261370949447155 0.26086476445198059
800.6454999987036 -0.84628427028656006 0.66149455308914185 0.3453647792339325 0.64759403467178345 -0.86618238687515259 1.0187739133834839 0.21814920008182526 0.55731028318405151
883.47749999724329 -0.87567394971847534 0.67051661014556885 0.38750457763671875 0.65469354391098022 -0.88538724184036255 1.0278971195220947 0.27237555384635925 0.70525622367858887
970.42989999987185 -0.89233344793319702 0.64906442165374756 0.37959325313568115 0.64010345935821533 -0.90146094560623169 0.9939568042755127 0.25504046678543091 0.70075076818466187
1055.7569999974221 -0.87108701467514038 0.6655648946762085 0.38687548041343689 0.65009909868240356 -0.88076162338256836 1.024918794631958 0.26220124959945679 0.69285565614700317
1144.0444999970496 -0.87292850017547607 0.66220015287399292 0.3995017409324646 0.65015625953674316 -0.88216924667358398 1.021242618560791 0.27820670604705811 0.68950545787811279
1231.5775999985635 -0.84246087074279785 0.66467732191085815 0.42749178409576416 0.64304256439208984 -0.85332131385803223 1.0166845321655273 0.28878945112228394 0.68547558784484863
1319.8142999988049 -0.840126633644104 0.6671329140663147 0.40875637531280518 0.65365922451019287 -0.85264134407043457 1.0216453075408936 0.28606796264648438 0.69659215211868286
1405.1489999964833 -0.8286585807800293 0.65923166275024414 0.42978346347808838 0.64932435750961304 -0.84566503763198853 1.0215662717819214 0.29913920164108276 0.69788265228271484
1492.3026999980211 -0.82889151573181152 0.65572357177734375 0.4330589771270752 0.63817530870437622 -0.8286241888999939 1.0145211219787598 0.30016332864761353 0.6979101300239563
1578.7545999977738 -0.85043567419052124 0.66559261083602905 0.39274400472640991 0.6429247260093689 -0.85122287273406982 1.0187954902648926 0.26370763778686523 0.7069668173789978
1664.8354999981821 -0.81480413675308228 0.65561693906784058 0.42836382985115051 0.64089369773864746 -0.80875992774963379 1.0091973543167114 0.29274493455886841 0.70652741193771362
1751.6618999987841 -0.8101380467414856 0.65103608369827271 0.41966322064399719 0.62774926424026489 -0.8118937611579895 1.0103834867477417 0.28737354278564453 0.73022133111953735
1839.0441999994218 -0.81625920534133911 0.66314667463302612 0.41763266921043396 0.63351714611053467 -0.80675774812698364 1.0274134874343872 0.3159385621547699 0.75022464990615845
1927.7532999999821 -0.80944287776947021 0.66075664758682251 0.41798332333564758 0.64430791139602661 -0.79372942447662354 1.0279003381729126 0.27977317571640015 0.79391562938690186
