107.28019999992102 -0.78331607580184937 0.64463365077972412 0.71345871686935425 0.65701723098754883 -0.89653199911117554 1.0258554220199585 0.74786359071731567 1.0104243755340576
222.63659999985248 -0.7860790491104126 0.63603693246841431 0.69437122344970703 0.65895295143127441 -0.89134716987609863 1.0117987394332886 0.71797603368759155 1.0115967988967896
345.47110000066459 -0.76260733604431152 0.63856470584869385 0.72638905048370361 0.66518276929855347 -0.80496972799301147 1.0295225381851196 0.74155712127685547 1.0152746438980103
472.88030000030994 -0.77863240242004395 0.63736790418624878 0.71658748388290405 0.66058814525604248 -0.90100312232971191 1.0159213542938232 0.76494896411895752 1.0128893852233887
593.23659999854863 -0.87100225687026978 0.61883068084716797 0.91066700220108032 0.65446740388870239 -1.1427714824676514 0.99343323707580566 1.1637492179870605 1.0102113485336304
701.21849999949336 -1.147462010383606 0.59142118692398071 1.0471129417419434 0.55810993909835815 -1.7342004776000977 0.9153296947479248 1.9187582731246948 0.80813908576965332
813.66199999954551 -1.2163814306259155 0.4266645610332489 1.3189535140991211 0.38210830092430115 -2.1537849903106689 0.61294609308242798 1.9921635389328003 0.48674991726875305
929.84620000049472 -1.1178280115127563 0.21688082814216614 1.5216056108474731 0.17540311813354492 -1.9779199361801147 0.028681747615337372 2.6639590263366699 -0.12058354169130325
1062.7753999987617 -1.6050980091094971 0.062238320708274841 1.3736286163330078 0.085347115993499756 -2.0639517307281494 -0.3477291464805603 2.2008655071258545 -0.27672490477561951
1168.5995999993756 -0.93687885999679565 -0.050337187945842743 1.0326290130615234 0.076363034546375275 -0.82751739025115967 -0.3767421543598175 1.4193803071975708 -0.092778883874416351
1287.336299999617 -1.0643538236618042 -0.10053151100873947 0.76067042350769043 -0.0094979824498295784 -0.96373450756072998 -0.3894534707069397 0.77367264032363892 -0.27581018209457397
1405.7496999995783 -1.0386661291122437 -0.10034330189228058 0.64581990242004395 -0.075986124575138092 -0.96662431955337524 -0.31257152557373047 0.4579429030418396 -0.30371391773223877
1512.8879999993369 -0.98884850740432739 -0.10427821427583694 0.63299715518951416 -0.064428560435771942 -0.89360231161117554 -0.30382129549980164 0.49425780773162842 -0.31032213568687439
1628.8454999988899 -0.96334159374237061 -0.10442531853914261 0.66627317667007446 -0.080071404576301575 -0.9500579833984375 -0.37749689817428589 0.49909552931785583 -0.32768586277961731
1740.1780000003055 -0.9374052882194519 -0.10677517950534821 0.67232441902160645 -0.059756755828857422 -0.91342777013778687 -0.3674602210521698 0.51344507932662964 -0.26513072848320007
1851.6749999988824 -0.97574257850646973 -0.10671734064817429 0.65598100423812866 -0.073677122592926025 -0.87357181310653687 -0.37535738945007324 0.45447796583175659 -0.3430098295211792
1968.0348999993876 -0.95445543527603149 -0.12546034157276154 0.63072097301483154 -0.055074360221624374 -0.70925915241241455 -0.36082011461257935 0.45474478602409363 -0.32015380263328552
