90.168200000189245 -0.77035826444625854 0.48821279406547546 0.66812443733215332 0.50379699468612671 -0.79680776596069336 0.7650037407875061 0.73566228151321411 0.80278849601745605
187.93589999899268 -0.76986080408096313 0.48723700642585754 0.64748620986938477 0.49672526121139526 -0.77704524993896484 0.76597374677658081 0.72759014368057251 0.78946483135223389
282.22620000038296 -0.76990783214569092 0.48566216230392456 0.66096633672714233 0.50231623649597168 -0.78857797384262085 0.76081299781799316 0.73301166296005249 0.79197043180465698
384.17339999973774 -0.76813822984695435 0.48156020045280457 0.6622016429901123 0.49865713715553284 -0.78321957588195801 0.76089519262313843 0.73101633787155151 0.78829360008239746
480.75359999854118 -0.76471531391143799 0.48871609568595886 0.65834945440292358 0.50070405006408691 -0.77726495265960693 0.76533561944961548 0.73429286479949951 0.78828674554824829
577.50039999838918 -0.87840431928634644 0.49041241407394409 0.67260652780532837 0.49066227674484253 -0.82007908821105957 0.79810130596160889 0.83990168571472168 0.77209204435348511
669.52129999920726 -1.0120795965194702 0.49644675850868225 0.82355344295501709 0.46543136239051819 -0.82860934734344482 0.768352210521698 1.0741679668426514 0.74245589971542358
762.86389999929816 -0.99802678823471069 0.36522176861763 1.0065193176269531 0.36326500773429871 -1.5859497785568237 0.57810103893280029 1.4565485715866089 0.53105014562606812
860.00239999871701 -1.2061293125152588 0.32059594988822937 1.15946364402771 0.26233601570129395 -1.6613702774047852 0.34440502524375916 1.6423015594482422 0.329445481300354
958.00200000032783 -1.3496426343917847 0.23473143577575684 1.2693125009536743 0.14949339628219604 -1.5905314683914185 0.10248912870883942 1.4422361850738525 0.056584734469652176
1051.8951999992132 -1.1686147451400757 0.096212953329086304 0.96269428730010986 0.073447518050670624 -1.6162282228469849 -0.14034950733184814 1.0507775545120239 -0.11458169668912888
1146.0370999993756 -1.3566995859146118 0.041979361325502396 1.4542099237442017 0.069657720625400543 -1.3436275720596313 -0.21718268096446991 0.88561755418777466 -0.23489905893802643
1238.7877999991179 -1.0856839418411255 0.015907734632492065 1.5026947259902954 0.062018491327762604 -1.1546837091445923 -0.26268798112869263 0.76841813325881958 -0.25493472814559937
1337.1702999994159 -1.1734676361083984 -0.0046503907069563866 1.328774094581604 0.00034466851502656937 -1.1434837579727173 -0.26671743392944336 0.90241110324859619 -0.24969963729381561
1430.0933999996632 -1.1372030973434448 0.0011072099441662431 1.305530309677124 -0.010123984888195992 -1.1543334722518921 -0.27019882202148438 0.78890484571456909 -0.25332364439964294
1528.7928999997675 -1.1405981779098511 -0.003367515979334712 1.2447904348373413 -0.012742642313241959 -1.2088555097579956 -0.25445574522018433 0.68701839447021484 -0.25696060061454773
1622.9902999997139 -1.1760400533676147 -0.010572438128292561 1.1746903657913208 -0.00075258925789967179 -1.2523789405822754 -0.26535335183143616 0.7589561939239502 -0.25574088096618652
1715.7346000000834 -1.2040736675262451 -0.0076834703795611858 1.1055186986923218 -0.016542321071028709 -1.2419061660766602 -0.2615521252155304 0.98332458734512329 -0.23267664015293121
1810.8279999988154 -1.1790260076522827 -0.0034097142051905394 1.1735944747924805 -0.015845807269215584 -1.2936087846755981 -0.25770384073257446 0.82403463125228882 -0.25775536894798279
1909.661600000225 -1.1411756277084351 -0.0072139925323426723 1.0965473651885986 -0.014515337534248829 -1.2406675815582275 -0.26701533794403076 0.86186504364013672 -0.25275939702987671
