43.471300000324845 -0.76639014482498169 0.63459640741348267 0.57456284761428833 0.61178618669509888 -0.69426131248474121 0.93203192949295044 0.65383744239807129 0.92189514636993408
145.30719999782741 -0.75112068653106689 0.63422787189483643 0.60930526256561279 0.60871607065200806 -0.67602258920669556 0.9318312406539917 0.67577224969863892 0.92531496286392212
243.56629999913275 -0.74546384811401367 0.63304644823074341 0.59385561943054199 0.60991531610488892 -0.67703151702880859 0.9205893874168396 0.65873527526855469 0.92306047677993774
347.04559999890625 -0.73887360095977783 0.63668769598007202 0.59963279962539673 0.62166094779968262 -0.69962739944458008 0.93255788087844849 0.67806583642959595 0.93767726421356201
449.78869999758899 -0.74577432870864868 0.64285105466842651 0.70280236005783081 0.60780036449432373 -0.82895392179489136 0.94380837678909302 0.92854428291320801 0.92153531312942505
549.1629999987781 -0.86108213663101196 0.55850386619567871 0.90519982576370239 0.54054838418960571 -1.0945093631744385 0.84382897615432739 1.3695266246795654 0.79765939712524414
644.75739999674261 -1.1616379022598267 0.51341545581817627 1.093583345413208 0.42718157172203064 -1.7151567935943604 0.71736818552017212 1.8055016994476318 0.56464314460754395
743.66229999624193 -1.1855292320251465 0.41450318694114685 1.1723340749740601 0.36252567172050476 -1.73829185962677 0.49134132266044617 2.2049298286437988 0.3771381676197052
842.40049999952316 -1.1847440004348755 0.14240628480911255 1.1237822771072388 0.10396464169025421 -1.7675148248672485 0.0038052871823310852 1.8590033054351807 -0.11597205698490143
950.11610000021756 -1.1878688335418701 0.049686260521411896 1.1155704259872437 0.079364299774169922 -1.6594645977020264 -0.18406045436859131 1.6285842657089233 -0.27251127362251282
1053.2835999969393 -1.0729061365127563 -0.080367147922515869 1.0815278291702271 -0.059627830982208252 -1.0942758321762085 -0.3735983669757843 0.97478163242340088 -0.38428059220314026
1151.5830999985337 -0.96339875459671021 -0.12782277166843414 1.0454299449920654 -0.10006820410490036 -0.82177484035491943 -0.38202476501464844 0.77891629934310913 -0.39783057570457458
1249.98229999654 -0.9044194221496582 -0.12852206826210022 0.97682064771652222 -0.10490071028470993 -0.55516791343688965 -0.34110406041145325 0.51233577728271484 -0.33679628372192383
1349.6952999997884 -0.9014660120010376 -0.13276636600494385 0.98160314559936523 -0.10936875641345978 -0.51289600133895874 -0.33336281776428223 0.35580787062644958 -0.3447270393371582
1448.2665999997407 -0.88759708404541016 -0.13087378442287445 1.0071562528610229 -0.11104854196310043 -0.51142352819442749 -0.31981652975082397 0.34830105304718018 -0.34862926602363586
1548.9416999984533 -0.84749329090118408 -0.13048605620861053 0.95426881313323975 -0.11508225649595261 -0.49107620120048523 -0.32330378890037537 0.32695549726486206 -0.35311272740364075
1647.645799998194 -0.88869845867156982 -0.12764449417591095 1.0024780035018921 -0.1101887971162796 -0.53217405080795288 -0.32072892785072327 0.3659546971321106 -0.33415436744689941
1747.8578999973834 -0.87425881624221802 -0.13024081289768219 0.98232191801071167 -0.10737074911594391 -0.52174973487854004 -0.3112894594669342 0.36386635899543762 -0.3358212411403656
1844.5563999991864 -0.88062310218811035 -0.12636463344097137 0.98411852121353149 -0.11160138249397278 -0.5064660906791687 -0.32300606369972229 0.3336123526096344 -0.34373456239700317
1942.2797999996692 -0.9027855396270752 -0.13471345603466034 0.98235487937927246 -0.11015245318412781 -0.53249722719192505 -0.32117694616317749 0.3589988648891449 -0.33915388584136963
