76.777399999089539 -0.63135778903961182 0.4858376681804657 0.70959013700485229 0.46186456084251404 -0.54977911710739136 0.75743138790130615 0.74514508247375488 0.75956964492797852
195.55569999944419 -0.64291620254516602 0.48800814151763916 0.6970829963684082 0.46372038125991821 -0.56055748462677002 0.76399731636047363 0.73470503091812134 0.76191139221191406
324.43249999918044 -0.61065369844436646 0.48954159021377563 0.71938967704772949 0.46135032176971436 -0.51929718255996704 0.77047127485275269 0.76022440195083618 0.75608521699905396
440.67949999962002 -0.62588602304458618 0.49478840827941895 0.73528367280960083 0.46639934182167053 -0.52578699588775635 0.77358788251876831 0.78522104024887085 0.76042085886001587
561.68209999892861 -0.5445675253868103 0.47423690557479858 0.78084200620651245 0.45042294263839722 -0.44989818334579468 0.76440411806106567 0.83934086561203003 0.75199133157730103
681.46899999864399 -0.71095466613769531 0.45971983671188354 0.65938758850097656 0.37732723355293274 -0.61673808097839355 0.74568408727645874 1.1798026561737061 0.59777778387069702
803.0871999990195 -0.66300582885742188 0.46482643485069275 0.89731574058532715 0.23167282342910767 -0.59884005784988403 0.75470155477523804 1.1579861640930176 0.27033734321594238
920.40169999934733 -0.76257425546646118 0.46844226121902466 0.90891003608703613 0.16298028826713562 -0.72963982820510864 0.75777679681777954 1.0560179948806763 -0.041689939796924591
1029.9677999997512 -0.70793056488037109 0.46080508828163147 0.86693692207336426 0.072691917419433594 -0.7064594030380249 0.76141029596328735 0.80199140310287476 -0.18147081136703491
1144.0073999986053 -0.66767120361328125 0.45888757705688477 0.75703698396682739 0.063881345093250275 -0.64377522468566895 0.77337551116943359 0.64264702796936035 -0.19936758279800415
1266.356799999252 -0.63822567462921143 0.44955861568450928 0.8026578426361084 0.011491821147501469 -0.5946013331413269 0.75906813144683838 0.58685612678527832 -0.2123454213142395
1374.9846999989823 -0.63460242748260498 0.45356225967407227 0.79768705368041992 0.055185802280902863 -0.57821178436279297 0.74938815832138062 0.65711504220962524 -0.1954381912946701
1495.5003999993205 -0.64761388301849365 0.45513781905174255 1.0710196495056152 0.031587228178977966 -0.58433204889297485 0.75414377450942993 0.64509576559066772 -0.19825364649295807
1616.9868999989703 -0.64493638277053833 0.45520243048667908 1.0822913646697998 0.027276946231722832 -0.58414542675018311 0.74909764528274536 0.6664465069770813 -0.19656117260456085
1733.0406999988481 -0.63064283132553101 0.45597577095031738 1.0773471593856812 0.026263922452926636 -0.57047861814498901 0.75459891557693481 0.6501392126083374 -0.19911205768585205
1852.3386999992654 -0.63202273845672607 0.45819550752639771 0.76026946306228638 0.057370413094758987 -0.56566989421844482 0.75498521327972412 0.61632513999938965 -0.20041173696517944
1976.0509999990463 -0.64235407114028931 0.45322069525718689 0.79932856559753418 0.054475594311952591 -0.57093828916549683 0.75120407342910767 0.66278553009033203 -0.20097742974758148
