39.402300000190735 -0.74996322393417358 0.65730446577072144 0.5679207444190979 0.66349804401397705 -0.68268692493438721 1.031368613243103 0.50024682283401489 1.0023891925811768
128.25520000047982 -0.72866404056549072 0.65517812967300415 0.58043837547302246 0.66469752788543701 -0.66348648071289063 1.0297712087631226 0.5075652003288269 1.0089691877365112
213.28810000047088 -0.72827738523483276 0.65011292695999146 0.57964193820953369 0.66072893142700195 -0.65936112403869629 1.0225837230682373 0.50968194007873535 1.0000748634338379
299.52410000190139 -0.72096198797225952 0.64923441410064697 0.59615170955657959 0.66156327724456787 -0.65022826194763184 1.0233314037322998 0.52258116006851196 1.0029648542404175
389.30650000087917 -0.73509925603866577 0.64557045698165894 0.6090436577796936 0.66065585613250732 -0.67755973339080811 1.0163643360137939 0.51267862319946289 0.97633492946624756
471.97300000116229 -0.76230549812316895 0.65449690818786621 0.62311577796936035 0.64269548654556274 -0.70159083604812622 1.0108270645141602 0.53979408740997314 0.9111030101776123
556.94940000027418 -0.75929200649261475 0.67306959629058838 0.59434467554092407 0.67922592163085938 -0.69851452112197876 1.0385422706604004 0.36881557106971741 0.76538693904876709
639.12000000104308 -0.78863590955734253 0.65770161151885986 0.48479461669921875 0.66820496320724487 -0.77411371469497681 1.0329651832580566 0.070092283189296722 0.38559925556182861
727.65700000151992 -0.77390003204345703 0.64906883239746094 0.37466302514076233 0.61473941802978516 -0.77946966886520386 1.0188242197036743 0.075556866824626923 0.28793370723724365
811.35989999957383 -0.82183706760406494 0.65239661931991577 0.33226534724235535 0.60605144500732422 -0.85279351472854614 1.0234384536743164 0.043874107301235199 0.26034086942672729
900.9377000015229 -0.812144935131073 0.64621520042419434 0.36088863015174866 0.60454946756362915 -0.86551588773727417 1.0084830522537231 0.065602406859397888 0.25715330243110657
988.78319999948144 -0.82816988229751587 0.65472239255905151 0.35278770327568054 0.61241132020950317 -0.86302179098129272 1.0195766687393188 0.0059338393621146679 0.33457463979721069
1075.5915999989957 -0.79653096199035645 0.66193318367004395 0.32178393006324768 0.60664904117584229 -0.84324854612350464 1.0163897275924683 -0.038747183978557587 0.39729782938957214
1162.6083000004292 -0.78648644685745239 0.66330105066299438 0.29923704266548157 0.62100476026535034 -0.8426329493522644 1.0352669954299927 0.2096172422170639 0.56250405311584473
1248.3811999987811 -0.78721398115158081 0.64692002534866333 0.29638350009918213 0.64610487222671509 -0.84450381994247437 1.0120788812637329 0.20493605732917786 0.5769047737121582
1334.8176000006497 -0.78779733180999756 0.63658791780471802 0.28886258602142334 0.64540904760360718 -0.8470839262008667 1.0027058124542236 0.19798429310321808 0.57799249887466431
1417.5018000025302 -0.79419845342636108 0.63403767347335815 0.27668064832687378 0.63900691270828247 -0.86477935314178467 0.99674010276794434 0.21331098675727844 0.56835842132568359
1505.5577000007033 -0.79322844743728638 0.64618170261383057 0.29172909259796143 0.6435929536819458 -0.86631745100021362 1.0160843133926392 0.21371845901012421 0.55917418003082275
1590.2163999993354 -0.81019395589828491 0.65147608518600464 0.29363995790481567 0.65444540977478027 -0.86921894550323486 1.0228835344314575 0.21018415689468384 0.56256872415542603
1672.7737000007182 -0.80345445871353149 0.64723289012908936 0.29624748229980469 0.65105998516082764 -0.87251389026641846 1.01584792137146 0.21353542804718018 0.55928617715835571
1760.2436000015587 -0.78862172365188599 0.64924108982086182 0.30451714992523193 0.65503042936325073 -0.84459382295608521 1.0201901197433472 0.23400552570819855 0.59180742502212524
1846.0650000013411 -0.76780062913894653 0.64086562395095825 0.33634525537490845 0.64657002687454224 -0.8314821720123291 1.0069618225097656 0.25148186087608337 0.55449086427688599
1933.599600000307 -0.79369848966598511 0.65342336893081665 0.32371413707733154 0.65329760313034058 -0.84766101837158203 1.0246114730834961 0.22393462061882019 0.56032299995422363
