44.371999999508262 -0.82046937942504883 0.68430382013320923 0.56883364915847778 0.67600661516189575 -0.78197729587554932 1.0399987697601318 0.63601279258728027 1.024345874786377
159.42929999902844 -0.83049571514129639 0.68959629535675049 0.55368691682815552 0.67958682775497437 -0.79020929336547852 1.0435160398483276 0.62164968252182007 1.0338664054870605
272.95529999956489 -0.82029426097869873 0.69014436006546021 0.56117886304855347 0.67747968435287476 -0.78421223163604736 1.0484510660171509 0.62243372201919556 1.0277214050292969
385.6123000010848 -0.81325769424438477 0.69028079509735107 0.57374149560928345 0.68488568067550659 -0.78241842985153198 1.0489053726196289 0.62785208225250244 1.0445120334625244
505.03509999997914 -0.81878858804702759 0.68552011251449585 0.67817765474319458 0.64364880323410034 -0.79430139064788818 1.0432807207107544 0.84264236688613892 0.98544073104858398
621.44129999913275 -0.81322354078292847 0.66762256622314453 0.97363674640655518 0.60850739479064941 -0.79592722654342651 1.0098485946655273 1.5334190130233765 0.90080428123474121
731.416400000453 -0.7933356761932373 0.65836644172668457 1.2270423173904419 0.49460360407829285 -0.76943999528884888 0.99772655963897705 1.99310302734375 0.68259704113006592
846.77759999968112 -0.76271724700927734 0.67289924621582031 1.3156673908233643 0.35166046023368835 -0.72696435451507568 1.01270592212677 2.1846530437469482 0.36995396018028259
969.23299999907613 -0.73283350467681885 0.6782953143119812 1.2132976055145264 0.19597457349300385 -0.71224284172058105 1.0183951854705811 1.8835278749465942 0.010982551611959934
1082.565399998799 -0.72802859544754028 0.66789931058883667 1.1673401594161987 0.073651887476444244 -0.66629177331924438 1.0078736543655396 1.4934104681015015 -0.24080239236354828
1193.0142999999225 -0.77461344003677368 0.66187185049057007 1.1082355976104736 0.020490791648626328 -0.6884772777557373 1.0190905332565308 1.202843189239502 -0.32560232281684875
1309.7967999987304 -0.80863243341445923 0.67311525344848633 1.0282822847366333 -0.061963997781276703 -0.72456765174865723 1.0392799377441406 0.88214987516403198 -0.4002673327922821
1424.904399998486 -0.83054220676422119 0.69346863031387329 1.0193159580230713 -0.077206224203109741 -0.73581349849700928 1.0772109031677246 0.71757769584655762 -0.42109131813049316
1530.8090000003576 -0.8547026515007019 0.68976837396621704 0.98743420839309692 -0.10363451391458511 -0.76558059453964233 1.060865044593811 0.51150786876678467 -0.4064006507396698
1645.8218999989331 -0.84228020906448364 0.69909477233886719 0.97030138969421387 -0.098730437457561493 -0.74765539169311523 1.0753656625747681 0.50637936592102051 -0.39695152640342712
1761.2195999994874 -0.8329504132270813 0.69462257623672485 0.94988161325454712 -0.077567882835865021 -0.75352996587753296 1.0706436634063721 0.50955796241760254 -0.39146879315376282
1871.5429999995977 -0.83563923835754395 0.67250943183898926 0.97593402862548828 -0.071628913283348083 -0.75950169563293457 1.0317575931549072 0.53715628385543823 -0.38164594769477844
1988.6706999987364 -0.86778736114501953 0.68181318044662476 0.96478837728500366 -0.06988053023815155 -0.77774959802627563 1.0512462854385376 0.53106385469436646 -0.38983350992202759
