62.743800003081567 -0.7226177453994751 0.6874423623085022 0.65463078022003174 0.67729151248931885 -0.68755686283111572 1.0489400625228882 0.64032202959060669 1.0383313894271851
166.32449999824166 -0.7204211950302124 0.68147963285446167 0.63951218128204346 0.67238318920135498 -0.69236814975738525 1.0425693988800049 0.63141518831253052 1.0350329875946045
270.10750000551343 -0.7243226170539856 0.69363248348236084 0.65411460399627686 0.68207472562789917 -0.69535648822784424 1.0507392883300781 0.63973569869995117 1.0483105182647705
370.83929999917746 -0.75772637128829956 0.67530196905136108 0.6543654203414917 0.68087846040725708 -0.72426587343215942 1.0357946157455444 0.65000790357589722 1.0535564422607422
475.48420000076294 -0.82210934162139893 0.64418715238571167 0.74282658100128174 0.63131880760192871 -1.0542912483215332 0.98039966821670532 0.95471638441085815 0.9870179295539856
570.77380000427365 -1.046409010887146 0.59276717901229858 1.0290608406066895 0.58632022142410278 -1.5171655416488647 0.89076685905456543 1.5106140375137329 0.86685663461685181
663.86850000172853 -1.3190518617630005 0.45059171319007874 1.2813026905059814 0.44458746910095215 -2.0586066246032715 0.62044274806976318 2.0800743103027344 0.60444551706314087
758.84910000115633 -1.2161282300949097 0.22091525793075562 1.1902041435241699 0.20804840326309204 -2.033517599105835 0.11094587296247482 1.9401013851165771 0.075422599911689758
854.82080000266433 -1.1177443265914917 0.10586681962013245 1.2006145715713501 0.11246924102306366 -1.83172607421875 -0.11058986932039261 1.7321798801422119 -0.13970351219177246
959.05620000511408 -1.0327907800674438 0.047303885221481323 1.2306666374206543 0.028972981497645378 -1.5260542631149292 -0.21760323643684387 1.5709919929504395 -0.26972061395645142
1057.0307999998331 -1.024911642074585 -0.12467511743307114 1.0941402912139893 -0.069575183093547821 -0.9004252552986145 -0.40358415246009827 0.94447720050811768 -0.38736778497695923
1149.8099000044167 -1.0420140027999878 -0.12926650047302246 1.0981599092483521 -0.11332882940769196 -0.77251654863357544 -0.42242372035980225 0.79220128059387207 -0.41142955422401428
1261.429200001061 -1.0251204967498779 -0.13625362515449524 1.0773794651031494 -0.13277542591094971 -0.53793132305145264 -0.43436732888221741 0.46387681365013123 -0.43056792020797729
1350.3852000012994 -1.0164060592651367 -0.12489897757768631 1.0592131614685059 -0.12849660217761993 -0.50645315647125244 -0.42466697096824646 0.43831577897071838 -0.43418082594871521
1442.9325000010431 -1.0064218044281006 -0.1130874902009964 1.0757368803024292 -0.12516243755817413 -0.51940464973449707 -0.4135461151599884 0.41538521647453308 -0.44002258777618408
1542.3035000041127 -1.0094243288040161 -0.11356451362371445 1.0586155652999878 -0.12669125199317932 -0.53459447622299194 -0.4085252583026886 0.43255090713500977 -0.43721398711204529
1637.8366000019014 -0.99433630704879761 -0.11090294271707535 1.0500154495239258 -0.12763422727584839 -0.50564712285995483 -0.40482679009437561 0.35992595553398132 -0.44436720013618469
1735.8744999989867 -1.0161788463592529 -0.10690382122993469 1.0443578958511353 -0.12196743488311768 -0.53309452533721924 -0.3937075138092041 0.39125874638557434 -0.43089544773101807
1829.6911999993026 -1.0201797485351563 -0.10681435465812683 1.0397952795028687 -0.12415099143981934 -0.55419546365737915 -0.39399737119674683 0.36677780747413635 -0.43493562936782837
1926.1792000047863 -1.0236856937408447 -0.11054608225822449 1.0558024644851685 -0.12909458577632904 -0.54097431898117065 -0.40083831548690796 0.38158559799194336 -0.4361158013343811
