41.138399988412857 -0.73396313190460205 0.78887647390365601 0.62984520196914673 0.75324392318725586 -0.74705690145492554 1.1695781946182251 0.6174197793006897 1.1150693893432617
133.07640001177788 -0.7643466591835022 0.79291415214538574 0.63591939210891724 0.75505995750427246 -0.77128869295120239 1.17093825340271 0.62093907594680786 1.1190681457519531
219.3572999984026 -0.76400518417358398 0.78679347038269043 0.64428532123565674 0.76233077049255371 -0.78301054239273071 1.1617108583450317 0.65050595998764038 1.1321014165878296
309.02010001242161 -0.76835125684738159 0.77545487880706787 0.63581651449203491 0.76126635074615479 -0.78682982921600342 1.1486408710479736 0.65289962291717529 1.1344308853149414
399.49499998986721 -0.75473695993423462 0.79320496320724487 0.63951671123504639 0.75304663181304932 -0.80293542146682739 1.179507851600647 0.68355995416641235 1.1186203956604004
488.67370000481606 -0.74107187986373901 0.78978121280670166 0.6587335467338562 0.74868017435073853 -0.82532680034637451 1.1754430532455444 0.73855936527252197 1.1295987367630005
575.13660000264645 -0.78015214204788208 0.75623029470443726 0.78257489204406738 0.74925172328948975 -1.0254032611846924 1.1586531400680542 1.033490777015686 1.144991397857666
667.21020001173019 -1.0492987632751465 0.65958493947982788 1.0762559175491333 0.62187379598617554 -1.5542253255844116 0.91639059782028198 1.7337746620178223 0.95027697086334229
756.04949998855591 -1.2213186025619507 0.63359922170639038 1.239993691444397 0.57935243844985962 -1.8677545785903931 0.82174712419509888 2.1131949424743652 0.76830226182937622
851.97020000219345 -1.3435027599334717 0.46213677525520325 1.4015233516693115 0.40768593549728394 -2.121220588684082 0.54195868968963623 2.2584068775177002 0.3963322639465332
942.81859999895096 -1.190584659576416 0.34145539999008179 1.2087551355361938 0.24649533629417419 -1.9610475301742554 0.32185050845146179 2.0080320835113525 0.1318509578704834
1034.0092000067234 -1.1714446544647217 0.18106392025947571 1.0986728668212891 0.14304350316524506 -1.7938995361328125 0.0032414321321994066 1.5983362197875977 -0.12352911382913589
1119.1907999962568 -1.0905055999755859 0.07497069239616394 1.058260440826416 -0.0042309197597205639 -1.5072212219238281 -0.20676113665103912 1.3623497486114502 -0.34246647357940674
1209.3774999976158 -1.1201765537261963 -0.030437400564551353 0.98127686977386475 -0.02123887836933136 -1.1661233901977539 -0.38065698742866516 0.98555546998977661 -0.39095494151115417
1299.6511999964714 -1.0648607015609741 -0.075558513402938843 0.97227185964584351 -0.044795464724302292 -0.95860540866851807 -0.37973508238792419 0.86169552803039551 -0.38834249973297119
1391.0497999936342 -0.95278781652450562 -0.12747402489185333 0.9035753607749939 -0.10914309322834015 -0.76619935035705566 -0.37020227313041687 0.57731938362121582 -0.32505267858505249
1479.0702999979258 -0.90601390600204468 -0.14275071024894714 0.90902495384216309 -0.13443769514560699 -0.61555969715118408 -0.38626238703727722 0.42897215485572815 -0.35984665155410767
1569.6272999942303 -0.86729943752288818 -0.13654203712940216 0.87727868556976318 -0.13268767297267914 -0.56364226341247559 -0.3891163170337677 0.38028046488761902 -0.36046069860458374
1665.983000010252 -0.86034893989562988 -0.1343742161989212 0.86323606967926025 -0.13215716183185577 -0.55846476554870605 -0.37665778398513794 0.36548465490341187 -0.35884422063827515
1754.1815000027418 -0.85257941484451294 -0.14158923923969269 0.88939887285232544 -0.14330689609050751 -0.5395432710647583 -0.38947275280952454 0.35530251264572144 -0.38678067922592163
1842.4007999897003 -0.83276206254959106 -0.13405595719814301 0.84781575202941895 -0.13147847354412079 -0.50581580400466919 -0.3892873227596283 0.33589929342269897 -0.3817630410194397
1929.0839999914169 -0.83939230442047119 -0.13305781781673431 0.85600739717483521 -0.1448480635881424 -0.52665382623672485 -0.38134852051734924 0.31911522150039673 -0.38788309693336487
