90.910000003874302 -0.77677232027053833 0.63728207349777222 0.5212523341178894 0.63099706172943115 -0.70671480894088745 0.95783019065856934 0.55342346429824829 0.95391863584518433
190.68700000084937 -0.76813423633575439 0.63370579481124878 0.52102857828140259 0.63210761547088623 -0.70524430274963379 0.95796322822570801 0.5840412974357605 0.95119887590408325
289.66430000215769 -0.76019281148910522 0.64216530323028564 0.54264605045318604 0.63074570894241333 -0.70141315460205078 0.96408760547637939 0.67748034000396729 0.95072293281555176
392.84590000286698 -0.68382376432418823 0.67285597324371338 0.75282031297683716 0.58780241012573242 -0.6710776686668396 0.9625999927520752 1.0927616357803345 0.89959228038787842
490.71520000137389 -0.71805351972579956 0.66271203756332397 0.88386207818984985 0.55489003658294678 -0.68713098764419556 0.97278183698654175 1.50901198387146 0.82547241449356079
590.58090000227094 -0.72443866729736328 0.66482412815093994 1.1324080228805542 0.50107812881469727 -0.69067364931106567 0.978782057762146 1.8886747360229492 0.7066723108291626
685.61820000223815 -0.70461863279342651 0.66240423917770386 1.3767136335372925 0.34607863426208496 -0.67218172550201416 0.99192219972610474 2.5245616436004639 0.39265105128288269
789.30890000239015 -0.68629056215286255 0.65758401155471802 1.3057312965393066 0.25003412365913391 -0.65847951173782349 0.97803151607513428 2.2233455181121826 0.19702191650867462
893.34930000267923 -0.67493069171905518 0.65680229663848877 1.2423868179321289 0.12048344314098358 -0.66150522232055664 0.97855973243713379 1.9813574552536011 -0.10754072666168213
992.5417999997735 -0.65240240097045898 0.65996301174163818 1.245686411857605 0.052650988101959229 -0.64252400398254395 0.97518676519393921 1.5778428316116333 -0.28057664632797241
1090.1717000007629 -0.68892115354537964 0.65922808647155762 1.0493795871734619 -0.019364617764949799 -0.68485873937606812 0.9820219874382019 1.2420275211334229 -0.34567666053771973
1187.0586000028998 -0.72956806421279907 0.66276150941848755 0.94577890634536743 -0.083473578095436096 -0.68200582265853882 0.98073339462280273 1.0454568862915039 -0.33810785412788391
1283.4801000040025 -0.72889465093612671 0.65791523456573486 0.88507980108261108 -0.093034088611602783 -0.681415855884552 0.97421830892562866 0.68317604064941406 -0.27874675393104553
1381.0809000022709 -0.75827139616012573 0.65799045562744141 0.89372342824935913 -0.11617099493741989 -0.68912965059280396 0.97002243995666504 0.51050955057144165 -0.31082731485366821
1476.7708000000566 -0.70370495319366455 0.65214735269546509 0.8827279806137085 -0.10841622948646545 -0.68652451038360596 0.96891695261001587 0.50705611705780029 -0.30368486046791077
1577.8070999998599 -0.75539320707321167 0.65688216686248779 0.85535043478012085 -0.11463836580514908 -0.70491492748260498 0.97013765573501587 0.36326247453689575 -0.36204814910888672
1676.5072000008076 -0.74301344156265259 0.65170657634735107 0.83954095840454102 -0.1249099001288414 -0.72924107313156128 0.96972578763961792 0.2896411120891571 -0.39319613575935364
1777.5023999996483 -0.76570451259613037 0.65901696681976318 0.82477718591690063 -0.12268543243408203 -0.70588338375091553 0.98098677396774292 0.32108259201049805 -0.3735271692276001
1876.351000001654 -0.75263190269470215 0.64874964952468872 0.85179221630096436 -0.12679584324359894 -0.73355907201766968 0.97131264209747314 0.31450384855270386 -0.37518519163131714
1972.5117000006139 -0.73670095205307007 0.64755785465240479 0.8140949010848999 -0.1230844259262085 -0.72161418199539185 0.97057157754898071 0.32249736785888672 -0.37466531991958618
