95.257799999788404 -0.47566905617713928 0.47527191042900085 0.67558944225311279 0.46159565448760986 -0.4443308413028717 0.75258952379226685 0.71386879682540894 0.69860553741455078
201.31709999963641 -0.64083772897720337 0.4670504629611969 0.51432281732559204 0.46806418895721436 -0.61653393507003784 0.73787379264831543 0.55751615762710571 0.71129029989242554
310.02139999903738 -0.62616705894470215 0.46721220016479492 0.4820517897605896 0.45662805438041687 -0.58136570453643799 0.74326223134994507 0.52070564031600952 0.69846916198730469
414.87540000025183 -0.663612961769104 0.46984443068504333 0.49191275238990784 0.4613349437713623 -0.60439169406890869 0.74585968255996704 0.54991656541824341 0.69864344596862793
527.51200000010431 -0.63509500026702881 0.46681457757949829 0.48322829604148865 0.45890036225318909 -0.60933363437652588 0.74258643388748169 0.51957935094833374 0.70120137929916382
636.2198999999091 -0.6497797966003418 0.47181060910224915 0.48545613884925842 0.44743615388870239 -0.63345152139663696 0.74337255954742432 0.60111558437347412 0.68574327230453491
739.01329999882728 -0.60271769762039185 0.46753206849098206 0.59916657209396362 0.4167245626449585 -0.56750702857971191 0.7350124716758728 0.85788875818252563 0.6299094557762146
848.39299999922514 -0.65506434440612793 0.46246588230133057 0.73844021558761597 0.35452976822853088 -0.52979975938796997 0.7372967004776001 1.2647128105163574 0.50269162654876709
955.1460000006482 -0.70536929368972778 0.46006494760513306 0.96414244174957275 0.29879683256149292 -0.54401701688766479 0.73156768083572388 1.2930397987365723 0.28436741232872009
1061.5584999993443 -0.6686902642250061 0.45672956109046936 0.96585428714752197 0.17810165882110596 -0.50857561826705933 0.72781246900558472 1.1130126714706421 0.1208283007144928
1179.1758000003174 -0.67303115129470825 0.44549620151519775 0.92875403165817261 0.05666780099272728 -0.5761868953704834 0.72189271450042725 1.2755258083343506 -0.13381914794445038
1290.0679000001401 -0.65639501810073853 0.47378367185592651 0.70993471145629883 0.047214429825544357 -0.60272872447967529 0.74230265617370605 0.92222803831100464 -0.078812085092067719
1398.5729999998584 -0.65086066722869873 0.45188602805137634 0.67743968963623047 0.0040227179415524006 -0.41320565342903137 0.70093876123428345 0.8510749340057373 -0.1108725443482399
1513.7438000002876 -0.66086286306381226 0.45912206172943115 0.7711101770401001 0.02753022313117981 -0.46447464823722839 0.71614021062850952 1.1096837520599365 -0.07504040002822876
1617.6367999995127 -0.57919371128082275 0.47488924860954285 0.69872736930847168 0.015637453645467758 -0.53119140863418579 0.73577147722244263 0.69811683893203735 -0.12792345881462097
1720.9177999990061 -0.54510194063186646 0.47688573598861694 0.67102265357971191 0.030992945656180382 -0.51038414239883423 0.73506587743759155 0.76157993078231812 -0.084997758269309998
1814.4907999988645 -0.66605615615844727 0.45590916275978088 0.75614529848098755 0.032693587243556976 -0.51949292421340942 0.71811264753341675 0.83934539556503296 -0.07309567928314209
1916.1501000002027 -0.58706438541412354 0.47347712516784668 0.69610267877578735 0.02055150642991066 -0.55514907836914063 0.73456543684005737 0.65200704336166382 -0.11938045173883438
