62.226099999621511 -0.85848361253738403 0.4928920567035675 1.0334423780441284 0.49659207463264465 -0.79056549072265625 0.77595186233520508 0.55320793390274048 0.71922975778579712
169.89599999878556 -0.77628600597381592 0.46256327629089355 1.0693421363830566 0.49421226978302002 -0.74934709072113037 0.74336552619934082 0.58662348985671997 0.70235532522201538
278.75659999903291 -0.76177978515625 0.46594882011413574 1.0226355791091919 0.48380038142204285 -0.66871684789657593 0.74681472778320313 0.62518501281738281 0.68720048666000366
384.83430000022054 -0.62153756618499756 0.46223300695419312 1.0336467027664185 0.48545676469802856 -0.6510775089263916 0.73732525110244751 0.89453035593032837 0.69777560234069824
497.71750000026077 -0.72706139087677002 0.46406567096710205 0.57495474815368652 0.44963151216506958 -0.58044356107711792 0.7409852147102356 0.87480378150939941 0.70393091440200806
609.54169999901205 -0.75329649448394775 0.46181213855743408 0.51423901319503784 0.44967347383499146 -0.617420494556427 0.73524767160415649 0.80979633331298828 0.6901850700378418
717.92080000042915 -0.6302330493927002 0.46187472343444824 0.48100489377975464 0.44804650545120239 -0.63817483186721802 0.73941737413406372 0.80582094192504883 0.68973040580749512
826.95299999881536 -0.72565996646881104 0.45473432540893555 0.60434311628341675 0.43632030487060547 -0.86375296115875244 0.74574065208435059 0.77341639995574951 0.67227613925933838
933.82440000027418 -0.88428175449371338 0.41400188207626343 0.62592953443527222 0.44132944941520691 -0.835193932056427 0.63023203611373901 0.90749102830886841 0.61830621957778931
1042.2367000002414 -0.99288105964660645 0.22873865067958832 0.8950049877166748 0.25660684704780579 -0.86024314165115356 0.17591097950935364 1.1303733587265015 0.29011780023574829
1153.2539999997243 -0.884818434715271 0.13984355330467224 1.0616753101348877 0.11940296739339828 -0.46010193228721619 0.020609144121408463 1.347638726234436 0.088372468948364258
1262.5143999997526 -1.295647144317627 0.065038122236728668 0.83057701587677002 0.087465517222881317 -1.7940003871917725 -0.13402234017848969 1.0860950946807861 -0.022967800498008728
1375.6823999993503 -1.3074260950088501 0.01384433638304472 0.53880566358566284 0.015229396522045135 -1.4465044736862183 -0.18738313019275665 0.89109325408935547 -0.076667949557304382
1480.1371999997646 -1.307945728302002 -0.012732741422951221 0.38410946726799011 0.0017005801200866699 -1.2904876470565796 -0.17679911851882935 0.75339370965957642 -0.088575646281242371
1588.0017999997362 -1.2649160623550415 -0.066962331533432007 0.51592212915420532 -0.0095688216388225555 -0.85615062713623047 -0.17677478492259979 0.73160290718078613 -0.093986332416534424
1695.943400000222 -1.1117441654205322 -0.11035852134227753 0.54860103130340576 -0.043859187513589859 -0.67407423257827759 -0.18279403448104858 0.67970919609069824 -0.12853831052780151
1796.103400000371 -1.2010231018066406 -0.098901011049747467 0.54270720481872559 -0.046638552099466324 -0.71754974126815796 -0.19830186665058136 0.56301474571228027 -0.15070901811122894
1901.1315999990329 -1.203707218170166 -0.078348912298679352 0.62984520196914673 -0.029751447960734367 -0.73361539840698242 -0.16550439596176147 0.73364889621734619 -0.1263652890920639
