44.952199997380376 -0.73004418611526489 0.66968101263046265 0.56275016069412231 0.63578486442565918 -0.70393210649490356 0.97530663013458252 0.566581130027771 0.97289955615997314
152.0105999968946 -0.73831582069396973 0.66497427225112915 0.57507079839706421 0.63404649496078491 -0.71823137998580933 0.97214150428771973 0.5830344557762146 0.97062385082244873
252.06539999879897 -0.71982681751251221 0.66152328252792358 0.5501396656036377 0.63243216276168823 -0.70006555318832397 0.96935856342315674 0.55727481842041016 0.97114658355712891
354.00939999893308 -0.72022533416748047 0.66220808029174805 0.55800426006317139 0.63478463888168335 -0.69523400068283081 0.96869951486587524 0.56789356470108032 0.96972441673278809
452.43789999745786 -0.7147756814956665 0.66464179754257202 0.57274937629699707 0.634765625 -0.70068520307540894 0.97450143098831177 0.58418077230453491 0.97367960214614868
555.10159999877214 -0.71341580152511597 0.66438525915145874 0.59189087152481079 0.63982564210891724 -0.68221771717071533 0.9747435450553894 0.68856465816497803 0.97632843255996704
654.94029999710619 -0.71444416046142578 0.65723830461502075 0.7382240891456604 0.62022668123245239 -0.68563544750213623 0.96515077352523804 0.9490811824798584 0.91310638189315796
751.76970000006258 -0.72975826263427734 0.67300117015838623 0.83067065477371216 0.59534198045730591 -0.6980208158493042 0.97912311553955078 1.2427819967269897 0.88716882467269897
850.61269999668002 -0.72156226634979248 0.67051607370376587 1.0842767953872681 0.46001800894737244 -0.70790725946426392 0.98713594675064087 1.8621556758880615 0.67603939771652222
951.12799999862909 -0.72572880983352661 0.66808360815048218 1.2538583278656006 0.35823920369148254 -0.70790129899978638 0.99225276708602905 2.2670447826385498 0.43082630634307861
1059.1859000008553 -0.71318668127059937 0.65736794471740723 1.3067125082015991 0.27944013476371765 -0.69062530994415283 0.98434913158416748 2.3146843910217285 0.22304436564445496
1162.2282999958843 -0.70545285940170288 0.6590113639831543 1.3620514869689941 0.15185414254665375 -0.68750298023223877 0.97543007135391235 2.1631965637207031 -0.026899993419647217
1265.659699998796 -0.65340739488601685 0.66421353816986084 1.1201167106628418 0.029263513162732124 -0.64560496807098389 0.98057186603546143 1.4782860279083252 -0.32638773322105408
1366.7947000004351 -0.74061018228530884 0.66213876008987427 0.98337435722351074 -0.042380083352327347 -0.73484069108963013 0.98528027534484863 1.1943913698196411 -0.35369226336479187
1465.0851999986917 -0.66951841115951538 0.66003340482711792 0.96650338172912598 -0.0778089240193367 -0.66751843690872192 0.98271191120147705 1.035859227180481 -0.29272270202636719
1565.9677999969572 -0.68441927433013916 0.66162550449371338 0.9495316743850708 -0.086956240236759186 -0.68397635221481323 0.97683954238891602 0.67042398452758789 -0.34784981608390808
1671.4270999990404 -0.70077353715896606 0.6589885950088501 0.92656254768371582 -0.099174097180366516 -0.70109593868255615 0.97215265035629272 0.51308035850524902 -0.41197249293327332
1770.3174999989569 -0.75174194574356079 0.66184026002883911 0.88041126728057861 -0.13426874577999115 -0.70314037799835205 0.97588658332824707 0.36671888828277588 -0.38684672117233276
1871.7483999989927 -0.75401771068572998 0.66394120454788208 0.86011040210723877 -0.13644930720329285 -0.70441186428070068 0.97974669933319092 0.34548604488372803 -0.37478518486022949
1971.5668999999762 -0.74716466665267944 0.65897554159164429 0.86355388164520264 -0.14428600668907166 -0.71225279569625854 0.97464078664779663 0.33059298992156982 -0.38199001550674438
