33.884500000625849 -0.86031901836395264 0.66834133863449097 0.55115115642547607 0.67422550916671753 -0.79916363954544067 1.045682430267334 0.62361067533493042 1.0348163843154907
191.97769999876618 -0.84601479768753052 0.66321992874145508 0.56294149160385132 0.66504579782485962 -0.80605632066726685 1.0364068746566772 0.63762003183364868 1.0194927453994751
349.16439999826252 -0.84456795454025269 0.67000091075897217 0.55818319320678711 0.65636086463928223 -0.79537230730056763 1.0440338850021362 0.66000044345855713 1.0173107385635376
508.57250000163913 -0.77324050664901733 0.67493003606796265 0.82002109289169312 0.63170605897903442 -0.71859532594680786 1.0463337898254395 1.124022364616394 0.98021358251571655
670.37469999864697 -0.72198939323425293 0.6999548077583313 1.2282689809799194 0.50423288345336914 -0.65085214376449585 1.0469115972518921 1.9536212682723999 0.67436355352401733
829.76219999976456 -0.7722700834274292 0.70310592651367188 1.2789195775985718 0.24025805294513702 -0.70268750190734863 1.0388109683990479 2.1544229984283447 0.12639275193214417
997.03229999914765 -0.74354559183120728 0.67629820108413696 1.2326487302780151 0.09897691011428833 -0.70440673828125 1.0247247219085693 1.874681830406189 -0.19498486816883087
1153.7589999996126 -0.78750509023666382 0.67923420667648315 0.99290245771408081 -0.070464864373207092 -0.73061448335647583 1.0416164398193359 0.90321594476699829 -0.41159841418266296
1314.1940999999642 -0.8408888578414917 0.69171732664108276 0.96708911657333374 -0.10864177346229553 -0.75881242752075195 1.0595506429672241 0.6214449405670166 -0.43471166491508484
1472.9791999999434 -0.83074396848678589 0.70474880933761597 0.91526174545288086 -0.10859197378158569 -0.75080180168151855 1.0718460083007813 0.48262912034988403 -0.40844663977622986
1634.2598000001162 -0.83393412828445435 0.69848251342773438 0.96156150102615356 -0.10491632670164108 -0.74970102310180664 1.0651990175247192 0.53764039278030396 -0.40692946314811707
1790.6246000006795 -0.85585784912109375 0.7093508243560791 0.97575592994689941 -0.10498921573162079 -0.77962034940719604 1.0730215311050415 0.54888582229614258 -0.41255423426628113
1943.7151999995112 -0.8434796929359436 0.70649051666259766 0.98957669734954834 -0.10364004224538803 -0.77643531560897827 1.0701949596405029 0.55036145448684692 -0.40998554229736328
