0.0 -0.81304341554641724 0.67907130718231201 0.5844581127166748 0.66304630041122437 -0.77378350496292114 1.0308538675308228 0.53983396291732788 1.0020297765731812
88.575200000777841 -0.8050416111946106 0.68154913187026978 0.57968693971633911 0.66744530200958252 -0.77065348625183105 1.0355911254882813 0.53143489360809326 1.0090885162353516
171.04719999991357 -0.79967641830444336 0.68759208917617798 0.60169947147369385 0.67015904188156128 -0.76331055164337158 1.0490337610244751 0.54364067316055298 1.0090690851211548
254.57249999977648 -0.78344178199768066 0.68208122253417969 0.60632812976837158 0.66577339172363281 -0.75446105003356934 1.0398792028427124 0.55446547269821167 0.99763822555541992
342.80429999902844 -0.78117579221725464 0.67790889739990234 0.60283571481704712 0.66966962814331055 -0.74253612756729126 1.0356138944625854 0.55691087245941162 1.0041499137878418
428.01869999989867 -0.80912399291992188 0.67131733894348145 0.56918597221374512 0.65973484516143799 -0.77514016628265381 1.0265305042266846 0.51921170949935913 0.99001163244247437
513.85099999979138 -0.80987602472305298 0.67417615652084351 0.5936509370803833 0.66560089588165283 -0.7751806378364563 1.034673810005188 0.54749876260757446 1.0015741586685181
599.77309999801219 -0.81905114650726318 0.66771191358566284 0.68868017196655273 0.66364800930023193 -0.79173517227172852 1.0236974954605103 0.68971383571624756 0.98431342840194702
685.22999999858439 -0.84105008840560913 0.67461585998535156 0.72484880685806274 0.65411734580993652 -0.87320691347122192 1.0369987487792969 0.77970629930496216 0.97692769765853882
765.91990000009537 -0.85899507999420166 0.6467553973197937 0.81055766344070435 0.61071288585662842 -0.89695429801940918 0.98765724897384644 0.82638543844223022 0.91855651140213013
846.98850000090897 -0.9174504280090332 0.58557426929473877 0.92845666408538818 0.56871062517166138 -0.99140548706054688 0.73463732004165649 0.81308752298355103 0.76583105325698853
933.74929999932647 -0.85428375005722046 0.62195146083831787 1.0312076807022095 0.50804060697555542 -0.88462990522384644 0.63727200031280518 0.72227287292480469 0.60241186618804932
1017.7499000001699 -0.78835016489028931 0.63207113742828369 0.96341902017593384 0.45067688822746277 -0.76096856594085693 0.41293570399284363 0.45637825131416321 0.35001739859580994
1105.6708000004292 -0.85336518287658691 0.58083230257034302 0.91841298341751099 0.39801836013793945 -0.71499812602996826 0.29907602071762085 0.394776850938797 0.2819010317325592
1190.7005000002682 -0.76918882131576538 0.57963484525680542 0.8158489465713501 0.35958415269851685 -0.53391540050506592 0.25583183765411377 0.19483669102191925 0.18097856640815735
1275.2151000015438 -0.83523350954055786 0.59265303611755371 0.87015509605407715 0.36562171578407288 -0.51380312442779541 0.25745108723640442 0.30220335721969604 0.14915968477725983
1359.2137000001967 -0.88667500019073486 0.59808546304702759 0.93819153308868408 0.36666813492774963 -0.5367167592048645 0.26492112874984741 0.34303560853004456 0.14881919324398041
1445.8399000000209 -0.88006269931793213 0.60853618383407593 0.89601576328277588 0.37203773856163025 -0.53455328941345215 0.26696297526359558 0.31763741374015808 0.13702577352523804
1532.364600000903 -0.8888087272644043 0.59186708927154541 0.90354645252227783 0.35950997471809387 -0.52326434850692749 0.26387593150138855 0.31647726893424988 0.13748735189437866
1621.0509999990463 -0.86117351055145264 0.5896461009979248 0.95589858293533325 0.35262724757194519 -0.49778351187705994 0.25916787981987 0.35771650075912476 0.13935473561286926
1706.8553999997675 -0.86537575721740723 0.59221440553665161 0.9364020824432373 0.36769098043441772 -0.48495832085609436 0.27335736155509949 0.35736694931983948 0.16329319775104523
1792.8732999991626 -0.87302762269973755 0.60057687759399414 0.93649691343307495 0.36811909079551697 -0.48958966135978699 0.29602304100990295 0.35974931716918945 0.16224530339241028
1879.2952000014484 -0.87795871496200562 0.59944754838943481 0.95582813024520874 0.36464440822601318 -0.50601333379745483 0.27476313710212708 0.34110367298126221 0.15395976603031158
1973.9861999992281 -0.86944586038589478 0.58433520793914795 0.93061566352844238 0.35243850946426392 -0.52348995208740234 0.26409587264060974 0.32533612847328186 0.15513606369495392
