10.86769999563694 -0.72957384586334229 0.71861094236373901 0.61041170358657837 0.72911524772644043 -0.69613766670227051 1.131804347038269 0.64831680059432983 1.0744925737380981
98.374899983406067 -0.73276913166046143 0.71660429239273071 0.60420852899551392 0.72783327102661133 -0.68791508674621582 1.1222400665283203 0.64187920093536377 1.0730295181274414
188.99989999830723 -0.73404210805892944 0.71630483865737915 0.62334078550338745 0.73063361644744873 -0.69917851686477661 1.1247526407241821 0.67131340503692627 1.0813252925872803
277.24050000309944 -0.74316275119781494 0.71058344841003418 0.60143709182739258 0.72669786214828491 -0.69975811243057251 1.1227035522460938 0.65521794557571411 1.0764940977096558
368.09609998762608 -0.77301961183547974 0.70795834064483643 0.62139588594436646 0.72590023279190063 -0.73432075977325439 1.1161357164382935 0.67688268423080444 1.0774573087692261
457.09559999406338 -0.71401441097259521 0.71246045827865601 0.61681973934173584 0.72730427980422974 -0.67811232805252075 1.1218622922897339 0.66797852516174316 1.0822329521179199
548.71440000832081 -0.75782805681228638 0.69306594133377075 0.66716313362121582 0.71708667278289795 -0.79830354452133179 1.0927670001983643 0.77591365575790405 1.051267147064209
640.29269999265671 -0.88165432214736938 0.69449907541275024 0.85858005285263062 0.67294037342071533 -1.1242995262145996 1.0583986043930054 1.2108739614486694 0.99182295799255371
728.40639999508858 -0.83423042297363281 0.67344790697097778 0.89605391025543213 0.66594076156616211 -1.1782870292663574 1.0434495210647583 1.3272956609725952 0.9723021388053894
817.7432000041008 -1.2652221918106079 0.50947242975234985 1.3600621223449707 0.4648277759552002 -1.9656563997268677 0.67689245939254761 2.2553508281707764 0.56475257873535156
903.51150000095367 -1.2551074028015137 0.4130210280418396 1.3566849231719971 0.32168826460838318 -2.0365941524505615 0.48281955718994141 2.1998372077941895 0.31676137447357178
997.08900000154972 -1.2954059839248657 0.26964181661605835 1.1723059415817261 0.20711556077003479 -2.0404267311096191 0.23694765567779541 1.9330360889434814 0.089156478643417358
1085.734099984169 -1.2268463373184204 0.14546270668506622 1.1719861030578613 0.096811011433601379 -1.9360722303390503 0.039352487772703171 1.7283928394317627 -0.10598388314247131
1176.5758000016212 -1.2484694719314575 0.12945067882537842 1.0226247310638428 0.082648299634456635 -1.8034974336624146 -0.13368582725524902 1.4751341342926025 -0.18711905181407928
1269.5604999959469 -0.96065932512283325 -0.01055509876459837 0.93282777070999146 -0.051981780678033829 -1.0390350818634033 -0.33773854374885559 0.93446058034896851 -0.35936999320983887
1361.6001999974251 -0.99767595529556274 -0.072337828576564789 0.89328670501708984 -0.075490452349185944 -0.88507312536239624 -0.38553792238235474 0.75183850526809692 -0.38796788454055786
1448.8513000011444 -0.89427316188812256 -0.094049252569675446 0.87026798725128174 -0.12428548187017441 -0.59377843141555786 -0.40787699818611145 0.70899432897567749 -0.39176210761070251
1538.6567000001669 -0.92724311351776123 -0.10638400167226791 0.91504025459289551 -0.11604434996843338 -0.54588878154754639 -0.41721570491790771 0.66811376810073853 -0.38226756453514099
1631.6402999907732 -0.85646051168441772 -0.10999449342489243 0.88912945985794067 -0.13364735245704651 -0.48046734929084778 -0.41574031114578247 0.46727955341339111 -0.4120907187461853
1719.0702999979258 -0.84165704250335693 -0.11213123053312302 0.88198590278625488 -0.14312776923179626 -0.41694313287734985 -0.41959995031356812 0.41084003448486328 -0.42970147728919983
1811.255199983716 -0.84777712821960449 -0.12111495435237885 0.85768717527389526 -0.13642141222953796 -0.39922422170639038 -0.41894066333770752 0.37182146310806274 -0.42232781648635864
1898.7545000016689 -0.84943753480911255 -0.11680217832326889 0.85337764024734497 -0.13580898940563202 -0.41048568487167358 -0.41193240880966187 0.38731786608695984 -0.4172225296497345
1984.1505999863148 -0.8515816330909729 -0.11416681110858917 0.85586053133010864 -0.13131196796894073 -0.42138248682022095 -0.41273623704910278 0.38936999440193176 -0.41547545790672302
