19.710299998521805 -0.72752261161804199 0.73423582315444946 0.63511073589324951 0.74405747652053833 -0.70547378063201904 1.1211488246917725 0.62007439136505127 1.105677604675293
107.00019998848438 -0.73914521932601929 0.74255603551864624 0.63583618402481079 0.74561959505081177 -0.72288274765014648 1.1320846080780029 0.63885492086410522 1.0998929738998413
194.04009997844696 -0.74775499105453491 0.74571323394775391 0.63768309354782104 0.75564104318618774 -0.72569936513900757 1.1382068395614624 0.64289259910583496 1.110371470451355
283.98270000517368 -0.73979407548904419 0.74305915832519531 0.62897175550460815 0.74559623003005981 -0.72315698862075806 1.135496973991394 0.61139148473739624 1.1097840070724487
369.46739999949932 -0.74085485935211182 0.74167227745056152 0.63960134983062744 0.76050126552581787 -0.72274059057235718 1.135289192199707 0.6488768458366394 1.1152384281158447
457.23620000481606 -0.73341059684753418 0.74374163150787354 0.64113807678222656 0.74200868606567383 -0.70482969284057617 1.1352308988571167 0.71415412425994873 1.0853039026260376
542.25259999930859 -0.70647221803665161 0.72794997692108154 0.78070598840713501 0.69821208715438843 -0.68373531103134155 1.1123782396316528 1.0104995965957642 1.0494064092636108
630.65349999070168 -0.7018091082572937 0.71568244695663452 0.93424314260482788 0.63721770048141479 -0.67346084117889404 1.0811996459960938 1.4294282197952271 0.93527966737747192
722.45849999785423 -0.70849508047103882 0.73635578155517578 1.2842807769775391 0.48798137903213501 -0.67509406805038452 1.1070661544799805 2.0206623077392578 0.64065921306610107
812.49650000035763 -0.66411834955215454 0.74809360504150391 1.3629012107849121 0.37319794297218323 -0.66564673185348511 1.1203110218048096 2.1300101280212402 0.3969065248966217
904.02779999375343 -0.70592057704925537 0.75777697563171387 1.2530196905136108 0.14346535503864288 -0.71149849891662598 1.1288101673126221 1.8612979650497437 -0.14091376960277557
992.91089999675751 -0.69135987758636475 0.76052141189575195 1.1043201684951782 0.094082258641719818 -0.69438403844833374 1.1266359090805054 1.3862013816833496 -0.23013065755367279
1086.3258000016212 -0.7168770432472229 0.7576066255569458 1.0755525827407837 0.021720536053180695 -0.73335134983062744 1.1267311573028564 1.1032454967498779 -0.31271624565124512
1175.1128999888897 -0.69737374782562256 0.74574267864227295 0.93152272701263428 -0.025632742792367935 -0.70333969593048096 1.1029931306838989 0.75204205513000488 -0.33022120594978333
1272.3193999826908 -0.72601509094238281 0.74039995670318604 0.91804414987564087 -0.083835653960704803 -0.69085729122161865 1.1048107147216797 0.57462859153747559 -0.391376793384552
1360.5348999947309 -0.73488372564315796 0.74252933263778687 0.91719818115234375 -0.079377330839633942 -0.70869433879852295 1.1009364128112793 0.516349196434021 -0.38217812776565552
1445.8163000047207 -0.75151026248931885 0.74716335535049438 0.93122667074203491 -0.08570370078086853 -0.75474292039871216 1.1099749803543091 0.49538925290107727 -0.37598288059234619
1534.6837999969721 -0.73326313495635986 0.75292384624481201 0.95446109771728516 -0.085834503173828125 -0.74662810564041138 1.122596263885498 0.51778233051300049 -0.38516914844512939
1621.7371000051498 -0.74162304401397705 0.74757903814315796 0.97507017850875854 -0.092764869332313538 -0.75349515676498413 1.1240780353546143 0.52570730447769165 -0.39014336466789246
1712.7933999896049 -0.75197875499725342 0.7532423734664917 0.94864434003829956 -0.081135250627994537 -0.7566063404083252 1.1184545755386353 0.5054442286491394 -0.3763236403465271
1799.1337999999523 -0.76076340675354004 0.75235670804977417 0.97858244180679321 -0.089111089706420898 -0.76791423559188843 1.118704080581665 0.49377220869064331 -0.38208127021789551
1890.7381999790668 -0.76957374811172485 0.75659936666488647 0.98460263013839722 -0.089772343635559082 -0.77558028697967529 1.1294670104980469 0.49113798141479492 -0.38569271564483643
1982.5852999985218 -0.75837963819503784 0.75158369541168213 0.97518861293792725 -0.088257826864719391 -0.76788586378097534 1.1147304773330688 0.51644712686538696 -0.37950849533081055
