47.617100001312792 -0.62710809707641602 0.46579077839851379 0.45602533221244812 0.45179170370101929 -0.68178921937942505 0.73877078294754028 0.44414642453193665 0.67859166860580444
155.16310000047088 -0.76464533805847168 0.46491062641143799 0.44291302561759949 0.44713678956031799 -0.69437026977539063 0.73974913358688354 0.46500590443611145 0.67209643125534058
266.02560000028461 -0.66413384675979614 0.475920170545578 0.44602522253990173 0.44590193033218384 -0.7044568657875061 0.74235051870346069 0.49030262231826782 0.67574822902679443
378.45820000115782 -0.64675456285476685 0.47597873210906982 0.48139658570289612 0.45453193783760071 -0.70733559131622314 0.73962181806564331 0.51759922504425049 0.69800412654876709
483.91160000115633 -0.66726154088973999 0.47453346848487854 0.46761903166770935 0.45425024628639221 -0.71072816848754883 0.74199211597442627 0.49397280812263489 0.691672682762146
590.66160000022501 -0.61426240205764771 0.47271138429641724 0.47681918740272522 0.44662374258041382 -0.70229065418243408 0.73540300130844116 0.58708852529525757 0.68703997135162354
704.95290000084788 -0.80436140298843384 0.45628440380096436 0.6077650785446167 0.41811800003051758 -0.9086143970489502 0.72221910953521729 0.91422420740127563 0.61609500646591187
815.62570000067353 -0.83762574195861816 0.3455674946308136 0.95743292570114136 0.37174925208091736 -0.82053655385971069 0.52029412984848022 1.0925155878067017 0.43252599239349365
928.16300000064075 -1.0663514137268066 0.19390544295310974 0.97306919097900391 0.31208381056785583 -0.95771569013595581 0.17294596135616302 1.2370545864105225 0.34183496236801147
1031.7827000003308 -1.5381641387939453 0.073515430092811584 0.98340302705764771 0.069020532071590424 -1.8884559869766235 0.008602960966527462 1.4979630708694458 -0.019069476053118706
1129.4968000007793 -1.4398730993270874 0.0016776509582996368 0.82031965255737305 0.045618563890457153 -1.4402714967727661 -0.27703046798706055 1.2724921703338623 -0.11650251597166061
1231.6516000004485 -1.1674684286117554 0.022073518484830856 0.77043378353118896 -0.051942281424999237 -1.1462630033493042 -0.15698730945587158 0.70949184894561768 -0.21516464650630951
1340.4276000000536 -1.2585077285766602 -0.016104038804769516 0.7219548225402832 -0.029200596734881401 -1.0322514772415161 -0.13984048366546631 0.55068325996398926 -0.16384682059288025
1449.6376000009477 -1.1436452865600586 -0.078720130026340485 0.60933113098144531 -0.031340401619672775 -0.66982227563858032 -0.1876949667930603 0.62688350677490234 -0.11513016372919083
1547.4785000002012 -1.2266199588775635 -0.066907532513141632 0.69015985727310181 -0.025395546108484268 -0.67652273178100586 -0.18180035054683685 0.69432520866394043 -0.10875774174928665
1650.7137000001967 -1.1933568716049194 -0.05700920894742012 0.62789291143417358 -0.024566493928432465 -0.6799628734588623 -0.17790108919143677 0.72770851850509644 -0.091809861361980438
1769.5190000012517 -1.1650515794754028 -0.073019899427890778 0.65615928173065186 -0.028128771111369133 -0.69268691539764404 -0.17124776542186737 0.75537073612213135 -0.10108058899641037
1882.1548000006005 -1.1978775262832642 -0.070623405277729034 0.74783271551132202 -0.012966739945113659 -0.70588207244873047 -0.16978882253170013 0.6031835675239563 -0.12881296873092651
1996.3023000005633 -1.2085564136505127 -0.054642658680677414 0.70728969573974609 -0.031725704669952393 -0.8966289758682251 -0.21851636469364166 0.61146175861358643 -0.1363537460565567
