69.419699981808662 -0.72804552316665649 0.75117033720016479 0.6795622706413269 0.75387728214263916 -0.71887165307998657 1.1344982385635376 0.63111382722854614 1.1295685768127441
155.50769998133183 -0.71459299325942993 0.75638002157211304 0.69157522916793823 0.7617759108543396 -0.71233797073364258 1.1402262449264526 0.64748859405517578 1.1418285369873047
242.44219997525215 -0.72243607044219971 0.74755614995956421 0.68407255411148071 0.75257134437561035 -0.71508759260177612 1.1295909881591797 0.6492084264755249 1.1259876489639282
330.8214999884367 -0.74102145433425903 0.75468248128890991 0.67049568891525269 0.76735347509384155 -0.73816049098968506 1.1374099254608154 0.63962966203689575 1.1369215250015259
420.68899999558926 -0.70250457525253296 0.74988585710525513 0.71728742122650146 0.75997191667556763 -0.69074493646621704 1.1295933723449707 0.74437505006790161 1.1086037158966064
514.52079999446869 -0.7245602011680603 0.74442893266677856 0.71643185615539551 0.7047763466835022 -0.71258389949798584 1.1219373941421509 0.85821372270584106 1.0496011972427368
604.63339999318123 -0.69785773754119873 0.75439560413360596 1.0172004699707031 0.6500011682510376 -0.66969335079193115 1.1209050416946411 1.5348341464996338 0.93882530927658081
692.7158999890089 -0.70652318000793457 0.75459831953048706 1.1968810558319092 0.53587812185287476 -0.69208616018295288 1.1148669719696045 2.0202114582061768 0.71236485242843628
780.96899999678135 -0.6846458911895752 0.75241750478744507 1.4341045618057251 0.33154121041297913 -0.67785406112670898 1.1033004522323608 2.3490512371063232 0.3146941065788269
873.05079999566078 -0.68005579710006714 0.75814861059188843 1.3114022016525269 0.20452089607715607 -0.68031436204910278 1.1171422004699707 2.0494101047515869 0.046438992023468018
960.74850000441074 -0.66046774387359619 0.76051682233810425 1.1231887340545654 0.10439461469650269 -0.67429959774017334 1.1309288740158081 1.4369405508041382 -0.18238331377506256
1052.4008999913931 -0.7170526385307312 0.76400232315063477 1.003270149230957 0.031114891171455383 -0.73130184412002563 1.1474884748458862 1.005160927772522 -0.3047950267791748
1147.0014999955893 -0.71371245384216309 0.75564169883728027 0.97157549858093262 -0.045276213437318802 -0.70904272794723511 1.1208463907241821 0.7493705153465271 -0.33943110704421997
1237.7303999960423 -0.74160498380661011 0.74840211868286133 0.97835999727249146 -0.078671365976333618 -0.71742898225784302 1.1141860485076904 0.63803064823150635 -0.3749995231628418
1326.506899997592 -0.72436743974685669 0.74825608730316162 0.96669358015060425 -0.085909195244312286 -0.68327796459197998 1.1211568117141724 0.55456399917602539 -0.37329375743865967
1419.0050999820232 -0.74384266138076782 0.75516217947006226 0.97349679470062256 -0.088697776198387146 -0.72086447477340698 1.1248586177825928 0.49550902843475342 -0.359366774559021
1508.1937999874353 -0.75426900386810303 0.75806611776351929 0.95549547672271729 -0.087525434792041779 -0.74883532524108887 1.1215094327926636 0.49973040819168091 -0.35218015313148499
1600.8646999895573 -0.75568467378616333 0.7578473687171936 0.95728969573974609 -0.086380422115325928 -0.76556676626205444 1.1264464855194092 0.50151348114013672 -0.349577397108078
1689.214699998498 -0.75798475742340088 0.75854110717773438 0.94608336687088013 -0.079608790576457977 -0.76253235340118408 1.1331485509872437 0.4848017692565918 -0.35815146565437317
1778.9539999961853 -0.73229259252548218 0.75559574365615845 0.96409356594085693 -0.077778339385986328 -0.74563634395599365 1.1296432018280029 0.50365746021270752 -0.3541814386844635
1870.7040999829769 -0.73985445499420166 0.75587451457977295 0.9764677882194519 -0.071985349059104919 -0.74807316064834595 1.1278663873672485 0.51751399040222168 -0.35368841886520386
1959.5041999816895 -0.75360757112503052 0.75834470987319946 0.98930197954177856 -0.067367911338806152 -0.74574780464172363 1.1218842267990112 0.52089321613311768 -0.35198482871055603
