14.62639999948442 -0.73786276578903198 0.68565607070922852 0.56919586658477783 0.70315080881118774 -0.71970033645629883 1.0473479032516479 0.51878553628921509 1.0459603071212769
100.86859999783337 -0.74781584739685059 0.68038541078567505 0.54904294013977051 0.70292085409164429 -0.72334754467010498 1.0358341932296753 0.49968081712722778 1.0417511463165283
188.18909999914467 -0.74271881580352783 0.66984009742736816 0.54229265451431274 0.6993633508682251 -0.7200009822845459 1.0231256484985352 0.50378298759460449 1.0405771732330322
274.65750000067055 -0.74924451112747192 0.68349540233612061 0.54905366897583008 0.70725029706954956 -0.73039150238037109 1.0446580648422241 0.52114468812942505 1.0628459453582764
358.65539999864995 -0.74483495950698853 0.6875988245010376 0.54645389318466187 0.71472036838531494 -0.72148185968399048 1.0524688959121704 0.52860724925994873 1.0736957788467407
446.86279999837279 -0.74723136425018311 0.68332856893539429 0.59408265352249146 0.69505554437637329 -0.73060041666030884 1.0397047996520996 0.58055782318115234 1.037851095199585
535.56439999677241 -0.75435620546340942 0.66216683387756348 0.64104527235031128 0.6519739031791687 -0.72298085689544678 1.0149749517440796 0.5467875599861145 0.93463593721389771
620.78869999758899 -0.77706164121627808 0.67680817842483521 0.66071486473083496 0.63851708173751831 -0.75977778434753418 1.0309115648269653 0.57919734716415405 0.73888826370239258
706.88669999875128 -0.85528695583343506 0.68561822175979614 0.66526585817337036 0.68044495582580566 -0.8342130184173584 1.0476635694503784 0.3120599091053009 0.44940665364265442
790.39530000090599 -0.96681982278823853 0.70426124334335327 0.48656356334686279 0.64548426866531372 -0.97034907341003418 1.0680683851242065 0.036278653889894485 0.28753289580345154
876.79509999789298 -0.9212459921836853 0.68985527753829956 0.42062520980834961 0.63895350694656372 -0.92472344636917114 1.049190878868103 0.039422489702701569 0.28823503851890564
963.18319999799132 -0.95820772647857666 0.69783866405487061 0.43270027637481689 0.67526674270629883 -0.94582462310791016 1.0580748319625854 0.078635416924953461 0.32917606830596924
1052.8901999983937 -0.90994620323181152 0.70723724365234375 0.50237166881561279 0.68828433752059937 -0.90383446216583252 1.0823347568511963 0.3773229718208313 0.56340259313583374
1137.2698999997228 -0.86171072721481323 0.69756442308425903 0.57633686065673828 0.64941114187240601 -0.86551237106323242 1.0633515119552612 0.60499906539916992 0.65258967876434326
1226.9940999988467 -0.82340198755264282 0.68978035449981689 0.52297478914260864 0.60067808628082275 -0.83578115701675415 1.0575751066207886 0.62826484441757202 0.65236532688140869
1314.7983999978751 -0.83783674240112305 0.6907849907875061 0.56445759534835815 0.62006592750549316 -0.84371501207351685 1.055691123008728 0.64744693040847778 0.65188342332839966
1398.2658999990672 -0.83089911937713623 0.70087367296218872 0.58145678043365479 0.6497647762298584 -0.83930808305740356 1.0722610950469971 0.6422995924949646 0.66922026872634888
1480.8593999966979 -0.83487963676452637 0.69895225763320923 0.56269067525863647 0.63220894336700439 -0.83580225706100464 1.065842866897583 0.63259798288345337 0.65511405467987061
1567.2397999987006 -0.82180267572402954 0.69353801012039185 0.60152310132980347 0.639850914478302 -0.81825518608093262 1.0577210187911987 0.64670896530151367 0.64772707223892212
1652.188299998641 -0.81043773889541626 0.69194531440734863 0.59363764524459839 0.65153414011001587 -0.81583476066589355 1.0508074760437012 0.62424474954605103 0.64746075868606567
1737.1340999975801 -0.83359724283218384 0.69801449775695801 0.58094692230224609 0.64792364835739136 -0.83387094736099243 1.0609701871871948 0.61222654581069946 0.65600091218948364
1822.5854999981821 -0.8335345983505249 0.69839787483215332 0.58166509866714478 0.6462746262550354 -0.83363687992095947 1.0654968023300171 0.62621015310287476 0.66191130876541138
1917.1443999987096 -0.83605587482452393 0.69543969631195068 0.58075088262557983 0.65214246511459351 -0.83976387977600098 1.0532430410385132 0.60810673236846924 0.64341908693313599
