56.730800000019372 -0.81551933288574219 0.67860996723175049 0.52960973978042603 0.66053265333175659 -0.76420342922210693 0.99417769908905029 0.53664666414260864 0.98581206798553467
150.48760000010952 -0.79822605848312378 0.68329024314880371 0.53606504201889038 0.66322457790374756 -0.75406473875045776 1.0032873153686523 0.52512073516845703 0.99888503551483154
247.39139999984764 -0.81495118141174316 0.67698389291763306 0.52750086784362793 0.65915817022323608 -0.77408617734909058 0.99237954616546631 0.53259915113449097 0.99194121360778809
340.26979999989271 -0.81468945741653442 0.67714673280715942 0.55091249942779541 0.65068578720092773 -0.76959842443466187 0.9915962815284729 0.566092848777771 0.98793268203735352
437.08199999993667 -0.8203004002571106 0.68320071697235107 0.64353621006011963 0.66022491455078125 -0.78852927684783936 1.0137301683425903 0.64791363477706909 1.0144964456558228
528.5675000003539 -0.7755628228187561 0.66321820020675659 0.74454885721206665 0.62997782230377197 -0.76006531715393066 0.96677416563034058 0.77548569440841675 0.96885770559310913
623.95309999980964 -0.79991316795349121 0.65893828868865967 0.90022099018096924 0.60651963949203491 -0.77481794357299805 0.96612167358398438 0.97869992256164551 0.9102439284324646
715.81420000013895 -0.82598710060119629 0.58119821548461914 1.0000475645065308 0.49368530511856079 -0.85384005308151245 0.79911148548126221 1.2189128398895264 0.68441981077194214
814.02309999987483 -0.81831306219100952 0.64319914579391479 1.1453245878219604 0.46172997355461121 -0.82401132583618164 0.6427951455116272 1.0225170850753784 0.57536196708679199
909.35150000010617 -0.73361474275588989 0.59536653757095337 1.0749683380126953 0.31867247819900513 -0.70020335912704468 0.51992809772491455 0.86895084381103516 0.31814506649971008
1007.0825000002515 -0.75692856311798096 0.53974360227584839 1.3807405233383179 0.25158089399337769 -0.62665152549743652 0.23293349146842957 0.74546438455581665 0.03993595764040947
1101.1711999999825 -0.7503313422203064 0.49945789575576782 1.2300773859024048 0.20837444067001343 -0.47156882286071777 0.21491646766662598 0.71176415681838989 -0.047978449612855911
1197.7261999999173 -0.66871625185012817 0.53506052494049072 1.1955989599227905 0.2332821786403656 -0.42172417044639587 0.25333595275878906 0.65456098318099976 0.010530728846788406
1287.097200000193 -0.71002858877182007 0.546680748462677 1.2578549385070801 0.23614230751991272 -0.444732666015625 0.22492742538452148 0.61865729093551636 0.012367656454443932
1376.2972999999765 -0.69071710109710693 0.55142414569854736 1.2884856462478638 0.24708877503871918 -0.43612372875213623 0.28234469890594482 0.63415998220443726 0.025696048513054848
1475.8034999999218 -0.68180423974990845 0.54722779989242554 1.2115786075592041 0.25352305173873901 -0.43218585848808289 0.25156253576278687 0.5876350998878479 0.026499999687075615
1567.2256000000052 -0.63089030981063843 0.53941512107849121 1.2536017894744873 0.24875980615615845 -0.40716740489006042 0.23881377279758453 0.60642814636230469 0.021731313318014145
1660.0996000000741 -0.70138782262802124 0.5547863245010376 1.2301923036575317 0.2621898353099823 -0.43268591165542603 0.2724323570728302 0.61242926120758057 0.035972092300653458
1754.6034000001382 -0.69375288486480713 0.54581958055496216 1.2655307054519653 0.25832769274711609 -0.40406665205955505 0.27364048361778259 0.61740529537200928 0.035928633064031601
1854.7431000000797 -0.69331049919128418 0.53637343645095825 1.2457965612411499 0.26302215456962585 -0.43823209404945374 0.24652653932571411 0.57140672206878662 0.034134496003389359
1956.7561999999452 -0.65346533060073853 0.54242813587188721 1.2776556015014648 0.26834690570831299 -0.41612941026687622 0.24491880834102631 0.59013044834136963 0.041454140096902847
