37.140999999828637 -0.80839031934738159 0.62938928604125977 0.67361462116241455 0.65506696701049805 -0.8906591534614563 1.028969407081604 0.64329177141189575 1.0204243659973145
154.79320000018924 -0.82338434457778931 0.61698561906814575 0.66578215360641479 0.65249800682067871 -0.89879018068313599 1.0206149816513062 0.63517230749130249 1.0071967840194702
275.39309999998659 -0.84345471858978271 0.6164434552192688 0.67918187379837036 0.65487587451934814 -0.92159271240234375 1.0250709056854248 0.6536937952041626 1.0242042541503906
393.14089999999851 -0.85317856073379517 0.61759018898010254 0.64689451456069946 0.65695327520370483 -0.92587870359420776 1.0261902809143066 0.6352999210357666 1.0180658102035522
507.63940000068396 -0.82285702228546143 0.61715805530548096 0.67934459447860718 0.65125781297683716 -0.91130107641220093 1.0230889320373535 0.77389997243881226 1.0092390775680542
621.27510000020266 -0.79343998432159424 0.61634320020675659 0.77000194787979126 0.65420722961425781 -0.88005852699279785 1.0136783123016357 0.92453175783157349 1.0418555736541748
752.10350000020117 -0.83472806215286255 0.60175389051437378 1.0718522071838379 0.59243470430374146 -0.91430568695068359 0.99702578783035278 1.5822569131851196 0.86722379922866821
869.8167000003159 -0.87081843614578247 0.64249801635742188 1.1611670255661011 0.42959555983543396 -0.97535872459411621 1.01722252368927 1.9399060010910034 0.49907985329627991
981.65940000023693 -0.85670536756515503 0.64193671941757202 1.402988076210022 0.22780323028564453 -1.0124126672744751 1.052804708480835 2.4149811267852783 0.025324165821075439
1089.8956000003964 -0.8141028881072998 0.63533198833465576 1.178825855255127 0.081036433577537537 -0.93134480714797974 1.0008286237716675 1.679376482963562 -0.24948365986347198
1204.0928000006825 -0.865151047706604 0.65208649635314941 1.1197865009307861 0.02847541868686676 -0.96626937389373779 1.0340793132781982 1.2358471155166626 -0.28422600030899048
1319.5104999998584 -0.80494266748428345 0.65867859125137329 1.0421593189239502 -0.0018274191534146667 -0.86878520250320435 1.0523116588592529 0.96581876277923584 -0.34215474128723145
1442.36429999955 -0.85315424203872681 0.64783203601837158 1.08636474609375 -0.04627709835767746 -0.9062497615814209 1.0362167358398438 0.88422411680221558 -0.3073197603225708
1562.8494000006467 -0.77185410261154175 0.65832120180130005 1.05169677734375 -0.051933515816926956 -0.80847370624542236 1.0452219247817993 0.73577898740768433 -0.30133417248725891
1674.1058000000194 -0.75538623332977295 0.64935034513473511 1.0354888439178467 -0.038208510726690292 -0.81548148393630981 1.0301477909088135 0.76905280351638794 -0.2810492217540741
1791.0640000002459 -0.76767146587371826 0.65450376272201538 1.0679490566253662 -0.045044388622045517 -0.81596559286117554 1.0374367237091064 0.77633672952651978 -0.30526995658874512
1906.9670000001788 -0.77511173486709595 0.66065406799316406 1.0464041233062744 -0.045896537601947784 -0.84220558404922485 1.035405158996582 0.75820088386535645 -0.31107047200202942
