16.006000000052154 -0.7634425163269043 0.70421147346496582 0.56432646512985229 0.73319411277770996 -0.74534821510314941 1.0861034393310547 0.51240229606628418 1.0926722288131714
112.0390999999363 -0.76859259605407715 0.71492964029312134 0.54726779460906982 0.72637045383453369 -0.74994874000549316 1.0967749357223511 0.50055921077728271 1.08769690990448
206.5710999998264 -0.78697675466537476 0.70602196455001831 0.54762834310531616 0.73236566781997681 -0.7646486759185791 1.0928634405136108 0.5076872706413269 1.0938291549682617
308.29780000005849 -0.78928697109222412 0.70211386680603027 0.54962897300720215 0.71868973970413208 -0.76249676942825317 1.0833612680435181 0.49844256043434143 1.0782266855239868
398.46750000002794 -0.78361356258392334 0.6976587176322937 0.54251283407211304 0.714680016040802 -0.76644736528396606 1.0779933929443359 0.50160390138626099 1.070195198059082
499.45899999979883 -0.77589112520217896 0.70646107196807861 0.56674998998641968 0.73636865615844727 -0.75228327512741089 1.0886358022689819 0.52739948034286499 1.0860787630081177
595.15090000000782 -0.73414325714111328 0.69817578792572021 0.60758852958679199 0.69219034910202026 -0.71685653924942017 1.0837060213088989 0.68284845352172852 1.0506992340087891
689.24680000008084 -0.74400460720062256 0.69873136281967163 0.86702114343643188 0.65047383308410645 -0.72905725240707397 1.0803645849227905 1.2623888254165649 0.97523099184036255
778.38839999982156 -0.76872408390045166 0.70189505815505981 1.0230740308761597 0.55139642953872681 -0.75806331634521484 1.0888413190841675 1.6812961101531982 0.81303256750106812
878.79920000000857 -0.72923785448074341 0.70043271780014038 1.1793493032455444 0.4502415657043457 -0.7256430983543396 1.0733002424240112 2.0406486988067627 0.46392360329627991
973.99109999998473 -0.71117669343948364 0.70436358451843262 1.2054281234741211 0.19728335738182068 -0.71190887689590454 1.0877398252487183 1.9055871963500977 -0.01340944692492485
1069.2545999998692 -0.71352380514144897 0.68635302782058716 1.1705090999603271 0.11348934471607208 -0.7095799446105957 1.0633614063262939 1.6787650585174561 -0.17088960111141205
1163.8437999999151 -0.74573653936386108 0.69409871101379395 1.1711753606796265 0.03278612345457077 -0.73686677217483521 1.0640676021575928 1.4242570400238037 -0.35613438487052917
1263.1668999998365 -0.74706429243087769 0.7009543776512146 1.0616017580032349 -0.030603282153606415 -0.73696041107177734 1.0734212398529053 1.0047380924224854 -0.38740390539169312
1363.5308000000659 -0.74492239952087402 0.69515872001647949 0.9509962797164917 -0.064700551331043243 -0.70949143171310425 1.065534234046936 0.67509520053863525 -0.38145515322685242
1448.5185000000056 -0.76248764991760254 0.68847006559371948 0.93755674362182617 -0.072739534080028534 -0.72077572345733643 1.0494171380996704 0.4611910879611969 -0.36097553372383118
1544.5141000000294 -0.76215893030166626 0.67344850301742554 0.88081568479537964 -0.085289902985095978 -0.72963708639144897 1.0456854104995728 0.40219345688819885 -0.37754157185554504
1635.2380999999586 -0.77766340970993042 0.6760629415512085 0.91392755508422852 -0.081631772220134735 -0.73671698570251465 1.0433111190795898 0.41015267372131348 -0.37764239311218262
1726.3075000001118 -0.79201149940490723 0.67600077390670776 0.90155881643295288 -0.072728484869003296 -0.75476306676864624 1.0433142185211182 0.40040403604507446 -0.35905066132545471
1821.8304999999236 -0.77972090244293213 0.67065542936325073 0.9102751612663269 -0.073003940284252167 -0.74871551990509033 1.0358610153198242 0.42436078190803528 -0.35934016108512878
1914.2132999999449 -0.78117042779922485 0.68603062629699707 0.91157054901123047 -0.068650133907794952 -0.75392651557922363 1.0556672811508179 0.44204884767532349 -0.35491234064102173
