94.566099999472499 -0.49359717965126038 0.47723570466041565 0.69152432680130005 0.43689429759979248 -0.45897963643074036 0.74585509300231934 0.76096838712692261 0.66243869066238403
203.38409999851137 -0.44265082478523254 0.47250837087631226 0.66197013854980469 0.43466559052467346 -0.44963493943214417 0.73709577322006226 0.68900513648986816 0.66159015893936157
313.03639999963343 -0.45444273948669434 0.4744599461555481 0.67338103055953979 0.4366011917591095 -0.47576591372489929 0.73384422063827515 0.78516340255737305 0.6168636679649353
419.55920000001788 -0.47771477699279785 0.47309288382530212 0.671012282371521 0.42648875713348389 -0.46325668692588806 0.73791927099227905 0.97478222846984863 0.67670094966888428
528.98769999854267 -0.46828791499137878 0.47839516401290894 0.63306748867034912 0.43636330962181091 -0.42947748303413391 0.74360167980194092 0.75423985719680786 0.67315614223480225
638.28139999974519 -0.46424993872642517 0.47154161334037781 0.64885693788528442 0.44894620776176453 -0.44526183605194092 0.7395058274269104 0.79652506113052368 0.69250762462615967
750.24119999911636 -0.52092760801315308 0.4681379497051239 0.76932865381240845 0.44459706544876099 -0.4392620325088501 0.73401641845703125 1.1670870780944824 0.60822534561157227
862.31809999980032 -0.48685982823371887 0.45817521214485168 0.8048895001411438 0.3455987274646759 -0.46507304906845093 0.70642518997192383 1.3550711870193481 0.47733068466186523
974.46389999985695 -0.51706111431121826 0.46956086158752441 1.0338016748428345 0.33065089583396912 -0.44942554831504822 0.71643394231796265 1.2466896772384644 0.31846556067466736
1087.0790999988094 -0.74349361658096313 0.45158973336219788 0.94099366664886475 0.16845759749412537 -0.62004947662353516 0.70356458425521851 1.1438530683517456 0.13365013897418976
1195.4147999994457 -0.71909773349761963 0.45472747087478638 0.95135384798049927 0.09902479499578476 -0.56150352954864502 0.71609199047088623 1.1013672351837158 0.011053910478949547
1303.550199999474 -0.55980628728866577 0.46305608749389648 0.8854636549949646 0.020052509382367134 -0.590068519115448 0.71652823686599731 0.99383610486984253 -0.14978727698326111
1410.9984999988228 -0.55303281545639038 0.46669673919677734 0.86855703592300415 0.028096532449126244 -0.5765337347984314 0.72135907411575317 0.87157797813415527 -0.14479348063468933
1526.5017999988049 -0.56617259979248047 0.47014778852462769 0.85686987638473511 0.0167388916015625 -0.5350227952003479 0.72627562284469604 0.74621522426605225 -0.16440372169017792
1631.483399999328 -0.60677498579025269 0.47357633709907532 0.82181012630462646 0.024580394849181175 -0.61604619026184082 0.73030483722686768 0.70151430368423462 -0.13845174014568329
1743.9734999993816 -0.61506688594818115 0.46952587366104126 0.74228554964065552 0.019864123314619064 -0.58086580038070679 0.72506803274154663 0.63241195678710938 -0.12338712066411972
1852.3241999996826 -0.56385958194732666 0.45973959565162659 0.82689148187637329 0.024542512372136116 -0.57078206539154053 0.70968341827392578 0.77586895227432251 -0.10627274960279465
1953.8453999990597 -0.57566523551940918 0.46836385130882263 0.67796605825424194 0.020255118608474731 -0.60192769765853882 0.72222471237182617 0.65979796648025513 -0.11287861317396164
