46.008799998089671 -0.79514563083648682 0.68958944082260132 0.54049170017242432 0.68982177972793579 -0.77273613214492798 1.0444016456604004 0.47650524973869324 1.025215744972229
130.45689999870956 -0.82803142070770264 0.6828417181968689 0.52087503671646118 0.69147592782974243 -0.79999011754989624 1.0410958528518677 0.48172706365585327 1.0294948816299438
215.28879999928176 -0.81202006340026855 0.68398034572601318 0.54096734523773193 0.68683838844299316 -0.77873873710632324 1.0418843030929565 0.48959147930145264 1.0257192850112915
300.77479999884963 -0.79241788387298584 0.67753726243972778 0.54935204982757568 0.68478643894195557 -0.76564157009124756 1.0416430234909058 0.5085899829864502 1.0294641256332397
384.48869999870658 -0.8096650242805481 0.67554789781570435 0.53349775075912476 0.6801181435585022 -0.7881883978843689 1.0221368074417114 0.49773752689361572 1.0213239192962646
469.85889999940991 -0.78901928663253784 0.68236464262008667 0.58044666051864624 0.68860703706741333 -0.76784408092498779 1.0295082330703735 0.45671534538269043 1.0159659385681152
554.48519999720156 -0.75493824481964111 0.66206961870193481 0.55378186702728271 0.65966534614562988 -0.72629356384277344 1.0211009979248047 0.18748541176319122 0.95714318752288818
645.32450000010431 -0.77796351909637451 0.62703585624694824 0.58809059858322144 0.63637697696685791 -0.73907500505447388 0.95993751287460327 -0.087991476058959961 0.82198101282119751
730.54609999805689 -0.81498968601226807 0.66298019886016846 0.4475056529045105 0.63891583681106567 -0.78482890129089355 0.98807084560394287 -0.28062987327575684 0.64148432016372681
821.42619999870658 -0.841705322265625 0.6416814923286438 0.24380844831466675 0.61730921268463135 -0.80925923585891724 0.975577712059021 -0.49908259510993958 0.51510602235794067
908.70429999940097 -0.91814529895782471 0.65612649917602539 0.25930079817771912 0.61720520257949829 -0.90231561660766602 1.0060552358627319 -0.67441070079803467 0.46650475263595581
996.07319999858737 -0.94289135932922363 0.64604145288467407 0.27463555335998535 0.61112463474273682 -0.90362465381622314 1.0076519250869751 -0.60649621486663818 0.43748176097869873
1083.4806999992579 -0.90243971347808838 0.67333126068115234 0.29954135417938232 0.63385170698165894 -0.88751286268234253 1.0530174970626831 -0.59754931926727295 0.44561964273452759
1169.8874999992549 -0.85519492626190186 0.6588897705078125 0.33516591787338257 0.6245192289352417 -0.84353518486022949 1.030514121055603 -0.5650031566619873 0.43396779894828796
1258.2585999984294 -0.85216879844665527 0.65464705228805542 0.30463790893554688 0.62222284078598022 -0.8394123911857605 1.0233662128448486 -0.52493727207183838 0.44353264570236206
1343.9010999985039 -0.86014431715011597 0.66296058893203735 0.30597487092018127 0.62083977460861206 -0.84233158826828003 1.0322433710098267 -0.54543471336364746 0.44346335530281067
1429.4911000002176 -0.85267907381057739 0.65911585092544556 0.30802375078201294 0.62137985229492188 -0.83142471313476563 1.0240226984024048 -0.5126262903213501 0.44592785835266113
1517.0369999986142 -0.83455699682235718 0.66610336303710938 0.34031599760055542 0.6280357837677002 -0.80642354488372803 1.0399658679962158 -0.49855217337608337 0.44820514321327209
1602.8743999991566 -0.86175405979156494 0.66765725612640381 0.30394729971885681 0.63110941648483276 -0.83714854717254639 1.0401724576950073 -0.53072786331176758 0.44643852114677429
1688.5911999978125 -0.86510521173477173 0.66352832317352295 0.30733337998390198 0.63096940517425537 -0.84494060277938843 1.0395506620407104 -0.54529643058776855 0.44509267807006836
1771.3576999977231 -0.86278736591339111 0.66066879034042358 0.30182480812072754 0.62738156318664551 -0.85012549161911011 1.0301350355148315 -0.54239743947982788 0.45172104239463806
1856.1730999965221 -0.88009750843048096 0.66886240243911743 0.30850598216056824 0.63416993618011475 -0.85984230041503906 1.0406577587127686 -0.55370938777923584 0.44564196467399597
1942.0476999972016 -0.88142615556716919 0.66382300853729248 0.28906288743019104 0.6253427267074585 -0.86503392457962036 1.0319867134094238 -0.55501842498779297 0.4484938383102417
