54.382400000467896 -0.76315057277679443 0.67400568723678589 0.56598252058029175 0.69792133569717407 -0.74488151073455811 1.0335510969161987 0.51068603992462158 1.0359927415847778
138.29449999891222 -0.75441843271255493 0.68284881114959717 0.58241778612136841 0.6948351263999939 -0.74262863397598267 1.045363187789917 0.52135980129241943 1.040105938911438
225.41359999962151 -0.76743614673614502 0.68969947099685669 0.59031832218170166 0.70295202732086182 -0.74631452560424805 1.0565321445465088 0.52495980262756348 1.0465795993804932
310.13719999976456 -0.7377668023109436 0.68280595541000366 0.60519909858703613 0.70211249589920044 -0.72453004121780396 1.0437192916870117 0.55181783437728882 1.0509377717971802
392.961799999699 -0.75275248289108276 0.68553626537322998 0.58704560995101929 0.70903831720352173 -0.73779159784317017 1.0516577959060669 0.55759364366531372 1.0477396249771118
477.53419999778271 -0.75384557247161865 0.66818618774414063 0.59134393930435181 0.6868245005607605 -0.7324674129486084 1.0262614488601685 0.56030845642089844 1.021216869354248
566.39609999768436 -0.79315894842147827 0.67166602611541748 0.56756901741027832 0.63826882839202881 -0.77424979209899902 1.037253737449646 0.46719875931739807 0.80133163928985596
653.66289999894798 -0.87885445356369019 0.67706316709518433 0.57529586553573608 0.70068603754043579 -0.85885775089263916 1.0438143014907837 0.29830041527748108 0.52370548248291016
742.2561000008136 -0.90604895353317261 0.70261967182159424 0.52635103464126587 0.71750986576080322 -0.87906104326248169 1.0876224040985107 0.18149358034133911 0.42813286185264587
828.18089999817312 -0.99171048402786255 0.69753503799438477 0.39540794491767883 0.66630381345748901 -0.98192566633224487 1.0708609819412231 0.054812941700220108 0.29615062475204468
916.31949999928474 -1.0145602226257324 0.7211228609085083 0.40460008382797241 0.68107420206069946 -1.0128463506698608 1.1085851192474365 0.066785320639610291 0.30247694253921509
1002.4771999996156 -0.98304462432861328 0.72024142742156982 0.3862769603729248 0.71654564142227173 -0.98600155115127563 1.1060476303100586 0.21455831825733185 0.47231367230415344
1082.5278999991715 -1.0117223262786865 0.70727944374084473 0.42011898756027222 0.69795149564743042 -0.98855328559875488 1.0891001224517822 0.32382398843765259 0.58688730001449585
1168.3943999987096 -0.94642430543899536 0.70574426651000977 0.46126174926757813 0.642750084400177 -0.94517821073532104 1.081605076789856 0.4280732274055481 0.64111977815628052
1254.0429999995977 -0.85620921850204468 0.68807077407836914 0.49807518720626831 0.66826403141021729 -0.86219263076782227 1.0603377819061279 0.49543362855911255 0.64470601081848145
1341.1460000015795 -0.86552351713180542 0.70169907808303833 0.51157993078231812 0.67751765251159668 -0.85616308450698853 1.0775744915008545 0.50228852033615112 0.62956345081329346
1421.0789999999106 -0.83491998910903931 0.69521462917327881 0.50415021181106567 0.67001092433929443 -0.84074699878692627 1.0679675340652466 0.4886995255947113 0.63076686859130859
1510.0073999986053 -0.82216060161590576 0.69218266010284424 0.53294050693511963 0.67305254936218262 -0.82182562351226807 1.0654145479202271 0.51325023174285889 0.61915749311447144
1599.583599999547 -0.81588840484619141 0.7036823034286499 0.52323472499847412 0.6744312047958374 -0.82620620727539063 1.0831470489501953 0.5039713978767395 0.62778192758560181
1686.6794999986887 -0.84272980690002441 0.6944853663444519 0.50768059492111206 0.66787195205688477 -0.84255540370941162 1.0723799467086792 0.48780623078346252 0.62780511379241943
1773.261499999091 -0.81627267599105835 0.69179600477218628 0.53243094682693481 0.65435212850570679 -0.82007575035095215 1.0626639127731323 0.51387548446655273 0.61730372905731201
1860.1782999988645 -0.84205847978591919 0.69994300603866577 0.53367668390274048 0.66374015808105469 -0.85072207450866699 1.0731867551803589 0.51275008916854858 0.62489199638366699
1946.2293999996036 -0.84381181001663208 0.69853627681732178 0.51472967863082886 0.66327047348022461 -0.85107630491256714 1.070871114730835 0.49958768486976624 0.63396972417831421
