85.652700000209734 -0.72684991359710693 0.67135274410247803 0.55700552463531494 0.69077253341674805 -0.72269481420516968 1.0446974039077759 0.56368213891983032 1.020844578742981
179.91070000012405 -0.7554551362991333 0.67441672086715698 0.58989715576171875 0.69103968143463135 -0.7506105899810791 1.0445741415023804 0.60436105728149414 1.0202023983001709
274.50790000008419 -0.75734913349151611 0.6774221658706665 0.59695142507553101 0.69551640748977661 -0.74203372001647949 1.0474702119827271 0.60417771339416504 1.0328438282012939
369.99329999997281 -0.74120444059371948 0.67642897367477417 0.55021536350250244 0.68098843097686768 -0.71833342313766479 1.0467677116394043 0.55291295051574707 1.0233088731765747
465.71919999993406 -0.75687438249588013 0.67575418949127197 0.60357791185379028 0.68633556365966797 -0.74121230840682983 1.0484623908996582 0.6021198034286499 1.0207133293151855
564.34510000003502 -0.77875435352325439 0.67338639497756958 0.63431823253631592 0.66964864730834961 -0.77485781908035278 1.0451164245605469 0.64176481962203979 1.008456826210022
659.38090000022203 -1.0274450778961182 0.60601425170898438 0.92323184013366699 0.61303579807281494 -1.0518112182617188 0.94348162412643433 0.9896014928817749 0.9405367374420166
752.71380000025965 -1.1148556470870972 0.48236161470413208 1.153283953666687 0.50231122970581055 -1.3671501874923706 0.73799455165863037 1.3379249572753906 0.77648240327835083
845.85979999997653 -1.074084997177124 0.41172662377357483 1.0870367288589478 0.45160293579101563 -1.521917462348938 0.60373204946517944 1.5496344566345215 0.64926820993423462
940.47349999984726 -1.1681121587753296 0.40624824166297913 1.1410007476806641 0.42619773745536804 -1.8851348161697388 0.34333202242851257 1.8918075561523438 0.35320320725440979
1022.127400000114 -1.1269835233688354 0.47760745882987976 1.1551728248596191 0.45225897431373596 -1.8961710929870605 0.34070843458175659 1.8481235504150391 0.36211419105529785
1117.3268999997526 -1.0882151126861572 0.50355178117752075 1.1217802762985229 0.50503432750701904 -1.9287575483322144 0.42024385929107666 1.9035805463790894 0.42741018533706665
1208.0271000000648 -0.98683816194534302 0.563201904296875 1.0046682357788086 0.55341833829879761 -1.6708141565322876 0.73233276605606079 1.6581352949142456 0.74465548992156982
1301.0253000000957 -0.98659366369247437 0.58586400747299194 0.93841922283172607 0.56608623266220093 -1.3459497690200806 0.89269042015075684 1.3706852197647095 0.88918447494506836
1391.1036000002641 -1.074649453163147 0.5586932897567749 1.0736565589904785 0.55537623167037964 -1.4784188270568848 0.86733394861221313 1.5122575759887695 0.88401997089385986
1489.1025000000373 -1.0852181911468506 0.49127644300460815 1.1583652496337891 0.48266062140464783 -1.6702268123626709 0.68705892562866211 1.6885150671005249 0.72069829702377319
1582.466199999908 -1.2541543245315552 0.34726917743682861 1.1928091049194336 0.35260549187660217 -1.7991958856582642 0.46518984436988831 1.7913979291915894 0.48324602842330933
1677.2865999999922 -1.184898853302002 0.32828527688980103 1.1578736305236816 0.36227679252624512 -1.881106972694397 0.21033990383148193 1.9154700040817261 0.24673888087272644
1772.6067000001203 -1.2501444816589355 0.36528310179710388 1.2211575508117676 0.39274886250495911 -1.8742467164993286 0.21266956627368927 1.936093807220459 0.24420498311519623
1870.9845999998506 -1.0600290298461914 0.44042512774467468 1.1128549575805664 0.43287312984466553 -1.7721623182296753 0.3039228618144989 1.7863816022872925 0.33113014698028564
1969.5910000000149 -1.0591341257095337 0.58974677324295044 0.98983103036880493 0.57476603984832764 -1.6710917949676514 0.82672357559204102 1.7123825550079346 0.83328008651733398
