35.155600000172853 -0.81942641735076904 0.66857850551605225 0.54696136713027954 0.65569949150085449 -0.76053822040557861 0.99582028388977051 0.54607534408569336 0.99286383390426636
123.57060000114143 -0.79087883234024048 0.65254908800125122 0.56496942043304443 0.66398680210113525 -0.74420785903930664 1.0012664794921875 0.55630069971084595 0.99569857120513916
208.97740000300109 -0.76795268058776855 0.65143615007400513 0.57959765195846558 0.66647136211395264 -0.73325300216674805 1.0179146528244019 0.57131820917129517 0.99496281147003174
289.54510000161827 -0.77697306871414185 0.64530950784683228 0.57484906911849976 0.63281786441802979 -0.74101132154464722 1.0140764713287354 0.64156848192214966 0.93761110305786133
376.13949999958277 -0.84233689308166504 0.67104285955429077 0.62021058797836304 0.6493074893951416 -0.7995871901512146 1.0087898969650269 0.6814417839050293 0.9776654839515686
458.26290000043809 -1.0326284170150757 0.60397517681121826 0.87819099426269531 0.5850948691368103 -1.1401143074035645 0.90611529350280762 1.0148164033889771 0.87613934278488159
543.1125000026077 -1.1508874893188477 0.55024677515029907 1.0100425481796265 0.53836154937744141 -1.461316704750061 0.8317025899887085 1.3732891082763672 0.77562570571899414
627.46949999965727 -1.356958270072937 0.40436917543411255 1.0976206064224243 0.35336413979530334 -1.952491283416748 0.56643533706665039 1.7024599313735962 0.47159454226493835
715.02389999851584 -1.3155698776245117 0.33260971307754517 1.1536908149719238 0.2990257740020752 -1.9741909503936768 0.4013405442237854 1.8655222654342651 0.3032228946685791
807.36220000125468 -1.3093639612197876 0.29881876707077026 1.1101875305175781 0.27902555465698242 -1.9697757959365845 0.21174566447734833 1.7506723403930664 0.13285844027996063
890.45210000127554 -1.2625755071640015 0.31944176554679871 1.1159721612930298 0.32458087801933289 -1.8627713918685913 0.16259920597076416 1.6371915340423584 0.16148152947425842
976.36860000155866 -1.310593843460083 0.37696340680122375 1.0732309818267822 0.38575780391693115 -1.9161454439163208 0.23472392559051514 1.6155470609664917 0.27002018690109253
1061.7058000005782 -1.2409278154373169 0.42297816276550293 0.90292364358901978 0.46764880418777466 -1.8962651491165161 0.36920690536499023 1.6642628908157349 0.39692413806915283
1145.3505000006407 -1.2652528285980225 0.50573563575744629 0.9257504940032959 0.52702105045318604 -1.920570969581604 0.58949130773544312 1.658458948135376 0.61447662115097046
1226.6224000006914 -1.1338999271392822 0.55718767642974854 0.87943661212921143 0.56445062160491943 -1.601085901260376 0.82260048389434814 1.342293381690979 0.83651834726333618
1309.6490000002086 -1.202267050743103 0.52513372898101807 0.92160904407501221 0.53156447410583496 -1.6978846788406372 0.78841197490692139 1.4133147001266479 0.79137557744979858
1392.874200001359 -1.2651040554046631 0.53377598524093628 1.0484031438827515 0.52548718452453613 -1.8303459882736206 0.7685808539390564 1.6589510440826416 0.75486564636230469
1478.0990999992937 -1.4334373474121094 0.40481024980545044 1.0685425996780396 0.42563009262084961 -2.0887868404388428 0.5406765341758728 1.768039345741272 0.54875791072845459
1566.9134999997914 -1.3612037897109985 0.30692562460899353 1.1797242164611816 0.3210492730140686 -2.0035247802734375 0.35915464162826538 1.8991020917892456 0.37270867824554443
1654.3249000012875 -1.360439658164978 0.2128165066242218 1.1399095058441162 0.24551811814308167 -2.0714399814605713 0.10795324295759201 1.8471653461456299 0.10444553941488266
1739.2258000001311 -1.3221204280853271 0.24563361704349518 1.1514325141906738 0.2598591148853302 -1.905335545539856 0.065077349543571472 1.7698111534118652 0.09619525820016861
1824.0412000026554 -1.3341100215911865 0.32831543684005737 1.1964800357818604 0.35886755585670471 -1.8733236789703369 0.15774548053741455 1.685853123664856 0.19997064769268036
1910.1633999999613 -1.2759722471237183 0.41627794504165649 1.0705268383026123 0.44530129432678223 -1.9263269901275635 0.3270130455493927 1.7881006002426147 0.35637298226356506
1994.8536000009626 -1.1076076030731201 0.53410303592681885 0.9287838339805603 0.52915370464324951 -1.7805870771408081 0.72580689191818237 1.6409531831741333 0.70651751756668091
