93.672900002449751 -0.73444205522537231 0.66386598348617554 0.53912317752838135 0.62959307432174683 -0.69592916965484619 0.97382599115371704 0.57487654685974121 0.96420454978942871
199.9721000008285 -0.72792196273803711 0.65432703495025635 0.56634080410003662 0.61386334896087646 -0.67947649955749512 0.96772462129592896 0.597464919090271 0.95599031448364258
297.73820000141859 -0.71578854322433472 0.65306472778320313 0.60580378770828247 0.60659027099609375 -0.67970913648605347 0.96939641237258911 0.69318491220474243 0.9560733437538147
392.65150000341237 -0.7260710597038269 0.6525198221206665 0.72981441020965576 0.59791219234466553 -0.69314974546432495 0.96295756101608276 0.92288500070571899 0.91156715154647827
486.66760000213981 -0.75474578142166138 0.6587066650390625 0.89858049154281616 0.52713167667388916 -0.71214419603347778 0.97181892395019531 1.4248161315917969 0.78780388832092285
586.09809999912977 -0.78773534297943115 0.66050535440444946 1.1754233837127686 0.4316728413105011 -0.75103300809860229 0.97916245460510254 1.9060869216918945 0.58071976900100708
683.47809999808669 -0.74804723262786865 0.67541778087615967 1.2610319852828979 0.29185023903846741 -0.71457540988922119 0.99392211437225342 2.0995938777923584 0.30308985710144043
781.51510000228882 -0.73627775907516479 0.66304546594619751 1.2715259790420532 0.21767602860927582 -0.70979738235473633 0.97962939739227295 2.3053696155548096 0.11768501251935959
884.81240000203252 -0.68003588914871216 0.6703115701675415 1.2003384828567505 0.075529135763645172 -0.64971375465393066 0.98525166511535645 1.7559103965759277 -0.22148057818412781
982.46759999915957 -0.71987360715866089 0.66353493928909302 1.1680094003677368 0.038643043488264084 -0.69890964031219482 0.972095787525177 1.5202271938323975 -0.31908148527145386
1076.4973000008613 -0.72381889820098877 0.65670555830001831 0.97771298885345459 -0.063744239509105682 -0.73310762643814087 0.97694182395935059 1.1378022432327271 -0.33521327376365662
1175.0005000028759 -0.70116919279098511 0.65769565105438232 0.90813356637954712 -0.068266332149505615 -0.69257301092147827 0.97780442237854004 0.97986561059951782 -0.27887934446334839
1277.4330000001937 -0.74937301874160767 0.65601986646652222 0.89045208692550659 -0.097981914877891541 -0.69976663589477539 0.97612607479095459 0.66182947158813477 -0.39059680700302124
1383.8893999997526 -0.73254483938217163 0.65669262409210205 0.89939069747924805 -0.12702928483486176 -0.72259187698364258 0.98078459501266479 0.46505442261695862 -0.41000846028327942
1483.1984000001103 -0.7415919303894043 0.6637958288192749 0.88588863611221313 -0.13642913103103638 -0.7358974814414978 0.98172968626022339 0.32930976152420044 -0.40617215633392334
1580.9013999998569 -0.74800670146942139 0.66251266002655029 0.8698611855506897 -0.14236126840114594 -0.7408255934715271 0.97970747947692871 0.34200924634933472 -0.38221761584281921
1681.6267000008374 -0.71811401844024658 0.65232455730438232 0.85664623975753784 -0.14208969473838806 -0.71330708265304565 0.97995138168334961 0.3057824969291687 -0.39568451046943665
1780.2088000010699 -0.72956269979476929 0.65886795520782471 0.86526685953140259 -0.14061880111694336 -0.72320026159286499 0.98256206512451172 0.34560000896453857 -0.38199850916862488
1883.9559000004083 -0.7540816068649292 0.65265649557113647 0.88900184631347656 -0.13080298900604248 -0.69439548254013062 0.9786078929901123 0.37249740958213806 -0.36714071035385132
1984.5579000003636 -0.70012974739074707 0.65133786201477051 0.88505327701568604 -0.13900399208068848 -0.70180678367614746 0.9786529541015625 0.37391075491905212 -0.36307966709136963
