96.402699995785952 -0.76351678371429443 0.71070092916488647 0.60328167676925659 0.70492070913314819 -0.6877405047416687 1.0304117202758789 0.59027612209320068 1.0610820055007935
213.16829999536276 -0.78850394487380981 0.72139668464660645 0.58790832757949829 0.71743243932723999 -0.83545726537704468 1.0545799732208252 0.57913309335708618 1.0757031440734863
330.23419999703765 -0.7838854193687439 0.70124894380569458 0.59480148553848267 0.71080821752548218 -0.70276057720184326 1.0192512273788452 0.59380984306335449 1.0677996873855591
439.25349999591708 -0.78164488077163696 0.70916396379470825 0.64794951677322388 0.70812594890594482 -0.71220463514328003 1.0408246517181396 0.64360648393630981 1.0631695985794067
536.79259999468923 -0.86478155851364136 0.6799393892288208 0.80691802501678467 0.64221024513244629 -0.87984323501586914 1.0351477861404419 1.0291086435317993 1.0034151077270508
642.81529999896884 -0.948536217212677 0.60079097747802734 0.98675119876861572 0.58606225252151489 -1.1904782056808472 0.93038958311080933 1.3866209983825684 0.87587916851043701
755.35929999500513 -1.1603744029998779 0.4589206874370575 1.2852376699447632 0.4476986825466156 -1.7758074998855591 0.69809150695800781 2.0871617794036865 0.59888845682144165
856.78200000151992 -1.2036502361297607 0.41381973028182983 1.3040636777877808 0.35662144422531128 -1.8888695240020752 0.44888213276863098 2.1185259819030762 0.28839099407196045
959.46089999750257 -1.1912596225738525 0.39605170488357544 1.1840989589691162 0.36412495374679565 -1.8868639469146729 0.27895832061767578 1.767939567565918 0.18229572474956512
1062.2537999972701 -1.1874974966049194 0.42291814088821411 1.1564441919326782 0.41866862773895264 -1.8975951671600342 0.30434060096740723 1.7909349203109741 0.23313753306865692
1173.0479999966919 -1.1348081827163696 0.48722648620605469 1.0262695550918579 0.49486097693443298 -1.8538084030151367 0.53624832630157471 1.9731570482254028 0.47577363252639771
1275.9745999984443 -1.0228897333145142 0.58736497163772583 0.95641201734542847 0.59023374319076538 -1.603995680809021 0.86078369617462158 1.6113373041152954 0.82562088966369629
1380.4247999973595 -1.0262730121612549 0.61698174476623535 0.8626328706741333 0.60300511121749878 -1.3765771389007568 0.9126773476600647 1.2762960195541382 0.88729703426361084
1498.3035999946296 -1.1553910970687866 0.56164228916168213 1.0062987804412842 0.5722421407699585 -1.6281142234802246 0.83319759368896484 1.5963737964630127 0.80595999956130981
1604.7654999941587 -1.1906633377075195 0.41688886284828186 1.2385923862457275 0.42670097947120667 -1.9923418760299683 0.5408293604850769 2.0203969478607178 0.51481175422668457
1711.0152999982238 -1.3018044233322144 0.32172125577926636 1.1641433238983154 0.30701303482055664 -1.9709957838058472 0.19955354928970337 1.8181877136230469 0.16414205729961395
1822.700799997896 -1.2506008148193359 0.30764728784561157 1.1660183668136597 0.29527854919433594 -1.831650972366333 0.16944901645183563 1.7627674341201782 0.13653272390365601
1938.9910000003874 -1.1689379215240479 0.40067762136459351 1.1653026342391968 0.43344500660896301 -1.8640627861022949 0.30413123965263367 1.8081406354904175 0.29474461078643799
