24.79190000006929 -0.81317991018295288 0.68215924501419067 0.60745751857757568 0.70093733072280884 -0.77986025810241699 1.0293024778366089 0.49689912796020508 1.0357688665390015
125.56660000002012 -0.80023771524429321 0.6695740818977356 0.61068964004516602 0.69175416231155396 -0.76831740140914917 1.0106570720672607 0.50917214155197144 1.0268741846084595
223.40730000007898 -0.80936843156814575 0.68187797069549561 0.61828267574310303 0.69599020481109619 -0.78180676698684692 1.030271053314209 0.51518625020980835 1.0364480018615723
315.93850000016391 -0.79565960168838501 0.67772376537322998 0.60735023021697998 0.6989104151725769 -0.77246671915054321 1.0243034362792969 0.5115654468536377 1.0362832546234131
410.32620000024326 -0.79094308614730835 0.67764157056808472 0.60929304361343384 0.69084465503692627 -0.77042168378829956 1.0195091962814331 0.49997025728225708 1.028948187828064
502.96100000012666 -0.78264403343200684 0.6791042685508728 0.62527614831924438 0.69121426343917847 -0.75074470043182373 1.0185400247573853 0.51958900690078735 1.0370275974273682
600.51229999982752 -0.7837824821472168 0.68022102117538452 0.63275951147079468 0.66750830411911011 -0.75410163402557373 1.0154592990875244 0.6228066086769104 1.0145760774612427
702.41710000019521 -0.81038033962249756 0.69141632318496704 0.74986129999160767 0.62599438428878784 -0.78695350885391235 1.0392144918441772 1.1527398824691772 0.95052850246429443
796.09860000014305 -0.71266579627990723 0.65716314315795898 1.1152232885360718 0.50881022214889526 -0.67875123023986816 1.0094797611236572 1.8733936548233032 0.6967008113861084
889.13210000004619 -0.67571574449539185 0.66035002470016479 1.2540212869644165 0.38453420996665955 -0.6478690505027771 1.0103734731674194 2.1232666969299316 0.46011996269226074
989.32239999994636 -0.64931368827819824 0.67844569683074951 1.2947373390197754 0.18727254867553711 -0.62571018934249878 1.0387669801712036 2.0939862728118896 0.044616531580686569
1088.3841999999713 -0.70781761407852173 0.67778146266937256 1.241605281829834 0.062046371400356293 -0.70239913463592529 1.0186363458633423 1.7042852640151978 -0.21902351081371307
1173.3549000001512 -0.75257402658462524 0.68919384479522705 1.1998065710067749 0.029057729989290237 -0.74184912443161011 1.0343407392501831 1.5073094367980957 -0.31624484062194824
1267.3048000000417 -0.80701065063476563 0.69155162572860718 1.0822818279266357 -0.079520747065544128 -0.78235310316085815 1.0312727689743042 0.93588268756866455 -0.43612948060035706
1361.1314000000712 -0.83774131536483765 0.6914365291595459 0.96790188550949097 -0.10456635057926178 -0.81864631175994873 1.0405241250991821 0.61779695749282837 -0.42028981447219849
1449.2268999998923 -0.84255266189575195 0.68593114614486694 1.0020698308944702 -0.096991963684558868 -0.82078331708908081 1.025464653968811 0.4731108546257019 -0.41794595122337341
1536.8199999998324 -0.83051961660385132 0.68741774559020996 0.95713263750076294 -0.10441381484270096 -0.80873405933380127 1.0340375900268555 0.42175388336181641 -0.40959811210632324
1635.1107000000775 -0.79207444190979004 0.68939697742462158 0.8949284553527832 -0.10699314624071121 -0.76510268449783325 1.0347309112548828 0.39718154072761536 -0.39845690131187439
1730.9505000000354 -0.78969073295593262 0.67815899848937988 0.87224233150482178 -0.098907843232154846 -0.75687217712402344 1.0320416688919067 0.39299482107162476 -0.40821865200996399
1828.2825000002049 -0.81119942665100098 0.68179404735565186 0.88380533456802368 -0.10673967748880386 -0.77362263202667236 1.034420371055603 0.40841084718704224 -0.40957638621330261
1924.0256000000518 -0.79406082630157471 0.68362206220626831 0.89039468765258789 -0.096838474273681641 -0.76005691289901733 1.037983775138855 0.40800857543945313 -0.39467820525169373
