118.59950000047684 -0.78102445602416992 0.46505632996559143 0.57571333646774292 0.48237234354019165 -0.67536646127700806 0.77928996086120605 0.64262139797210693 0.77440685033798218
247.64270000066608 -0.76108908653259277 0.45962241291999817 0.614612877368927 0.47291922569274902 -0.65865683555603027 0.77603387832641602 0.65644001960754395 0.76905441284179688
369.5362000009045 -0.76985865831375122 0.45374956727027893 0.57999885082244873 0.48212501406669617 -0.68387657403945923 0.76999950408935547 0.63161075115203857 0.779335618019104
494.1097000008449 -0.78805208206176758 0.44743344187736511 0.69114714860916138 0.46734273433685303 -0.76912134885787964 0.77113568782806396 0.81276589632034302 0.75625628232955933
619.61310000065714 -0.9675300121307373 0.43374025821685791 0.79525429010391235 0.42189261317253113 -1.0224099159240723 0.67975687980651855 1.0782663822174072 0.64222842454910278
744.475700000301 -0.87522637844085693 0.31427618861198425 0.77491343021392822 0.26448020339012146 -1.5032901763916016 0.34803178906440735 1.1313488483428955 0.32869148254394531
868.77400000020862 -0.91655004024505615 0.14324317872524261 0.98388510942459106 0.13002051413059235 -1.2376998662948608 0.024805067107081413 1.1327913999557495 -0.092326149344444275
1015.3039000006393 -0.8615146279335022 0.090100280940532684 0.8597521185874939 0.036196038126945496 -0.98407906293869019 -0.13180994987487793 0.88710713386535645 -0.16270849108695984
1143.5113000003621 -0.95961284637451172 0.033684629946947098 0.98608535528182983 0.0054554268717765808 -0.95631593465805054 -0.19350802898406982 0.55403226613998413 -0.2293827086687088
1266.1396000003442 -0.95104551315307617 0.032535232603549957 1.1364645957946777 0.0005185541813261807 -0.97253096103668213 -0.22618672251701355 0.46797600388526917 -0.24413026869297028
1381.2398000005633 -0.80733519792556763 0.040746558457612991 1.041357159614563 -0.011968190781772137 -0.88068771362304688 -0.21787740290164948 0.49490022659301758 -0.29451465606689453
1498.5148999998346 -0.99297213554382324 0.05729009211063385 0.93823152780532837 -0.011455484665930271 -1.0095976591110229 -0.20686009526252747 0.36574679613113403 -0.25833728909492493
1620.2287000007927 -1.34309983253479 0.030013576149940491 1.2904396057128906 -0.016095677390694618 -1.3867853879928589 -0.20989248156547546 0.56266677379608154 -0.25894856452941895
1741.7024000007659 -1.3932982683181763 0.030623387545347214 1.3533439636230469 -0.0095085063949227333 -1.4324333667755127 -0.20614872872829437 0.56734377145767212 -0.25411885976791382
1859.1846000002697 -1.3744333982467651 0.032843064516782761 1.3216453790664673 -0.021455550566315651 -1.3713512420654297 -0.20452947914600372 0.61246752738952637 -0.23741233348846436
1979.7439000001177 -1.4013630151748657 0.02600785531103611 1.3209054470062256 -0.023639628663659096 -1.3792322874069214 -0.1997024267911911 0.57552838325500488 -0.25325345993041992
