39.879900000989437 -0.7629055380821228 0.65129220485687256 0.57249855995178223 0.65330255031585693 -0.69464290142059326 1.0254453420639038 0.52609813213348389 0.99707293510437012
125.02730000019073 -0.75849813222885132 0.65311694145202637 0.57594978809356689 0.6611141562461853 -0.69090288877487183 1.0286754369735718 0.52431797981262207 1.0085580348968506
212.29220000095665 -0.75963497161865234 0.65045851469039917 0.58243322372436523 0.66523772478103638 -0.68643850088119507 1.0205426216125488 0.51816153526306152 1.0101819038391113
294.77899999916553 -0.75706940889358521 0.64619934558868408 0.61817169189453125 0.65641272068023682 -0.68535035848617554 1.0162196159362793 0.49160155653953552 0.96922630071640015
381.06949999928474 -0.77261584997177124 0.65041005611419678 0.6284986138343811 0.64341586828231812 -0.71410876512527466 1.0148272514343262 0.52915245294570923 0.92989093065261841
465.89449999853969 -0.75556933879852295 0.67327970266342163 0.62003159523010254 0.70412111282348633 -0.69028061628341675 1.0358345508575439 0.22947017848491669 0.70755130052566528
551.92689999938011 -0.76290333271026611 0.67930698394775391 0.60758084058761597 0.68031018972396851 -0.70663177967071533 1.0420135259628296 0.29944247007369995 0.58125114440917969
640.94799999892712 -0.80192935466766357 0.65847629308700562 0.47310245037078857 0.64012289047241211 -0.78970223665237427 1.0184723138809204 0.10659678280353546 0.33205267786979675
732.71690000034869 -0.80515152215957642 0.66061395406723022 0.36066839098930359 0.61619246006011963 -0.81176251173019409 1.0307327508926392 0.054969917982816696 0.27460995316505432
818.72429999895394 -0.82255834341049194 0.66120898723602295 0.38014864921569824 0.62000668048858643 -0.82984638214111328 1.028537392616272 0.063789792358875275 0.29760780930519104
905.8581000007689 -0.80383896827697754 0.65024501085281372 0.38073527812957764 0.63464027643203735 -0.81747633218765259 1.01340651512146 0.077840737998485565 0.33330529928207397
993.85740000009537 -0.83217275142669678 0.67653793096542358 0.42758211493492126 0.65478503704071045 -0.84002828598022461 1.0409528017044067 0.3724592924118042 0.58953124284744263
1081.106799999252 -0.78030449151992798 0.6686815619468689 0.46704360842704773 0.60637688636779785 -0.80008029937744141 1.0308787822723389 0.41903769969940186 0.74215137958526611
1165.6646999996156 -0.76246052980422974 0.67995673418045044 0.50192999839782715 0.59980738162994385 -0.77040988206863403 1.0331721305847168 0.44976505637168884 0.75074422359466553
1250.7540000006557 -0.78436660766601563 0.66250604391098022 0.47626805305480957 0.59485518932342529 -0.79516679048538208 1.0188263654708862 0.43784171342849731 0.72756475210189819
1338.2697000000626 -0.78608816862106323 0.68205380439758301 0.45984449982643127 0.63146382570266724 -0.81873923540115356 1.0431807041168213 0.42821115255355835 0.73505377769470215
1422.7203999999911 -0.79300743341445923 0.67878466844558716 0.46424037218093872 0.6179344654083252 -0.8296058177947998 1.0393270254135132 0.42755550146102905 0.70895636081695557
1509.4893999993801 -0.79617899656295776 0.67954671382904053 0.44399619102478027 0.64534348249435425 -0.81902706623077393 1.0379767417907715 0.41397848725318909 0.7186119556427002
1595.9914000015706 -0.7880709171295166 0.67259567975997925 0.44376951456069946 0.64036870002746582 -0.8184015154838562 1.0290396213531494 0.3875117301940918 0.7194477915763855
1682.4735999982804 -0.80118894577026367 0.68499034643173218 0.4371369481086731 0.65451633930206299 -0.81890904903411865 1.0391561985015869 0.40595614910125732 0.720164954662323
1771.1604999992996 -0.7681276798248291 0.68373847007751465 0.45057860016822815 0.65204846858978271 -0.80176305770874023 1.0433441400527954 0.41847041249275208 0.7209739089012146
1854.0199000015855 -0.79867887496948242 0.67784887552261353 0.43665263056755066 0.64744246006011963 -0.80937188863754272 1.0344626903533936 0.39075073599815369 0.70871901512145996
1940.5231999978423 -0.7653956413269043 0.67737352848052979 0.44958865642547607 0.63551443815231323 -0.80172926187515259 1.0327788591384888 0.40165770053863525 0.69733786582946777
