68.679700000211596 -0.69748812913894653 0.65216284990310669 0.60075151920318604 0.65788364410400391 -0.64444208145141602 1.0277258157730103 0.61007219552993774 1.0046684741973877
156.79259999841452 -0.70574641227722168 0.65392822027206421 0.58613365888595581 0.65997540950775146 -0.65302556753158569 1.026060938835144 0.58976972103118896 1.0091743469238281
246.70109999924898 -0.70186865329742432 0.66029143333435059 0.59999096393585205 0.66290664672851563 -0.64702361822128296 1.0318964719772339 0.60155290365219116 1.015417218208313
332.86469999887049 -0.70436489582061768 0.66140401363372803 0.60905486345291138 0.67674899101257324 -0.63335859775543213 1.0387724637985229 0.58737713098526001 1.0351577997207642
413.67719999887049 -0.70223236083984375 0.65507549047470093 0.61882311105728149 0.66837191581726074 -0.64621138572692871 1.0267400741577148 0.56439775228500366 1.012664794921875
495.46059999801219 -0.70654720067977905 0.65589809417724609 0.66240191459655762 0.65774714946746826 -0.63943237066268921 1.0263354778289795 0.45097020268440247 0.94342398643493652
581.35159999877214 -0.70234620571136475 0.65821278095245361 0.65054458379745483 0.68409168720245361 -0.62841248512268066 1.009710431098938 0.18262532353401184 0.84429669380187988
668.63519999943674 -0.65575695037841797 0.68409103155136108 0.69770824909210205 0.68532532453536987 -0.61428487300872803 1.0586248636245728 0.3170006275177002 0.70648020505905151
752.95579999871552 -0.71674144268035889 0.65846508741378784 0.59133768081665039 0.66532027721405029 -0.67168891429901123 1.0428454875946045 0.09986935555934906 0.49828112125396729
839.86329999938607 -0.73147755861282349 0.66722053289413452 0.53604018688201904 0.6524885892868042 -0.69190824031829834 1.055903434753418 0.05562206357717514 0.50446206331253052
925.35109999962151 -0.74965548515319824 0.67055386304855347 0.49365705251693726 0.64293670654296875 -0.70464557409286499 1.0625895261764526 -0.029231375083327293 0.44266071915626526
1012.5838999990374 -0.76372408866882324 0.6809576153755188 0.4927438497543335 0.64113491773605347 -0.72196400165557861 1.0624332427978516 -0.058154229074716568 0.41909953951835632
1099.110799998045 -0.75807100534439087 0.6780846118927002 0.52590960264205933 0.64513152837753296 -0.72699117660522461 1.0675026178359985 -0.016049619764089584 0.42816320061683655
1181.9685999993235 -0.74673938751220703 0.66831964254379272 0.51922297477722168 0.64305460453033447 -0.71324920654296875 1.0597150325775146 -0.022389918565750122 0.42634508013725281
1279.2752999998629 -0.74812221527099609 0.67525786161422729 0.51672112941741943 0.65106260776519775 -0.72312265634536743 1.0750296115875244 -0.035449456423521042 0.42372003197669983
1361.1576000005007 -0.76303482055664063 0.67432832717895508 0.51102322340011597 0.64365929365158081 -0.72262310981750488 1.0746661424636841 -0.043383829295635223 0.41817182302474976
1446.7540999986231 -0.78886055946350098 0.67256784439086914 0.50985336303710938 0.64765024185180664 -0.73929774761199951 1.0707082748413086 -0.07131493091583252 0.40787386894226074
1531.6765999998897 -0.77142679691314697 0.66441261768341064 0.50159436464309692 0.64278101921081543 -0.72683507204055786 1.0640071630477905 -0.039234071969985962 0.42253482341766357
1618.0383999999613 -0.78771007061004639 0.66662740707397461 0.48611468076705933 0.64581465721130371 -0.75002121925354004 1.0656452178955078 -0.06732303649187088 0.41744747757911682
1703.309600001201 -0.77951961755752563 0.66744422912597656 0.49000558257102966 0.6477239727973938 -0.73989295959472656 1.065076470375061 -0.055690404027700424 0.42051810026168823
1790.3630999978632 -0.74889630079269409 0.66902917623519897 0.50968420505523682 0.64489936828613281 -0.71324342489242554 1.0660809278488159 -0.035851102322340012 0.43234089016914368
1877.0375999994576 -0.74775218963623047 0.66780513525009155 0.51524853706359863 0.64781153202056885 -0.71887904405593872 1.0676482915878296 -0.036213688552379608 0.42751172184944153
1963.4119999986142 -0.78934210538864136 0.66844087839126587 0.4876350462436676 0.64499366283416748 -0.749275803565979 1.0689456462860107 -0.039216157048940659 0.42824524641036987
