58.643200002610683 -0.68838930130004883 0.67083847522735596 0.60196155309677124 0.63037246465682983 -0.67616522312164307 0.97475796937942505 0.61760282516479492 0.96166825294494629
158.00920000113547 -0.67973875999450684 0.67808014154434204 0.58055967092514038 0.62939798831939697 -0.66501361131668091 0.97888833284378052 0.6064988374710083 0.96422106027603149
259.00549999810755 -0.7530665397644043 0.65012437105178833 0.59922581911087036 0.63186359405517578 -0.68319791555404663 0.97673720121383667 0.62687504291534424 0.96229726076126099
365.4731999989599 -0.67897224426269531 0.66932564973831177 0.60419952869415283 0.62205386161804199 -0.66180908679962158 0.97719234228134155 0.62896913290023804 0.96207863092422485
468.44549999944866 -0.6916654109954834 0.66849809885025024 0.5976366400718689 0.62181627750396729 -0.67447477579116821 0.97518229484558105 0.64682489633560181 0.95503222942352295
572.12229999899864 -0.68948572874069214 0.65850734710693359 0.68022537231445313 0.61535835266113281 -0.68736493587493896 0.96142047643661499 0.80584424734115601 0.9347764253616333
671.16030000150204 -0.69830268621444702 0.66350030899047852 0.82940733432769775 0.52799415588378906 -0.68926483392715454 0.96440058946609497 1.260685920715332 0.79520660638809204
771.70029999874532 -0.74127715826034546 0.66111475229263306 1.1710591316223145 0.41976496577262878 -0.72624647617340088 0.97272670269012451 1.7317559719085693 0.54494529962539673
875.82650000043213 -0.74132364988327026 0.66442602872848511 1.355797290802002 0.2056204229593277 -0.73370236158370972 0.96780669689178467 2.2500104904174805 0.11130707710981369
974.97189999930561 -0.70149970054626465 0.67319184541702271 1.1689701080322266 0.087136358022689819 -0.67248654365539551 0.98391860723495483 1.7824041843414307 -0.20647317171096802
1077.1319000031799 -0.75010126829147339 0.66641020774841309 1.2453098297119141 0.046199522912502289 -0.74151611328125 0.96843105554580688 1.5437932014465332 -0.30663478374481201
1179.1784000005573 -0.74145209789276123 0.66106408834457397 1.0437476634979248 -0.074204325675964355 -0.74265384674072266 0.97447663545608521 0.9465673565864563 -0.38396918773651123
1279.1203000005335 -0.70493775606155396 0.65767109394073486 0.9911954402923584 -0.098921641707420349 -0.70656472444534302 0.97386270761489868 0.61047190427780151 -0.35743755102157593
1380.2608000002801 -0.71399998664855957 0.66197586059570313 0.96745556592941284 -0.11101214587688446 -0.71640866994857788 0.97103655338287354 0.46876662969589233 -0.37318497896194458
1478.4035000000149 -0.73686665296554565 0.66517794132232666 0.97319680452346802 -0.10971052944660187 -0.72548574209213257 0.97509199380874634 0.49907070398330688 -0.37860935926437378
1579.0799000002444 -0.71912211179733276 0.65792340040206909 0.95894348621368408 -0.10936364531517029 -0.71956568956375122 0.96624404191970825 0.46952131390571594 -0.39889982342720032
1681.0584000013769 -0.74302530288696289 0.66851949691772461 0.97369533777236938 -0.10942824184894562 -0.72499030828475952 0.9776579737663269 0.47395670413970947 -0.36804735660552979
1784.9955000020564 -0.7280917763710022 0.66805583238601685 0.96575844287872314 -0.10690465569496155 -0.71785026788711548 0.97811836004257202 0.45640876889228821 -0.3756335973739624
1888.4258000012487 -0.7242814302444458 0.67320156097412109 0.98755794763565063 -0.1089857816696167 -0.70864605903625488 0.98221671581268311 0.49948084354400635 -0.39454007148742676
1988.2760000005364 -0.72614717483520508 0.66349494457244873 0.9660155177116394 -0.11022809892892838 -0.71555709838867188 0.97547340393066406 0.47813838720321655 -0.39417099952697754
