33.76290000975132 -0.69158345460891724 0.8702201247215271 0.67491990327835083 0.85587674379348755 -0.6931261420249939 1.3172993659973145 0.6852881908416748 1.2911131381988525
124.08740001916885 -0.69975966215133667 0.86779755353927612 0.6554795503616333 0.85594445466995239 -0.69547528028488159 1.2980890274047852 0.69065368175506592 1.2772622108459473
212.38610002398491 -0.73282831907272339 0.87379270792007446 0.67172390222549438 0.85177189111709595 -0.73088765144348145 1.2992147207260132 0.70853137969970703 1.2696220874786377
301.39849999547005 -0.71500760316848755 0.85543632507324219 0.66964417695999146 0.83998656272888184 -0.71469944715499878 1.2794842720031738 0.72657310962677002 1.2557079792022705
388.3330000191927 -0.7387811541557312 0.85766458511352539 0.66432750225067139 0.83780109882354736 -0.72305405139923096 1.275255560874939 0.73294204473495483 1.248466968536377
476.66150000691414 -0.71048116683959961 0.84243988990783691 0.66389459371566772 0.82237422466278076 -0.71459847688674927 1.2544450759887695 0.75719469785690308 1.2326844930648804
563.50280001759529 -0.73011249303817749 0.83401685953140259 0.67570382356643677 0.82371163368225098 -0.76363098621368408 1.2600045204162598 0.79288136959075928 1.2279341220855713
653.51110002398491 -0.7910270094871521 0.81499266624450684 0.75965696573257446 0.80040758848190308 -0.88247859477996826 1.22560715675354 0.93703824281692505 1.1864933967590332
739.75250001251698 -1.0432993173599243 0.69573211669921875 1.1353451013565063 0.72482746839523315 -1.5037075281143188 1.0061473846435547 1.72649085521698 1.0145210027694702
827.48170000314713 -1.1743173599243164 0.61490875482559204 1.2466987371444702 0.57959306240081787 -1.7968180179595947 0.82723474502563477 2.0395150184631348 0.75652384757995605
917.25110001862049 -1.3487436771392822 0.38914969563484192 1.3374515771865845 0.33493393659591675 -2.0852847099304199 0.43999317288398743 2.2457854747772217 0.27002447843551636
1007.6371000111103 -1.1960234642028809 0.23683503270149231 1.1442887783050537 0.1946733295917511 -1.8706508874893188 0.1168254092335701 1.7975155115127563 -0.048111971467733383
1098.573100015521 -1.1482646465301514 0.10462753474712372 1.0293495655059814 0.041906349360942841 -1.6979620456695557 -0.1499331146478653 1.4327741861343384 -0.28663730621337891
1186.41890001297 -0.98729187250137329 -0.04407859593629837 0.91675204038619995 -0.081101611256599426 -0.98474091291427612 -0.35611176490783691 0.83238118886947632 -0.43075209856033325
1275.2478000223637 -0.99594449996948242 -0.093524061143398285 0.93643277883529663 -0.15000544488430023 -0.75954240560531616 -0.40270936489105225 0.61510735750198364 -0.47569704055786133
1365.1187000125647 -0.97342902421951294 -0.085778497159481049 0.90659546852111816 -0.16329649090766907 -0.69622087478637695 -0.41978546977043152 0.52586370706558228 -0.47187626361846924
1453.9187000095844 -0.95291131734848022 -0.078748837113380432 0.91095960140228271 -0.16707654297351837 -0.65248686075210571 -0.41431891918182373 0.45294731855392456 -0.47748479247093201
1541.5071000307798 -0.94070917367935181 -0.073632895946502686 0.90583670139312744 -0.1858152449131012 -0.64234566688537598 -0.42738041281700134 0.39144805073738098 -0.48203152418136597
1626.9876000136137 -0.92613893747329712 -0.084031663835048676 0.8887556791305542 -0.19242303073406219 -0.614219069480896 -0.43468290567398071 0.38158860802650452 -0.48695001006126404
1715.7017000168562 -0.91326373815536499 -0.088359884917736053 0.88949429988861084 -0.18330797553062439 -0.54884350299835205 -0.45079559087753296 0.35152098536491394 -0.48858797550201416
1803.5040000230074 -0.95191317796707153 -0.089632585644721985 0.902701735496521 -0.17074964940547943 -0.53472256660461426 -0.45721501111984253 0.36216786503791809 -0.48327276110649109
1893.4804000109434 -0.94665426015853882 -0.091426052153110504 0.88010066747665405 -0.17607699334621429 -0.53452581167221069 -0.4547010064125061 0.32820999622344971 -0.48516443371772766
1983.7397000193596 -0.96318250894546509 -0.093549765646457672 0.86022549867630005 -0.1736019104719162 -0.54551827907562256 -0.4531095027923584 0.31853336095809937 -0.47909364104270935
