96.74570000031963 -0.73936468362808228 0.67976528406143188 0.6754831075668335 0.67754983901977539 -0.70425593852996826 1.0198131799697876 0.64184713363647461 1.0380092859268188
194.02780000027269 -0.74951756000518799 0.68336153030395508 0.67641633749008179 0.67498975992202759 -0.71855205297470093 1.0187004804611206 0.67479020357131958 1.0656824111938477
295.91800000052899 -0.75162696838378906 0.67463952302932739 0.67748069763183594 0.67547094821929932 -0.71717709302902222 1.0099897384643555 0.68414431810379028 1.053510308265686
397.48900000052527 -0.75827908515930176 0.67838561534881592 0.67704743146896362 0.67484837770462036 -0.73935747146606445 1.0070962905883789 0.67091196775436401 1.0559756755828857
496.7550000003539 -0.77995783090591431 0.65877103805541992 0.75599145889282227 0.65880006551742554 -0.77337098121643066 1.0090141296386719 0.71381443738937378 1.0394248962402344
597.21699999971315 -1.0187952518463135 0.58197987079620361 1.0227560997009277 0.57713019847869873 -1.2702462673187256 0.91298764944076538 1.2208209037780762 0.9095076322555542
697.71260000020266 -1.0235134363174438 0.46682175993919373 1.1408485174179077 0.48185533285140991 -1.3754315376281738 0.725696861743927 1.5217639207839966 0.72881770133972168
794.47510000038892 -1.1811561584472656 0.31050828099250793 1.2647651433944702 0.29952138662338257 -1.8153605461120605 0.40406697988510132 1.9765976667404175 0.34406524896621704
897.60309999994934 -1.1205376386642456 0.26091277599334717 1.2536774873733521 0.2538473904132843 -1.836695671081543 0.2387554943561554 1.8897234201431274 0.22265817224979401
994.65480000013486 -1.0976607799530029 0.26986086368560791 1.2332878112792969 0.25938084721565247 -1.8245998620986938 0.11373013257980347 1.7745442390441895 0.12335564941167831
1088.8630000003614 -1.2121540307998657 0.32436254620552063 1.1182385683059692 0.32950577139854431 -1.884594202041626 0.15560245513916016 1.753732442855835 0.19830821454524994
1197.0899000000209 -1.1320950984954834 0.41086924076080322 1.03977370262146 0.45315402746200562 -1.974079966545105 0.42521819472312927 1.9279439449310303 0.45970568060874939
1294.9967000000179 -1.1066122055053711 0.52123415470123291 1.0606353282928467 0.53235119581222534 -1.8480925559997559 0.719635009765625 1.8008788824081421 0.76089566946029663
1397.8785999999382 -1.047785758972168 0.54088973999023438 1.025568962097168 0.53381907939910889 -1.6413841247558594 0.77976131439208984 1.6014120578765869 0.77850419282913208
1499.0163000002503 -1.0370391607284546 0.4769929051399231 1.1095861196517944 0.51514679193496704 -1.7352851629257202 0.6614266037940979 1.766526460647583 0.70867586135864258
1600.3318000002764 -1.2153794765472412 0.37185034155845642 1.2551363706588745 0.39283734560012817 -1.9066305160522461 0.48656806349754333 1.9732975959777832 0.49556350708007813
1702.1388000003062 -1.1305650472640991 0.22816406190395355 1.2134637832641602 0.29134517908096313 -1.7513636350631714 0.20049528777599335 1.7949793338775635 0.22893339395523071
1803.039300000295 -1.0803360939025879 0.21527273952960968 1.1734064817428589 0.25867542624473572 -1.7452605962753296 0.1107541099190712 1.7482346296310425 0.15654611587524414
1905.3393000001088 -1.1133185625076294 0.29846945405006409 1.0895040035247803 0.30047112703323364 -1.7337520122528076 0.14462354779243469 1.7123644351959229 0.17859385907649994
2015.4487000000665 -1.1392757892608643 0.41011300683021545 1.0734134912490845 0.40017011761665344 -1.8420641422271729 0.35206133127212524 1.8870364427566528 0.3798367977142334
