25.104700000025332 -0.78980726003646851 0.50356614589691162 0.74883896112442017 0.52656668424606323 -0.78729957342147827 0.81236255168914795 0.7625240683555603 0.81999242305755615
146.70130000077188 -0.79204666614532471 0.50696557760238647 0.73087799549102783 0.52145081758499146 -0.77316427230834961 0.81948721408843994 0.75667262077331543 0.81742125749588013
267.77839999925345 -0.7672121524810791 0.50077629089355469 0.75366842746734619 0.52406144142150879 -0.74323010444641113 0.81996667385101318 0.75877630710601807 0.82328885793685913
387.34309999924153 -0.77071446180343628 0.49826043844223022 0.72418886423110962 0.52673131227493286 -0.77894371747970581 0.78859436511993408 0.74958974123001099 0.8157498836517334
505.78619999997318 -0.89325398206710815 0.49272423982620239 0.72837156057357788 0.50695723295211792 -0.90756398439407349 0.80342429876327515 0.81586235761642456 0.79947525262832642
627.58309999946505 -0.97612649202346802 0.35638928413391113 0.98179751634597778 0.33793175220489502 -1.6502318382263184 0.55607324838638306 1.3863153457641602 0.51440763473510742
742.28749999962747 -1.3396518230438232 0.32949906587600708 1.0809701681137085 0.2965526282787323 -1.6150209903717041 0.31734836101531982 1.5756906270980835 0.32422348856925964
866.73539999965578 -1.2797402143478394 0.16270950436592102 1.1169461011886597 0.075561128556728363 -1.3214989900588989 -0.014405833557248116 1.722453236579895 -0.055273156613111496
987.29430000018328 -1.45780348777771 0.018944418057799339 1.3110322952270508 0.04454350471496582 -1.3633838891983032 -0.27048766613006592 0.99365735054016113 -0.21121117472648621
1105.8225999996066 -1.3324011564254761 -0.015163825824856758 1.0937387943267822 0.021358650177717209 -1.2804596424102783 -0.24966910481452942 0.98551499843597412 -0.26135894656181335
1230.675199999474 -1.349460244178772 -0.018743077293038368 1.3634265661239624 -0.00028352058143354952 -1.2096942663192749 -0.27184855937957764 0.78420621156692505 -0.27329131960868835
1354.171200000681 -1.2649586200714111 -0.019006067886948586 1.3920400142669678 0.014027457684278488 -1.0719363689422607 -0.25638172030448914 0.82500296831130981 -0.27062618732452393
1477.4700000006706 -1.2620505094528198 -0.015311162918806076 1.4491149187088013 0.029454328119754791 -1.0638585090637207 -0.26222360134124756 0.8338775634765625 -0.27621030807495117
1586.9709999999031 -1.382637619972229 -0.016726469621062279 1.4859511852264404 0.031009258702397346 -1.2947889566421509 -0.28843942284584045 0.88405865430831909 -0.26521503925323486
1707.1447000000626 -1.4575246572494507 -0.017423542216420174 1.4903554916381836 0.0065997866913676262 -1.3128290176391602 -0.29396277666091919 0.87336403131484985 -0.26072713732719421
1827.037100000307 -1.3424304723739624 -0.025642313063144684 1.4059290885925293 -0.010897153988480568 -1.2146896123886108 -0.30167827010154724 0.78842604160308838 -0.29715576767921448
1937.2262999992818 -1.460879921913147 0.00089866860071197152 1.4050779342651367 -0.020483734086155891 -1.1793888807296753 -0.27012431621551514 0.8098984956741333 -0.28584170341491699
