2.3188999965786934 -0.795540452003479 0.66614222526550293 0.55289345979690552 0.68940079212188721 -0.65502864122390747 1.0309871435165405 0.50927960872650146 1.0548789501190186
114.58919999748468 -0.8051527738571167 0.67531830072402954 0.5653231143951416 0.69938802719116211 -0.67034369707107544 1.0381771326065063 0.52067291736602783 1.0709857940673828
215.53359999507666 -0.79178309440612793 0.67061978578567505 0.56790423393249512 0.69093197584152222 -0.65155887603759766 1.0321589708328247 0.51912260055541992 1.066076397895813
329.52759999781847 -0.78382587432861328 0.67994791269302368 0.56842952966690063 0.69116151332855225 -0.65103787183761597 1.0366170406341553 0.52296411991119385 1.0602443218231201
427.82609999924898 -0.74599069356918335 0.65901404619216919 0.64345306158065796 0.6594281792640686 -0.74708712100982666 0.99392968416213989 0.80180215835571289 1.0091241598129272
537.5257999971509 -0.9316062331199646 0.60687452554702759 0.97265416383743286 0.5840185284614563 -1.4033923149108887 0.92395728826522827 1.5953296422958374 0.89818096160888672
645.21109999716282 -1.1660392284393311 0.52478581666946411 1.2576922178268433 0.50009000301361084 -1.870625376701355 0.75776892900466919 2.0596990585327148 0.69520145654678345
755.18869999423623 -1.309174656867981 0.24146115779876709 1.2661274671554565 0.20579430460929871 -2.0109152793884277 0.15638239681720734 1.9500397443771362 0.060149513185024261
847.51499999687076 -1.2693308591842651 0.063500411808490753 1.1590158939361572 0.063645601272583008 -1.7611329555511475 -0.20207004249095917 1.5889557600021362 -0.25272044539451599
948.33909999579191 -1.1877552270889282 -0.040280599147081375 1.156019926071167 -0.020356779918074608 -1.3835129737854004 -0.4247649610042572 1.2259676456451416 -0.40771982073783875
1048.5539999939501 -1.1976264715194702 -0.096493810415267944 1.1342307329177856 -0.04368886724114418 -0.97092956304550171 -0.43362438678741455 1.0088858604431152 -0.36828982830047607
1150.4357999935746 -1.0644446611404419 -0.12056723237037659 1.0695077180862427 -0.12339220941066742 -0.56525677442550659 -0.41588318347930908 0.45883989334106445 -0.44227936863899231
1240.9174999967217 -1.0588161945343018 -0.12641900777816772 1.0581656694412231 -0.12978643178939819 -0.40959906578063965 -0.4237034022808075 0.40408957004547119 -0.46888887882232666
1346.882800001651 -1.0480953454971313 -0.13140459358692169 1.0739032030105591 -0.13124871253967285 -0.40997904539108276 -0.43364411592483521 0.38755965232849121 -0.49025538563728333
1451.301799993962 -1.074536919593811 -0.13039922714233398 1.0723472833633423 -0.12023444473743439 -0.41844204068183899 -0.42261651158332825 0.3889295756816864 -0.47994798421859741
1547.5252999961376 -1.0677938461303711 -0.13032230734825134 1.0185482501983643 -0.14751645922660828 -0.47664922475814819 -0.43195280432701111 0.32751646637916565 -0.4995189905166626
1652.6019999980927 -1.1142261028289795 -0.12561561167240143 1.046387791633606 -0.13996517658233643 -0.49528172612190247 -0.42199063301086426 0.32746300101280212 -0.49252283573150635
1764.9280999973416 -1.1004315614700317 -0.11249512434005737 1.0286799669265747 -0.15144757926464081 -0.50581985712051392 -0.4196707010269165 0.32753151655197144 -0.47795736789703369
1870.6987999975681 -1.1217901706695557 -0.11077266931533813 1.0245264768600464 -0.14176541566848755 -0.52334135770797729 -0.41983932256698608 0.33846175670623779 -0.48326241970062256
1965.6558999978006 -1.1187388896942139 -0.10640891641378403 1.0011764764785767 -0.15913331508636475 -0.5582282543182373 -0.43051356077194214 0.28551164269447327 -0.48944875597953796
2063.1884999983013 -1.1225236654281616 -0.10855048894882202 1.0310654640197754 -0.16004690527915955 -0.51498663425445557 -0.42976927757263184 0.32946321368217468 -0.48482939600944519
