92.340100000146776 -0.75178182125091553 0.67841833829879761 0.65106171369552612 0.67257636785507202 -0.72826868295669556 1.0295016765594482 0.62863361835479736 1.0521500110626221
197.31650000018999 -0.75140976905822754 0.67815381288528442 0.67283648252487183 0.66853892803192139 -0.72663426399230957 1.0294164419174194 0.6836053729057312 1.0614382028579712
294.14380000019446 -0.76067101955413818 0.66589158773422241 0.71453791856765747 0.66589605808258057 -0.73272353410720825 1.0163322687149048 0.70065444707870483 1.0662668943405151
391.69470000034198 -0.86010956764221191 0.64459288120269775 0.83869564533233643 0.62667864561080933 -0.85624480247497559 1.012997031211853 0.90243053436279297 0.98056381940841675
500.79210000019521 -1.0856714248657227 0.51568961143493652 1.1026904582977295 0.51090079545974731 -1.2214103937149048 0.87343132495880127 1.2819873094558716 0.83798670768737793
604.71659999992698 -1.1799489259719849 0.37195098400115967 1.2448132038116455 0.36334547400474548 -1.5014845132827759 0.58129632472991943 1.5596622228622437 0.5634651780128479
698.40529999975115 -1.2456746101379395 0.19811694324016571 1.2924697399139404 0.24929517507553101 -1.9181410074234009 0.2326541543006897 1.9029518365859985 0.19895727932453156
798.23600000003353 -1.0676583051681519 0.23808459937572479 1.2097872495651245 0.25765311717987061 -1.7919971942901611 0.11301808059215546 1.7714146375656128 0.085307613015174866
901.21910000033677 -1.2405593395233154 0.2966361939907074 1.1919349431991577 0.33579531311988831 -1.8488607406616211 0.14998315274715424 1.835200309753418 0.16436265408992767
996.52419999986887 -1.321398138999939 0.38556835055351257 1.0850876569747925 0.43547952175140381 -1.896795392036438 0.23067165911197662 1.8863711357116699 0.31431132555007935
1096.0765999997966 -1.0462266206741333 0.51582640409469604 1.0136789083480835 0.53298503160476685 -1.7902791500091553 0.58985155820846558 1.8712440729141235 0.66872715950012207
1210.0775999999605 -0.9964299201965332 0.61691123247146606 0.91630524396896362 0.60482561588287354 -1.4068871736526489 0.9272007942199707 1.3966217041015625 0.91132223606109619
1314.4519000002183 -0.99544864892959595 0.5923464298248291 0.9024929404258728 0.58876419067382813 -1.3838678598403931 0.88741230964660645 1.3550307750701904 0.89332026243209839
1415.1057000001892 -1.0328725576400757 0.41117909550666809 1.1224838495254517 0.45110124349594116 -1.655387282371521 0.62994009256362915 1.6386721134185791 0.64456009864807129
1513.3489999999292 -1.20308518409729 0.28111395239830017 1.1389368772506714 0.27812185883522034 -1.8509132862091064 0.33031201362609863 1.7445956468582153 0.29860061407089233
1612.810099999886 -1.2031334638595581 0.19450570642948151 1.2178723812103271 0.23790128529071808 -1.8174279928207397 0.17012538015842438 1.7660104036331177 0.17931917309761047
1715.4296999997459 -1.121299147605896 0.24494668841362 1.2640200853347778 0.24665772914886475 -1.8280794620513916 0.12082742154598236 1.8254530429840088 0.098525442183017731
1828.4782000002451 -1.2645671367645264 0.33450809121131897 1.1614153385162354 0.32405152916908264 -1.765047550201416 0.20566798746585846 1.8819185495376587 0.2073521763086319
1924.3021999998018 -1.1313611268997192 0.54132354259490967 1.0294965505599976 0.51452857255935669 -1.8967822790145874 0.53001219034194946 1.8874794244766235 0.58880674839019775
