109.77030000090599 -0.73233896493911743 0.46906986832618713 0.63691532611846924 0.47981441020965576 -0.68380945920944214 0.77035665512084961 0.68807762861251831 0.78997433185577393
227.8921999996528 -0.72483170032501221 0.47130551934242249 0.63246780633926392 0.47423321008682251 -0.66457527875900269 0.77334481477737427 0.68232274055480957 0.78499883413314819
354.79069999977946 -0.73076575994491577 0.46386608481407166 0.63667160272598267 0.47909414768218994 -0.67219787836074829 0.76755058765411377 0.68125545978546143 0.78794658184051514
478.54970000032336 -0.71403366327285767 0.47047325968742371 0.62308293581008911 0.47308361530303955 -0.65605366230010986 0.77228140830993652 0.6873595118522644 0.78352451324462891
589.35720000043511 -0.69702714681625366 0.47201636433601379 0.69964700937271118 0.46928930282592773 -0.65051507949829102 0.76980102062225342 0.7663542628288269 0.76812398433685303
712.04420000035316 -0.702289879322052 0.46860966086387634 0.786529541015625 0.46468406915664673 -0.64634585380554199 0.76316636800765991 0.95683163404464722 0.76538622379302979
834.49589999951422 -0.74929153919219971 0.46396955847740173 0.86923003196716309 0.29303187131881714 -0.66897237300872803 0.7731972336769104 1.0063389539718628 0.39963248372077942
955.79979999922216 -0.69504344463348389 0.46044999361038208 0.96191763877868652 0.20344644784927368 -0.63133615255355835 0.76618403196334839 1.0825248956680298 0.00387613195925951
1074.1061999993399 -0.6996002197265625 0.45489448308944702 0.91710978746414185 0.094012081623077393 -0.66394180059432983 0.75548875331878662 0.88438171148300171 -0.13056927919387817
1193.5173000004143 -0.64526766538619995 0.45846095681190491 0.94077682495117188 0.064114443957805634 -0.59115135669708252 0.76599299907684326 0.76798570156097412 -0.1963978111743927
1314.3395999995992 -0.59616249799728394 0.46675854921340942 0.99300271272659302 0.066685356199741364 -0.53220713138580322 0.77162647247314453 0.6309436559677124 -0.22413386404514313
1436.1041000010446 -0.61276942491531372 0.46043020486831665 1.1295584440231323 0.047761544585227966 -0.55770313739776611 0.76374244689941406 0.6032755970954895 -0.21488349139690399
1557.459699999541 -0.59081608057022095 0.46722745895385742 1.134615421295166 0.044796071946620941 -0.52572828531265259 0.77518177032470703 0.58847701549530029 -0.22504737973213196
1679.7679000003263 -0.60598170757293701 0.46899312734603882 1.1242678165435791 0.044576797634363174 -0.54843014478683472 0.77425181865692139 0.56412559747695923 -0.23333750665187836
1800.7553000003099 -0.61078459024429321 0.46497911214828491 1.0954097509384155 0.042159304022789001 -0.55165576934814453 0.77097505331039429 0.59178543090820313 -0.22575458884239197
1918.4437999995425 -0.61752063035964966 0.46734869480133057 1.1096624135971069 0.040479518473148346 -0.55851656198501587 0.77817511558532715 0.59542167186737061 -0.23017512261867523
