60.640699999406934 -0.73682236671447754 0.63645243644714355 0.62485677003860474 0.6085854172706604 -0.6878359317779541 0.95002633333206177 0.68213015794754028 0.92722499370574951
165.70500000007451 -0.70018017292022705 0.66133767366409302 0.61066579818725586 0.61865627765655518 -0.68600577116012573 0.95797300338745117 0.6725504994392395 0.93571466207504272
265.76130000129342 -0.72576016187667847 0.64193230867385864 0.63309955596923828 0.61295068264007568 -0.67031967639923096 0.95397830009460449 0.67760956287384033 0.93446755409240723
368.67999999970198 -0.69494158029556274 0.65389567613601685 0.62829005718231201 0.61390393972396851 -0.67441654205322266 0.95649451017379761 0.64747393131256104 0.9403536319732666
463.70659999921918 -0.70998066663742065 0.65820235013961792 0.62562263011932373 0.62053418159484863 -0.72650116682052612 0.96159869432449341 0.66393077373504639 0.94252967834472656
564.24170000106096 -0.78530919551849365 0.62461888790130615 0.72269934415817261 0.61719691753387451 -0.91979837417602539 0.94805419445037842 0.90474557876586914 0.94415140151977539
661.52710000239313 -0.93791717290878296 0.55905592441558838 0.90792709589004517 0.54131126403808594 -1.2862303256988525 0.87355709075927734 1.4216078519821167 0.78320586681365967
766.95749999955297 -1.1265965700149536 0.49652647972106934 1.1537429094314575 0.46731013059616089 -1.6568502187728882 0.73752725124359131 1.8517519235610962 0.66985869407653809
868.40889999829233 -1.285178542137146 0.22351622581481934 1.2235984802246094 0.22800561785697937 -1.7561769485473633 0.14288932085037231 2.1136448383331299 0.090868078172206879
973.05419999919832 -1.23012375831604 0.10611795634031296 1.1763687133789063 0.12011422216892242 -1.7866686582565308 -0.096465207636356354 1.8410242795944214 -0.11746096611022949
1078.701700001955 -1.1257209777832031 -0.0023997460957616568 1.0413872003555298 0.019418181851506233 -1.299139142036438 -0.30977541208267212 1.2148264646530151 -0.29322183132171631
1180.9316000007093 -1.0612057447433472 -0.096709229052066803 1.0084825754165649 -0.052539810538291931 -1.0773110389709473 -0.38166123628616333 1.1009807586669922 -0.27488023042678833
1284.1781000029296 -0.93437331914901733 -0.12967565655708313 1.0013085603713989 -0.080174840986728668 -0.65800249576568604 -0.37511539459228516 0.68049275875091553 -0.33640119433403015
1385.663200000301 -0.92147356271743774 -0.13171814382076263 0.9460645318031311 -0.10469396412372589 -0.62504422664642334 -0.35840627551078796 0.54511874914169312 -0.342620849609375
1485.0859000012279 -0.91856467723846436 -0.12192559987306595 0.92179596424102783 -0.11232004314661026 -0.58887720108032227 -0.34100821614265442 0.33560588955879211 -0.35108348727226257
1589.5006000027061 -0.95827406644821167 -0.12190510332584381 0.92450684309005737 -0.10978136956691742 -0.6143459677696228 -0.33843335509300232 0.30975684523582458 -0.35494491457939148
1691.3273000009358 -0.95427888631820679 -0.12407739460468292 0.88263773918151855 -0.11998773366212845 -0.5965198278427124 -0.34101837873458862 0.3852386474609375 -0.3069438636302948
1792.7322000004351 -0.94660019874572754 -0.12798482179641724 0.88539010286331177 -0.12018309533596039 -0.55726629495620728 -0.34821596741676331 0.20790870487689972 -0.38218486309051514
1893.306099999696 -0.97403717041015625 -0.12799711525440216 0.88867485523223877 -0.12314179539680481 -0.60516810417175293 -0.34393006563186646 0.37731292843818665 -0.30569633841514587
1990.8151000030339 -0.93311101198196411 -0.12289627641439438 0.93556463718414307 -0.11718519032001495 -0.5560716986656189 -0.34076821804046631 0.49592429399490356 -0.27335813641548157
