34.402899999637157 -0.77083033323287964 0.67936688661575317 0.58340275287628174 0.68325984477996826 -0.74799859523773193 1.0426880121231079 0.54314601421356201 1.0274721384048462
127.94969999999739 -0.76391375064849854 0.67464143037796021 0.60177648067474365 0.6853606104850769 -0.74941253662109375 1.0341336727142334 0.55743288993835449 1.0194700956344604
220.22389999986626 -0.75838768482208252 0.67590147256851196 0.61044973134994507 0.68544405698776245 -0.73365330696105957 1.0378981828689575 0.58510231971740723 1.0283956527709961
313.38069999986328 -0.71495306491851807 0.67483770847320557 0.62143796682357788 0.67131149768829346 -0.69048994779586792 1.0295653343200684 0.69028466939926147 1.0342484712600708
410.17659999988973 -0.72806179523468018 0.68422728776931763 0.68747085332870483 0.68052536249160767 -0.71211564540863037 1.048494815826416 0.91249120235443115 1.0409598350524902
501.51930000004359 -0.7247651219367981 0.6802101731300354 0.79897922277450562 0.65452557802200317 -0.70482981204986572 1.0443124771118164 1.2371377944946289 0.97340577840805054
599.66950000007637 -0.76102769374847412 0.65671586990356445 1.0750042200088501 0.50932294130325317 -0.73104780912399292 1.0227948427200317 1.8834295272827148 0.75812417268753052
701.48779999976978 -0.7214667797088623 0.65083938837051392 1.0632390975952148 0.4330146312713623 -0.70672744512557983 1.0140085220336914 1.9346957206726074 0.50234675407409668
800.53599999984726 -0.7002684473991394 0.6528695821762085 1.2777005434036255 0.33286002278327942 -0.68130838871002197 1.0157277584075928 2.0246269702911377 0.25800937414169312
891.65649999980815 -0.72705447673797607 0.66360026597976685 1.1724597215652466 0.17325946688652039 -0.71181941032409668 1.0244667530059814 1.6320102214813232 -0.086622901260852814
986.58469999977387 -0.74215930700302124 0.66177904605865479 1.1979736089706421 0.10897782444953918 -0.71531498432159424 1.0178269147872925 1.5332204103469849 -0.23016449809074402
1083.4080999998841 -0.72047853469848633 0.68432247638702393 1.1158946752548218 0.015711307525634766 -0.68467599153518677 1.0285762548446655 1.1776648759841919 -0.35377037525177002
1179.3127999997232 -0.70549952983856201 0.68739312887191772 0.93786406517028809 -0.052202194929122925 -0.67809528112411499 1.0352790355682373 0.73895549774169922 -0.37047579884529114
1272.6402000000235 -0.73539227247238159 0.68356585502624512 0.95347428321838379 -0.062693148851394653 -0.69197708368301392 1.0313739776611328 0.57894647121429443 -0.36223128437995911
1369.0132999999914 -0.75193321704864502 0.67477285861968994 0.93130415678024292 -0.068887658417224884 -0.711692214012146 1.0279490947723389 0.48164978623390198 -0.3565804660320282
1461.7726999998558 -0.75193047523498535 0.6770288348197937 0.93078237771987915 -0.063901737332344055 -0.71558624505996704 1.0352988243103027 0.50152391195297241 -0.35037404298782349
1554.7710999997798 -0.74992221593856812 0.6699708104133606 0.94066256284713745 -0.06584969162940979 -0.71674507856369019 1.0275619029998779 0.49706459045410156 -0.35481497645378113
1650.3403000000399 -0.75607824325561523 0.6709742546081543 0.95607322454452515 -0.063720174133777618 -0.72508317232131958 1.0341453552246094 0.53481340408325195 -0.34790292382240295
1745.1347000000533 -0.76875507831573486 0.67343586683273315 0.95454120635986328 -0.063333168625831604 -0.73494142293930054 1.0365351438522339 0.49669045209884644 -0.35538408160209656
1842.4747999997344 -0.78446215391159058 0.6763954758644104 0.94257110357284546 -0.063235379755496979 -0.7519075870513916 1.0385725498199463 0.51342648267745972 -0.34938070178031921
1931.2691999997478 -0.75119411945343018 0.67480665445327759 0.93832385540008545 -0.062019143253564835 -0.71989691257476807 1.0346640348434448 0.51415890455245972 -0.34950801730155945
