73.647400002926588 -0.72447812557220459 0.66338562965393066 0.5701480507850647 0.62155604362487793 -0.68268394470214844 0.9722556471824646 0.60079926252365112 0.95732051134109497
178.05750000104308 -0.72519850730895996 0.66629707813262939 0.57099622488021851 0.62227791547775269 -0.68984830379486084 0.97075921297073364 0.59637856483459473 0.96055179834365845
273.42010000161827 -0.73412841558456421 0.66000396013259888 0.58107298612594604 0.62582463026046753 -0.68941986560821533 0.97259277105331421 0.60739940404891968 0.96329516172409058
368.0177000015974 -0.74902188777923584 0.6655735969543457 0.5647122859954834 0.61941558122634888 -0.71313679218292236 0.97375297546386719 0.58648157119750977 0.9581330418586731
466.04340000264347 -0.73712855577468872 0.65532886981964111 0.56136846542358398 0.62133198976516724 -0.69374126195907593 0.96565169095993042 0.57665735483169556 0.95826530456542969
563.4134000018239 -0.74936628341674805 0.66341418027877808 0.56486243009567261 0.61845958232879639 -0.71681195497512817 0.96952342987060547 0.5832899808883667 0.95522290468215942
663.43450000137091 -0.72840428352355957 0.65976786613464355 0.5578535795211792 0.62234032154083252 -0.69235628843307495 0.96822553873062134 0.58060413599014282 0.96315258741378784
762.71660000272095 -0.73320454359054565 0.65540391206741333 0.57656663656234741 0.62218570709228516 -0.6961064338684082 0.96816331148147583 0.64871317148208618 0.95922785997390747
855.77380000054836 -0.7160416841506958 0.66461575031280518 0.64958608150482178 0.63278979063034058 -0.69152539968490601 0.97157138586044312 0.87157464027404785 0.95612037181854248
954.57900000177324 -0.69837170839309692 0.65929591655731201 0.84341847896575928 0.58131355047225952 -0.66316360235214233 0.96845912933349609 1.2689481973648071 0.85647976398468018
1053.8265000004321 -0.73409473896026611 0.6727098822593689 0.89085876941680908 0.54473483562469482 -0.70037972927093506 0.99232661724090576 1.4643946886062622 0.83047574758529663
1151.0443000048399 -0.71597969532012939 0.65784704685211182 1.1282514333724976 0.44093960523605347 -0.69813233613967896 0.9844588041305542 1.9939724206924438 0.64159101247787476
1249.2473000027239 -0.73061418533325195 0.66293525695800781 1.2806100845336914 0.37403655052185059 -0.71477484703063965 0.99705260992050171 2.2960677146911621 0.44825142621994019
1351.609500002116 -0.73462313413619995 0.65928483009338379 1.3779510259628296 0.24210914969444275 -0.71951663494110107 0.98720777034759521 2.4334373474121094 0.15670651197433472
1447.7103000041097 -0.68398177623748779 0.65940457582473755 1.3465011119842529 0.19633860886096954 -0.66091269254684448 0.98322981595993042 2.1957173347473145 0.054641205817461014
1548.5250000022352 -0.66308528184890747 0.66515851020812988 1.2322993278503418 0.11133195459842682 -0.64735507965087891 0.98306870460510254 1.7399336099624634 -0.15435028076171875
1647.1289000026882 -0.69850099086761475 0.65986281633377075 1.2381032705307007 0.05471387505531311 -0.67821776866912842 0.98014688491821289 1.4743777513504028 -0.28532916307449341
1743.4100000038743 -0.73247981071472168 0.66059786081314087 0.99690067768096924 -0.038552477955818176 -0.7110447883605957 0.97198253870010376 1.0698451995849609 -0.3722878098487854
1838.9107000008225 -0.74759376049041748 0.65598893165588379 0.94874799251556396 -0.07778698205947876 -0.74139714241027832 0.96615290641784668 0.90270459651947021 -0.37494635581970215
1939.2152000032365 -0.69255751371383667 0.65441972017288208 0.91743111610412598 -0.077281802892684937 -0.67820006608963013 0.97389042377471924 0.61423617601394653 -0.37241798639297485
