42.514799997210503 -0.7499774694442749 0.6455615758895874 0.55649042129516602 0.63357639312744141 -0.68588030338287354 0.96675366163253784 0.59521293640136719 0.9551771879196167
139.55850000120699 -0.70294511318206787 0.66145521402359009 0.56149023771286011 0.62567561864852905 -0.68556737899780273 0.96495640277862549 0.59569394588470459 0.95077162981033325
242.04299999773502 -0.74768537282943726 0.64986354112625122 0.57009202241897583 0.62604296207427979 -0.68904972076416016 0.96848386526107788 0.62318629026412964 0.94832128286361694
341.74279999919236 -0.75690567493438721 0.65020245313644409 0.53740733861923218 0.6387140154838562 -0.70729368925094604 0.96900981664657593 0.60557210445404053 0.95023810863494873
441.57299999892712 -0.71940040588378906 0.66619092226028442 0.5558164119720459 0.63139462471008301 -0.71437102556228638 0.96922761201858521 0.65299510955810547 0.94689059257507324
536.16820000112057 -0.77990436553955078 0.62050312757492065 0.68559849262237549 0.63191956281661987 -0.93890476226806641 0.94837015867233276 0.89945530891418457 0.93786776065826416
640.3536999989301 -0.87905025482177734 0.57310378551483154 0.76819294691085815 0.57708561420440674 -1.0799847841262817 0.88685548305511475 1.1394211053848267 0.87148493528366089
735.32809999957681 -1.2130448818206787 0.49966892600059509 1.075116753578186 0.45951098203659058 -1.6156519651412964 0.7316250205039978 1.7330580949783325 0.67323404550552368
834.32469999790192 -1.1044888496398926 0.39553254842758179 1.1358587741851807 0.38546767830848694 -1.596887469291687 0.51762109994888306 1.8249642848968506 0.4857412576675415
931.13479999825358 -1.3030608892440796 0.2493954598903656 1.194847583770752 0.25924062728881836 -1.9095102548599243 0.27523794770240784 2.1516103744506836 0.22179241478443146
1033.5552999973297 -1.2499274015426636 0.088447302579879761 1.1756590604782104 0.06036040186882019 -1.8407115936279297 -0.077261053025722504 1.8758494853973389 -0.17034028470516205
1133.3000000007451 -1.1870250701904297 0.04632234200835228 1.0675435066223145 0.080616898834705353 -1.5983985662460327 -0.16743940114974976 1.5499650239944458 -0.23567955195903778
1232.2872000001371 -1.1909074783325195 -0.047219567000865936 0.95841234922409058 -0.045622829347848892 -1.2106552124023438 -0.34994372725486755 1.1064063310623169 -0.27507221698760986
1331.1540000010282 -1.0775771141052246 -0.092118412256240845 0.96500039100646973 -0.088259704411029816 -0.97179496288299561 -0.36180108785629272 0.90434360504150391 -0.35770231485366821
1430.5252999998629 -0.95525568723678589 -0.08906121551990509 0.90845197439193726 -0.055399563163518906 -0.77566325664520264 -0.34126117825508118 0.61133110523223877 -0.3250453770160675
1530.9419999998063 -0.94841986894607544 -0.10849554836750031 0.91374117136001587 -0.096102528274059296 -0.68388479948043823 -0.32391279935836792 0.52352190017700195 -0.28293925523757935
1630.9808000009507 -0.9437553882598877 -0.09592147171497345 0.88136917352676392 -0.10458169877529144 -0.69949114322662354 -0.30362322926521301 0.43938696384429932 -0.26148059964179993
1733.556099999696 -0.95922207832336426 -0.11689545214176178 0.89925509691238403 -0.1195390447974205 -0.59289062023162842 -0.32616209983825684 0.38133272528648376 -0.28234270215034485
1831.9277999997139 -0.93182480335235596 -0.10790468007326126 0.88447082042694092 -0.11405221372842789 -0.54975759983062744 -0.31173029541969299 0.43594947457313538 -0.25404775142669678
1928.9744000006467 -0.95255237817764282 -0.10957326740026474 0.9139288067817688 -0.11930414289236069 -0.58541476726531982 -0.30775564908981323 0.44067394733428955 -0.2778618335723877
