32.126900000497699 -0.92183452844619751 0.40187454223632813 0.85774493217468262 0.43988513946533203 -1.1984853744506836 0.682944655418396 0.85272461175918579 0.64257091283798218
165.36840000003576 -1.0996910333633423 0.40613472461700439 0.88754123449325562 0.4384486973285675 -1.1592371463775635 0.68084603548049927 0.87598955631256104 0.64630377292633057
311.91450000088662 -0.9439205527305603 0.41694530844688416 0.89921563863754272 0.43281653523445129 -1.1573565006256104 0.69743770360946655 0.92290520668029785 0.63999974727630615
448.33930000010878 -0.68532586097717285 0.42202010750770569 0.74766653776168823 0.42417898774147034 -0.64555329084396362 0.66396278142929077 0.8208305835723877 0.63693463802337646
591.71549999993294 -0.76589739322662354 0.4249235987663269 0.7246895432472229 0.43568360805511475 -0.87818759679794312 0.70251578092575073 0.74732750654220581 0.63922798633575439
719.15780000016093 -0.75138962268829346 0.41048097610473633 0.82591134309768677 0.41849011182785034 -0.77517205476760864 0.68836683034896851 0.88334465026855469 0.6245078444480896
832.38180000055581 -0.69788837432861328 0.36009252071380615 0.96733927726745605 0.35334253311157227 -0.82378506660461426 0.49132624268531799 1.3105853796005249 0.48813906311988831
946.96889999974519 -0.98427885770797729 0.22756628692150116 0.6540452241897583 0.26731601357460022 -0.9837462306022644 0.19415339827537537 1.3531429767608643 0.29445859789848328
1057.6995000001043 -1.777033805847168 0.090247757732868195 2.1600401401519775 0.080520689487457275 -2.3487746715545654 0.057165667414665222 2.5719418525695801 0.065096296370029449
1159.7732000006363 -1.3468588590621948 0.07713443785905838 1.3566182851791382 0.06628071516752243 -2.4168241024017334 -0.12008585035800934 1.6472905874252319 0.040200524032115936
1262.8350000008941 -0.96803593635559082 0.023673107847571373 1.1846174001693726 0.018084993585944176 -1.0365653038024902 -0.16896037757396698 1.2963663339614868 -0.065122783184051514
1364.612699999474 -0.76856058835983276 -0.011765323579311371 1.0876306295394897 -0.010446018539369106 -0.51680964231491089 -0.14616367220878601 1.267609715461731 -0.096482418477535248
1466.856600000523 -0.72478598356246948 -0.020463060587644577 1.0390529632568359 0.0065732263028621674 -0.56770998239517212 -0.12779974937438965 1.4703493118286133 -0.074116341769695282
1562.8278999999166 -0.80635744333267212 -0.041409704834222794 0.96302682161331177 0.0097654415294528008 -0.461811363697052 -0.13718694448471069 1.2100340127944946 -0.080351866781711578
1666.1522000003606 -0.6685720682144165 0.00038055371260270476 1.0552730560302734 0.0083607463166117668 -0.50799500942230225 -0.1093878373503685 1.3143550157546997 -0.077450864017009735
1771.2494000000879 -0.74897211790084839 -0.0035930050071328878 1.026861310005188 0.0013765875482931733 -0.60422486066818237 -0.10935121774673462 1.0886614322662354 -0.079942703247070313
1875.2047999994829 -0.86346405744552612 -0.010796474292874336 1.077018141746521 0.013827314600348473 -0.61497235298156738 -0.11647228896617889 1.3473522663116455 -0.069805622100830078
1979.1831000000238 -0.78399801254272461 -0.02093057706952095 1.0624057054519653 0.0025383313186466694 -0.58696663379669189 -0.073444142937660217 1.3094887733459473 -0.082523137331008911
