0.0 -0.8113446831703186 0.61787950992584229 0.71807360649108887 0.6549454927444458 -0.90618407726287842 1.0190273523330688 0.73688894510269165 1.011322021484375
123.79070000071079 -0.79580014944076538 0.60956990718841553 0.7235572338104248 0.64910447597503662 -0.8834153413772583 1.0118772983551025 0.73756390810012817 1.0027015209197998
249.35900000017136 -0.79004359245300293 0.62289410829544067 0.7041211724281311 0.64336538314819336 -0.90035879611968994 1.0100898742675781 0.70541918277740479 0.99698799848556519
358.97910000011325 -0.79456263780593872 0.61849278211593628 0.71086013317108154 0.65908223390579224 -0.88040882349014282 1.0208462476730347 0.70263850688934326 1.024345874786377
484.84210000000894 -0.76063930988311768 0.6180834174156189 0.69986057281494141 0.64514964818954468 -0.86246305704116821 1.0155107975006104 0.83852452039718628 0.99059528112411499
604.19359999988228 -0.77470880746841431 0.61231386661529541 0.99328279495239258 0.63814693689346313 -0.86852127313613892 1.0080227851867676 1.394495964050293 0.95647364854812622
730.61810000054538 -0.83957779407501221 0.61175274848937988 1.1514133214950562 0.45683562755584717 -0.92180824279785156 1.0129345655441284 2.0191030502319336 0.61938166618347168
844.77860000077635 -0.83509343862533569 0.61534076929092407 1.610349178314209 0.17916774749755859 -0.96006220579147339 1.0260052680969238 2.5276474952697754 0.0011945291189476848
957.71460000053048 -0.80847889184951782 0.61686462163925171 1.1467125415802002 0.12177352607250214 -0.93075770139694214 1.015270471572876 1.4034519195556641 -0.18375444412231445
1074.672800000757 -0.73582690954208374 0.62626302242279053 0.93328827619552612 0.082713998854160309 -0.85578978061676025 1.0238548517227173 1.475709080696106 -0.080219380557537079
1187.0224000001326 -0.77561593055725098 0.66055941581726074 1.1335912942886353 0.015612171031534672 -0.80903911590576172 1.0545406341552734 1.0440269708633423 -0.30163979530334473
1292.4330000001937 -0.76610064506530762 0.64862596988677979 0.99083304405212402 -0.028889253735542297 -0.80074173212051392 1.0162771940231323 0.74584054946899414 -0.3062891960144043
1412.4617000008002 -0.80676627159118652 0.65413010120391846 0.91608136892318726 -0.044716443866491318 -0.81063967943191528 1.0309854745864868 0.72249341011047363 -0.27632045745849609
1532.5049999998882 -0.79491806030273438 0.6476287841796875 0.99219691753387451 -0.040831707417964935 -0.82243365049362183 1.0223277807235718 0.73611211776733398 -0.29274147748947144
1650.6672999998555 -0.79232829809188843 0.64684951305389404 0.9856296181678772 -0.029585860669612885 -0.80579477548599243 1.0223050117492676 0.80493742227554321 -0.27493363618850708
1772.6861000005156 -0.74435645341873169 0.64654046297073364 0.89217168092727661 -0.027370627969503403 -0.72047156095504761 1.0240378379821777 0.68435829877853394 -0.29991242289543152
1894.7129000006244 -0.72645950317382813 0.64174187183380127 0.90834885835647583 -0.035667140036821365 -0.73044830560684204 1.015142560005188 0.70159846544265747 -0.29268497228622437
