99.920199999585748 -0.68401914834976196 0.62341004610061646 0.63647931814193726 0.65191495418548584 -0.7814934253692627 1.0041943788528442 0.65023481845855713 1.0085932016372681
214.55960000026971 -0.66451656818389893 0.62472414970397949 0.6440131664276123 0.67184919118881226 -0.76871591806411743 1.0072838068008423 0.65575653314590454 1.0348054170608521
325.06369999889284 -0.68438595533370972 0.62816232442855835 0.63420861959457397 0.67423373460769653 -0.79163128137588501 1.0109368562698364 0.66930800676345825 1.0420359373092651
454.31729999929667 -0.67144507169723511 0.63609611988067627 0.66568565368652344 0.67209070920944214 -0.75932103395462036 1.030057430267334 0.69519919157028198 1.0358296632766724
592.28619999904186 -0.70654475688934326 0.62379586696624756 0.68491929769515991 0.66338801383972168 -0.83959317207336426 1.0067992210388184 0.76567935943603516 1.0414944887161255
710.64179999940097 -1.0676321983337402 0.59020251035690308 0.9995419979095459 0.52332985401153564 -1.5549418926239014 0.94907456636428833 1.7910939455032349 0.78083932399749756
829.01779999956489 -1.2918978929519653 0.53228533267974854 1.1744028329849243 0.47107195854187012 -1.7936122417449951 0.78318572044372559 1.9862679243087769 0.58996975421905518
949.32290000002831 -1.5062869787216187 0.29297804832458496 1.6645253896713257 0.18021586537361145 -2.4981038570404053 0.14614777266979218 2.9369399547576904 -0.046357389539480209
1060.7160000000149 -0.89261829853057861 0.095525100827217102 1.2279788255691528 0.040150556713342667 -1.3304765224456787 -0.30743834376335144 1.7200779914855957 -0.29397180676460266
1172.3580999998376 -0.88125687837600708 0.0022112552542239428 0.89663243293762207 0.085419483482837677 -1.2204602956771851 -0.24925822019577026 1.3990790843963623 -0.083815999329090118
1288.0004999991506 -0.8339468240737915 -0.11756050586700439 0.955810546875 -0.028115779161453247 -0.91949260234832764 -0.38748228549957275 1.2454805374145508 -0.22492821514606476
1408.1003999998793 -0.73175185918807983 -0.13163523375988007 0.93637686967849731 -0.073814913630485535 -0.51371651887893677 -0.39934486150741577 0.97550010681152344 -0.30117326974868774
1513.0345999989659 -0.96338731050491333 -0.10498359799385071 0.75864893198013306 -0.049502015113830566 -0.72336959838867188 -0.36797156929969788 0.77355599403381348 -0.25699171423912048
1635.4725999999791 -0.79594701528549194 -0.1366514265537262 0.96374160051345825 -0.06576838344335556 -0.47786247730255127 -0.39814382791519165 0.97257673740386963 -0.25379380583763123
1748.9543999992311 -0.95999640226364136 -0.11175685375928879 0.75732797384262085 -0.076880365610122681 -0.65997415781021118 -0.36475291848182678 0.58969700336456299 -0.27955186367034912
1861.1398999989033 -0.92189210653305054 -0.10744708776473999 0.73208147287368774 -0.091849178075790405 -0.63000082969665527 -0.35781410336494446 0.53444093465805054 -0.23420758545398712
1980.2745999991894 -0.97258937358856201 -0.13645635545253754 0.65956944227218628 -0.10735134035348892 -0.6994621753692627 -0.3895973265171051 0.46034377813339233 -0.3159734308719635
