60.091000005602837 -0.81020087003707886 0.75427013635635376 0.60576736927032471 0.73712974786758423 -0.78178566694259644 1.1272870302200317 0.6277117133140564 1.1093564033508301
154.77790001034737 -0.79749131202697754 0.75367510318756104 0.61135417222976685 0.73843556642532349 -0.77196860313415527 1.1324656009674072 0.63031178712844849 1.1129978895187378
242.52549999952316 -0.79580074548721313 0.75407600402832031 0.61788451671600342 0.7370418906211853 -0.77503716945648193 1.1259914636611938 0.6525920033454895 1.1132792234420776
330.26689998805523 -0.80515110492706299 0.75553864240646362 0.61198270320892334 0.72992187738418579 -0.7832140326499939 1.133339524269104 0.67263489961624146 1.0988726615905762
420.65410000085831 -0.78665620088577271 0.74986374378204346 0.57697200775146484 0.72840309143066406 -0.76266574859619141 1.1258226633071899 0.702015221118927 1.0947144031524658
504.84889999032021 -0.73847967386245728 0.74589979648590088 0.75463408231735229 0.72255194187164307 -0.72270375490188599 1.107364296913147 1.0511759519577026 1.0874170064926147
595.1186999976635 -0.73983681201934814 0.73363429307937622 0.85629045963287354 0.67012530565261841 -0.69871360063552856 1.0884050130844116 1.3589920997619629 0.9592972993850708
676.82590000331402 -0.74498814344406128 0.75326776504516602 1.0527427196502686 0.61544167995452881 -0.6969330906867981 1.1151541471481323 1.777588963508606 0.87137240171432495
771.29009999334812 -0.74940913915634155 0.75406217575073242 1.1970878839492798 0.51312249898910522 -0.72466784715652466 1.1156492233276367 2.031869649887085 0.64725720882415771
857.44779999554157 -0.70303928852081299 0.75587821006774902 1.3252379894256592 0.21309493482112885 -0.69155627489089966 1.114007830619812 2.0755491256713867 0.082213893532752991
942.31199999153614 -0.68260085582733154 0.76229631900787354 1.1204758882522583 0.13107281923294067 -0.66871732473373413 1.1092984676361084 1.7159686088562012 -0.14329777657985687
1035.4150999933481 -0.72025322914123535 0.76140332221984863 1.0941770076751709 0.1084895059466362 -0.70671600103378296 1.1208652257919312 1.3038803339004517 -0.26716864109039307
1126.8726999908686 -0.73816901445388794 0.75344991683959961 1.009175181388855 0.080256223678588867 -0.74835503101348877 1.1152516603469849 1.1078215837478638 -0.28913357853889465
1215.5312000066042 -0.72402489185333252 0.73967808485031128 0.96163105964660645 -0.042946182191371918 -0.67901337146759033 1.1203852891921997 0.6836588978767395 -0.34663662314414978
1307.1396999955177 -0.71395564079284668 0.73751026391983032 0.91369301080703735 -0.074828512966632843 -0.65642082691192627 1.125373363494873 0.56598776578903198 -0.36068689823150635
1395.5858999937773 -0.72456622123718262 0.73820102214813232 0.92930865287780762 -0.091088756918907166 -0.68893080949783325 1.1241742372512817 0.51877099275588989 -0.37777742743492126
1483.3500000089407 -0.73180413246154785 0.73985278606414795 0.956917405128479 -0.094267934560775757 -0.70225709676742554 1.1203184127807617 0.50777745246887207 -0.38043060898780823
1571.9282999932766 -0.74510705471038818 0.74845033884048462 0.95582205057144165 -0.097916170954704285 -0.70840603113174438 1.1280549764633179 0.49784961342811584 -0.38976761698722839
1661.2005999982357 -0.74508756399154663 0.74850785732269287 0.95108598470687866 -0.092862404882907867 -0.7462843656539917 1.123621940612793 0.50275987386703491 -0.38313642144203186
1748.8704999983311 -0.74745947122573853 0.75047707557678223 0.94753122329711914 -0.096322484314441681 -0.7462199330329895 1.1267893314361572 0.49136564135551453 -0.39008805155754089
1837.8017000108957 -0.75082659721374512 0.75194382667541504 0.93444216251373291 -0.093866549432277679 -0.74803376197814941 1.1250282526016235 0.487995445728302 -0.38596621155738831
1927.84620000422 -0.75055223703384399 0.75497293472290039 0.9533800482749939 -0.089935623109340668 -0.74256658554077148 1.1330645084381104 0.49697494506835938 -0.38258421421051025
2026.5888999998569 -0.75271177291870117 0.75411766767501831 0.94548594951629639 -0.088999956846237183 -0.72266912460327148 1.1298948526382446 0.48608765006065369 -0.37918925285339355
