14.201400000602007 -0.72938066720962524 0.46008148789405823 0.54338234663009644 0.44940894842147827 -0.6489754319190979 0.71607345342636108 0.56219315528869629 0.68455815315246582
117.22239999938756 -0.53777563571929932 0.4619329571723938 0.53700196743011475 0.44792544841766357 -0.56423085927963257 0.70728951692581177 0.6095200777053833 0.67615336179733276
239.27570000011474 -0.58028250932693481 0.46826383471488953 0.52450835704803467 0.45337942242622375 -0.59097343683242798 0.72303169965744019 0.60763108730316162 0.68659299612045288
352.25729999970645 -0.52574068307876587 0.47215214371681213 0.53064411878585815 0.45581555366516113 -0.57560783624649048 0.72485119104385376 0.66411477327346802 0.68784695863723755
465.02450000029057 -0.57317966222763062 0.4697631299495697 0.50716561079025269 0.45585262775421143 -0.63896244764328003 0.73562222719192505 0.64251613616943359 0.68835777044296265
571.25890000071377 -0.55080580711364746 0.46252641081809998 0.57934474945068359 0.43621104955673218 -0.53403359651565552 0.72354483604431152 0.69399690628051758 0.67465764284133911
678.19979999959469 -0.65658807754516602 0.46617129445075989 0.77542853355407715 0.37606248259544373 -0.54281914234161377 0.72904789447784424 1.1909981966018677 0.53934550285339355
784.0074000004679 -0.66092181205749512 0.45724403858184814 0.9200558066368103 0.33099067211151123 -0.56251180171966553 0.71922451257705688 1.2710275650024414 0.41060778498649597
893.55800000019372 -0.63955116271972656 0.46037405729293823 1.034630298614502 0.15873686969280243 -0.53586691617965698 0.71472442150115967 1.1683042049407959 0.11887788027524948
1007.1132000004873 -0.66908138990402222 0.45581844449043274 1.1286603212356567 0.11636325716972351 -0.51893764734268188 0.70304131507873535 1.6044855117797852 -0.0097216451540589333
1113.5005999999121 -0.68891823291778564 0.45739519596099854 0.91855669021606445 0.072828680276870728 -0.6489558219909668 0.72499245405197144 1.2427151203155518 -0.044684763997793198
1229.2706000003964 -0.52475786209106445 0.46468666195869446 0.83859372138977051 0.0450931116938591 -0.54750162363052368 0.7174336314201355 0.96619564294815063 -0.076466917991638184
1324.8656000001356 -0.66870105266571045 0.45771178603172302 0.91202813386917114 0.048821337521076202 -0.59562784433364868 0.72112381458282471 1.0650410652160645 -0.081006549298763275
1424.1182000003755 -0.65073126554489136 0.45681601762771606 0.93352830410003662 0.052479051053524017 -0.58412915468215942 0.71187013387680054 0.8464697003364563 -0.10063131898641586
1536.5679000001401 -0.65369260311126709 0.45512846112251282 0.9020656943321228 0.038429148495197296 -0.5088239312171936 0.70016193389892578 0.84155374765396118 -0.094929203391075134
1648.0423999996856 -0.67603796720504761 0.45745536684989929 0.89476490020751953 0.042879413813352585 -0.53236979246139526 0.72222983837127686 0.7944035530090332 -0.081823147833347321
1758.8254000004381 -0.65234464406967163 0.4538109302520752 0.8811994194984436 0.040663093328475952 -0.49867063760757446 0.71092456579208374 0.84239959716796875 -0.073720574378967285
1858.8334999997169 -0.65000265836715698 0.45264187455177307 0.94399768114089966 0.04750978946685791 -0.46347025036811829 0.70345675945281982 1.1313422918319702 -0.077002085745334625
1971.6004999997094 -0.68065327405929565 0.45263510942459106 0.89331883192062378 0.041065007448196411 -0.5468437671661377 0.70877772569656372 1.0895191431045532 -0.074097387492656708
