3.1773000000976026 -0.80574625730514526 0.6785285472869873 0.56343895196914673 0.69378215074539185 -0.77589428424835205 1.0472131967544556 0.54640102386474609 1.045114278793335
86.84429999999702 -0.79258906841278076 0.67968839406967163 0.57245296239852905 0.69214260578155518 -0.76546788215637207 1.0446712970733643 0.53200888633728027 1.0376466512680054
178.92200000025332 -0.80076378583908081 0.68259960412979126 0.5700756311416626 0.70413494110107422 -0.77240622043609619 1.0584123134613037 0.53267347812652588 1.0634658336639404
270.16009999997914 -0.81276720762252808 0.67626661062240601 0.57408416271209717 0.68600320816040039 -0.78557819128036499 1.0421185493469238 0.54137676954269409 1.0355557203292847
368.19940000004135 -0.78940922021865845 0.68674296140670776 0.62784349918365479 0.70715534687042236 -0.76133668422698975 1.0506302118301392 0.60086262226104736 1.0643460750579834
466.09870000020601 -0.79741638898849487 0.67855632305145264 0.67734658718109131 0.68789058923721313 -0.76419740915298462 1.0428460836410522 0.57893556356430054 0.99983173608779907
561.03880000021309 -0.813518226146698 0.68810999393463135 0.63122028112411499 0.67415708303451538 -0.77563220262527466 1.0570633411407471 0.48616310954093933 0.79990845918655396
645.61330000008456 -0.8550378680229187 0.70685136318206787 0.65727639198303223 0.70588278770446777 -0.8243291974067688 1.0756818056106567 0.43669691681861877 0.61169123649597168
735.21160000003874 -0.86870437860488892 0.69594389200210571 0.55491328239440918 0.68242901563644409 -0.84866464138031006 1.05743408203125 0.20058813691139221 0.43543428182601929
833.92420000000857 -0.94727212190628052 0.70293337106704712 0.42188113927841187 0.67420488595962524 -0.92067855596542358 1.0734814405441284 0.028687134385108948 0.28849220275878906
920.78380000009201 -0.92194181680679321 0.70116013288497925 0.30311280488967896 0.65828633308410645 -0.91272103786468506 1.0681655406951904 -0.012249507009983063 0.30911397933959961
1013.1969000000972 -0.97511595487594604 0.7019425630569458 0.32082369923591614 0.65110671520233154 -0.96315979957580566 1.0598483085632324 -0.016737852245569229 0.315449059009552
1102.5206999999937 -0.96213269233703613 0.69839662313461304 0.2892383337020874 0.64771145582199097 -0.95133459568023682 1.0545507669448853 -0.028341786935925484 0.3200657069683075
1197.7822000002488 -0.91683650016784668 0.68057376146316528 0.37526151537895203 0.67655801773071289 -0.91436320543289185 1.033509373664856 0.041484016925096512 0.33377560973167419
1287.2836000001989 -0.86182206869125366 0.70298093557357788 0.38656365871429443 0.69869750738143921 -0.8663751482963562 1.0622912645339966 0.27641725540161133 0.54729950428009033
1382.21940000006 -0.91837525367736816 0.69095361232757568 0.42569857835769653 0.68576532602310181 -0.92313939332962036 1.0456417798995972 0.29129761457443237 0.5622560977935791
1475.7752000000328 -0.88746505975723267 0.69168412685394287 0.43537473678588867 0.68909221887588501 -0.90054464340209961 1.0394985675811768 0.36388182640075684 0.58242452144622803
1567.8514000000432 -0.9175688624382019 0.69268417358398438 0.4244103729724884 0.69191211462020874 -0.9252583384513855 1.0467417240142822 0.34095552563667297 0.58452928066253662
1661.9800999998115 -0.86640399694442749 0.68774932622909546 0.42319005727767944 0.68996447324752808 -0.87493610382080078 1.0387164354324341 0.29039877653121948 0.54689174890518188
1753.808999999892 -0.88102012872695923 0.69505053758621216 0.40985804796218872 0.69742381572723389 -0.88414204120635986 1.0453490018844604 0.27919682860374451 0.5523725152015686
1849.2435000000987 -0.89527875185012817 0.69377702474594116 0.40087258815765381 0.69044715166091919 -0.89966088533401489 1.0490137338638306 0.3209664523601532 0.58098381757736206
1946.3312000001315 -0.89750808477401733 0.69036722183227539 0.41445431113243103 0.68760830163955688 -0.90206438302993774 1.0479675531387329 0.26840370893478394 0.55198526382446289
