23.561099998652935 -0.78613936901092529 0.70001178979873657 0.59053057432174683 0.66855138540267944 -0.76627224683761597 1.0318191051483154 0.58684861660003662 1.0150290727615356
108.22349999845028 -0.79413020610809326 0.69329047203063965 0.59221696853637695 0.66573643684387207 -0.77711385488510132 1.0221625566482544 0.58669358491897583 1.0045351982116699
192.65579999983311 -0.77849942445755005 0.67493623495101929 0.58416789770126343 0.66905927658081055 -0.73293000459671021 1.0415693521499634 0.58121538162231445 1.0084761381149292
280.61599999852479 -0.78688037395477295 0.68002235889434814 0.57823175191879272 0.67424452304840088 -0.75517517328262329 1.0314489603042603 0.57358992099761963 1.0167245864868164
362.44789999909699 -0.8008388876914978 0.69716888666152954 0.58384144306182861 0.66376811265945435 -0.77054762840270996 1.0290646553039551 0.58448922634124756 1.0015717744827271
447.11150000058115 -0.87401276826858521 0.69047731161117554 0.65677094459533691 0.63603305816650391 -0.86738681793212891 1.0197490453720093 0.70416176319122314 0.96987062692642212
535.22660000063479 -1.0304661989212036 0.63549345731735229 0.91248852014541626 0.60437405109405518 -1.114540696144104 0.96370464563369751 0.99323433637619019 0.92893904447555542
622.64910000003874 -1.1404787302017212 0.55712229013442993 1.0610288381576538 0.52983677387237549 -1.3508018255233765 0.87056034803390503 1.3591289520263672 0.85275298357009888
709.61580000072718 -1.3306889533996582 0.38747718930244446 1.2071669101715088 0.36635950207710266 -1.9367028474807739 0.59402585029602051 1.8143391609191895 0.50926119089126587
795.92300000041723 -1.3060076236724854 0.34574559330940247 1.2008430957794189 0.33123835921287537 -2.0073213577270508 0.44695088267326355 1.9050760269165039 0.33435997366905212
882.83179999887943 -1.2938512563705444 0.33872628211975098 1.1810761690139771 0.31703430414199829 -1.9644490480422974 0.27419716119766235 1.7826703786849976 0.1904589980840683
969.12299999967217 -1.3298865556716919 0.32768902182579041 1.1549750566482544 0.32071331143379211 -1.9182922840118408 0.17426669597625732 1.7180017232894897 0.14009450376033783
1057.0023000016809 -1.3615611791610718 0.37195864319801331 1.1763328313827515 0.37408629059791565 -1.9477347135543823 0.22112339735031128 1.7255586385726929 0.22893188893795013
1142.0111000016332 -1.2879884243011475 0.45860341191291809 0.98217499256134033 0.48516392707824707 -1.919062614440918 0.42973271012306213 1.8159271478652954 0.45553174614906311
1228.9151000007987 -1.1761280298233032 0.50208747386932373 0.95656228065490723 0.51273548603057861 -1.8307141065597534 0.64863765239715576 1.6819303035736084 0.68189793825149536
1309.2749000005424 -1.117613673210144 0.56760549545288086 0.92991489171981812 0.54165667295455933 -1.4815082550048828 0.84266853332519531 1.4467692375183105 0.83730655908584595
1390.8608999997377 -1.1966074705123901 0.55996876955032349 1.0442302227020264 0.52146446704864502 -1.5709129571914673 0.8487083911895752 1.5583081245422363 0.80723863840103149
1475.5622000005096 -1.3742828369140625 0.4833659827709198 1.1389809846878052 0.47865745425224304 -1.715283989906311 0.735007643699646 1.645296573638916 0.69841629266738892
1563.4411999993026 -1.3351219892501831 0.35570734739303589 1.1814377307891846 0.32447853684425354 -1.9408793449401855 0.53747552633285522 1.6620389223098755 0.48856073617935181
1646.3142999988049 -1.367082953453064 0.30049023032188416 1.1645398139953613 0.29235997796058655 -1.9965494871139526 0.36404958367347717 1.8066956996917725 0.31908425688743591
1730.8804999999702 -1.3152866363525391 0.27315226197242737 1.0811425447463989 0.27637872099876404 -2.0022637844085693 0.19586388766765594 1.6026415824890137 0.16966143250465393
1817.9512999989092 -1.3812011480331421 0.29461970925331116 1.1277287006378174 0.29596361517906189 -2.0752594470977783 0.17021173238754272 1.7346426248550415 0.12605459988117218
1905.8868000004441 -1.3452633619308472 0.40046271681785583 1.1496345996856689 0.38787966966629028 -2.0159473419189453 0.27104136347770691 1.7201985120773315 0.26514622569084167
1989.1226000003517 -1.2838047742843628 0.45356738567352295 1.0341072082519531 0.48365199565887451 -1.9632937908172607 0.43273043632507324 1.8450626134872437 0.39270645380020142
