38.828600002452731 -0.69485032558441162 0.65987229347229004 0.7676316499710083 0.64652103185653687 -0.68652480840682983 1.0139932632446289 1.1017551422119141 0.9553636908531189
137.2120000012219 -0.73195457458496094 0.64682590961456299 0.5556260347366333 0.63841021060943604 -0.6819462776184082 0.96924692392349243 0.63320428133010864 0.9816206693649292
237.32239999994636 -0.73573917150497437 0.64831036329269409 0.50707828998565674 0.63623762130737305 -0.6795428991317749 0.96056193113327026 0.59067898988723755 0.96624213457107544
337.87190000154078 -0.74810844659805298 0.6548420786857605 0.52818727493286133 0.63915550708770752 -0.7081979513168335 0.96964901685714722 0.5914044976234436 0.96524679660797119
437.29279999993742 -0.73197710514068604 0.65761327743530273 0.51563149690628052 0.64333850145339966 -0.68344628810882568 0.97618240118026733 0.55548292398452759 0.97595798969268799
537.45180000178516 -0.7256043553352356 0.65296614170074463 0.51780420541763306 0.6500244140625 -0.66474121809005737 0.96657103300094604 0.66352593898773193 0.98810708522796631
637.92800000309944 -0.71436411142349243 0.6494286060333252 0.6013641357421875 0.64445269107818604 -0.67699652910232544 0.96468031406402588 0.87360143661499023 0.97867798805236816
734.67480000294745 -0.7349817156791687 0.65223056077957153 0.869678795337677 0.61279106140136719 -0.70366215705871582 0.95831102132797241 1.3557640314102173 0.87108522653579712
832.74810000322759 -0.72722947597503662 0.66207295656204224 1.0659576654434204 0.45892655849456787 -0.69769585132598877 0.9788963794708252 1.9629095792770386 0.66603130102157593
930.23149999976158 -0.78858506679534912 0.6638604998588562 1.4137499332427979 0.31251305341720581 -0.74770128726959229 0.98460906744003296 2.3536176681518555 0.23061873018741608
1032.5228000022471 -0.75915443897247314 0.65531826019287109 1.4225276708602905 0.19258201122283936 -0.72147029638290405 0.96789032220840454 2.2381577491760254 0.023843301460146904
1126.8426000028849 -0.68629878759384155 0.65271615982055664 1.2398078441619873 0.093731962144374847 -0.67731887102127075 0.96315169334411621 1.7295500040054321 -0.21252855658531189
1222.2797000035644 -0.7054671049118042 0.66127282381057739 1.1782777309417725 0.059632398188114166 -0.70641636848449707 0.97667413949966431 1.4707620143890381 -0.30297794938087463
1321.3992000035942 -0.72147691249847412 0.66273701190948486 1.0258057117462158 -0.069376692175865173 -0.72267192602157593 0.98074215650558472 1.0170130729675293 -0.36782875657081604
1417.5788000002503 -0.70266324281692505 0.66144275665283203 0.93422961235046387 -0.074102647602558136 -0.70358681678771973 0.97401028871536255 0.8728904128074646 -0.38576117157936096
1528.09990000166 -0.70133411884307861 0.66822105646133423 0.93047255277633667 -0.080985948443412781 -0.68331217765808105 0.98426562547683716 0.56205081939697266 -0.36709210276603699
1627.3249000012875 -0.71638554334640503 0.65028756856918335 0.95297789573669434 -0.08397897332906723 -0.70236700773239136 0.96708232164382935 0.59378689527511597 -0.34291252493858337
1729.445800004527 -0.74894052743911743 0.65303772687911987 0.88360100984573364 -0.11585139483213425 -0.73861634731292725 0.96061205863952637 0.39268237352371216 -0.39660903811454773
1833.1279000025243 -0.75755661725997925 0.64497095346450806 0.86030423641204834 -0.11530164629220963 -0.73520171642303467 0.96219992637634277 0.38710114359855652 -0.36551913619041443
1931.5815000031143 -0.72787123918533325 0.64659130573272705 0.84989404678344727 -0.12062463909387589 -0.72036254405975342 0.9620816707611084 0.3441353440284729 -0.3769133985042572
