75.432499999180436 -0.75131702423095703 0.64662057161331177 0.54274219274520874 0.64064127206802368 -0.73457837104797363 0.95851343870162964 0.56034970283508301 0.97255527973175049
173.1330000013113 -0.7791016697883606 0.65356647968292236 0.54665607213973999 0.63629138469696045 -0.75310981273651123 0.96041387319564819 0.57174456119537354 0.97384059429168701
279.20319999940693 -0.74266821146011353 0.65215790271759033 0.53664028644561768 0.65129613876342773 -0.72509485483169556 0.95421582460403442 0.63294106721878052 0.97783243656158447
383.90450000204146 -0.74250131845474243 0.65888184309005737 0.58920305967330933 0.65325862169265747 -0.74158453941345215 0.96414142847061157 0.79795372486114502 0.98245328664779663
490.57640000060201 -0.75208806991577148 0.65220880508422852 0.7592475414276123 0.60331934690475464 -0.73423582315444946 0.95627027750015259 1.1953556537628174 0.9333452582359314
596.02390000224113 -0.755584716796875 0.66575914621353149 0.92004412412643433 0.53842049837112427 -0.73425596952438354 0.97259724140167236 1.5911998748779297 0.78452891111373901
695.98369999788702 -0.78408610820770264 0.66028177738189697 1.1695361137390137 0.43604549765586853 -0.75630056858062744 0.97408300638198853 2.075617790222168 0.55280458927154541
796.59059999883175 -0.74526870250701904 0.65765798091888428 1.2984569072723389 0.31487101316452026 -0.70676320791244507 0.97451531887054443 2.3479182720184326 0.32588383555412292
901.98080000281334 -0.71647202968597412 0.65963518619537354 1.3902679681777954 0.18141937255859375 -0.69851207733154297 0.96932375431060791 2.2165875434875488 0.032824479043483734
1002.0131999999285 -0.67655134201049805 0.65427017211914063 1.2600373029708862 0.098253041505813599 -0.65646624565124512 0.96148276329040527 1.8655797243118286 -0.18025079369544983
1100.7617000006139 -0.70440632104873657 0.66032004356384277 1.2433688640594482 0.050200361758470535 -0.66014838218688965 0.97463846206665039 1.5193593502044678 -0.30552437901496887
1201.0808000005782 -0.69443166255950928 0.66219693422317505 1.0536545515060425 -0.016133153811097145 -0.70211881399154663 0.96414333581924438 1.1030129194259644 -0.36479189991950989
1302.0002999994904 -0.77776819467544556 0.65063869953155518 0.96133345365524292 -0.072282187640666962 -0.79145556688308716 0.95453554391860962 0.68822008371353149 -0.38191792368888855
1402.6478999983519 -0.75532543659210205 0.6530032753944397 0.93246924877166748 -0.076644241809844971 -0.75913262367248535 0.95870262384414673 0.53687268495559692 -0.35786202549934387
1506.0882999990135 -0.76027894020080566 0.64895027875900269 0.92302662134170532 -0.081667855381965637 -0.77322584390640259 0.95425373315811157 0.42557814717292786 -0.3748873770236969
1613.1581999994814 -0.75500452518463135 0.65363985300064087 0.95168530941009521 -0.08898964524269104 -0.76377522945404053 0.95331060886383057 0.42913612723350525 -0.35476136207580566
1713.3734000008553 -0.74181747436523438 0.66128009557723999 0.9283827543258667 -0.095900699496269226 -0.74580669403076172 0.96139639616012573 0.41826272010803223 -0.35972917079925537
1814.6162999980152 -0.75708448886871338 0.64936959743499756 0.93631142377853394 -0.090457737445831299 -0.76523286104202271 0.9519580602645874 0.41321009397506714 -0.34301808476448059
1913.758299998939 -0.7513393759727478 0.64859193563461304 0.92398786544799805 -0.095128260552883148 -0.7702479362487793 0.95435827970504761 0.40627393126487732 -0.34836763143539429
