92.593299997970462 -0.71190810203552246 0.65715658664703369 0.58387547731399536 0.6501162052154541 -0.74121576547622681 1.0112992525100708 0.60441797971725464 0.99268418550491333
190.90959999896586 -0.68944752216339111 0.64713793992996216 0.60262131690979004 0.64670097827911377 -0.72878950834274292 1.0093069076538086 0.63083893060684204 0.99122655391693115
285.62949999794364 -0.7040785551071167 0.64319133758544922 0.65664052963256836 0.6484491229057312 -0.80099064111709595 1.0058548450469971 0.79863053560256958 1.0091774463653564
388.92359999939799 -0.81176233291625977 0.59269040822982788 0.94951915740966797 0.62780851125717163 -1.044256329536438 0.93700104951858521 1.3305118083953857 0.94741219282150269
493.99789999984205 -1.0172683000564575 0.56020140647888184 1.0416994094848633 0.52068531513214111 -1.4698731899261475 0.83907759189605713 1.7244184017181396 0.77212744951248169
594.69489999860525 -1.2157797813415527 0.4077516496181488 1.3262602090835571 0.35336786508560181 -1.7880828380584717 0.53722548484802246 2.4029996395111084 0.43170556426048279
695.62240000069141 -1.3018959760665894 0.3298344612121582 1.2077428102493286 0.2652117908000946 -1.8046425580978394 0.35085493326187134 2.0768859386444092 0.19575993716716766
796.06699999794364 -1.177777886390686 0.19180987775325775 1.2161562442779541 0.10084918141365051 -1.6411195993423462 0.029940836131572723 1.8621242046356201 -0.1421879380941391
894.78030000068247 -1.1669348478317261 0.091829560697078705 1.1776425838470459 0.063591398298740387 -1.5728541612625122 -0.13006289303302765 1.6031830310821533 -0.25108540058135986
997.40159999765456 -1.0825061798095703 0.022918643429875374 0.99898922443389893 -0.00708048976957798 -1.3247517347335815 -0.2780938446521759 1.1764671802520752 -0.32524380087852478
1094.8354000002146 -1.0917062759399414 -0.014692474156618118 0.89925384521484375 -0.026437878608703613 -1.0835713148117065 -0.31052342057228088 0.97085165977478027 -0.21704573929309845
1192.8674999978393 -1.1042077541351318 -0.059075538069009781 0.95889270305633545 -0.06228308379650116 -0.90525984764099121 -0.36689305305480957 0.73639607429504395 -0.32511574029922485
1292.1961000002921 -0.97378373146057129 -0.10517144948244095 0.92553573846817017 -0.10400090366601944 -0.66972488164901733 -0.38105040788650513 0.38722631335258484 -0.42578145861625671
1389.6816999986768 -0.95337635278701782 -0.096618302166461945 0.89827293157577515 -0.093592017889022827 -0.63834375143051147 -0.34023189544677734 0.50112426280975342 -0.26110321283340454
1484.3976999986917 -0.94364207983016968 -0.096720315515995026 0.89578098058700562 -0.09647650271654129 -0.61120545864105225 -0.31549817323684692 0.37820965051651001 -0.29483911395072937
1583.5102999992669 -0.92941826581954956 -0.11627668142318726 0.89641571044921875 -0.10012258589267731 -0.48030364513397217 -0.36031374335289001 0.38009485602378845 -0.31968730688095093
1679.4334000013769 -0.9248812198638916 -0.10963106900453568 0.88918882608413696 -0.099211089313030243 -0.52108633518218994 -0.33406087756156921 0.41350430250167847 -0.29106920957565308
1785.2429999988526 -0.94132983684539795 -0.11695177853107452 0.87563979625701904 -0.10525689274072647 -0.48716714978218079 -0.35528877377510071 0.31716939806938171 -0.32874593138694763
1889.9879000000656 -0.94008100032806396 -0.11383448541164398 0.87206876277923584 -0.11333150416612625 -0.53190034627914429 -0.33563077449798584 0.32875654101371765 -0.34048187732696533
1987.6626000013202 -0.93816393613815308 -0.11489443480968475 0.8784448504447937 -0.10417331755161285 -0.46526181697845459 -0.35890811681747437 0.3248056173324585 -0.32515579462051392
