12.398199994117022 -0.70535767078399658 0.66689813137054443 0.57560515403747559 0.63151884078979492 -0.68142688274383545 0.9733278751373291 0.6064983606338501 0.97006648778915405
113.78229999728501 -0.7611662745475769 0.64885270595550537 0.57854247093200684 0.63051819801330566 -0.6860196590423584 0.97193795442581177 0.6091880202293396 0.96767562627792358
210.83649999648333 -0.69629073143005371 0.66453993320465088 0.57071793079376221 0.63974577188491821 -0.69413447380065918 0.97195780277252197 0.61139762401580811 0.96967440843582153
307.14169999957085 -0.70254206657409668 0.66615182161331177 0.56101757287979126 0.63214713335037231 -0.69828438758850098 0.96802401542663574 0.62139493227005005 0.95392990112304688
402.33759999647737 -0.74925029277801514 0.6507953405380249 0.56333404779434204 0.62671756744384766 -0.70185476541519165 0.96633970737457275 0.62479311227798462 0.95460712909698486
496.63429999537766 -0.68754053115844727 0.67546373605728149 0.62463217973709106 0.6491318941116333 -0.68229752779006958 0.97300755977630615 0.78014802932739258 0.98589754104614258
592.98309999518096 -0.70103973150253296 0.65907829999923706 0.74566429853439331 0.56996184587478638 -0.68387502431869507 0.96340173482894897 1.0793944597244263 0.87600427865982056
688.32649999670684 -0.69099807739257813 0.6515582799911499 0.95487856864929199 0.49963673949241638 -0.6723177433013916 0.95524334907531738 1.5829962491989136 0.7083747386932373
789.90509999543428 -0.75831401348114014 0.66026812791824341 1.1439205408096313 0.42049464583396912 -0.71819376945495605 0.9749070405960083 1.9071946144104004 0.55925029516220093
887.87529999576509 -0.73466122150421143 0.66077148914337158 1.2441684007644653 0.24281029403209686 -0.70590323209762573 0.96749794483184814 2.2112312316894531 0.16772407293319702
992.60629999637604 -0.72648310661315918 0.66137039661407471 1.3309497833251953 0.15401989221572876 -0.69150316715240479 0.97103577852249146 2.1908149719238281 -0.0023589406628161669
1091.3916999977082 -0.70468133687973022 0.65119540691375732 1.1075161695480347 0.056813597679138184 -0.68598908185958862 0.97492587566375732 1.6174583435058594 -0.2667849063873291
1192.1084999963641 -0.79768919944763184 0.66011631488800049 1.0452306270599365 0.014720066450536251 -0.73951709270477295 0.98409920930862427 1.3682729005813599 -0.34432435035705566
1292.9496999960393 -0.8038824200630188 0.66776686906814575 0.99739432334899902 -0.080720327794551849 -0.74256378412246704 0.98316603899002075 1.0481537580490112 -0.35145637392997742
1391.9256999976933 -0.73946648836135864 0.66504853963851929 0.90162056684494019 -0.077232316136360168 -0.67870450019836426 0.98534035682678223 0.6868598461151123 -0.38323619961738586
1489.6039999984205 -0.75256204605102539 0.66602760553359985 0.9470750093460083 -0.10271242260932922 -0.67828011512756348 0.9792054295539856 0.58953315019607544 -0.35855451226234436
1588.1863999981433 -0.77946770191192627 0.67089629173278809 0.89177972078323364 -0.11645498126745224 -0.71458810567855835 0.97292488813400269 0.4182889461517334 -0.39649385213851929
1684.6187999974936 -0.78481286764144897 0.66902118921279907 0.90046924352645874 -0.10398487001657486 -0.72741997241973877 0.98129445314407349 0.42599228024482727 -0.38611224293708801
1785.6270999982953 -0.78805732727050781 0.66371738910675049 0.89588868618011475 -0.10389485955238342 -0.73968571424484253 0.97619348764419556 0.40763816237449646 -0.37011364102363586
1882.51439999789 -0.79830777645111084 0.658363938331604 0.90221357345581055 -0.10781528055667877 -0.73652040958404541 0.97101408243179321 0.42183759808540344 -0.37075400352478027
1985.993799995631 -0.74635559320449829 0.66125380992889404 0.90548533201217651 -0.10190471261739731 -0.74245947599411011 0.9701429009437561 0.39841270446777344 -0.37138804793357849
