79.38400000333786 -0.73278927803039551 0.74135619401931763 0.65258985757827759 0.74033677577972412 -0.71233367919921875 1.1165425777435303 0.64699059724807739 1.0821717977523804
169.11049999296665 -0.70182508230209351 0.73591315746307373 0.60742169618606567 0.73837542533874512 -0.66423130035400391 1.1175682544708252 0.61102771759033203 1.0897258520126343
260.40379998087883 -0.69941550493240356 0.73652184009552002 0.61301553249359131 0.73475253582000732 -0.65747523307800293 1.1226553916931152 0.61149442195892334 1.0961530208587646
351.71640001237392 -0.72560286521911621 0.73577421903610229 0.58125948905944824 0.72640466690063477 -0.66872084140777588 1.1163504123687744 0.58406507968902588 1.0847877264022827
442.63030000030994 -0.72805929183959961 0.73287856578826904 0.5615004301071167 0.72034150362014771 -0.68937623500823975 1.1153594255447388 0.58139914274215698 1.0714774131774902
533.86879998445511 -0.72990727424621582 0.72419279813766479 0.55818408727645874 0.71843445301055908 -0.75081592798233032 1.0958188772201538 0.64298951625823975 1.0686781406402588
630.8086000084877 -0.82180094718933105 0.68179804086685181 0.72069060802459717 0.71587175130844116 -1.0998376607894897 1.0192314386367798 1.0593471527099609 1.025047779083252
720.88060000538826 -1.0438375473022461 0.61457502841949463 0.94498950242996216 0.61400490999221802 -1.4724814891815186 0.88941949605941772 1.4674496650695801 0.92110538482666016
810.387600004673 -1.3914748430252075 0.41016179323196411 1.3347195386886597 0.41511127352714539 -2.1491601467132568 0.46726638078689575 2.2578127384185791 0.43905073404312134
902.95819999277592 -1.2236539125442505 0.25999867916107178 1.2896322011947632 0.26471048593521118 -2.0059998035430908 0.20181955397129059 1.9897586107254028 0.17275488376617432
993.49000000953674 -1.1699372529983521 0.10793539136648178 1.1533138751983643 0.13788513839244843 -1.7997664213180542 -0.089779764413833618 1.6745998859405518 -0.11224947869777679
1085.0738999992609 -1.1112849712371826 0.033741902559995651 1.0859688520431519 0.032887246459722519 -1.595133900642395 -0.25651693344116211 1.4389892816543579 -0.25274479389190674
1173.7105000019073 -1.0330275297164917 -0.040441233664751053 0.92988872528076172 -0.053804129362106323 -0.9733588695526123 -0.34793749451637268 0.89713048934936523 -0.38965362310409546
1261.7956000119448 -1.011547327041626 -0.055379040539264679 0.84495848417282104 -0.061075188219547272 -0.86216765642166138 -0.3667638897895813 0.76271200180053711 -0.36498299241065979
1355.5435999929905 -1.0387109518051147 -0.10035080462694168 0.80737072229385376 -0.075109824538230896 -0.78679609298706055 -0.38716009259223938 0.60321557521820068 -0.39652848243713379
1450.3092999905348 -1.0250989198684692 -0.10730130970478058 0.76007366180419922 -0.085332185029983521 -0.68868952989578247 -0.41036003828048706 0.37087792158126831 -0.34407880902290344
1541.876599997282 -1.0044865608215332 -0.10403754562139511 0.73748779296875 -0.096452578902244568 -0.64911109209060669 -0.40992799401283264 0.32369998097419739 -0.35830584168434143
1631.5097000002861 -0.99820107221603394 -0.11287429183721542 0.73370987176895142 -0.1110164150595665 -0.61683225631713867 -0.41968762874603271 0.24313610792160034 -0.39495915174484253
1721.2935999929905 -0.99447554349899292 -0.10995538532733917 0.76008462905883789 -0.10994629561901093 -0.60908013582229614 -0.41778877377510071 0.27539172768592834 -0.4034445583820343
1815.5130999982357 -0.98988115787506104 -0.12031292915344238 0.74984127283096313 -0.11473720520734787 -0.60694080591201782 -0.42608249187469482 0.24824124574661255 -0.41321146488189697
1902.4713000059128 -0.99360591173171997 -0.12463511526584625 0.75066101551055908 -0.12165474146604538 -0.60445833206176758 -0.42869481444358826 0.2431676983833313 -0.42387810349464417
1993.2352999895811 -0.98993134498596191 -0.12803676724433899 0.75060707330703735 -0.12022627890110016 -0.60326170921325684 -0.42510935664176941 0.2454628050327301 -0.42447927594184875
