3.787499999627471 -0.75263100862503052 0.67949771881103516 0.61365199089050293 0.68556791543960571 -0.73570019006729126 1.0458251237869263 0.57199686765670776 1.0195744037628174
89.873400000855327 -0.77336865663528442 0.67737549543380737 0.5987967848777771 0.67706513404846191 -0.74575406312942505 1.0423388481140137 0.55415803194046021 1.0222992897033691
178.25630000047386 -0.787486732006073 0.67517352104187012 0.58099782466888428 0.69975322484970093 -0.76742398738861084 1.0424243211746216 0.54089510440826416 1.0428943634033203
267.21509999968112 -0.74925434589385986 0.68119192123413086 0.62595283985137939 0.68717312812805176 -0.73307770490646362 1.0479110479354858 0.58096039295196533 1.025101900100708
352.56510000117123 -0.7666659951210022 0.67606115341186523 0.59055668115615845 0.69643527269363403 -0.74463397264480591 1.041770339012146 0.55367004871368408 1.0441486835479736
440.92029999941587 -0.77220016717910767 0.67390459775924683 0.63976550102233887 0.68277329206466675 -0.75469183921813965 1.0414464473724365 0.63171619176864624 1.0137653350830078
527.30599999800324 -0.78647381067276001 0.66311341524124146 0.61321163177490234 0.65770399570465088 -0.76034015417098999 1.0183811187744141 0.5221177339553833 0.94271719455718994
611.56409999728203 -0.84330266714096069 0.67796355485916138 0.5938228964805603 0.64975160360336304 -0.81522327661514282 1.0371789932250977 0.55801934003829956 0.66108262538909912
699.17530000023544 -0.92394131422042847 0.68275976181030273 0.55826324224472046 0.692649245262146 -0.90104854106903076 1.0557771921157837 0.21137318015098572 0.45476797223091125
778.78959999978542 -0.98826277256011963 0.70505040884017944 0.46818393468856812 0.68048006296157837 -0.96602755784988403 1.0796990394592285 0.066862143576145172 0.32501086592674255
864.68950000032783 -0.95396530628204346 0.71051919460296631 0.39310926198959351 0.67316031455993652 -0.95632266998291016 1.0841690301895142 0.03929312527179718 0.31394398212432861
949.10380000062287 -0.95142608880996704 0.70043790340423584 0.40197959542274475 0.67754369974136353 -0.94774991273880005 1.0720299482345581 0.058324538171291351 0.33307716250419617
1034.7906999997795 -0.92040973901748657 0.70016372203826904 0.41878718137741089 0.69454431533813477 -0.92118310928344727 1.0783294439315796 0.12033738940954208 0.45582118630409241
1116.736099999398 -0.93452447652816772 0.69593828916549683 0.38601785898208618 0.68823778629302979 -0.93639981746673584 1.0630661249160767 0.26385551691055298 0.56904995441436768
1202.4136999994516 -0.94345700740814209 0.7083098292350769 0.37467575073242188 0.70052200555801392 -0.92180049419403076 1.086621880531311 0.37910273671150208 0.56594836711883545
1287.1065999995917 -0.9469417929649353 0.70953875780105591 0.40435364842414856 0.69510197639465332 -0.93839061260223389 1.0820516347885132 0.41070696711540222 0.56951296329498291
1374.5638999994844 -0.95278877019882202 0.69433450698852539 0.42606958746910095 0.68114173412322998 -0.94846004247665405 1.062646746635437 0.42126181721687317 0.55685806274414063
1461.5940000005066 -0.93623840808868408 0.69438052177429199 0.43376949429512024 0.67938226461410522 -0.92234510183334351 1.0609894990921021 0.42618837952613831 0.55992275476455688
1547.847500000149 -0.93295818567276001 0.69468206167221069 0.43469414114952087 0.68388313055038452 -0.90421664714813232 1.0582170486450195 0.43299317359924316 0.57558894157409668
1635.2049000002444 -0.91944140195846558 0.70538747310638428 0.46878165006637573 0.68984639644622803 -0.89828914403915405 1.073030948638916 0.46939828991889954 0.57781118154525757
1720.1876999996603 -0.92434275150299072 0.7038959264755249 0.4387546181678772 0.69715666770935059 -0.91231465339660645 1.0738978385925293 0.44205635786056519 0.5829431414604187
1807.0057999975979 -0.90151137113571167 0.70075821876525879 0.48411643505096436 0.69326364994049072 -0.89182502031326294 1.0683501958847046 0.47725957632064819 0.57811456918716431
1887.8836000002921 -0.89418858289718628 0.6986808180809021 0.47711852192878723 0.6903643012046814 -0.89479690790176392 1.0600616931915283 0.47107386589050293 0.59237116575241089
1969.0158999990672 -0.870414137840271 0.7018812894821167 0.48247823119163513 0.69517117738723755 -0.86208218336105347 1.0746307373046875 0.48147431015968323 0.58496749401092529
