85.17400000244379 -0.68110686540603638 0.69212639331817627 0.69589924812316895 0.67495548725128174 -0.66315549612045288 1.0461300611495972 0.68190431594848633 1.0454400777816772
187.13879999890924 -0.68081182241439819 0.69409781694412231 0.70602697134017944 0.67291301488876343 -0.66811293363571167 1.0468592643737793 0.6914294958114624 1.0432831048965454
288.51799999922514 -0.67305755615234375 0.69277042150497437 0.7084205150604248 0.67310899496078491 -0.66352880001068115 1.044638991355896 0.68868720531463623 1.04487144947052
389.2153999991715 -0.67863017320632935 0.68486928939819336 0.68367499113082886 0.66632497310638428 -0.65691810846328735 1.0326108932495117 0.67838561534881592 1.0345665216445923
494.01290000230074 -0.68618172407150269 0.69097143411636353 0.69665569067001343 0.66956806182861328 -0.66454482078552246 1.0393500328063965 0.67552733421325684 1.0404397249221802
601.58049999922514 -0.73144239187240601 0.67465704679489136 0.69199693202972412 0.67094641923904419 -0.81822347640991211 1.0183254480361938 0.67863833904266357 1.0406591892242432
701.66550000011921 -0.9185030460357666 0.62185049057006836 0.70497316122055054 0.66463732719421387 -1.2621698379516602 0.95183712244033813 0.62901109457015991 1.0568907260894775
803.78170000016689 -1.2501571178436279 0.50910449028015137 0.70539867877960205 0.65523314476013184 -2.0605816841125488 0.66323769092559814 0.65381097793579102 1.046600341796875
902.82879999652505 -1.4132002592086792 0.43807634711265564 0.71811288595199585 0.67505156993865967 -2.206639289855957 0.47030746936798096 0.65257221460342407 1.0708299875259399
1013.7882999964058 -1.1251679658889771 0.15310521423816681 0.70214176177978516 0.70060211420059204 -2.0270001888275146 -0.036612849682569504 0.64347535371780396 1.0781764984130859
1116.1485000029206 -1.0729172229766846 0.041396137326955795 0.70307433605194092 0.66533207893371582 -1.5337625741958618 -0.21628910303115845 0.67923867702484131 1.0287643671035767
1231.3631999976933 -1.0176593065261841 -0.0041496967896819115 0.73709982633590698 0.68005639314651489 -1.358153223991394 -0.31566923856735229 0.71354693174362183 1.0513180494308472
1326.0979000031948 -0.89585506916046143 -0.10903327912092209 0.79902440309524536 0.66874146461486816 -0.72298687696456909 -0.41081035137176514 0.75316923856735229 1.0528167486190796
1420.9340999983251 -0.88653421401977539 -0.10758690536022186 0.78787130117416382 0.66920167207717896 -0.52852374315261841 -0.41736492514610291 0.74683386087417603 1.0640609264373779
1507.089500002563 -0.89063584804534912 -0.10400867462158203 0.80576109886169434 0.66503655910491943 -0.43353766202926636 -0.40463459491729736 0.75670146942138672 1.0566729307174683
1609.8271000012755 -0.87214076519012451 -0.10923822224140167 0.7837035059928894 0.66185104846954346 -0.41239657998085022 -0.41435039043426514 0.73160719871520996 1.0522702932357788
1704.7694000042975 -0.86316919326782227 -0.10845734924077988 0.80035799741744995 0.66975277662277222 -0.39964893460273743 -0.4183306097984314 0.76000016927719116 1.0626357793807983
1796.7840000018477 -0.88970369100570679 -0.104615218937397 0.78502494096755981 0.66781854629516602 -0.43852308392524719 -0.40529695153236389 0.73807704448699951 1.0583378076553345
1904.5394000001252 -0.90543800592422485 -0.099457398056983948 0.79439514875411987 0.66752016544342041 -0.4790770411491394 -0.40523481369018555 0.75006884336471558 1.059133768081665
