49.263199999928474 -0.82087087631225586 0.63388842344284058 0.69597703218460083 0.65497243404388428 -0.92212510108947754 1.0203245878219604 0.67687726020812988 1.0109972953796387
161.89950000029057 -0.83318769931793213 0.63437658548355103 0.69969403743743896 0.65832328796386719 -0.94484192132949829 1.0181130170822144 0.67098605632781982 1.0117582082748413
278.83449999894947 -0.82172828912734985 0.63644814491271973 0.68451148271560669 0.66043227910995483 -0.87344646453857422 1.0406923294067383 0.69507664442062378 1.0102928876876831
398.27709999959916 -0.82258027791976929 0.63749945163726807 0.68198305368423462 0.66186904907226563 -0.87921822071075439 1.0415012836456299 0.72200393676757813 1.0140199661254883
524.97449999954551 -0.91005927324295044 0.65328657627105713 0.77064800262451172 0.65775460004806519 -1.033922553062439 1.0380814075469971 0.84368300437927246 1.0099362134933472
639.45199999958277 -0.97962439060211182 0.6135985255241394 1.0369610786437988 0.63510209321975708 -1.0634559392929077 0.97313159704208374 1.3621863126754761 0.95162993669509888
760.02720000036061 -1.2117816209793091 0.52057343721389771 1.0587972402572632 0.47679603099822998 -1.7179113626480103 0.75575649738311768 1.971655011177063 0.6155695915222168
872.11440000031143 -1.4860997200012207 0.34609150886535645 1.7922097444534302 0.25928175449371338 -2.4049010276794434 0.33986908197402954 3.0095908641815186 0.12599186599254608
996.71199999935925 -1.5946441888809204 0.18714405596256256 1.5313873291015625 0.074435025453567505 -2.4063827991485596 -0.068640954792499542 2.2038354873657227 -0.16495633125305176
1110.9069999996573 -0.85211527347564697 0.015140082687139511 1.0402007102966309 0.050857763737440109 -1.3272162675857544 -0.33660203218460083 1.4271771907806396 -0.16928739845752716
1230.9561000000685 -0.96366775035858154 -0.043398763984441757 0.97715836763381958 0.03065052255988121 -0.8443000316619873 -0.39804476499557495 1.3518151044845581 -0.18869961798191071
1347.6806000005454 -0.80782705545425415 -0.10255307704210281 0.93733382225036621 -0.050217624753713608 -0.65706342458724976 -0.39585679769515991 0.87252873182296753 -0.28095152974128723
1466.5302999997512 -1.0209046602249146 -0.08646150678396225 0.69485020637512207 -0.036467265337705612 -0.74611824750900269 -0.32871946692466736 0.61426389217376709 -0.23395305871963501
1584.0174000002444 -1.0185246467590332 -0.097525276243686676 0.63964301347732544 -0.045779109001159668 -0.79287636280059814 -0.33416086435317993 0.4637477695941925 -0.314780592918396
1698.4253000002354 -0.9705844521522522 -0.10773418843746185 0.64061552286148071 -0.036067444831132889 -0.67340421676635742 -0.34547930955886841 0.45522871613502502 -0.31069430708885193
1817.6705000000075 -0.96762162446975708 -0.10126394033432007 0.62623435258865356 -0.049300022423267365 -0.68716371059417725 -0.34894809126853943 0.4667992889881134 -0.28690293431282043
1939.0407999996096 -0.95932120084762573 -0.097287751734256744 0.66973477602005005 -0.047504562884569168 -0.73650425672531128 -0.31932610273361206 0.44666635990142822 -0.30396676063537598
