70.286199999973178 -0.83361726999282837 0.64814060926437378 0.67009973526000977 0.68947803974151611 -0.9140889048576355 1.0429379940032959 0.63263243436813354 1.0606322288513184
185.94779999926686 -0.78537940979003906 0.64750581979751587 0.70418369770050049 0.68569165468215942 -0.87032496929168701 1.0527781248092651 0.67104756832122803 1.0569984912872314
302.73750000074506 -0.8211398720741272 0.64708709716796875 0.6669803261756897 0.6802336573600769 -0.90380585193634033 1.0464028120040894 0.73702514171600342 1.0491847991943359
431.49660000018775 -0.82432860136032104 0.63082629442214966 0.73060446977615356 0.66378271579742432 -0.9975317120552063 1.052560567855835 0.97895562648773193 1.0094459056854248
548.47750000003725 -0.95786255598068237 0.61751502752304077 1.0168627500534058 0.6407591700553894 -1.0764883756637573 1.0079501867294312 1.445562481880188 0.97601997852325439
665.43209999985993 -0.98804253339767456 0.52478832006454468 1.1324462890625 0.49928727746009827 -1.7015933990478516 0.8765949010848999 2.2974498271942139 0.73097223043441772
789.54000000003725 -1.1955481767654419 0.37499523162841797 1.8682402372360229 0.30646741390228271 -1.95200514793396 0.42801362276077271 3.0738987922668457 0.12714232504367828
902.40359999984503 -0.89941948652267456 0.24508532881736755 1.1414176225662231 0.15932944416999817 -1.6660248041152954 0.1085577979683876 2.0500328540802002 -0.13375453650951385
1022.4173999996856 -1.3727658987045288 0.12469549477100372 1.6659936904907227 0.069996155798435211 -2.086200475692749 -0.23125623166561127 2.1562628746032715 -0.30641886591911316
1137.5038999998942 -1.0091924667358398 0.011256332509219646 0.98529553413391113 0.05439453199505806 -1.3904399871826172 -0.32389852404594421 1.5141736268997192 -0.097081109881401062
1265.5459000002593 -0.92621666193008423 -0.060748424381017685 1.1123698949813843 -0.027079226449131966 -0.76921331882476807 -0.31110715866088867 1.0899733304977417 -0.29850542545318604
1375.8429000005126 -1.2768698930740356 -0.064785875380039215 0.85593050718307495 -0.046764049679040909 -1.2277565002441406 -0.33026856184005737 0.67568260431289673 -0.23354704678058624
1494.454299999401 -0.98808830976486206 -0.071692667901515961 0.71004688739776611 -0.060559783130884171 -0.94481891393661499 -0.33978873491287231 0.48022377490997314 -0.22957469522953033
1613.7484999997541 -1.0520337820053101 -0.10755987465381622 0.62327510118484497 -0.083625860512256622 -0.94759619235992432 -0.36107966303825378 0.40246075391769409 -0.32921344041824341
1731.1337999999523 -0.94349384307861328 -0.079962849617004395 0.77124309539794922 -0.066659502685070038 -0.74226653575897217 -0.33503985404968262 0.41776591539382935 -0.36914047598838806
1849.7767000002787 -1.0448633432388306 -0.08917573094367981 0.61650168895721436 -0.078314796090126038 -0.83202177286148071 -0.33551207184791565 0.40396028757095337 -0.32945194840431213
1977.9982000002638 -1.333162784576416 -0.10049143433570862 0.78574520349502563 -0.077346473932266235 -1.0171902179718018 -0.3385562002658844 0.56019306182861328 -0.29807564616203308
