29.558199986815453 -0.75893741846084595 0.74449503421783447 0.61093747615814209 0.76787549257278442 -0.74211579561233521 1.1180554628372192 0.65161633491516113 1.1219309568405151
120.44320000708103 -0.77358144521713257 0.74620026350021362 0.61380243301391602 0.7515641450881958 -0.76266700029373169 1.1168467998504639 0.64034116268157959 1.1031525135040283
207.88249999284744 -0.74159413576126099 0.74499744176864624 0.64544492959976196 0.7639240026473999 -0.71569257974624634 1.1207259893417358 0.68320983648300171 1.1161420345306396
299.53229999542236 -0.74596667289733887 0.74822181463241577 0.65759444236755371 0.7515634298324585 -0.71385538578033447 1.1178780794143677 0.69298660755157471 1.1092431545257568
386.55779999494553 -0.70384550094604492 0.7510257363319397 0.73164170980453491 0.70402270555496216 -0.66839903593063354 1.1194156408309937 0.82688271999359131 1.0525881052017212
471.73950000107288 -0.72949361801147461 0.74645531177520752 0.79658353328704834 0.70319700241088867 -0.69892466068267822 1.1142574548721313 0.98891615867614746 1.0676661729812622
556.42370000481606 -0.69398397207260132 0.75493532419204712 1.0732635259628296 0.61906260251998901 -0.64207166433334351 1.1072846651077271 1.7100454568862915 0.87503564357757568
643.55719998478889 -0.7139275074005127 0.74486559629440308 1.2316955327987671 0.51143044233322144 -0.67196118831634521 1.0942504405975342 2.1068813800811768 0.66218411922454834
732.87779998779297 -0.69797033071517944 0.76482725143432617 1.3778173923492432 0.41300693154335022 -0.66403508186340332 1.1155236959457397 2.2385315895080566 0.4447329044342041
822.57870000600815 -0.68442028760910034 0.76882743835449219 1.3508116006851196 0.20095962285995483 -0.6733623743057251 1.1197556257247925 2.1350288391113281 0.053323149681091309
910.70459999144077 -0.66589653491973877 0.7663838267326355 1.1594448089599609 0.16422294080257416 -0.65588647127151489 1.1177315711975098 1.7819334268569946 -0.06530819833278656
999.09679999947548 -0.69910663366317749 0.75176393985748291 0.98150688409805298 0.045757070183753967 -0.70863509178161621 1.1103249788284302 1.0119807720184326 -0.30324181914329529
1089.2886999845505 -0.72418457269668579 0.74875879287719727 0.93652826547622681 -0.016427004709839821 -0.72571396827697754 1.1115189790725708 0.78909283876419067 -0.33926033973693848
1176.6719999909401 -0.72099214792251587 0.74130070209503174 0.90034109354019165 -0.079755745828151703 -0.68472212553024292 1.1141632795333862 0.5246395468711853 -0.36220505833625793
1267.8941999971867 -0.75453853607177734 0.73981595039367676 0.92851501703262329 -0.099441051483154297 -0.7180817723274231 1.1114596128463745 0.50979995727539063 -0.36749169230461121
1356.2295999974012 -0.76636910438537598 0.74669766426086426 0.89079815149307251 -0.10459496825933456 -0.74198788404464722 1.1178851127624512 0.39028847217559814 -0.37031254172325134
1442.0005999803543 -0.75565630197525024 0.75418996810913086 0.88749802112579346 -0.10368738323450089 -0.75717657804489136 1.1254222393035889 0.3810679018497467 -0.36725667119026184
1534.9864999949932 -0.74694854021072388 0.74407052993774414 0.88366270065307617 -0.10601576417684555 -0.75079751014709473 1.1172058582305908 0.35663279891014099 -0.37328904867172241
1625.0616999864578 -0.73644024133682251 0.75441569089889526 0.88891381025314331 -0.11168007552623749 -0.73004454374313354 1.1298165321350098 0.38029423356056213 -0.3806932270526886
1721.2769999951124 -0.74702668190002441 0.75462830066680908 0.88234877586364746 -0.10902802646160126 -0.73719322681427002 1.1268709897994995 0.3720032274723053 -0.37522786855697632
1810.6415999978781 -0.74126654863357544 0.75344115495681763 0.89639884233474731 -0.1074574813246727 -0.73901420831680298 1.129869818687439 0.39305830001831055 -0.37995442748069763
1901.001599997282 -0.7531135082244873 0.75107109546661377 0.89785844087600708 -0.10525469481945038 -0.74185436964035034 1.1219677925109863 0.37908980250358582 -0.37347573041915894
1991.8108000010252 -0.75107693672180176 0.75119835138320923 0.90384775400161743 -0.10918902605772018 -0.75005584955215454 1.1204357147216797 0.3867422342300415 -0.3830241858959198
