6.7531000003218651 -0.68392086029052734 0.65923827886581421 0.61870080232620239 0.6797446608543396 -0.73695343732833862 1.0364367961883545 0.62751597166061401 1.0378998517990112
108.0088999979198 -0.69143956899642944 0.65636396408081055 0.61617404222488403 0.67995846271514893 -0.74077743291854858 1.0365649461746216 0.62746012210845947 1.0333141088485718
209.70519999787211 -0.69911450147628784 0.65969836711883545 0.60779470205307007 0.68521958589553833 -0.74150365591049194 1.0381021499633789 0.62326961755752563 1.0311354398727417
310.81629999540746 -0.69670188426971436 0.65997880697250366 0.60247910022735596 0.67696624994277954 -0.7537502646446228 1.0357547998428345 0.62902683019638062 1.0319539308547974
417.34229999966919 -0.72199660539627075 0.66499567031860352 0.61720013618469238 0.67535156011581421 -0.78123754262924194 1.0445122718811035 0.65841484069824219 1.0318893194198608
521.05609999783337 -0.81850969791412354 0.62955516576766968 0.76575791835784912 0.63114666938781738 -0.94032996892929077 0.98533898591995239 1.1175394058227539 0.98240917921066284
624.47359999828041 -0.84349870681762695 0.62527143955230713 0.85508882999420166 0.64483374357223511 -1.0451445579528809 0.97019797563552856 1.1831836700439453 0.97778069972991943
725.01779999956489 -1.1338222026824951 0.52619439363479614 1.2226626873016357 0.45969665050506592 -1.6607189178466797 0.74306678771972656 1.961029052734375 0.63320106267929077
821.40789999812841 -1.1019573211669922 0.4121253490447998 1.3258459568023682 0.38210815191268921 -1.5982882976531982 0.55024582147598267 2.2430057525634766 0.48540252447128296
924.04399999603629 -1.3015117645263672 0.34188297390937805 1.2280312776565552 0.2754458487033844 -1.6265474557876587 0.35699766874313354 2.0142149925231934 0.24526315927505493
1020.854399997741 -1.1474701166152954 0.18287613987922668 1.2199013233184814 0.10820250958204269 -1.6404666900634766 -0.0087013468146324158 1.8914197683334351 -0.15157051384449005
1124.1379999965429 -1.1504601240158081 0.053024601191282272 1.1278225183486938 0.039699342101812363 -1.4588148593902588 -0.2297692745923996 1.5363260507583618 -0.32121279835700989
1227.4161999989301 -1.1306660175323486 -0.053131278604269028 0.87582093477249146 -0.032855652272701263 -1.2430146932601929 -0.35622137784957886 1.1145213842391968 -0.34653383493423462
1326.5118000004441 -1.1545627117156982 -0.059579350054264069 0.95583182573318481 -0.050406347960233688 -1.0010724067687988 -0.36888808012008667 0.78186708688735962 -0.30619174242019653
1426.2245999965817 -1.1231189966201782 -0.091819152235984802 0.93008345365524292 -0.085667893290519714 -0.77535331249237061 -0.36986476182937622 0.55822265148162842 -0.43319991230964661
1533.6744999997318 -1.0776717662811279 -0.083813309669494629 0.86549735069274902 -0.12348821014165878 -0.67021524906158447 -0.33587580919265747 0.40460383892059326 -0.33379125595092773
1639.3386999964714 -1.0306309461593628 -0.083913922309875488 0.84129172563552856 -0.11620184034109116 -0.71009880304336548 -0.30645391345024109 0.33324351906776428 -0.32481560111045837
1740.9592000003904 -1.0058668851852417 -0.093720495700836182 0.81762921810150146 -0.11935346573591232 -0.66339772939682007 -0.30854931473731995 0.33474841713905334 -0.32199731469154358
1837.4081999994814 -0.9988892674446106 -0.088075742125511169 0.83394873142242432 -0.078758835792541504 -0.64805114269256592 -0.30409812927246094 0.35769569873809814 -0.31660991907119751
1942.1863000001758 -1.0137851238250732 -0.082620307803153992 0.88342076539993286 -0.07394862174987793 -0.67158585786819458 -0.29852873086929321 0.3720034658908844 -0.32009074091911316
