49.038100000470877 -0.89173614978790283 0.50556093454360962 0.67562264204025269 0.54067134857177734 -0.87010407447814941 0.83563417196273804 0.61159580945968628 0.83867013454437256
167.80790000036359 -0.89465367794036865 0.50483006238937378 0.68225604295730591 0.54207026958465576 -0.84135293960571289 0.82278728485107422 0.61700791120529175 0.8314594030380249
275.59829999972135 -1.0113707780838013 0.51890188455581665 0.69138205051422119 0.5339159369468689 -1.0489891767501831 0.82465982437133789 0.58897614479064941 0.83097612857818604
392.69270000047982 -1.0747760534286499 0.4437212347984314 0.70398133993148804 0.53575211763381958 -1.4264054298400879 0.72633451223373413 0.62786149978637695 0.83789455890655518
510.52859999984503 -1.2245004177093506 0.31374937295913696 0.64389163255691528 0.55595916509628296 -1.712746262550354 0.32325083017349243 0.54078233242034912 0.86595296859741211
621.20419999957085 -1.279370903968811 0.19029606878757477 0.57488423585891724 0.53085380792617798 -1.4360729455947876 0.015430026687681675 0.48843112587928772 0.82619172334671021
738.25350000057369 -1.3063546419143677 0.04130081832408905 0.55650806427001953 0.53311502933502197 -1.6249790191650391 -0.21913003921508789 0.69066637754440308 0.86252003908157349
854.52060000039637 -1.4116218090057373 -0.0017194231040775776 0.54456555843353271 0.53557509183883667 -1.3980486392974854 -0.26992073655128479 0.6768338680267334 0.85507732629776001
967.91980000026524 -1.4862278699874878 -0.0040314658544957638 0.53066635131835938 0.52703630924224854 -1.3631113767623901 -0.26278328895568848 0.65950793027877808 0.8355783224105835
1088.8371999999508 -1.4542131423950195 -0.0097188875079154968 0.52626633644104004 0.51610320806503296 -1.2774710655212402 -0.25158673524856567 0.66610294580459595 0.82490092515945435
1209.2681999998167 -1.4069091081619263 -0.0046640331856906414 0.54820770025253296 0.51457524299621582 -1.3217606544494629 -0.23489440977573395 0.67855954170227051 0.83258014917373657
1328.4607999995351 -1.4201415777206421 -0.0056583085097372532 0.55227583646774292 0.51658183336257935 -1.4504251480102539 -0.27165815234184265 0.71032547950744629 0.83250224590301514
1447.3377000000328 -1.4001539945602417 -0.0085472036153078079 0.5661424994468689 0.53727293014526367 -1.3719797134399414 -0.28789657354354858 0.69503074884414673 0.84990215301513672
1572.5903999991715 -1.4348046779632568 -0.0082978149875998497 0.56028240919113159 0.54283320903778076 -1.2875092029571533 -0.26849102973937988 0.68870675563812256 0.86131072044372559
1690.2954000001773 -1.4511343240737915 -0.011001248843967915 0.56469100713729858 0.53785818815231323 -1.2884318828582764 -0.2701142430305481 0.46762076020240784 0.85295802354812622
1811.2109999991953 -1.420270562171936 -0.0058698588982224464 0.56910675764083862 0.54121977090835571 -1.2589967250823975 -0.26792517304420471 0.46591785550117493 0.85112673044204712
1934.8641999997199 -1.4357025623321533 -0.0068145194090902805 0.5542987585067749 0.53470498323440552 -1.2952558994293213 -0.26534631848335266 0.46286559104919434 0.84449374675750732
