26.793100000126287 -0.76853448152542114 0.66316717863082886 0.57728654146194458 0.66680562496185303 -0.71686279773712158 1.0160830020904541 0.59567409753799438 0.98910915851593018
126.03599999984726 -0.74876540899276733 0.66528469324111938 0.57820987701416016 0.67079108953475952 -0.7153363823890686 1.0174777507781982 0.607430100440979 0.99490046501159668
221.93009999999776 -0.7648356556892395 0.67631667852401733 0.5852389931678772 0.67849975824356079 -0.71724039316177368 1.0259526968002319 0.6070253849029541 0.99291229248046875
320.30999999982305 -0.77124732732772827 0.67049688100814819 0.56863731145858765 0.66539531946182251 -0.7300267219543457 1.0195382833480835 0.58542144298553467 0.98894810676574707
402.20589999994263 -0.76775020360946655 0.6622692346572876 0.61172550916671753 0.64315462112426758 -0.72738742828369141 1.0110281705856323 0.62872231006622314 0.95943492650985718
489.35960000008345 -0.93345743417739868 0.64414620399475098 0.83781558275222778 0.63043254613876343 -0.85843491554260254 0.99240601062774658 0.90645837783813477 0.9475560188293457
579.55449999985285 -0.96836334466934204 0.6310734748840332 0.89439958333969116 0.60906600952148438 -0.9067797064781189 0.97200679779052734 0.96827948093414307 0.9305185079574585
664.30889999982901 -1.1315042972564697 0.53650081157684326 1.118887186050415 0.49923405051231384 -1.1456687450408936 0.87486714124679565 1.3079596757888794 0.78143411874771118
755.16809999989346 -1.2169827222824097 0.40260511636734009 1.2166556119918823 0.38263013958930969 -1.4657570123672485 0.60824096202850342 1.5705149173736572 0.55686122179031372
851.89730000006966 -1.1635706424713135 0.30964750051498413 1.19073486328125 0.30630630254745483 -1.7650197744369507 0.28645098209381104 1.7730255126953125 0.22273007035255432
951.47389999986626 -1.2162363529205322 0.31680825352668762 1.1764248609542847 0.32867720723152161 -1.7489148378372192 0.24022604525089264 1.7363268136978149 0.1833551824092865
1040.2123999998439 -1.1893188953399658 0.43204095959663391 1.1637507677078247 0.44859421253204346 -1.7632360458374023 0.24052689969539642 1.6984140872955322 0.27544894814491272
1134.2153000000399 -1.0514810085296631 0.4721340537071228 1.0799529552459717 0.51091563701629639 -1.8255223035812378 0.3828081488609314 1.7642271518707275 0.39859238266944885
1224.2117999999318 -1.0325148105621338 0.57364648580551147 0.95312494039535522 0.57765054702758789 -1.5949732065200806 0.81683576107025146 1.5945814847946167 0.82741814851760864
1321.589999999851 -1.0993247032165527 0.55579018592834473 1.0624483823776245 0.54687374830245972 -1.6303093433380127 0.81462627649307251 1.6734710931777954 0.7977563738822937
1414.4804999998305 -1.1985682249069214 0.47423857450485229 1.1821898221969604 0.47574910521507263 -1.9099589586257935 0.63424980640411377 1.8118489980697632 0.61610716581344604
1513.2245000000112 -1.2527660131454468 0.36633861064910889 1.216702938079834 0.38454699516296387 -1.9741933345794678 0.38695171475410461 2.131575345993042 0.38755896687507629
1607.7989000000525 -1.2279026508331299 0.32237085700035095 1.1698706150054932 0.37998896837234497 -1.8663966655731201 0.17615418136119843 1.8417962789535522 0.20512662827968597
1712.4018999999389 -1.2093158960342407 0.348248690366745 1.1365467309951782 0.39638778567314148 -1.7303122282028198 0.17364361882209778 1.7409062385559082 0.2099432647228241
1807.9010000000708 -1.0787227153778076 0.48817825317382813 1.0973091125488281 0.50205641984939575 -1.9309015274047852 0.41627228260040283 1.7824404239654541 0.39874640107154846
1900.0555999998469 -1.0917485952377319 0.54805928468704224 0.99615848064422607 0.56358170509338379 -1.9291657209396362 0.6925240159034729 1.7910938262939453 0.64980900287628174
1994.5566000000108 -1.0846548080444336 0.6098555326461792 0.9698556661605835 0.59832614660263062 -1.6573901176452637 0.86396080255508423 1.6346369981765747 0.83490312099456787
