30.9391999989748 -0.77975112199783325 0.67517787218093872 0.58228909969329834 0.67227250337600708 -0.72939825057983398 1.0284581184387207 0.56283855438232422 1.0260806083679199
152.05299999751151 -0.78096413612365723 0.66644340753555298 0.57641410827636719 0.66668009757995605 -0.73227185010910034 1.0173027515411377 0.55234265327453613 1.0168342590332031
270.01369999907911 -0.78520750999450684 0.6682668924331665 0.57465928792953491 0.67392349243164063 -0.73089462518692017 1.0255274772644043 0.55428564548492432 1.0349830389022827
378.29799999855459 -0.79447472095489502 0.67030930519104004 0.57182502746582031 0.67592918872833252 -0.83420336246490479 1.0247781276702881 0.7191968560218811 1.0230047702789307
495.75629999861121 -0.91764324903488159 0.61838233470916748 0.88785630464553833 0.63720816373825073 -1.2392338514328003 0.95262855291366577 1.2728838920593262 0.95416039228439331
613.02080000005662 -1.1127458810806274 0.56739377975463867 1.1133782863616943 0.56871938705444336 -1.8210767507553101 0.87137854099273682 1.8403065204620361 0.85581743717193604
729.38389999978244 -1.4458569288253784 0.4249209463596344 1.3431204557418823 0.37278282642364502 -2.2360520362854004 0.49323615431785583 2.2893798351287842 0.44181033968925476
853.16359999962151 -1.3389338254928589 0.19910301268100739 1.2452404499053955 0.18378739058971405 -2.2191965579986572 0.073514290153980255 2.0231781005859375 0.020485235378146172
974.59369999729097 -1.3538732528686523 0.022829106077551842 1.0305361747741699 0.056542664766311646 -1.8680096864700317 -0.20912113785743713 1.5837084054946899 -0.24023148417472839
1087.339699998498 -1.0828135013580322 -0.0872030109167099 1.0117866992950439 -0.03587876632809639 -1.1150816679000854 -0.45585340261459351 1.1896780729293823 -0.41837364435195923
1207.8846999984235 -1.0966854095458984 -0.11403997242450714 0.9501679539680481 -0.044015057384967804 -1.0008367300033569 -0.4612269401550293 1.0005297660827637 -0.42060896754264832
1324.2600999996066 -1.0588901042938232 -0.14317183196544647 0.9157181978225708 -0.11380635946989059 -0.71918612718582153 -0.46801069378852844 0.5092354416847229 -0.39236584305763245
1441.1630999986082 -0.98271816968917847 -0.14497283101081848 0.79119449853897095 -0.124267578125 -0.53308713436126709 -0.46525222063064575 0.2981586754322052 -0.43037611246109009
1558.2418999988586 -0.91267454624176025 -0.1342681497335434 0.7737051248550415 -0.12477138638496399 -0.50727546215057373 -0.45035341382026672 0.25680124759674072 -0.43767103552818298
1680.8265000004321 -0.9182923436164856 -0.12970930337905884 0.82111990451812744 -0.13640286028385162 -0.48733171820640564 -0.44294190406799316 0.23897923529148102 -0.43134081363677979
1804.2869999967515 -0.93027347326278687 -0.13451141119003296 0.82641088962554932 -0.14772024750709534 -0.47846418619155884 -0.44335499405860901 0.22156178951263428 -0.45006975531578064
1912.3055999968201 -0.92898011207580566 -0.13664864003658295 0.82369095087051392 -0.1521843820810318 -0.47160026431083679 -0.44634032249450684 0.21755975484848022 -0.46284961700439453
