17.136599998921156 -0.8008074164390564 0.68591272830963135 0.57442390918731689 0.69658732414245605 -0.78950512409210205 1.051665186882019 0.53227144479751587 1.0461806058883667
104.22690000012517 -0.7947087287902832 0.68817853927612305 0.57692980766296387 0.69939005374908447 -0.78262311220169067 1.0568981170654297 0.53584706783294678 1.0581765174865723
189.21630000136793 -0.81073939800262451 0.68469691276550293 0.56134289503097534 0.70571410655975342 -0.79300820827484131 1.0525020360946655 0.517661452293396 1.0598839521408081
275.97169999964535 -0.80089432001113892 0.68824493885040283 0.57916074991226196 0.69703316688537598 -0.78520321846008301 1.0593138933181763 0.52240997552871704 1.05016028881073
358.63519999943674 -0.80216526985168457 0.69162023067474365 0.58850538730621338 0.70883738994598389 -0.79312372207641602 1.0665173530578613 0.55358600616455078 1.0705225467681885
444.02700000070035 -0.78271323442459106 0.68754470348358154 0.58558845520019531 0.70329612493515015 -0.77005189657211304 1.0470366477966309 0.57792007923126221 1.0576153993606567
530.63480000011623 -0.79961675405502319 0.6775699257850647 0.58731675148010254 0.69701516628265381 -0.78211724758148193 1.0305182933807373 0.6069532036781311 1.0483329296112061
615.90720000118017 -0.83397698402404785 0.67750751972198486 0.58979392051696777 0.63800895214080811 -0.8241194486618042 1.0252265930175781 0.49221757054328918 0.74747216701507568
701.00080000050366 -0.90404850244522095 0.69113153219223022 0.53795325756072998 0.68906962871551514 -0.89105498790740967 1.0502802133560181 0.35377508401870728 0.53227871656417847
781.98939999938011 -0.97181445360183716 0.69618707895278931 0.47319579124450684 0.66891002655029297 -0.9642568826675415 1.0580648183822632 0.098298177123069763 0.31270560622215271
867.64880000054836 -0.99485337734222412 0.69596409797668457 0.38378238677978516 0.65095525979995728 -0.98205840587615967 1.055547833442688 0.021935127675533295 0.28845036029815674
951.73570000194013 -1.0008870363235474 0.72166705131530762 0.29499602317810059 0.66403216123580933 -1.0118204355239868 1.084446907043457 -0.011050784960389137 0.28459134697914124
1038.7161999996752 -1.0093826055526733 0.70263403654098511 0.36407044529914856 0.66026389598846436 -0.98776370286941528 1.0682035684585571 0.0077020176686346531 0.28921300172805786
1125.3649000003934 -0.94151812791824341 0.70138669013977051 0.38854485750198364 0.67382514476776123 -0.93792468309402466 1.0658998489379883 0.12177690118551254 0.45870926976203918
1209.6706999987364 -0.97639328241348267 0.7294158935546875 0.44539150595664978 0.69985640048980713 -0.97943121194839478 1.1085827350616455 0.24889951944351196 0.56911808252334595
1294.707800000906 -0.91612553596496582 0.69700801372528076 0.38398110866546631 0.64907068014144897 -0.90432572364807129 1.056827187538147 0.37561196088790894 0.60893827676773071
1381.8436999991536 -0.91422057151794434 0.69984269142150879 0.39510488510131836 0.62531274557113647 -0.90269482135772705 1.0579187870025635 0.39448666572570801 0.63304632902145386
1467.9046999998391 -0.94822400808334351 0.6994931697845459 0.39331045746803284 0.63398456573486328 -0.95779520273208618 1.0585099458694458 0.39192396402359009 0.61518532037734985
1551.593200000003 -0.92981404066085815 0.69776880741119385 0.38368412852287292 0.63507670164108276 -0.9239124059677124 1.0616308450698853 0.38469952344894409 0.62120050191879272
1637.595099998638 -0.92435991764068604 0.69617736339569092 0.40584400296211243 0.63772422075271606 -0.93377679586410522 1.0616514682769775 0.38882771134376526 0.62316668033599854
1721.2982999999076 -0.91416347026824951 0.69200438261032104 0.38954254984855652 0.63512933254241943 -0.9178507924079895 1.0549818277359009 0.39050424098968506 0.61225301027297974
1807.0356000009924 -0.92218202352523804 0.68630075454711914 0.39153668284416199 0.6174129843711853 -0.93044692277908325 1.0479356050491333 0.38086158037185669 0.613086998462677
1895.4046000000089 -0.92051774263381958 0.69405514001846313 0.39097809791564941 0.6320379376411438 -0.92025035619735718 1.0602741241455078 0.3831501305103302 0.611156165599823
1979.4943000003695 -0.90199697017669678 0.68671584129333496 0.40956506133079529 0.62850773334503174 -0.90511876344680786 1.0472627878189087 0.40254917740821838 0.61367875337600708
