62.082499995827675 -0.78716498613357544 0.66273778676986694 0.57980132102966309 0.70553910732269287 -0.64708197116851807 1.0331541299819946 0.49370613694190979 1.062212347984314
164.02679999545217 -0.77263158559799194 0.6620829701423645 0.59054505825042725 0.70575553178787231 -0.62985754013061523 1.0400545597076416 0.48629778623580933 1.0647668838500977
268.84109999984503 -0.78813076019287109 0.6672627329826355 0.57670795917510986 0.70644080638885498 -0.64963489770889282 1.0365090370178223 0.47649469971656799 1.064471960067749
377.62179999798536 -0.79308122396469116 0.67164087295532227 0.5684848427772522 0.70583748817443848 -0.64903748035430908 1.0441998243331909 0.47132959961891174 1.0593805313110352
480.74940000101924 -0.800883948802948 0.67285972833633423 0.55944246053695679 0.70435619354248047 -0.66133207082748413 1.0428422689437866 0.46543362736701965 1.0587329864501953
585.24859999865294 -0.77153915166854858 0.65884512662887573 0.59668320417404175 0.68143141269683838 -0.69542419910430908 1.0086114406585693 0.584159255027771 1.0326893329620361
690.67520000040531 -0.82222509384155273 0.6209452748298645 0.75338798761367798 0.64572679996490479 -0.98833847045898438 0.97137939929962158 1.0033034086227417 0.97874629497528076
797.72140000015497 -1.2014358043670654 0.52795624732971191 1.2471077442169189 0.5101739764213562 -1.8219417333602905 0.72933351993560791 2.0599684715270996 0.71778297424316406
898.10269999504089 -1.2525849342346191 0.33951801061630249 1.2881957292556763 0.28376665711402893 -2.1175239086151123 0.33762356638908386 2.0772860050201416 0.23984876275062561
996.38849999755621 -1.2494174242019653 0.13955573737621307 1.1005535125732422 0.10945751518011093 -1.8838378190994263 -0.051597192883491516 1.6872972249984741 -0.11980962008237839
1098.8623999990523 -1.231345534324646 0.031337961554527283 1.0647886991500854 0.029999278485774994 -1.6324700117111206 -0.297027587890625 1.4748333692550659 -0.29645338654518127
1201.9183999970555 -1.1938999891281128 -0.093640625476837158 1.0743846893310547 -0.048588812351226807 -0.90337288379669189 -0.39136934280395508 0.87755388021469116 -0.35279011726379395
1305.0544999986887 -1.1847209930419922 -0.1093919649720192 1.084051251411438 -0.051292620599269867 -0.83466577529907227 -0.3977946937084198 0.79424327611923218 -0.35020089149475098
1404.8645999953151 -1.157059907913208 -0.094487376511096954 1.0536197423934937 -0.12119181454181671 -0.64983856678009033 -0.3745160698890686 0.42112687230110168 -0.4084220826625824
1504.0683999992907 -1.147822380065918 -0.088625289499759674 1.0160015821456909 -0.1309489905834198 -0.6002352237701416 -0.37142923474311829 0.3565765917301178 -0.41938909888267517
1600.8809999972582 -1.1160299777984619 -0.095585204660892487 1.0036544799804688 -0.1399209052324295 -0.56615978479385376 -0.38113516569137573 0.32439815998077393 -0.44032925367355347
1698.8114999979734 -1.0767862796783447 -0.094291374087333679 0.93742465972900391 -0.14377228915691376 -0.54073894023895264 -0.38274073600769043 0.25571689009666443 -0.44689092040061951
1807.9152999967337 -1.0450657606124878 -0.099288091063499451 0.91753166913986206 -0.14761510491371155 -0.48919832706451416 -0.39706400036811829 0.26598441600799561 -0.44475513696670532
1900.7728999964893 -1.0828144550323486 -0.08826872706413269 0.93837761878967285 -0.1481870710849762 -0.53817951679229736 -0.38964346051216125 0.2504945695400238 -0.45704251527786255
1999.4891999959946 -1.0588259696960449 -0.085396148264408112 0.91343843936920166 -0.14320051670074463 -0.53280043601989746 -0.38391086459159851 0.23470799624919891 -0.44762134552001953
