55.657300001010299 -0.80256980657577515 0.66190725564956665 0.59637224674224854 0.67216336727142334 -0.7633705735206604 1.0225797891616821 0.62297224998474121 1.0255674123764038
169.5741000007838 -0.81793314218521118 0.65648728609085083 0.60927021503448486 0.66457730531692505 -0.76949173212051392 1.0180891752243042 0.64311826229095459 1.0194417238235474
286.91799999959767 -0.83667582273483276 0.65409249067306519 0.60063236951828003 0.66399961709976196 -0.78321570158004761 1.0177483558654785 0.61914372444152832 1.0206947326660156
398.89989999867976 -0.82642734050750732 0.66327893733978271 0.63841551542282104 0.6540566086769104 -0.76877617835998535 1.0208652019500732 0.68048948049545288 1.0085771083831787
519.18109999969602 -0.79494690895080566 0.65963149070739746 0.87492543458938599 0.60930150747299194 -0.71108126640319824 1.0139522552490234 1.1925798654556274 0.95013082027435303
632.36340000107884 -0.77719968557357788 0.65662193298339844 1.2637475728988647 0.48938995599746704 -0.71779149770736694 1.0093363523483276 1.9452277421951294 0.68334293365478516
742.66029999777675 -0.75621992349624634 0.6629670262336731 1.2940928936004639 0.38618558645248413 -0.71487516164779663 1.000853419303894 2.1719944477081299 0.45375949144363403
857.84569999948144 -0.74602538347244263 0.66006219387054443 1.1957254409790039 0.18037523329257965 -0.70270490646362305 1.0035123825073242 1.9437323808670044 -0.017875384539365768
972.49430000036955 -0.74184280633926392 0.65663355588912964 1.1575782299041748 0.034501496702432632 -0.73889487981796265 1.0056655406951904 1.6311184167861938 -0.27612990140914917
1090.2275999989361 -0.79182583093643188 0.66937053203582764 1.0235306024551392 -0.04618208110332489 -0.75274008512496948 1.0200047492980957 1.0956006050109863 -0.40756890177726746
1199.1008999999613 -0.84221166372299194 0.68799811601638794 1.0381854772567749 -0.095277778804302216 -0.76974642276763916 1.0493026971817017 0.78355652093887329 -0.45031836628913879
1307.9022000003606 -0.84201699495315552 0.69330531358718872 0.91539108753204346 -0.11922480165958405 -0.7392311692237854 1.0502090454101563 0.46384760737419128 -0.40970981121063232
1420.096400000155 -0.83353579044342041 0.69766741991043091 0.89236319065093994 -0.13508278131484985 -0.74303388595581055 1.0576938390731812 0.31084659695625305 -0.39070644974708557
1540.2386000007391 -0.76807034015655518 0.69391715526580811 0.82178491353988647 -0.11558051407337189 -0.70897436141967773 1.0457644462585449 0.32459655404090881 -0.36288127303123474
1657.8615000005811 -0.84161198139190674 0.69541168212890625 0.9149361252784729 -0.11580727994441986 -0.76750648021697998 1.0550036430358887 0.40915083885192871 -0.37078917026519775
1772.0204999987036 -0.8321082592010498 0.69490838050842285 0.93078392744064331 -0.12158337980508804 -0.75984948873519897 1.0562542676925659 0.41096264123916626 -0.37970441579818726
1884.7426999993622 -0.87497544288635254 0.698738694190979 0.91342306137084961 -0.10697582364082336 -0.79110676050186157 1.0561237335205078 0.40121138095855713 -0.36261242628097534
2000.672800000757 -0.8658871054649353 0.68873918056488037 0.92960351705551147 -0.1184699535369873 -0.78991365432739258 1.052768349647522 0.41916593909263611 -0.374653160572052
