79.887599999085069 -0.70363789796829224 0.65703153610229492 0.57586807012557983 0.61794233322143555 -0.68708598613739014 0.9642835259437561 0.59027588367462158 0.95625221729278564
188.85309999994934 -0.70175176858901978 0.65070831775665283 0.54963099956512451 0.62445962429046631 -0.68304747343063354 0.9551384449005127 0.57999753952026367 0.95066303014755249
285.32469999790192 -0.69600117206573486 0.6479804515838623 0.56604981422424316 0.62263774871826172 -0.67903482913970947 0.9610588550567627 0.59559732675552368 0.95617890357971191
384.40369999967515 -0.70799124240875244 0.64798450469970703 0.55957335233688354 0.61740589141845703 -0.67178112268447876 0.95881229639053345 0.59540724754333496 0.95402616262435913
488.61260000057518 -0.68735569715499878 0.65408289432525635 0.57791310548782349 0.61815768480300903 -0.66103094816207886 0.96028119325637817 0.61300551891326904 0.95865350961685181
589.54529999755323 -0.72368162870407104 0.67964190244674683 0.58791667222976685 0.62801569700241089 -0.73531228303909302 1.0054101943969727 0.6828417181968689 0.96878939867019653
693.80399999953806 -0.80713176727294922 0.61489337682723999 0.71431195735931396 0.62021595239639282 -0.93903261423110962 0.95670801401138306 0.9236406683921814 0.93467825651168823
793.0738999992609 -0.98700767755508423 0.533794105052948 0.88625657558441162 0.51459354162216187 -1.3036961555480957 0.81296956539154053 1.4822705984115601 0.78803879022598267
893.82309999875724 -1.2424626350402832 0.51059335470199585 1.1468343734741211 0.47331008315086365 -1.6686027050018311 0.70693522691726685 1.9794132709503174 0.69061315059661865
992.94649999961257 -1.2169327735900879 0.38822901248931885 1.2108327150344849 0.36104974150657654 -1.8361256122589111 0.48410519957542419 2.1989679336547852 0.43633440136909485
1093.5079999994487 -1.1826313734054565 0.23479847609996796 1.2674015760421753 0.20215000212192535 -1.6754050254821777 0.16832433640956879 2.0517337322235107 0.12092798948287964
1196.8897999972105 -1.1410448551177979 0.13083180785179138 1.1513733863830566 0.1190662607550621 -1.5549114942550659 -0.12335576117038727 1.710180401802063 -0.13631232082843781
1295.0701999980956 -1.1421923637390137 0.0012848483165726066 1.1298853158950806 0.057343922555446625 -1.3225096464157104 -0.30198207497596741 1.480594277381897 -0.30523592233657837
1393.6718999966979 -1.0179281234741211 -0.030195245519280434 0.93022376298904419 -0.047685056924819946 -0.98512727022171021 -0.32752659916877747 1.0170520544052124 -0.34369200468063354
1492.9385000001639 -1.0287941694259644 -0.098579660058021545 0.90913569927215576 -0.067468345165252686 -0.74967104196548462 -0.37966054677963257 0.74164128303527832 -0.37062475085258484
1596.4680999983102 -0.95781141519546509 -0.1161615177989006 0.90779262781143188 -0.089538745582103729 -0.61727774143218994 -0.3556462824344635 0.43860962986946106 -0.42149201035499573
1697.7916000019759 -0.89253479242324829 -0.13560448586940765 0.87890028953552246 -0.090964697301387787 -0.46208283305168152 -0.34551426768302917 0.33190178871154785 -0.33284538984298706
1798.4955999981612 -0.90137535333633423 -0.13235902786254883 0.84213811159133911 -0.088355526328086853 -0.40971359610557556 -0.34914782643318176 0.30535212159156799 -0.31920799612998962
1894.726499998942 -0.88523721694946289 -0.12863068282604218 0.87110787630081177 -0.094001658260822296 -0.4084257185459137 -0.33987307548522949 0.32827335596084595 -0.30304744839668274
