51.455300000496209 -0.76177823543548584 0.62016522884368896 0.74455553293228149 0.66233015060424805 -0.84218108654022217 1.0156607627868652 0.75557959079742432 1.0355819463729858
165.63179999962449 -0.75163930654525757 0.62258416414260864 0.74271547794342041 0.65670228004455566 -0.82002997398376465 1.0174782276153564 0.75860047340393066 1.0226539373397827
283.43969999905676 -0.76074224710464478 0.61726129055023193 0.71770167350769043 0.6646687388420105 -0.82667756080627441 1.0176267623901367 0.74441403150558472 1.0335233211517334
399.26209999900311 -0.75662630796432495 0.60402053594589233 0.74835407733917236 0.6347583532333374 -0.82813143730163574 0.99927371740341187 0.78980392217636108 1.0077424049377441
523.88889999967068 -0.77743673324584961 0.60098445415496826 0.82556611299514771 0.63554257154464722 -0.84464192390441895 1.0048731565475464 0.92369949817657471 1.0380376577377319
640.01850000023842 -0.77411550283432007 0.6059412956237793 1.0695832967758179 0.47373446822166443 -0.8503572940826416 1.0011180639266968 1.7635649442672729 0.70036584138870239
762.84860000014305 -0.79112517833709717 0.61801618337631226 1.5554572343826294 0.32857838273048401 -0.88666242361068726 1.0067001581192017 2.0905106067657471 0.40968981385231018
883.83809999935329 -0.85146635770797729 0.6031646728515625 1.6122845411300659 0.21732151508331299 -0.9371873140335083 1.0053409337997437 2.5652117729187012 0.02916157990694046
994.6722999997437 -0.69374406337738037 0.60912328958511353 1.109984278678894 0.10494054853916168 -0.80594336986541748 0.98019492626190186 1.3608874082565308 -0.2303396463394165
1113.3027000008151 -0.72050964832305908 0.66018158197402954 1.1873232126235962 0.034361176192760468 -0.79642558097839355 1.0329033136367798 0.97042745351791382 -0.25190737843513489
1232.044299999252 -0.69312417507171631 0.65772223472595215 1.1840893030166626 0.02955344133079052 -0.76360684633255005 1.0262150764465332 0.85990405082702637 -0.22174862027168274
1350.0773999989033 -0.78952836990356445 0.66225385665893555 1.3676292896270752 0.014610724523663521 -0.85862225294113159 1.0360832214355469 1.1135905981063843 -0.2844831645488739
1468.2232999997213 -0.70010709762573242 0.66050690412521362 1.2214487791061401 0.018916238099336624 -0.76614022254943848 1.0361360311508179 1.0187294483184814 -0.28789469599723816
1585.5788999991491 -0.72749429941177368 0.65440726280212402 1.2473300695419312 -0.0038246407639235258 -0.8038596510887146 1.0395175218582153 1.0132292509078979 -0.30206930637359619
1699.4339999994263 -0.69647121429443359 0.65149009227752686 1.1770551204681396 0.017051473259925842 -0.75014495849609375 1.0362464189529419 0.98736029863357544 -0.26305922865867615
1809.4912999998778 -0.71718722581863403 0.65464639663696289 1.2271722555160522 0.0029486455023288727 -0.7786136269569397 1.0294194221496582 0.96103793382644653 -0.29800128936767578
1925.1916999993846 -0.68770867586135864 0.64748787879943848 1.2305090427398682 -0.0066502182744443417 -0.75259923934936523 1.0364248752593994 0.91357910633087158 -0.31067290902137756
