30.410600000992417 -0.6908571720123291 0.64830595254898071 0.58627504110336304 0.61047428846359253 -0.68647027015686035 0.96556580066680908 0.61358946561813354 0.95450103282928467
137.31309999898076 -0.6925429105758667 0.65400266647338867 0.58055758476257324 0.62076765298843384 -0.6851305365562439 0.96649825572967529 0.61071354150772095 0.95796966552734375
240.73909999988973 -0.66140228509902954 0.65372294187545776 0.57961636781692505 0.61889082193374634 -0.65989607572555542 0.96767866611480713 0.62484323978424072 0.95416080951690674
345.14479999989271 -0.68721580505371094 0.6570589542388916 0.58952897787094116 0.62084895372390747 -0.69293659925460815 0.96804112195968628 0.60629051923751831 0.96368420124053955
452.7723999992013 -0.69755351543426514 0.65386569499969482 0.57904404401779175 0.61645275354385376 -0.6931002140045166 0.96429616212844849 0.60775244235992432 0.96283870935440063
554.51650000177324 -0.72407644987106323 0.66679221391677856 0.62411010265350342 0.61941260099411011 -0.72433573007583618 0.99999570846557617 0.72085869312286377 0.95825684070587158
656.44100000150502 -0.75839841365814209 0.65261757373809814 0.63566815853118896 0.61604273319244385 -0.84738260507583618 0.98817151784896851 0.78291881084442139 0.94286566972732544
753.46710000000894 -1.0161597728729248 0.53895664215087891 1.1299116611480713 0.51294350624084473 -1.3876044750213623 0.8379473090171814 1.5828549861907959 0.69961988925933838
850.42770000174642 -1.2253278493881226 0.48842945694923401 1.1536461114883423 0.39870625734329224 -1.6934713125228882 0.66371601819992065 1.8208264112472534 0.50864166021347046
949.52550000138581 -1.2269027233123779 0.32513582706451416 1.1563464403152466 0.29351118206977844 -1.7954657077789307 0.40925440192222595 1.9410161972045898 0.30393505096435547
1055.2686000000685 -1.2185598611831665 0.094525702297687531 1.1740918159484863 0.088876858353614807 -1.7460652589797974 -0.11900725215673447 1.7037146091461182 -0.1674446165561676
1156.3321000020951 -1.1881026029586792 0.048283673822879791 1.1349037885665894 0.067106455564498901 -1.5760029554367065 -0.20577234029769897 1.4358478784561157 -0.27833381295204163
1261.0463999994099 -1.1196078062057495 -0.052950005978345871 1.054137110710144 -0.064617559313774109 -1.0291855335235596 -0.36299291253089905 0.95331835746765137 -0.35213053226470947
1361.8861000016332 -0.90866982936859131 -0.10150878876447678 0.99067038297653198 -0.076950550079345703 -0.70619231462478638 -0.35491317510604858 0.63068342208862305 -0.32595360279083252
1462.15170000121 -0.91444474458694458 -0.104790098965168 0.98604965209960938 -0.072836600244045258 -0.64498579502105713 -0.34590837359428406 0.65471690893173218 -0.29131564497947693
1563.9734000004828 -0.93653690814971924 -0.10225316882133484 0.99631261825561523 -0.074293024837970734 -0.58079487085342407 -0.33476293087005615 0.63960158824920654 -0.302825927734375
1658.5488999988884 -0.91422206163406372 -0.093079060316085815 0.961159348487854 -0.066491037607192993 -0.56197583675384521 -0.31925761699676514 0.448812335729599 -0.32012274861335754
1756.1465999986976 -0.92327296733856201 -0.098390564322471619 0.9687381386756897 -0.091185599565505981 -0.55344539880752563 -0.32614108920097351 0.35737919807434082 -0.33900603652000427
1860.7181999981403 -0.90883606672286987 -0.099647819995880127 0.9578670859336853 -0.1011161133646965 -0.57645952701568604 -0.32196038961410522 0.38040941953659058 -0.33770027756690979
1956.0708999987692 -0.90767496824264526 -0.098523207008838654 0.94909137487411499 -0.10294710099697113 -0.56447428464889526 -0.31993693113327026 0.38077709078788757 -0.34329861402511597
