100.37580000050366 -0.59650605916976929 0.46774840354919434 0.53093552589416504 0.44697043299674988 -0.60399478673934937 0.71679180860519409 0.55079543590545654 0.68515568971633911
210.62839999981225 -0.54813945293426514 0.46960309147834778 0.54024863243103027 0.45333245396614075 -0.60254311561584473 0.71614730358123779 0.59515643119812012 0.69339889287948608
316.7409000005573 -0.56496626138687134 0.4655534029006958 0.5342259407043457 0.45319929718971252 -0.61233097314834595 0.71754390001296997 0.58925920724868774 0.69297939538955688
424.41990000009537 -0.57711338996887207 0.46171194314956665 0.53252410888671875 0.45702716708183289 -0.66286307573318481 0.72614210844039917 0.58883225917816162 0.70187318325042725
531.2328000003472 -0.58343642950057983 0.46318933367729187 0.5237661600112915 0.45504394173622131 -0.67992401123046875 0.7160758376121521 0.57047194242477417 0.69390439987182617
642.16540000028908 -0.88220471143722534 0.46565598249435425 0.50538402795791626 0.45719334483146667 -0.81983119249343872 0.69181549549102783 0.5222356915473938 0.69440251588821411
750.27570000011474 -0.99421924352645874 0.34993302822113037 0.57989150285720825 0.43983131647109985 -1.0807927846908569 0.42507365345954895 0.47400781512260437 0.66348588466644287
862.27470000088215 -1.1942175626754761 0.2094883918762207 0.61955958604812622 0.45288482308387756 -1.2425649166107178 0.15982469916343689 0.51682013273239136 0.70585751533508301
975.20970000047237 -1.132244348526001 0.11784937232732773 0.6373523473739624 0.44523686170578003 -1.2404941320419312 -0.0058538364246487617 0.55209767818450928 0.69226765632629395
1084.8426000000909 -1.0420176982879639 0.049103938043117523 0.69441300630569458 0.46840161085128784 -0.95136928558349609 -0.16400837898254395 0.53542661666870117 0.71717554330825806
1195.30979999993 -1.0307271480560303 0.024046957492828369 0.67416954040527344 0.46557515859603882 -0.78618329763412476 -0.15228641033172607 0.54638940095901489 0.70661664009094238
1294.6021000007167 -1.0470355749130249 0.011633546091616154 0.69178831577301025 0.4707283079624176 -0.61043429374694824 -0.13536098599433899 0.57586562633514404 0.72640496492385864
1392.7493000002578 -0.98804450035095215 0.0095811653882265091 0.67422264814376831 0.47039008140563965 -0.80278736352920532 -0.12880806624889374 0.52965730428695679 0.70893025398254395
1506.1752000004053 -0.97035127878189087 0.020105903968214989 0.58656984567642212 0.4868093729019165 -0.78549045324325562 -0.12840047478675842 0.60309684276580811 0.71869367361068726
1614.7238999996334 -0.9845920205116272 0.0087213916704058647 0.56982660293579102 0.4913259744644165 -0.51435947418212891 -0.12057413905858994 0.58032733201980591 0.7180827260017395
1723.7173999994993 -0.94924920797348022 0.013137588277459145 0.70482426881790161 0.4692348837852478 -0.7433551549911499 -0.13817036151885986 0.56574249267578125 0.71479898691177368
1841.4703999999911 -0.93939000368118286 0.014740549027919769 0.69102990627288818 0.46545898914337158 -0.77645546197891235 -0.12764155864715576 0.56381452083587646 0.70929718017578125
1950.0164000000805 -0.90693426132202148 0.012726454064249992 0.68009257316589355 0.46379125118255615 -0.7453535795211792 -0.12360548973083496 0.5598447322845459 0.70305919647216797
