49.238299999386072 -0.74157625436782837 0.64953070878982544 0.60584306716918945 0.64784324169158936 -0.67859691381454468 1.0148985385894775 0.56350082159042358 0.99244660139083862
132.90870000049472 -0.71969121694564819 0.65598505735397339 0.60918515920639038 0.64822739362716675 -0.66247612237930298 1.0257664918899536 0.57302182912826538 1.0001579523086548
220.23399999924004 -0.71037000417709351 0.65800875425338745 0.62641310691833496 0.64561337232589722 -0.65452265739440918 1.0228557586669922 0.59268558025360107 0.99668282270431519
308.44979999959469 -0.71111071109771729 0.65849816799163818 0.62742668390274048 0.64576977491378784 -0.66266328096389771 1.0282224416732788 0.58786684274673462 1.0002086162567139
392.46290000155568 -0.72576767206192017 0.65607035160064697 0.63032346963882446 0.65390431880950928 -0.66465067863464355 1.0249278545379639 0.57003211975097656 1.0038285255432129
488.12529999949038 -0.7446216344833374 0.6531912088394165 0.61511063575744629 0.64890962839126587 -0.68702971935272217 1.0261670351028442 0.50823640823364258 0.98674595355987549
574.98369999974966 -0.71916848421096802 0.66433292627334595 0.64937710762023926 0.66324877738952637 -0.65977382659912109 1.045196533203125 0.48939290642738342 0.97579514980316162
663.26829999871552 -0.70871084928512573 0.64511287212371826 0.6278490424156189 0.67774754762649536 -0.6437523365020752 0.9908871054649353 0.10473376512527466 0.85901015996932983
752.23599999956787 -0.69666033983230591 0.66177624464035034 0.61268281936645508 0.67797499895095825 -0.65688061714172363 1.0207087993621826 0.16794972121715546 0.75444608926773071
843.95999999903142 -0.70494991540908813 0.66124957799911499 0.58332031965255737 0.68733584880828857 -0.66233336925506592 1.0777945518493652 0.017697539180517197 0.48337766528129578
931.5185999982059 -0.7501341700553894 0.67470788955688477 0.52690804004669189 0.6576194167137146 -0.70408713817596436 1.0686817169189453 -0.0049605090171098709 0.39453771710395813
1016.7116000000387 -0.78478527069091797 0.69789791107177734 0.46694833040237427 0.65281790494918823 -0.72991150617599487 1.0703781843185425 -0.12518483400344849 0.4424285888671875
1105.3131000008434 -0.76473373174667358 0.68566238880157471 0.47160038352012634 0.64318346977233887 -0.71876853704452515 1.0659500360488892 -0.11077482253313065 0.41957247257232666
1196.9791999999434 -0.75177860260009766 0.68339276313781738 0.45898699760437012 0.64098304510116577 -0.71125102043151855 1.077751636505127 -0.066952995955944061 0.42154169082641602
1286.9613000005484 -0.73598790168762207 0.68177425861358643 0.47740581631660461 0.64387714862823486 -0.71157151460647583 1.0772527456283569 -0.039839595556259155 0.42486506700515747
1373.9250000007451 -0.75138145685195923 0.67850947380065918 0.47185742855072021 0.64411252737045288 -0.73181557655334473 1.0657446384429932 -0.063468314707279205 0.41749048233032227
1460.9513000007719 -0.7860146164894104 0.69316738843917847 0.45011860132217407 0.64289367198944092 -0.74634897708892822 1.0788764953613281 -0.11185268312692642 0.40887206792831421
1552.5671999994665 -0.78896743059158325 0.6837957501411438 0.44542989134788513 0.64727967977523804 -0.74781352281570435 1.0751315355300903 -0.09055473655462265 0.42716449499130249
1640.0060000009835 -0.79060244560241699 0.68239891529083252 0.44847238063812256 0.64789682626724243 -0.76827245950698853 1.0760579109191895 -0.087582632899284363 0.42445293068885803
1731.261499999091 -0.78757631778717041 0.68300360441207886 0.44326597452163696 0.64385730028152466 -0.74902439117431641 1.0708111524581909 -0.08814520388841629 0.4201330840587616
1818.6420999988914 -0.76229488849639893 0.68137973546981812 0.49493297934532166 0.64604437351226807 -0.72072190046310425 1.0611870288848877 -0.061671324074268341 0.42696961760520935
1905.3389999996871 -0.73990190029144287 0.67994773387908936 0.48848477005958557 0.64728331565856934 -0.71161717176437378 1.0681771039962769 -0.056792501360177994 0.42689964175224304
1992.5155999995768 -0.74526393413543701 0.68703126907348633 0.49227362871170044 0.64587092399597168 -0.70431679487228394 1.0770794153213501 -0.066409081220626831 0.42088812589645386
