14.873399999924004 -0.79137486219406128 0.66930776834487915 0.54040050506591797 0.67751538753509521 -0.74933397769927979 0.98248320817947388 0.4999624490737915 1.0077990293502808
105.56719999969937 -0.78635489940643311 0.66771930456161499 0.54070848226547241 0.67849022150039673 -0.74659097194671631 0.98461395502090454 0.49986648559570313 1.0145796537399292
196.82209999952465 -0.79993104934692383 0.66692101955413818 0.5474097728729248 0.67153269052505493 -0.75083369016647339 0.98690098524093628 0.5006287693977356 1.0098156929016113
289.38699999963865 -0.7771756649017334 0.66211563348770142 0.56546777486801147 0.67677956819534302 -0.73614466190338135 0.97698646783828735 0.54101526737213135 1.0109695196151733
384.80689999973401 -0.78991830348968506 0.66484999656677246 0.56971144676208496 0.69133347272872925 -0.73295688629150391 0.98403447866439819 0.53913116455078125 1.0254238843917847
476.19239999959245 -0.78868681192398071 0.66983252763748169 0.5741540789604187 0.67560094594955444 -0.75138634443283081 0.99507129192352295 0.58642840385437012 1.0085318088531494
572.26649999967776 -0.78701281547546387 0.6620863676071167 0.61253774166107178 0.63612073659896851 -0.74346935749053955 0.98049193620681763 0.60230332612991333 0.91979438066482544
662.85329999984242 -0.81714218854904175 0.67279499769210815 0.63342958688735962 0.63493716716766357 -0.77433508634567261 1.004574179649353 0.58739078044891357 0.81581264734268188
756.00159999984317 -0.83409398794174194 0.66098988056182861 0.64996397495269775 0.60424643754959106 -0.7623516321182251 0.97006142139434814 0.25359159708023071 0.61990875005722046
846.98949999990873 -0.82015109062194824 0.66846442222595215 0.60911846160888672 0.63353115320205688 -0.74271148443222046 0.98476463556289673 0.28043660521507263 0.54989171028137207
936.38259999966249 -0.79063481092453003 0.66966933012008667 0.54437673091888428 0.606955885887146 -0.72641080617904663 0.98974251747131348 0.032371178269386292 0.40587273240089417
1033.7457999996841 -0.81167620420455933 0.66607373952865601 0.53864121437072754 0.59821802377700806 -0.74490362405776978 0.99138575792312622 0.012771383859217167 0.39129817485809326
1121.2726999998558 -0.78994894027709961 0.68603420257568359 0.49700281023979187 0.59856677055358887 -0.7342572808265686 1.0279175043106079 -0.057461347430944443 0.37670710682868958
1209.0800999996718 -0.81029009819030762 0.68951964378356934 0.46841540932655334 0.60761117935180664 -0.75204533338546753 1.0350003242492676 -0.082501396536827087 0.39093101024627686
1300.9165999998804 -0.81109052896499634 0.68429142236709595 0.4586353600025177 0.60282069444656372 -0.75262480974197388 1.0247331857681274 -0.10180108249187469 0.38908061385154724
1392.0024999999441 -0.8200305700302124 0.68483960628509521 0.46962320804595947 0.6009790301322937 -0.76363229751586914 1.0310522317886353 -0.073592677712440491 0.39138573408126831
1485.9238999998197 -0.79493081569671631 0.6761023998260498 0.46981358528137207 0.59323805570602417 -0.75188750028610229 1.0122787952423096 -0.074868038296699524 0.38239237666130066
1586.8266999996267 -0.82359176874160767 0.68487811088562012 0.45911344885826111 0.60450410842895508 -0.77341771125793457 1.0294028520584106 -0.10222114622592926 0.3860003650188446
1676.3127999997232 -0.81317591667175293 0.68247365951538086 0.48036608099937439 0.59921127557754517 -0.76762348413467407 1.0259456634521484 -0.091933347284793854 0.38355264067649841
1768.5431999997236 -0.80526036024093628 0.68119609355926514 0.46488690376281738 0.60196965932846069 -0.76224148273468018 1.0210506916046143 -0.093139350414276123 0.38502413034439087
1866.4604999998119 -0.80047732591629028 0.68889707326889038 0.47280269861221313 0.60861140489578247 -0.75212192535400391 1.0232946872711182 -0.087644025683403015 0.38624262809753418
1960.366699999664 -0.80990356206893921 0.68719816207885742 0.46951186656951904 0.60098475217819214 -0.76592928171157837 1.0198408365249634 -0.088833168148994446 0.38143867254257202
