25.410399999469519 -0.81148678064346313 0.48402208089828491 0.77155148983001709 0.51058715581893921 -0.76542103290557861 0.78711271286010742 0.76523673534393311 0.80116951465606689
146.76209999900311 -0.831612229347229 0.4866713285446167 0.78240978717803955 0.5222964882850647 -0.78078281879425049 0.79133909940719604 0.7583237886428833 0.82126003503799438
268.09539999999106 -0.82381802797317505 0.49415907263755798 0.76431828737258911 0.5300716757774353 -0.77169132232666016 0.80763638019561768 0.73987579345703125 0.83646202087402344
385.9847999997437 -0.80847001075744629 0.4835171103477478 0.76308774948120117 0.5140070915222168 -0.76857256889343262 0.77743148803710938 0.79350286722183228 0.81661194562911987
503.07529999967664 -0.83024746179580688 0.4805637001991272 0.77791178226470947 0.5027778148651123 -0.85316389799118042 0.77345967292785645 0.93625038862228394 0.79123550653457642
623.90539999958128 -0.93805086612701416 0.40654397010803223 0.96803361177444458 0.38813096284866333 -1.5144935846328735 0.65003716945648193 1.3887892961502075 0.57817751169204712
739.59319999907166 -1.0908089876174927 0.3362465500831604 1.20442795753479 0.29877635836601257 -1.678438663482666 0.4734833836555481 1.5410224199295044 0.40148413181304932
853.08849999960512 -1.4245461225509644 0.22934707999229431 1.3088251352310181 0.16211463510990143 -1.4845447540283203 0.079747267067432404 1.4293752908706665 0.065319925546646118
980.43289999943227 -1.3300650119781494 0.042391110211610794 1.1598246097564697 0.056272402405738831 -1.4414938688278198 -0.21664655208587646 1.4733266830444336 -0.14694508910179138
1102.7135999994352 -1.2268339395523071 0.0068770027719438076 1.2131749391555786 0.059615686535835266 -1.062549352645874 -0.26010757684707642 0.91913747787475586 -0.22917395830154419
1214.1253999993205 -1.2459559440612793 0.00089792581275105476 1.1198704242706299 0.054732371121644974 -1.0968413352966309 -0.23841282725334167 0.90391254425048828 -0.17095285654067993
1336.3193999994546 -1.2990318536758423 0.0086387991905212402 1.2267273664474487 0.062455367296934128 -1.1197341680526733 -0.22932694852352142 0.9353904128074646 -0.1891414076089859
1456.9587999992073 -1.3519809246063232 0.0032391503918915987 1.2506042718887329 0.063299998641014099 -1.1549587249755859 -0.24030528962612152 0.94139468669891357 -0.18767309188842773
1579.3926999997348 -1.3086071014404297 0.0015571028925478458 1.1866984367370605 0.058809425681829453 -1.1369125843048096 -0.23046720027923584 0.90117239952087402 -0.18983449041843414
1696.4046999998391 -1.2985737323760986 0.0042982781305909157 1.2093642950057983 0.057626042515039444 -1.1454633474349976 -0.22869083285331726 0.87713855504989624 -0.19208797812461853
1814.3431999990717 -1.3427164554595947 0.0068139331415295601 1.222907543182373 0.055748406797647476 -1.1600542068481445 -0.22898820042610168 0.88570016622543335 -0.19823449850082397
1933.5525999991223 -1.3272135257720947 0.0010653088102117181 1.204013466835022 0.054643094539642334 -1.1542122364044189 -0.2307678759098053 0.86316156387329102 -0.19536422193050385
