129.6965999994427 -0.8304787278175354 0.62842375040054321 0.65451014041900635 0.65721744298934937 -0.93864482641220093 1.0341800451278687 0.75812089443206787 1.0065611600875854
278.1667000008747 -0.80343735218048096 0.62188237905502319 0.78564858436584473 0.65140765905380249 -0.90481007099151611 1.033360481262207 1.0351465940475464 1.0318629741668701
425.84480000007898 -0.80766737461090088 0.61319935321807861 0.83503693342208862 0.51697129011154175 -0.88788676261901855 1.0174371004104614 1.4807001352310181 0.74413031339645386
575.6097999997437 -0.77445358037948608 0.63740915060043335 1.2786659002304077 0.35067212581634521 -0.8678661584854126 1.009394645690918 2.2756400108337402 0.45330604910850525
720.79959999956191 -0.80977582931518555 0.62852191925048828 1.4834226369857788 0.15411314368247986 -0.8934294581413269 1.025352954864502 2.2993865013122559 -0.1258673369884491
865.96020000055432 -0.81528854370117188 0.64832049608230591 1.3239010572433472 0.034845326095819473 -0.88058829307556152 1.0176730155944824 1.8301237821578979 -0.25319820642471313
975.59920000005513 -0.80701589584350586 0.64910036325454712 1.1797343492507935 -0.014817629940807819 -0.82327753305435181 1.0365605354309082 1.1292273998260498 -0.37561967968940735
1086.9126999992877 -0.76332855224609375 0.63829749822616577 0.96175903081893921 -0.022547934204339981 -0.81013208627700806 1.0224035978317261 0.92115873098373413 -0.29179400205612183
1215.3634999999776 -0.8110501766204834 0.63291662931442261 0.93087804317474365 -0.020666705444455147 -0.85177433490753174 1.0252605676651001 0.90455782413482666 -0.25450265407562256
1333.1763000003994 -0.7548033595085144 0.63111239671707153 0.86396193504333496 -0.02568911574780941 -0.83279067277908325 1.009129524230957 0.80116826295852661 -0.27461323142051697
1454.146599999629 -0.82557523250579834 0.62987381219863892 0.93283712863922119 -0.01599692739546299 -0.89078760147094727 1.0054813623428345 0.87163430452346802 -0.26018434762954712
1576.3241999996826 -0.82267230749130249 0.62986332178115845 0.89851909875869751 -0.016478946432471275 -0.85458576679229736 1.0084244012832642 0.84092539548873901 -0.24500769376754761
1692.2393999993801 -0.82018458843231201 0.63452053070068359 0.92671644687652588 -0.023095341399312019 -0.84552377462387085 1.0173327922821045 0.82103610038757324 -0.2766767144203186
1808.2693999996409 -0.75432538986206055 0.63403189182281494 0.8709905743598938 -0.034706130623817444 -0.78378111124038696 1.0147569179534912 0.67217260599136353 -0.29652273654937744
1925.5704999994487 -0.77449196577072144 0.62887787818908691 0.9096100926399231 -0.037338398396968842 -0.79426413774490356 1.005516529083252 0.77914285659790039 -0.26295050978660583
