3.128000000026077 -0.79395431280136108 0.69469726085662842 0.56291073560714722 0.73377585411071777 -0.77793699502944946 1.0536332130432129 0.49336788058280945 1.0937979221343994
104.46360000013374 -0.82973343133926392 0.69030803442001343 0.57284671068191528 0.72571688890457153 -0.80455124378204346 1.0505037307739258 0.51018118858337402 1.0781877040863037
199.88540000026114 -0.85305005311965942 0.69294995069503784 0.59368157386779785 0.72086983919143677 -0.83404809236526489 1.0451585054397583 0.51369547843933105 1.0826983451843262
285.33370000007562 -0.84658002853393555 0.68236696720123291 0.62265473604202271 0.70444315671920776 -0.83705288171768188 1.0389851331710815 0.50180023908615112 1.0105184316635132
380.44440000015311 -0.83231544494628906 0.68705415725708008 0.58597397804260254 0.67624884843826294 -0.81857657432556152 1.0463818311691284 0.47276091575622559 0.87999498844146729
464.17370000015944 -0.84963899850845337 0.69657278060913086 0.5531080961227417 0.70812457799911499 -0.83752727508544922 1.0519027709960938 0.360737144947052 0.56739300489425659
557.45760000008158 -0.89736193418502808 0.69694054126739502 0.53700262308120728 0.68671834468841553 -0.88445878028869629 1.0477558374404907 0.19512464106082916 0.43676283955574036
643.14299999992363 -0.95213723182678223 0.69213861227035522 0.33671143651008606 0.64123785495758057 -0.94354772567749023 1.0479233264923096 -0.0069122370332479477 0.27858421206474304
729.01940000010654 -0.96137553453445435 0.69049751758575439 0.28629913926124573 0.64003098011016846 -0.95620733499526978 1.0508595705032349 -0.021067820489406586 0.28492173552513123
813.18370000016876 -0.96595567464828491 0.69454050064086914 0.2877870500087738 0.62769365310668945 -0.97280514240264893 1.0492604970932007 -0.020761281251907349 0.27576228976249695
910.23320000013337 -0.94053226709365845 0.69256186485290527 0.28282579779624939 0.62384653091430664 -0.93413949012756348 1.0418514013290405 -0.009861484169960022 0.2740534245967865
1006.9225000003353 -0.96736812591552734 0.67462128400802612 0.31009098887443542 0.62818127870559692 -0.95856940746307373 1.0287601947784424 -0.006152778398245573 0.273140549659729
1100.6814000001177 -0.94105613231658936 0.68693292140960693 0.37637636065483093 0.6588854193687439 -0.94910579919815063 1.0418874025344849 0.046003185212612152 0.33699792623519897
1195.9872000000905 -0.94330835342407227 0.70447742938995361 0.48341500759124756 0.68651741743087769 -0.95663928985595703 1.0710654258728027 0.3677234947681427 0.50362026691436768
1286.7125000003725 -0.92204320430755615 0.68815428018569946 0.4876713752746582 0.6808171272277832 -0.94209551811218262 1.0402740240097046 0.47933059930801392 0.56165528297424316
1381.1292000003159 -0.92470812797546387 0.68018209934234619 0.44114604592323303 0.67396807670593262 -0.92658382654190063 1.0271179676055908 0.3965480625629425 0.53824549913406372
1475.438700000057 -0.94748014211654663 0.68540936708450317 0.43425345420837402 0.68136292695999146 -0.96736359596252441 1.0406448841094971 0.42677521705627441 0.55036813020706177
1568.9985000002198 -0.9217149019241333 0.68535125255584717 0.44724786281585693 0.68075931072235107 -0.9402087926864624 1.044654369354248 0.45192790031433105 0.55245459079742432
1665.3249000001233 -0.89735704660415649 0.68226248025894165 0.46820127964019775 0.678943932056427 -0.9111437201499939 1.0381803512573242 0.45922142267227173 0.56345587968826294
1759.7312000002712 -0.93241226673126221 0.68513578176498413 0.45132622122764587 0.68171566724777222 -0.95039170980453491 1.0452969074249268 0.43561196327209473 0.55491024255752563
1852.4819000002462 -0.92484903335571289 0.68448561429977417 0.45199358463287354 0.68398958444595337 -0.94468343257904053 1.0423190593719482 0.43987411260604858 0.55385357141494751
1950.8220000001602 -0.91857242584228516 0.68022394180297852 0.4789467453956604 0.67877477407455444 -0.93428605794906616 1.0415034294128418 0.4606260359287262 0.56205278635025024
