48.876799998804927 -0.71850001811981201 0.65719807147979736 0.65063285827636719 0.65957653522491455 -0.74979943037033081 1.0238028764724731 0.67530554533004761 1.0162066221237183
142.51750000193715 -0.73785525560379028 0.66388887166976929 0.66100180149078369 0.66870415210723877 -0.78132516145706177 1.0322692394256592 0.65770572423934937 1.0169304609298706
240.5834000017494 -0.73298227787017822 0.65723806619644165 0.64769142866134644 0.66022348403930664 -0.77659046649932861 1.0273599624633789 0.63779181241989136 1.0056024789810181
334.16599999926984 -0.72092407941818237 0.65979605913162231 0.66119563579559326 0.66538172960281372 -0.77502709627151489 1.0292880535125732 0.66041237115859985 1.0098857879638672
431.64120000228286 -0.71117866039276123 0.66150057315826416 0.66073793172836304 0.67046660184860229 -0.79000723361968994 1.031232476234436 0.67659235000610352 1.0136405229568481
536.27950000017881 -0.75704711675643921 0.65337848663330078 0.7440800666809082 0.63623088598251343 -0.85250997543334961 1.0103408098220825 0.8863787055015564 0.99390184879302979
644.57590000145137 -0.83971160650253296 0.61098867654800415 0.94868648052215576 0.60618758201599121 -1.062219500541687 0.91854584217071533 1.2984389066696167 0.92248648405075073
739.07120000012219 -1.1351501941680908 0.51533401012420654 1.1933776140213013 0.43459373712539673 -1.8044933080673218 0.7233273983001709 1.9605774879455566 0.5973626971244812
839.77330000139773 -1.1707342863082886 0.38017362356185913 1.3576438426971436 0.31897550821304321 -1.8137205839157104 0.45377945899963379 2.2206180095672607 0.35072261095046997
942.41919999942183 -1.1557875871658325 0.14106945693492889 1.2036142349243164 0.12916281819343567 -1.6730313301086426 -0.088422089815139771 1.7088915109634399 -0.15621259808540344
1049.1449000015855 -1.0855152606964111 0.035488385707139969 1.199163556098938 0.062117453664541245 -1.4099922180175781 -0.23797136545181274 1.4472310543060303 -0.31548583507537842
1152.3602000009269 -1.0648353099822998 -0.038811385631561279 0.99089473485946655 -0.045231476426124573 -0.91064631938934326 -0.32748126983642578 0.78452980518341064 -0.34650787711143494
1252.3179000001401 -0.91972827911376953 -0.10199075937271118 0.96429616212844849 -0.10661956667900085 -0.59968197345733643 -0.33602699637413025 0.46911376714706421 -0.31287723779678345
1354.2754000015557 -0.8880690336227417 -0.10287661850452423 0.97657698392868042 -0.109834223985672 -0.53150945901870728 -0.31795471906661987 0.48132884502410889 -0.33036646246910095
1455.0051999986172 -0.88887423276901245 -0.10485246032476425 0.94391059875488281 -0.12438797950744629 -0.53764164447784424 -0.32624250650405884 0.36181545257568359 -0.38610032200813293
1554.9210999999195 -0.90219753980636597 -0.10280345380306244 0.89251041412353516 -0.13368293642997742 -0.51758390665054321 -0.32207000255584717 0.3829045295715332 -0.37183946371078491
1650.7977000027895 -0.90942400693893433 -0.098702646791934967 0.8795585036277771 -0.12638361752033234 -0.53590333461761475 -0.31633207201957703 0.36609810590744019 -0.34632828831672668
1746.7577000018209 -0.93585771322250366 -0.086386337876319885 0.87632596492767334 -0.14195238053798676 -0.63266950845718384 -0.3183312714099884 0.3965185284614563 -0.35337203741073608
1849.430799998343 -0.93739372491836548 -0.07851332426071167 0.86581301689147949 -0.12863282859325409 -0.63571429252624512 -0.29549860954284668 0.38101238012313843 -0.34585848450660706
1944.4944999981672 -0.93491333723068237 -0.078427992761135101 0.851673424243927 -0.13488765060901642 -0.61683851480484009 -0.29225060343742371 0.39002597332000732 -0.33063703775405884
