43.692400000058115 -0.79677838087081909 0.52650898694992065 0.69993573427200317 0.56188148260116577 -0.7681807279586792 0.85660409927368164 0.64312779903411865 0.85743933916091919
153.94970000069588 -0.82461827993392944 0.5204119086265564 0.70957905054092407 0.55804747343063354 -0.79225015640258789 0.85704010725021362 0.64205986261367798 0.85436338186264038
281.09689999930561 -0.80393826961517334 0.52256673574447632 0.71842604875564575 0.55584889650344849 -0.78315770626068115 0.85203933715820313 0.6693766713142395 0.85358428955078125
401.51080000028014 -0.79544597864151001 0.52027004957199097 0.7134864330291748 0.55049306154251099 -0.77110576629638672 0.85526245832443237 0.66106617450714111 0.85071414709091187
523.24540000036359 -0.86223238706588745 0.50171923637390137 0.74472230672836304 0.54508304595947266 -0.84907233715057373 0.84160226583480835 0.6877714991569519 0.84311866760253906
639.14109999965876 -0.98419654369354248 0.43165576457977295 0.74381178617477417 0.55303627252578735 -1.3217957019805908 0.70665585994720459 0.65075790882110596 0.85409724712371826
764.10649999976158 -0.9971545934677124 0.34961318969726563 0.72951853275299072 0.57063740491867065 -1.6335223913192749 0.46267804503440857 0.61282920837402344 0.88001167774200439
879.26569999940693 -1.3438507318496704 0.27282118797302246 0.62554377317428589 0.54405200481414795 -1.2863986492156982 0.083375498652458191 0.54051923751831055 0.86641210317611694
991.90220000036061 -1.2998926639556885 0.068489834666252136 0.60343664884567261 0.52388101816177368 -1.3069604635238647 -0.20207279920578003 0.5361328125 0.82374387979507446
1110.9882000004873 -1.2251828908920288 0.00033412835909985006 0.60720980167388916 0.54788368940353394 -1.0577652454376221 -0.24726827442646027 0.52842628955841064 0.84259098768234253
1233.452199999243 -1.2835034132003784 -0.00080268282908946276 0.62266886234283447 0.53190374374389648 -1.3178988695144653 -0.23942022025585175 0.53543168306350708 0.82228749990463257
1339.7824999997392 -1.4987528324127197 0.020186334848403931 0.61611419916152954 0.53634780645370483 -1.3419928550720215 -0.23747336864471436 0.54462575912475586 0.82623213529586792
1457.9996000006795 -1.2910432815551758 -0.0010657791281118989 0.60857123136520386 0.53586101531982422 -1.2877495288848877 -0.24573084712028503 0.52426761388778687 0.82540225982666016
1578.1916000004858 -1.2744728326797485 0.0046409768983721733 0.61307978630065918 0.53002446889877319 -1.3311891555786133 -0.23340699076652527 0.53135287761688232 0.83342969417572021
1694.3870999999344 -1.3384190797805786 -0.00086780398851260543 0.61110383272171021 0.53500157594680786 -1.3522161245346069 -0.24460126459598541 0.54944521188735962 0.82912600040435791
1808.9420999996364 -1.3220664262771606 0.0043830075301229954 0.61721611022949219 0.52940225601196289 -1.3224970102310181 -0.23588664829730988 0.553355872631073 0.81264394521713257
1928.5967000005767 -1.275111198425293 0.002808921504765749 0.61611068248748779 0.51931858062744141 -1.3375413417816162 -0.23836451768875122 0.54031217098236084 0.80533945560455322
