60.696899999864399 -0.77875697612762451 0.67507350444793701 0.54286074638366699 0.7151065468788147 -0.76163715124130249 1.0153048038482666 0.45082324743270874 1.0472487211227417
153.20599999977276 -0.76848208904266357 0.6753888726234436 0.55013835430145264 0.70950484275817871 -0.75324201583862305 1.0191017389297485 0.46767115592956543 1.0455731153488159
247.34709999989718 -0.79385298490524292 0.68089699745178223 0.53275060653686523 0.70736205577850342 -0.77691060304641724 1.0274866819381714 0.44540715217590332 1.0441521406173706
349.87640000018291 -0.82660365104675293 0.67354011535644531 0.56529486179351807 0.71077442169189453 -0.81214183568954468 1.0182557106018066 0.46467891335487366 1.0465846061706543
441.21929999999702 -0.7429351806640625 0.67228984832763672 0.5785793662071228 0.70576560497283936 -0.7435760498046875 1.0188063383102417 0.49472010135650635 1.0480043888092041
532.64709999994375 -0.8212161660194397 0.66876423358917236 0.60457754135131836 0.69789332151412964 -0.82464230060577393 1.0198889970779419 0.53870010375976563 1.0139950513839722
629.97640000004321 -0.82927316427230835 0.68286597728729248 0.62285393476486206 0.6817970871925354 -0.8225092887878418 1.0384285449981689 0.49096289277076721 0.9540097713470459
726.72640000004321 -0.79803007841110229 0.68214088678359985 0.62317961454391479 0.67141169309616089 -0.77280765771865845 1.0237265825271606 0.41426625847816467 0.70695549249649048
816.9144999999553 -0.78718113899230957 0.68885046243667603 0.63461697101593018 0.67348599433898926 -0.77627277374267578 1.0397102832794189 0.26167500019073486 0.4292999804019928
909.17969999997877 -0.81315827369689941 0.68353354930877686 0.51228094100952148 0.65887635946273804 -0.8060537576675415 1.0351877212524414 0.1365470290184021 0.29990741610527039
994.67069999990053 -0.83805453777313232 0.69314122200012207 0.46012023091316223 0.65836524963378906 -0.84535586833953857 1.0505303144454956 0.095768555998802185 0.27297571301460266
1081.7606000001542 -0.84656757116317749 0.6832776665687561 0.36596038937568665 0.6277884840965271 -0.85339313745498657 1.0350269079208374 0.034338004887104034 0.28138568997383118
1177.3282000001054 -0.83420282602310181 0.68388009071350098 0.41530296206474304 0.63099253177642822 -0.82230919599533081 1.0389907360076904 0.073659814894199371 0.28879815340042114
1277.1086000001524 -0.87916016578674316 0.68706339597702026 0.36607477068901062 0.62994277477264404 -0.89193660020828247 1.0436980724334717 0.039927709847688675 0.30088183283805847
1373.6054999998305 -0.85996109247207642 0.68878638744354248 0.42591556906700134 0.641152024269104 -0.87106913328170776 1.0482050180435181 0.067989304661750793 0.28577423095703125
1458.7186999998521 -0.79876488447189331 0.67971497774124146 0.48626449704170227 0.66342902183532715 -0.81037306785583496 1.0379452705383301 0.070688098669052124 0.33428794145584106
1550.9054000000469 -0.82512712478637695 0.6994929313659668 0.3632737398147583 0.66821002960205078 -0.84756767749786377 1.0565688610076904 0.16874204576015472 0.57940936088562012
1642.6975000000093 -0.8397291898727417 0.68587678670883179 0.41193440556526184 0.66216033697128296 -0.85992211103439331 1.0350989103317261 0.35398125648498535 0.56029415130615234
1728.9330000001937 -0.82974201440811157 0.68614768981933594 0.4216676652431488 0.67208665609359741 -0.869221031665802 1.0412971973419189 0.368662029504776 0.56204551458358765
1819.0115000002552 -0.84048932790756226 0.68237501382827759 0.41864621639251709 0.67261946201324463 -0.86759710311889648 1.0305438041687012 0.36024242639541626 0.54301464557647705
1912.310199999949 -0.85653525590896606 0.6822778582572937 0.40946131944656372 0.67048054933547974 -0.88539224863052368 1.0348086357116699 0.35214385390281677 0.54901313781738281
2001.9195999999065 -0.87483996152877808 0.6867414116859436 0.40728539228439331 0.67060929536819458 -0.89983797073364258 1.0429879426956177 0.35567277669906616 0.54889959096908569
