5.8994000002276152 -0.77407407760620117 0.67991501092910767 0.57583296298980713 0.63612967729568481 -0.71468609571456909 1.0019413232803345 0.60202121734619141 0.9595676064491272
100.70439999992959 -0.7907484769821167 0.68413048982620239 0.58091133832931519 0.64102059602737427 -0.72592991590499878 1.0129897594451904 0.60520642995834351 0.96182328462600708
189.37250000005588 -0.783558189868927 0.69232332706451416 0.57066166400909424 0.64219313859939575 -0.7084844708442688 1.0288616418838501 0.60294252634048462 0.96666145324707031
283.96209999988787 -0.78733742237091064 0.6786615252494812 0.57356512546539307 0.63382488489151001 -0.72239762544631958 1.0125548839569092 0.60639119148254395 0.95576024055480957
374.48450000002049 -0.76770853996276855 0.68702393770217896 0.59076327085494995 0.63680344820022583 -0.70695805549621582 1.0198814868927002 0.61087173223495483 0.97220438718795776
470.51460000011139 -0.75620049238204956 0.68670654296875 0.60381191968917847 0.63744509220123291 -0.70156276226043701 1.016260027885437 0.6218525767326355 0.96961855888366699
558.93859999999404 -0.75355935096740723 0.68691867589950562 0.60602420568466187 0.63344776630401611 -0.70389062166213989 1.0160555839538574 0.63311749696731567 0.95437836647033691
654.8511999999173 -0.78115570545196533 0.67843168973922729 0.67843014001846313 0.62462741136550903 -0.71491897106170654 1.0087682008743286 0.71819943189620972 0.98530113697052002
752.86930000013672 -0.79630184173583984 0.66082876920700073 0.77514749765396118 0.61858290433883667 -0.72505056858062744 0.9733130931854248 0.76940286159515381 0.96752262115478516
846.21870000008494 -0.81424731016159058 0.59496545791625977 1.0346421003341675 0.50897759199142456 -0.79319822788238525 0.81142604351043701 1.043013334274292 0.80643165111541748
941.2933999998495 -0.74531251192092896 0.65106523036956787 1.1855098009109497 0.47613826394081116 -0.80692934989929199 0.64488238096237183 1.0187945365905762 0.615253746509552
1037.7931999999564 -0.71010786294937134 0.63776344060897827 1.2264751195907593 0.3148486316204071 -0.78411835432052612 0.3643481433391571 1.0083756446838379 0.31428322196006775
1130.6799999999348 -0.81701529026031494 0.57590818405151367 1.4155696630477905 0.2200072854757309 -0.77879834175109863 0.23248016834259033 0.76869136095046997 0.076033137738704681
1221.0715000000782 -0.64618682861328125 0.50603634119033813 1.2435436248779297 0.10766564309597015 -0.64974528551101685 0.11777422577142715 0.67410838603973389 -0.049591857939958572
1312.9535000000615 -0.70386570692062378 0.52676612138748169 1.3214970827102661 0.082771956920623779 -0.57471942901611328 0.12465720623731613 0.54861950874328613 -0.050794895738363266
1404.2408999998588 -0.62430816888809204 0.52497303485870361 1.2892550230026245 0.081643059849739075 -0.45786404609680176 0.18369756639003754 0.49144229292869568 -0.07054099440574646
1501.3758999998681 -0.74235439300537109 0.52641105651855469 1.2268930673599243 0.094270579516887665 -0.56572026014328003 0.16903470456600189 0.40662577748298645 -0.054125364869832993
1595.5168999996968 -0.81001883745193481 0.46029967069625854 1.1788221597671509 0.081164665520191193 -0.57439357042312622 0.14695526659488678 0.385650634765625 -0.046804599463939667
1690.8466999998782 -0.73813021183013916 0.44700846076011658 1.2187290191650391 0.068086154758930206 -0.56231480836868286 0.13399353623390198 0.38711729645729065 -0.055994652211666107
1787.3044000002556 -0.86502975225448608 0.45165976881980896 1.2287678718566895 0.070345081388950348 -0.59362298250198364 0.1203455850481987 0.40229624509811401 -0.048607319593429565
1887.3314000000246 -0.78284519910812378 0.45700809359550476 1.2182683944702148 0.081918828189373016 -0.60293519496917725 0.13317029178142548 0.42470112442970276 -0.045727808028459549
1978.8343000002205 -0.77921795845031738 0.44638684391975403 1.2193095684051514 0.076092042028903961 -0.58062458038330078 0.13882690668106079 0.41359981894493103 -0.044554442167282104
