65.699600000167266 -0.79105949401855469 0.68417763710021973 0.5659172534942627 0.68131273984909058 -0.73721408843994141 1.004146933555603 0.52156507968902588 1.0147883892059326
149.15240000025369 -0.78163546323776245 0.66753268241882324 0.56886804103851318 0.66883748769760132 -0.73104351758956909 0.98451310396194458 0.53256851434707642 0.99881184101104736
246.54080000007525 -0.79256558418273926 0.68618947267532349 0.58371996879577637 0.6739267110824585 -0.74048537015914917 1.0071803331375122 0.54216563701629639 1.0160064697265625
335.26550000021234 -0.81336277723312378 0.67416691780090332 0.59085112810134888 0.66905540227890015 -0.75425302982330322 0.99057579040527344 0.56010949611663818 1.011384129524231
429.5199000001885 -0.80726498365402222 0.67888247966766357 0.64351063966751099 0.658710777759552 -0.75697839260101318 1.000253438949585 0.6248590350151062 0.99808037281036377
524.65640000044368 -0.79105716943740845 0.66777628660202026 0.68986982107162476 0.64980441331863403 -0.73368823528289795 0.99584841728210449 0.69051742553710938 0.9915696382522583
619.50010000006296 -0.77596437931060791 0.66062664985656738 0.72069519758224487 0.62371337413787842 -0.75354659557342529 0.98093652725219727 0.72303676605224609 0.93637436628341675
711.81640000035986 -0.7782750129699707 0.66758620738983154 0.7588956356048584 0.59060019254684448 -0.71770042181015015 0.98555898666381836 0.60525757074356079 0.73082029819488525
808.01820000004955 -0.77459973096847534 0.67938286066055298 0.7724882960319519 0.61118566989898682 -0.70781427621841431 0.99977225065231323 0.48299244046211243 0.59372079372406006
905.08220000006258 -0.7851291298866272 0.67154324054718018 0.63503700494766235 0.58088970184326172 -0.72322249412536621 0.99556815624237061 0.056672796607017517 0.38028222322463989
992.41300000017509 -0.76937729120254517 0.68329155445098877 0.57567542791366577 0.59231048822402954 -0.70839464664459229 1.018441915512085 0.02481040358543396 0.37820789217948914
1082.9705000002868 -0.78754132986068726 0.6895369291305542 0.47181159257888794 0.60909438133239746 -0.72878158092498779 1.0396890640258789 -0.079329617321491241 0.38310429453849792
1175.1736000000965 -0.78756034374237061 0.6994253396987915 0.47634917497634888 0.60590362548828125 -0.72168886661529541 1.043398380279541 -0.11317997425794601 0.38490346074104309
1268.2624000001233 -0.78594487905502319 0.68177610635757446 0.47357311844825745 0.60461598634719849 -0.73566949367523193 1.0179406404495239 -0.098416857421398163 0.38303297758102417
1364.5065000001341 -0.78648555278778076 0.68995761871337891 0.4828931987285614 0.60511267185211182 -0.73267841339111328 1.0286176204681396 -0.10232704877853394 0.3816315233707428
1457.2097000002395 -0.77268314361572266 0.68270808458328247 0.46844464540481567 0.6030881404876709 -0.70663619041442871 1.0193943977355957 -0.081285625696182251 0.38784641027450562
1547.7263000002131 -0.76880824565887451 0.68237799406051636 0.48299011588096619 0.60677313804626465 -0.71521252393722534 1.0245728492736816 -0.063236035406589508 0.39032208919525146
1634.3351000002585 -0.77112430334091187 0.67789483070373535 0.48930492997169495 0.60040700435638428 -0.71065926551818848 1.0170953273773193 -0.063791558146476746 0.39156726002693176
1730.4095000002999 -0.76401716470718384 0.68141251802444458 0.48468637466430664 0.60852855443954468 -0.70479130744934082 1.0242207050323486 -0.0648212730884552 0.39291167259216309
1826.3671000001486 -0.77120715379714966 0.67438441514968872 0.49012953042984009 0.60491490364074707 -0.72363036870956421 1.0088200569152832 -0.079752646386623383 0.38572311401367188
1924.5206000003964 -0.77643090486526489 0.67506647109985352 0.47813138365745544 0.60196244716644287 -0.72529953718185425 1.014382004737854 -0.05833246186375618 0.39147824048995972
