26.914300000295043 -0.70524370670318604 0.65697598457336426 0.62788605690002441 0.67082881927490234 -0.67460018396377563 0.99843734502792358 0.58260089159011841 0.98953074216842651
112.26270000264049 -0.70404511690139771 0.66469621658325195 0.61404234170913696 0.67475110292434692 -0.66982847452163696 1.0080931186676025 0.57097333669662476 0.99414527416229248
197.28850000165403 -0.68272960186004639 0.66274464130401611 0.63285255432128906 0.67672848701477051 -0.65738195180892944 1.0109069347381592 0.59336382150650024 0.99341171979904175
283.4812000002712 -0.69347465038299561 0.65514951944351196 0.62910258769989014 0.665444016456604 -0.66272127628326416 0.9943956732749939 0.57950019836425781 0.97635418176651001
369.63320000097156 -0.72396427392959595 0.65543985366821289 0.61255651712417603 0.65979200601577759 -0.68977302312850952 1.0023747682571411 0.61605679988861084 0.97328698635101318
455.60050000064075 -0.75073927640914917 0.66261059045791626 0.69194918870925903 0.67267888784408569 -0.74396061897277832 1.0260382890701294 0.72958999872207642 0.98988628387451172
540.14650000073016 -0.81580835580825806 0.62075656652450562 0.79653275012969971 0.61992990970611572 -0.84868103265762329 0.9396594762802124 0.89557063579559326 0.93956547975540161
625.8205000013113 -0.87071704864501953 0.60113447904586792 0.96716642379760742 0.56884664297103882 -1.0392251014709473 0.83550101518630981 1.087505578994751 0.86188620328903198
709.71970000118017 -0.85328739881515503 0.64306986331939697 1.1751766204833984 0.50411999225616455 -0.9615207314491272 0.51272004842758179 0.97453534603118896 0.5839850902557373
795.55220000073314 -0.84544968605041504 0.63103592395782471 1.2199597358703613 0.43902882933616638 -0.86019182205200195 0.41425344347953796 0.73196142911911011 0.41276520490646362
883.00270000100136 -0.90400761365890503 0.5965610146522522 1.2032339572906494 0.43135660886764526 -0.82737308740615845 0.2987152636051178 0.78923147916793823 0.33749327063560486
975.32090000063181 -0.79011434316635132 0.58606719970703125 0.99534314870834351 0.36430230736732483 -0.55898892879486084 0.2624603807926178 0.44463962316513062 0.2276187539100647
1060.0652999989688 -0.75727236270904541 0.57388001680374146 0.87673103809356689 0.34792006015777588 -0.43285536766052246 0.27857500314712524 0.33668407797813416 0.22799776494503021
1149.0340000018477 -0.7975427508354187 0.59463685750961304 0.96086776256561279 0.35436174273490906 -0.41871905326843262 0.29974767565727234 0.38228064775466919 0.23441149294376373
1233.6366000007838 -0.81033545732498169 0.60621792078018188 0.89135396480560303 0.35692882537841797 -0.49177789688110352 0.31629014015197754 0.33578979969024658 0.25348195433616638
1318.9078000020236 -0.8097609281539917 0.61209297180175781 0.90774738788604736 0.35886642336845398 -0.47792729735374451 0.31804636120796204 0.36169549822807312 0.25558587908744812
1407.7090000007302 -0.83254754543304443 0.59800398349761963 0.90892481803894043 0.35123008489608765 -0.52482789754867554 0.31173306703567505 0.35012015700340271 0.25179001688957214
1493.1733999997377 -0.80508780479431152 0.60072857141494751 0.912567138671875 0.35140463709831238 -0.4978213906288147 0.30772951245307922 0.35308399796485901 0.24313646554946899
1577.5918000023812 -0.80353063344955444 0.59569323062896729 0.90824240446090698 0.34871360659599304 -0.49814882874488831 0.30603638291358948 0.36024689674377441 0.23812240362167358
1663.9637000001967 -0.80355042219161987 0.58954620361328125 0.9207422137260437 0.34175699949264526 -0.45832425355911255 0.29447904229164124 0.39793846011161804 0.24036547541618347
1745.9797000009567 -0.78691583871841431 0.59569889307022095 0.92972284555435181 0.34503275156021118 -0.43405571579933167 0.29202514886856079 0.36118265986442566 0.23273304104804993
1835.3173000011593 -0.78831815719604492 0.59631317853927612 0.90955519676208496 0.35107702016830444 -0.44892185926437378 0.29921805858612061 0.3560279905796051 0.24422095715999603
1918.1255000010133 -0.77991759777069092 0.59332549571990967 0.95550316572189331 0.35078269243240356 -0.43651828169822693 0.29957890510559082 0.36613243818283081 0.23721221089363098
