43.071900002658367 -0.72488862276077271 0.60839933156967163 0.55157136917114258 0.61963242292404175 -0.66115069389343262 0.91925019025802612 0.58079403638839722 0.90967100858688354
143.98010000027716 -0.71155446767807007 0.59443241357803345 0.53185027837753296 0.61370837688446045 -0.65042722225189209 0.903694748878479 0.55628812313079834 0.9052424430847168
245.18100000172853 -0.6874428391456604 0.5870320200920105 0.52954566478729248 0.60399508476257324 -0.62863332033157349 0.89607906341552734 0.56417953968048096 0.90092921257019043
343.21410000137985 -0.70549690723419189 0.57773447036743164 0.53664052486419678 0.60437846183776855 -0.63524657487869263 0.88543492555618286 0.56426578760147095 0.89875346422195435
441.63199999928474 -0.68616420030593872 0.58843934535980225 0.55087661743164063 0.60291141271591187 -0.64704680442810059 0.89039921760559082 0.68923932313919067 0.87974894046783447
537.83750000037253 -0.73088973760604858 0.59385907649993896 0.63225781917572021 0.59078508615493774 -0.69850289821624756 0.89951694011688232 0.81404906511306763 0.87168240547180176
637.8031999990344 -0.78167480230331421 0.56972610950469971 0.68800896406173706 0.57389134168624878 -0.8796534538269043 0.87411028146743774 0.9488036036491394 0.86844086647033691
736.55310000292957 -1.0619204044342041 0.48421546816825867 1.055245041847229 0.44078156352043152 -1.4464240074157715 0.73932754993438721 1.8186160326004028 0.64575469493865967
831.77040000073612 -1.1197553873062134 0.4117620587348938 1.1405439376831055 0.36518043279647827 -1.5923804044723511 0.52762508392333984 1.9502415657043457 0.48104760050773621
928.97059999965131 -1.2333060503005981 0.22048281133174896 1.1301722526550293 0.20778173208236694 -1.7511439323425293 0.1785861998796463 1.9621555805206299 0.10181179642677307
1035.9041999988258 -1.3214045763015747 0.13563565909862518 1.1475119590759277 0.10923080146312714 -1.7456851005554199 0.00052174320444464684 1.9247503280639648 -0.061127439141273499
1143.0951000005007 -1.1437945365905762 0.033608321100473404 0.99088746309280396 0.01291170809417963 -1.4909055233001709 -0.23710548877716064 1.4567159414291382 -0.27360367774963379
1246.9469000026584 -1.1482032537460327 -0.061671864241361618 1.06151282787323 0.029413595795631409 -1.2115178108215332 -0.3455204963684082 1.1249535083770752 -0.2670910656452179
1343.6696000024676 -1.1874313354492188 -0.085334129631519318 1.0452544689178467 -0.06124429777264595 -0.96075892448425293 -0.34157419204711914 0.88127785921096802 -0.31191131472587585
1447.0023000035435 -0.99440044164657593 -0.12646147608757019 1.0784748792648315 -0.075565733015537262 -0.71746265888214111 -0.31539478898048401 0.74711954593658447 -0.30523484945297241
1548.0550000015646 -0.910148024559021 -0.11917328834533691 1.0386090278625488 -0.082840822637081146 -0.55698984861373901 -0.30194064974784851 0.61246901750564575 -0.27847817540168762
1647.9817000031471 -0.89900237321853638 -0.11315490305423737 1.0294879674911499 -0.082764171063899994 -0.51439285278320313 -0.29965505003929138 0.31808730959892273 -0.29137986898422241
1748.7295999992639 -0.90422791242599487 -0.11429781466722488 1.0434809923171997 -0.087112858891487122 -0.45585381984710693 -0.31308180093765259 0.2987811267375946 -0.2917143702507019
1845.1251000016928 -0.86905217170715332 -0.11534535139799118 1.0100209712982178 -0.088533081114292145 -0.48118647933006287 -0.30472081899642944 0.55861937999725342 -0.28274941444396973
1944.8451000005007 -0.87185639142990112 -0.11970175057649612 1.0283615589141846 -0.080972939729690552 -0.47511687874794006 -0.30497902631759644 0.54991030693054199 -0.28532993793487549
