43.009000001475215 -0.78324747085571289 0.63479208946228027 0.56485581398010254 0.61193418502807617 -0.71996843814849854 0.95877522230148315 0.60710340738296509 0.94181531667709351
149.08119999989867 -0.74114984273910522 0.64263564348220825 0.55773037672042847 0.60883301496505737 -0.72144579887390137 0.94884210824966431 0.58859020471572876 0.94132000207901001
250.51849999837577 -0.7297784686088562 0.63924378156661987 0.55028015375137329 0.60441666841506958 -0.71386659145355225 0.94753926992416382 0.58749997615814209 0.93591666221618652
350.81119999848306 -0.70469743013381958 0.64302194118499756 0.56174671649932861 0.6062203049659729 -0.68560111522674561 0.94590514898300171 0.61141496896743774 0.93481183052062988
449.1271000020206 -0.73744231462478638 0.63958686590194702 0.5638730525970459 0.60796248912811279 -0.70695793628692627 0.94736784696578979 0.59693068265914917 0.94032758474349976
548.84739999845624 -0.72752690315246582 0.65380805730819702 0.58154469728469849 0.60119599103927612 -0.71149790287017822 0.96148663759231567 0.62284892797470093 0.93988704681396484
644.00109999813139 -0.75214117765426636 0.65796184539794922 0.65512359142303467 0.61085778474807739 -0.85913777351379395 0.98483788967132568 0.74847102165222168 0.93144375085830688
743.03429999947548 -0.96647655963897705 0.56615942716598511 0.99809777736663818 0.53779023885726929 -1.3636957406997681 0.84276467561721802 1.5539592504501343 0.77003324031829834
845.5432999972254 -1.2695879936218262 0.49856173992156982 1.1799821853637695 0.43374371528625488 -1.7393611669540405 0.6702008843421936 1.8000811338424683 0.53233844041824341
948.00569999963045 -1.3742125034332275 0.20356759428977966 1.2514387369155884 0.1984974592924118 -1.7117152214050293 0.13964864611625671 2.0105020999908447 0.057618081569671631
1053.1644999980927 -1.1499016284942627 0.084765814244747162 1.2198388576507568 0.094548091292381287 -1.6217997074127197 -0.13495038449764252 1.785408616065979 -0.18643520772457123
1152.7453999985009 -1.0609040260314941 -0.078769005835056305 0.91841870546340942 -0.081257522106170654 -0.92714089155197144 -0.37926521897315979 0.89849376678466797 -0.38398730754852295
1249.0133999995887 -1.0706709623336792 -0.11020711809396744 0.90033185482025146 -0.085315138101577759 -0.8384208083152771 -0.39583483338356018 0.74950218200683594 -0.37823295593261719
1350.6975000016391 -1.0023514032363892 -0.13693252205848694 0.88231199979782104 -0.12558913230895996 -0.69966214895248413 -0.36663120985031128 0.34390538930892944 -0.37291181087493896
1453.337899999693 -1.0073744058609009 -0.13138219714164734 0.91863471269607544 -0.11333353072404861 -0.66957259178161621 -0.34715443849563599 0.43219977617263794 -0.32556545734405518
1554.9997999984771 -0.99829840660095215 -0.13511143624782562 0.93321293592453003 -0.11821979284286499 -0.62435638904571533 -0.35024362802505493 0.3910699188709259 -0.33071276545524597
1654.5924999974668 -0.96275103092193604 -0.1296192854642868 0.89328891038894653 -0.11549753695726395 -0.62237423658370972 -0.34184488654136658 0.41934230923652649 -0.32703280448913574
1756.8619000017643 -0.99789530038833618 -0.1352466493844986 0.87908071279525757 -0.13237784802913666 -0.629405677318573 -0.34906685352325439 0.37973594665527344 -0.33198532462120056
1859.3551000002772 -0.96636706590652466 -0.13302241265773773 0.8657757043838501 -0.13521511852741241 -0.6033095121383667 -0.35072165727615356 0.37423533201217651 -0.34001713991165161
1961.7043000012636 -0.96749430894851685 -0.12527984380722046 0.8651578426361084 -0.12016793340444565 -0.60616111755371094 -0.3360302746295929 0.32796454429626465 -0.33942756056785583
