62.728800000622861 -0.81571346521377563 0.6735612154006958 0.57286852598190308 0.66493552923202515 -0.77475094795227051 1.0430973768234253 0.6053997278213501 1.0271443128585815
180.10749999992549 -0.82224386930465698 0.66704833507537842 0.56456780433654785 0.65824586153030396 -0.78357797861099243 1.0336142778396606 0.58987599611282349 1.0184398889541626
295.71649999916553 -0.8258659839630127 0.6686708927154541 0.5452808141708374 0.66222316026687622 -0.7918550968170166 1.0384763479232788 0.58602339029312134 1.0210607051849365
420.54930000007153 -0.78609770536422729 0.66372573375701904 0.63379973173141479 0.66959357261657715 -0.88894110918045044 1.0264602899551392 0.81247735023498535 1.013080358505249
537.89419999904931 -0.97774285078048706 0.63154947757720947 0.90837615728378296 0.6374976634979248 -1.2987813949584961 0.96637052297592163 1.3273499011993408 0.96647721529006958
651.12709999829531 -1.0910323858261108 0.56097686290740967 1.1443221569061279 0.54374456405639648 -1.7517467737197876 0.8583444356918335 1.9170523881912231 0.83439910411834717
775.42210000008345 -1.3456977605819702 0.4116203784942627 1.3967945575714111 0.34401044249534607 -2.1412529945373535 0.4590473473072052 2.4054701328277588 0.36053478717803955
899.5168999992311 -1.2138479948043823 0.20389808714389801 1.2690556049346924 0.12737616896629333 -2.0117933750152588 0.048687532544136047 1.9370410442352295 -0.064178474247455597
1013.7678999993951 -1.2197616100311279 0.047424100339412689 1.1142762899398804 0.041507173329591751 -1.6183222532272339 -0.19367411732673645 1.5335862636566162 -0.26633268594741821
1132.6457000002265 -1.069263219833374 -0.027177086099982262 1.0377035140991211 0.015480059199035168 -0.99085026979446411 -0.33134961128234863 1.0802266597747803 -0.34560433030128479
1254.1588000003248 -0.97749263048171997 -0.070676311850547791 0.9456489086151123 -0.01752019114792347 -0.74755436182022095 -0.35482066869735718 0.89967203140258789 -0.35849151015281677
1378.3439000006765 -0.97226744890213013 -0.085429348051548004 0.93463081121444702 -0.064786851406097412 -0.6610722541809082 -0.39241024851799011 0.67035061120986938 -0.43072959780693054
1490.3950000014156 -1.0107617378234863 -0.076284661889076233 0.93206733465194702 -0.069400452077388763 -0.69908922910690308 -0.40219733119010925 0.64126509428024292 -0.42101263999938965
1613.0218000002205 -1.0095661878585815 -0.075416840612888336 0.93197429180145264 -0.066478967666625977 -0.69010120630264282 -0.40022727847099304 0.637809157371521 -0.42432454228401184
1738.0192999988794 -1.0386577844619751 -0.082369454205036163 0.8904309868812561 -0.067901365458965302 -0.72429043054580688 -0.40513166785240173 0.62439018487930298 -0.37827268242835999
1860.4962999988347 -1.0474492311477661 -0.082026533782482147 0.89045995473861694 -0.069665201008319855 -0.74013638496398926 -0.39726468920707703 0.59291523694992065 -0.37814971804618835
1979.2824999988079 -1.0327435731887817 -0.076997138559818268 0.8827284574508667 -0.063616096973419189 -0.73062574863433838 -0.38117608428001404 0.60794055461883545 -0.36945006251335144
