30.41780000180006 -0.70293974876403809 0.68395280838012695 0.6168784499168396 0.69878208637237549 -0.75664973258972168 1.0152682065963745 0.56766372919082642 1.0336756706237793
141.44990000128746 -0.71185052394866943 0.68553829193115234 0.60670405626296997 0.69740074872970581 -0.76457852125167847 1.0148060321807861 0.5421033501625061 1.0312232971191406
248.2964000031352 -0.71137422323226929 0.69074559211730957 0.61790120601654053 0.69801038503646851 -0.74620819091796875 1.0079251527786255 0.5583462119102478 1.0236115455627441
366.85270000249147 -0.71905803680419922 0.68757188320159912 0.60914760828018188 0.69698387384414673 -0.77823555469512939 1.0142450332641602 0.5510401725769043 1.0321940183639526
479.76160000264645 -0.7215544581413269 0.68529129028320313 0.60898160934448242 0.69498246908187866 -0.67713147401809692 1.0073099136352539 0.54690808057785034 1.0193967819213867
592.94320000335574 -0.74083662033081055 0.67257440090179443 0.69034868478775024 0.68655753135681152 -0.73171287775039673 1.0088683366775513 0.67958313226699829 1.0261720418930054
698.64410000294447 -0.96893769502639771 0.61094897985458374 0.895782470703125 0.58654105663299561 -1.0925540924072266 0.92165833711624146 1.1340987682342529 0.9001319408416748
808.06560000032187 -1.1668893098831177 0.45366063714027405 1.2944576740264893 0.48853480815887451 -1.7868877649307251 0.69146978855133057 1.9163988828659058 0.6418229341506958
911.79100000113249 -1.2361444234848022 0.32016760110855103 1.2330493927001953 0.32684692740440369 -1.9284775257110596 0.39956524968147278 2.0232841968536377 0.30713847279548645
1012.1583000011742 -1.2885130643844604 0.28424912691116333 1.2010715007781982 0.27094626426696777 -2.0197975635528564 0.25630417466163635 1.9930068254470825 0.14789605140686035
1111.4124000035226 -1.3146141767501831 0.30474394559860229 1.2540585994720459 0.28594404458999634 -1.9549698829650879 0.17386281490325928 1.8796751499176025 0.13711459934711456
1217.6665000021458 -1.1952284574508667 0.40786045789718628 1.2337024211883545 0.39001378417015076 -1.9074602127075195 0.34228157997131348 1.9929863214492798 0.29121041297912598
1325.5307000018656 -1.0263895988464355 0.50111514329910278 1.0394238233566284 0.53936797380447388 -1.6862102746963501 0.683479905128479 1.9044500589370728 0.65683066844940186
1432.1191999986768 -0.9308161735534668 0.63804757595062256 0.83635860681533813 0.60929852724075317 -1.2801284790039063 0.9427066445350647 1.2888529300689697 0.88173043727874756
1542.29810000211 -0.78135824203491211 0.67594832181930542 0.75584602355957031 0.66224557161331177 -0.93596893548965454 1.0558526515960693 1.1180950403213501 1.0161499977111816
1661.6315999999642 -0.98176670074462891 0.62854403257369995 0.90247845649719238 0.57862383127212524 -1.2490706443786621 0.95444720983505249 1.3712241649627686 0.8645474910736084
1770.577500000596 -1.1597250699996948 0.454742431640625 1.2589088678359985 0.49734237790107727 -1.8559114933013916 0.70725476741790771 2.0688576698303223 0.65100735425949097
1889.2454000003636 -1.1133817434310913 0.3688092827796936 1.1510435342788696 0.35924330353736877 -1.8117647171020508 0.48769262433052063 1.9373012781143188 0.4015667736530304
1995.3305000029504 -1.3127280473709106 0.24680319428443909 1.1820447444915771 0.2551003098487854 -2.0344996452331543 0.18454498052597046 1.9833871126174927 0.16389091312885284
