602.5718999998644 -0.84965038299560547 0.62363862991333008 0.66451805830001831 0.66359603404998779 -0.95201224088668823 1.0345412492752075 0.66519427299499512 1.0338828563690186
947.09159999992698 -0.91942435503005981 0.62937319278717041 1.2705804109573364 0.29269036650657654 -1.0282121896743774 1.0285396575927734 2.4201223850250244 0.17783018946647644
1073.0184000004083 -0.9195713996887207 0.67715811729431152 1.0099915266036987 0.012515881098806858 -1.0600488185882568 1.0495688915252686 1.1827232837677002 -0.18044470250606537
1194.8725000005215 -0.79965662956237793 0.65519201755523682 0.89409840106964111 -0.028989877551794052 -0.84346926212310791 1.039734959602356 0.97347736358642578 -0.22274786233901978
1306.3062000004575 -0.77219349145889282 0.63898330926895142 0.91476261615753174 -0.025840660557150841 -0.81565982103347778 1.0057415962219238 0.96946167945861816 -0.21095849573612213
1409.6138000003994 -0.78381353616714478 0.6481592059135437 1.0092602968215942 -0.01699378713965416 -0.83170801401138306 1.0185858011245728 1.0376497507095337 -0.20533514022827148
1520.1483000004664 -0.73220247030258179 0.66298341751098633 0.94752991199493408 -0.028953729197382927 -0.79439753293991089 1.0381559133529663 0.86841076612472534 -0.24982433021068573
1630.322399999015 -0.75014525651931763 0.63932311534881592 0.91953581571578979 -0.032499615103006363 -0.82449793815612793 0.9989398717880249 0.86028975248336792 -0.26260247826576233
1743.9339000005275 -0.84116965532302856 0.64753633737564087 1.0228301286697388 -0.038567632436752319 -0.92165786027908325 1.0175865888595581 0.88733607530593872 -0.25826692581176758
1854.9673999994993 -0.7443079948425293 0.65086847543716431 0.91508853435516357 -0.021751256659626961 -0.81044864654541016 1.0200650691986084 0.83170181512832642 -0.23735933005809784
1967.7023000009358 -0.79735666513442993 0.63962757587432861 0.95194453001022339 -0.020400943234562874 -0.86305099725723267 1.017544150352478 0.88077819347381592 -0.24494911730289459
