4.9451999999582767 -0.79994654655456543 0.66286450624465942 0.53956037759780884 0.68043190240859985 -0.67855280637741089 1.0405389070510864 0.5238950252532959 1.0659536123275757
111.36340000107884 -0.8192288875579834 0.66002339124679565 0.5337214469909668 0.68501752614974976 -0.68414360284805298 1.0432583093643188 0.52007550001144409 1.0700685977935791
220.35400000214577 -0.78818154335021973 0.66795986890792847 0.5310322642326355 0.68323546648025513 -0.67375737428665161 1.0469015836715698 0.51028388738632202 1.0702494382858276
324.10659999772906 -0.81408393383026123 0.65442836284637451 0.54176843166351318 0.68999052047729492 -0.68408083915710449 1.0293858051300049 0.53957653045654297 1.0717591047286987
435.49640000239015 -0.8054656982421875 0.6486700177192688 0.56803256273269653 0.67821806669235229 -0.69205445051193237 1.0168211460113525 0.58468621969223022 1.0525044202804565
535.3370000012219 -0.83599710464477539 0.62809139490127563 0.69845807552337646 0.63647365570068359 -0.94095528125762939 0.98242348432540894 0.86871743202209473 0.98671293258666992
640.11879999935627 -1.0610231161117554 0.57758653163909912 1.0498322248458862 0.53061038255691528 -1.6624902486801147 0.82738387584686279 1.7036747932434082 0.82231515645980835
744.96360000222921 -1.1988812685012817 0.49381741881370544 1.1722089052200317 0.46153420209884644 -1.9520308971405029 0.66195821762084961 2.0025112628936768 0.61296844482421875
849.94839999824762 -1.3210850954055786 0.20898038148880005 1.2423169612884521 0.21987639367580414 -2.0107512474060059 0.10802031308412552 1.9366939067840576 0.082452446222305298
952.59329999983311 -1.3310447931289673 0.069991827011108398 1.1041011810302734 0.10236029326915741 -1.9055004119873047 -0.11566255241632462 1.6803721189498901 -0.16770824790000916
1046.2701000012457 -1.1342329978942871 -0.063888080418109894 1.0203633308410645 -0.01992868073284626 -1.2861528396606445 -0.43869698047637939 1.1919602155685425 -0.38253730535507202
1143.9523000009358 -1.2594566345214844 -0.10626901686191559 1.1497894525527954 -0.049967624247074127 -1.0882186889648438 -0.43682658672332764 1.0094578266143799 -0.37435951828956604
1241.1053000018001 -1.0771685838699341 -0.12220987677574158 0.97182542085647583 -0.13814669847488403 -0.57976096868515015 -0.43817263841629028 0.34277871251106262 -0.44700419902801514
1336.9162000007927 -1.0860403776168823 -0.11976055800914764 0.95631015300750732 -0.15494295954704285 -0.54479140043258667 -0.4438287615776062 0.27702677249908447 -0.47035878896713257
1443.5722000002861 -1.034636378288269 -0.11970741301774979 0.9034082293510437 -0.17110370099544525 -0.49663841724395752 -0.45401030778884888 0.19169747829437256 -0.48465341329574585
1544.3507000021636 -1.0288363695144653 -0.12371387332677841 0.90934646129608154 -0.16273614764213562 -0.4918685257434845 -0.4513113796710968 0.22976972162723541 -0.4890705943107605
1647.7322000004351 -1.0496295690536499 -0.12095122039318085 0.94271653890609741 -0.1580231785774231 -0.46267208456993103 -0.45793509483337402 0.25803080201148987 -0.49695801734924316
1753.2161000035703 -1.0172989368438721 -0.11889584362506866 0.93911570310592651 -0.15687903761863708 -0.45187759399414063 -0.45273852348327637 0.27554327249526978 -0.49103435873985291
1858.5822999998927 -1.0123984813690186 -0.12385883927345276 0.95662277936935425 -0.16237322986125946 -0.44307225942611694 -0.45644143223762512 0.28594523668289185 -0.49924993515014648
1958.3778000026941 -1.0328624248504639 -0.12246793508529663 0.94036662578582764 -0.16083128750324249 -0.47682714462280273 -0.44867369532585144 0.2563450038433075 -0.4820885956287384
