70.47580000013113 -0.79084557294845581 0.66544526815414429 0.5764508843421936 0.68460214138031006 -0.7500075101852417 1.0101630687713623 0.52126014232635498 1.017870306968689
152.83110000006855 -0.78388547897338867 0.66821169853210449 0.59080642461776733 0.68748301267623901 -0.75166511535644531 1.0217512845993042 0.54206806421279907 1.0234849452972412
237.12659999914467 -0.77662575244903564 0.66939324140548706 0.57855415344238281 0.69188433885574341 -0.7400093674659729 1.0203602313995361 0.52407306432723999 1.0290553569793701
321.75430000014603 -0.77677881717681885 0.6677476167678833 0.57723844051361084 0.68542557954788208 -0.74146109819412231 1.0231912136077881 0.5210689902305603 1.0172046422958374
407.34839999862015 -0.76358234882354736 0.66980159282684326 0.61070138216018677 0.68360847234725952 -0.73401516675949097 1.0298283100128174 0.51913106441497803 1.0200583934783936
493.9144999999553 -0.74554741382598877 0.66079747676849365 0.61125093698501587 0.67072635889053345 -0.72028821706771851 1.0068145990371704 0.46265104413032532 0.9909287691116333
580.64939999952912 -0.75950133800506592 0.65885156393051147 0.6202206015586853 0.65811622142791748 -0.72508317232131958 1.007224440574646 0.38899099826812744 0.95910435914993286
669.48429999873042 -0.77117222547531128 0.63582742214202881 0.59548032283782959 0.642250657081604 -0.73614078760147095 0.96618276834487915 -0.074821829795837402 0.85466659069061279
757.17299999855459 -0.82253503799438477 0.65895968675613403 0.54566860198974609 0.62332355976104736 -0.79374116659164429 0.97845375537872314 -0.19862137734889984 0.75139480829238892
842.62470000050962 -0.85838961601257324 0.65608870983123779 0.31375667452812195 0.62806022167205811 -0.81606239080429077 0.97658532857894897 -0.55027377605438232 0.58797740936279297
936.34679999947548 -0.86775743961334229 0.64178621768951416 0.2584473192691803 0.59944617748260498 -0.8332831859588623 0.98889952898025513 -0.52266597747802734 0.5110018253326416
1018.7870000004768 -0.93530189990997314 0.64733237028121948 0.21422939002513885 0.59744930267333984 -0.90333175659179688 1.0017672777175903 -0.65144103765487671 0.42711788415908813
1104.1710999999195 -0.92788243293762207 0.65041917562484741 0.24860808253288269 0.59425640106201172 -0.91267281770706177 1.0075026750564575 -0.65599018335342407 0.44602081179618835
1188.9044000022113 -0.92599207162857056 0.67672336101531982 0.25443875789642334 0.59671628475189209 -0.92554730176925659 1.0189764499664307 -0.65419930219650269 0.45060715079307556
1273.0200999993831 -0.92381560802459717 0.65991419553756714 0.2502841055393219 0.61368077993392944 -0.92194259166717529 1.022972583770752 -0.65173560380935669 0.46187460422515869
1358.4462999999523 -0.88753831386566162 0.65665525197982788 0.25098174810409546 0.61503636837005615 -0.88391149044036865 1.0167311429977417 -0.63044410943984985 0.46163782477378845
1444.8357999976724 -0.85784792900085449 0.65529835224151611 0.2818085253238678 0.60559695959091187 -0.8471827507019043 1.0190213918685913 -0.60103464126586914 0.45638230443000793
1532.086799999699 -0.86070477962493896 0.65838712453842163 0.28510385751724243 0.61095595359802246 -0.85954302549362183 1.0249274969100952 -0.59848576784133911 0.453215092420578
1622.1516999993473 -0.88561588525772095 0.66965973377227783 0.26743888854980469 0.61918377876281738 -0.87655913829803467 1.0341495275497437 -0.63773977756500244 0.46833103895187378
1711.5128999985754 -0.88044214248657227 0.6533513069152832 0.26254239678382874 0.60554033517837524 -0.87401562929153442 1.0109400749206543 -0.61094385385513306 0.46704062819480896
1798.7480999995023 -0.88343548774719238 0.66427153348922729 0.2672291100025177 0.61773777008056641 -0.87725406885147095 1.032107949256897 -0.62041443586349487 0.4689902663230896
1883.6981000006199 -0.87812381982803345 0.65998715162277222 0.26599907875061035 0.61307156085968018 -0.88302898406982422 1.0159376859664917 -0.63942050933837891 0.47058466076850891
1969.1548000015318 -0.87926632165908813 0.69445455074310303 0.27505439519882202 0.62287718057632446 -0.86572474241256714 1.0289300680160522 -0.6260911226272583 0.47237047553062439
