58.924000000581145 -0.73755890130996704 0.6576191782951355 0.55333292484283447 0.6579468846321106 -0.67799073457717896 1.0258796215057373 0.58340859413146973 0.98988646268844604
146.55649999901652 -0.74856549501419067 0.65758472681045532 0.55304861068725586 0.66344326734542847 -0.671333909034729 1.0258208513259888 0.57468348741531372 0.9981156587600708
235.72949999757111 -0.71374416351318359 0.66117048263549805 0.58098244667053223 0.66418969631195068 -0.65729117393493652 1.0347988605499268 0.59672361612319946 1.0026180744171143
322.30829999782145 -0.71689844131469727 0.65150481462478638 0.57020062208175659 0.65695178508758545 -0.65497696399688721 1.0204355716705322 0.60425680875778198 0.98568612337112427
409.77039999887347 -0.7228548526763916 0.65979713201522827 0.59980869293212891 0.66598343849182129 -0.65540170669555664 1.030595064163208 0.57529258728027344 1.0031998157501221
496.87979999929667 -0.68629693984985352 0.65243768692016602 0.66945469379425049 0.63720369338989258 -0.63653433322906494 1.017900824546814 0.60534417629241943 0.90935516357421875
586.67620000056922 -0.71664506196975708 0.66848498582839966 0.62458044290542603 0.6634412407875061 -0.66710615158081055 1.0320993661880493 0.30413967370986938 0.77145856618881226
674.97419999912381 -0.68557906150817871 0.65330374240875244 0.67460250854492188 0.65387994050979614 -0.66845828294754028 1.020438551902771 0.20294438302516937 0.63789898157119751
761.23639999888837 -0.68333661556243896 0.67281931638717651 0.60918009281158447 0.63577836751937866 -0.7075042724609375 1.050898551940918 0.046607676893472672 0.48675867915153503
849.57239999994636 -0.73452413082122803 0.66873425245285034 0.54549354314804077 0.62383925914764404 -0.73221766948699951 1.0463844537734985 0.042518582195043564 0.43279516696929932
933.93060000054538 -0.72933077812194824 0.67051160335540771 0.5236666202545166 0.63290649652481079 -0.7053675651550293 1.0557920932769775 -0.042095176875591278 0.4355294406414032
1018.5541999991983 -0.73722052574157715 0.66663384437561035 0.51749789714813232 0.63187998533248901 -0.71459990739822388 1.0561308860778809 -0.060828827321529388 0.4210989773273468
1105.0663999989629 -0.74400538206100464 0.66606760025024414 0.52042126655578613 0.62826418876647949 -0.7229570746421814 1.0529383420944214 -0.075419902801513672 0.41204237937927246
1189.9672999978065 -0.73764240741729736 0.66237884759902954 0.52191627025604248 0.62438285350799561 -0.73145723342895508 1.0565865039825439 -0.062454890459775925 0.4066540002822876
1283.8411999978125 -0.74533605575561523 0.66572606563568115 0.53173357248306274 0.62994372844696045 -0.73505431413650513 1.0557729005813599 -0.064906813204288483 0.41541647911071777
1367.6999999973923 -0.74653363227844238 0.66722393035888672 0.52398896217346191 0.63412004709243774 -0.73539835214614868 1.0571746826171875 -0.066918998956680298 0.41793444752693176
1454.8426999989897 -0.74531060457229614 0.66087806224822998 0.53831958770751953 0.63535082340240479 -0.72852563858032227 1.0592254400253296 -0.046012300997972488 0.41324877738952637
1537.4062999989837 -0.74306285381317139 0.6610032320022583 0.54405975341796875 0.63254249095916748 -0.73413568735122681 1.0571280717849731 -0.053670868277549744 0.41146433353424072
1623.9873999990523 -0.75293111801147461 0.66291266679763794 0.53141582012176514 0.6304360032081604 -0.73850679397583008 1.0556715726852417 -0.049948617815971375 0.4122835099697113
1708.4123999979347 -0.75062817335128784 0.65420264005661011 0.53962749242782593 0.63206225633621216 -0.73987281322479248 1.0493394136428833 -0.0457809679210186 0.40483295917510986
1796.819699998945 -0.73095589876174927 0.65828782320022583 0.53742331266403198 0.6291581392288208 -0.71179491281509399 1.0519351959228516 -0.034146081656217575 0.40929043292999268
1880.193599998951 -0.75140583515167236 0.65661168098449707 0.52311515808105469 0.63577353954315186 -0.7457040548324585 1.0577324628829956 -0.042421769350767136 0.41877958178520203
1965.8399000000209 -0.7307477593421936 0.66029435396194458 0.54668682813644409 0.63435566425323486 -0.71592354774475098 1.0499595403671265 -0.040016718208789825 0.40426895022392273
