4.8777999989688396 -0.81639456748962402 0.68104749917984009 0.58289057016372681 0.66599148511886597 -0.80544203519821167 1.0452936887741089 0.53976643085479736 0.99638813734054565
90.322699999436736 -0.79860621690750122 0.67949420213699341 0.5815010666847229 0.66423618793487549 -0.79612725973129272 1.0411511659622192 0.54070067405700684 0.99759191274642944
176.54269999824464 -0.799111008644104 0.68087607622146606 0.57736712694168091 0.66642016172409058 -0.78951001167297363 1.0418870449066162 0.53408020734786987 0.99846398830413818
258.45109999924898 -0.80338072776794434 0.67555350065231323 0.57688188552856445 0.66571968793869019 -0.79569661617279053 1.038212776184082 0.53838014602661133 1.0039243698120117
338.20029999688268 -0.78170245885848999 0.68215203285217285 0.5934441089630127 0.66890609264373779 -0.77623510360717773 1.0479062795639038 0.56386846303939819 1.0147043466567993
427.13939999975264 -0.81360852718353271 0.67989420890808105 0.57032614946365356 0.66765093803405762 -0.80919206142425537 1.0370893478393555 0.54736036062240601 1.0069824457168579
515.23229999653995 -0.81095123291015625 0.6830592155456543 0.58922690153121948 0.68220633268356323 -0.81060266494750977 1.0405175685882568 0.61234945058822632 1.0431554317474365
601.84069999679923 -0.84193456172943115 0.66467529535293579 0.61522984504699707 0.67163455486297607 -0.87581217288970947 1.019471287727356 0.68568533658981323 0.99962407350540161
686.79189999774098 -0.93473547697067261 0.62064039707183838 0.83888542652130127 0.58086955547332764 -1.1030155420303345 0.92470300197601318 0.9958571195602417 0.87473589181900024
771.28579999692738 -1.0113310813903809 0.56663084030151367 0.9773859977722168 0.54417753219604492 -1.1981617212295532 0.77660059928894043 1.1450154781341553 0.76859235763549805
851.26779999770224 -1.029144287109375 0.56045663356781006 1.0511572360992432 0.49502000212669373 -1.1505253314971924 0.63514518737792969 1.1376171112060547 0.63553214073181152
941.0730999968946 -0.97657954692840576 0.61766040325164795 1.0389194488525391 0.43292981386184692 -1.0202194452285767 0.41591474413871765 0.94946861267089844 0.4476335346698761
1023.7530999965965 -0.9595944881439209 0.56447672843933105 1.2448434829711914 0.43308877944946289 -0.90184652805328369 0.29281866550445557 0.83498167991638184 0.29741460084915161
1110.9305999968201 -0.88883298635482788 0.54897230863571167 0.97367525100708008 0.37656697630882263 -0.69862711429595947 0.2540452778339386 0.54205065965652466 0.20233660936355591
1196.3593999985605 -0.84669303894042969 0.57066047191619873 1.1557393074035645 0.35517564415931702 -0.51454365253448486 0.2285819947719574 0.54170304536819458 0.14666767418384552
1280.4650999978185 -0.79013758897781372 0.54353421926498413 1.0322467088699341 0.32836160063743591 -0.3159978985786438 0.22737947106361389 0.46197053790092468 0.14503867924213409
1366.1466999966651 -0.88840180635452271 0.53873932361602783 1.0813839435577393 0.31949374079704285 -0.36542263627052307 0.22417980432510376 0.43616661429405212 0.13388286530971527
1454.8482999969274 -0.78219014406204224 0.54353159666061401 1.0028690099716187 0.32183817028999329 -0.31632921099662781 0.2322508692741394 0.40114328265190125 0.15166927874088287
1542.2594999969006 -0.84122556447982788 0.54401558637619019 1.1498390436172485 0.3266206681728363 -0.33077356219291687 0.23775884509086609 0.4640386700630188 0.16837479174137115
1625.0601999964565 -0.73310625553131104 0.54297906160354614 0.99662333726882935 0.32572829723358154 -0.27597096562385559 0.23266428709030151 0.41690805554389954 0.15222243964672089
1709.6110999975353 -0.76575547456741333 0.54245507717132568 0.98030227422714233 0.32062739133834839 -0.29959297180175781 0.24834871292114258 0.39999410510063171 0.1679292619228363
1797.0087999980897 -0.74381381273269653 0.5485500693321228 1.012221097946167 0.32227244973182678 -0.27566823363304138 0.23108667135238647 0.42406219244003296 0.14659471809864044
1882.2988999988884 -0.85907381772994995 0.53980201482772827 1.1280760765075684 0.32125553488731384 -0.3411375880241394 0.23256506025791168 0.46224051713943481 0.14885331690311432
1969.4528999980539 -0.78477346897125244 0.53918933868408203 1.0151439905166626 0.31914070248603821 -0.31183412671089172 0.23269443213939667 0.42301210761070251 0.15360715985298157
