74.938099999912083 -0.69975841045379639 0.69287723302841187 0.61713629961013794 0.69605773687362671 -0.67972427606582642 1.0581402778625488 0.57800412178039551 1.0301960706710815
171.11919999984093 -0.70655220746994019 0.68516325950622559 0.60921251773834229 0.69722408056259155 -0.68871265649795532 1.0549325942993164 0.56363242864608765 1.0254151821136475
267.23219999996945 -0.73669135570526123 0.68440282344818115 0.6085706353187561 0.70758897066116333 -0.70240724086761475 1.0566335916519165 0.5614209771156311 1.0339794158935547
365.76919999998063 -0.71483319997787476 0.67786335945129395 0.60249060392379761 0.70262908935546875 -0.69533336162567139 1.0429023504257202 0.58213287591934204 1.0342651605606079
460.17999999993481 -0.67836087942123413 0.67688649892807007 0.62764465808868408 0.67256134748458862 -0.71279692649841309 1.0445641279220581 0.66344088315963745 1.0294263362884521
550.66400000010617 -0.73444324731826782 0.67914694547653198 0.75688183307647705 0.70892930030822754 -0.88360971212387085 1.0582659244537354 0.93502718210220337 1.0755085945129395
638.23139999993145 -0.82457542419433594 0.65209591388702393 0.84290647506713867 0.6642259955406189 -1.1011244058609009 0.99681782722473145 1.2159874439239502 0.98439222574234009
727.70870000007562 -1.1155712604522705 0.55854338407516479 1.1078273057937622 0.53804975748062134 -1.6881988048553467 0.8005836009979248 1.7920583486557007 0.76189637184143066
821.41180000011809 -1.1703799962997437 0.45140603184700012 1.165823221206665 0.42424359917640686 -1.9253979921340942 0.57349973917007446 2.0135400295257568 0.56834554672241211
914.98970000003465 -1.2975937128067017 0.18061801791191101 1.2914342880249023 0.16064637899398804 -2.0697891712188721 0.055834144353866577 2.0642480850219727 0.0060059851966798306
1010.9392999999691 -1.2587038278579712 0.081561513245105743 1.2247772216796875 0.060305587947368622 -1.9301630258560181 -0.14048422873020172 1.7209378480911255 -0.18353824317455292
1107.9595000001136 -1.2472295761108398 -0.034457039088010788 1.150945782661438 -0.029549663886427879 -1.381402850151062 -0.37541282176971436 1.3706121444702148 -0.38484540581703186
1197.4505000000354 -1.1031708717346191 -0.13466447591781616 0.9642670750617981 -0.11871300637722015 -0.89018815755844116 -0.41649121046066284 0.83318161964416504 -0.44118538498878479
1290.3256000000983 -1.0964418649673462 -0.15545286238193512 0.84697198867797852 -0.12856628000736237 -0.687816321849823 -0.42829039692878723 0.46535927057266235 -0.45732086896896362
1376.8421999998391 -1.0646713972091675 -0.14433883130550385 0.84480834007263184 -0.12740536034107208 -0.68078941106796265 -0.42175814509391785 0.40560418367385864 -0.45914575457572937
1467.6203000000678 -1.0648149251937866 -0.14643880724906921 0.83431917428970337 -0.14060443639755249 -0.64080166816711426 -0.42888408899307251 0.34755674004554749 -0.47008505463600159
1562.1003000000492 -1.0609914064407349 -0.13371981680393219 0.84143507480621338 -0.13725084066390991 -0.60587698221206665 -0.42017826437950134 0.3386281430721283 -0.45892596244812012
1654.4788000001572 -1.080884575843811 -0.14138083159923553 0.82852929830551147 -0.13327695429325104 -0.60502773523330688 -0.41632699966430664 0.34732422232627869 -0.44315266609191895
1754.4977000001818 -1.0729939937591553 -0.13901045918464661 0.84312272071838379 -0.13373087346553802 -0.6008111834526062 -0.41945302486419678 0.36159816384315491 -0.44661635160446167
1853.5289000000339 -1.0793644189834595 -0.14187225699424744 0.81202214956283569 -0.12931759655475616 -0.60343140363693237 -0.4163861870765686 0.35158833861351013 -0.43405234813690186
1951.2439999999478 -1.0924215316772461 -0.14063321053981781 0.80601871013641357 -0.13549095392227173 -0.63280320167541504 -0.40024834871292114 0.33724114298820496 -0.4414924681186676
