29.039499998092651 -0.78664195537567139 0.68065232038497925 0.59459948539733887 0.68065792322158813 -0.74182295799255371 1.0219758749008179 0.5731232762336731 1.0134685039520264
112.21749999932945 -0.7685929536819458 0.68194228410720825 0.61304754018783569 0.68549126386642456 -0.73005050420761108 1.0229921340942383 0.59122425317764282 1.0255334377288818
197.06369999982417 -0.75429224967956543 0.64743268489837646 0.58221977949142456 0.68341279029846191 -0.73804581165313721 1.0125221014022827 0.55840599536895752 1.0217436552047729
284.82639999687672 -0.77353149652481079 0.67360401153564453 0.60237240791320801 0.68458914756774902 -0.73405003547668457 1.0080249309539795 0.5718538761138916 1.0245459079742432
371.78309999965131 -0.81157773733139038 0.67210870981216431 0.57795047760009766 0.6735108494758606 -0.7477758526802063 1.012606143951416 0.56069111824035645 1.0087924003601074
457.86909999884665 -0.82863754034042358 0.6741490364074707 0.62561631202697754 0.65047979354858398 -0.80158805847167969 0.99798029661178589 0.63500094413757324 0.98041629791259766
543.43449999950826 -0.89640676975250244 0.65989214181900024 0.70280689001083374 0.64240568876266479 -0.89773440361022949 0.96500450372695923 0.72312325239181519 0.98659276962280273
632.25599999725819 -1.096773624420166 0.5522162914276123 1.0842379331588745 0.555694580078125 -1.3265820741653442 0.83977317810058594 1.1622717380523682 0.87041711807250977
716.34549999795854 -1.2729430198669434 0.45183947682380676 1.0989115238189697 0.48785409331321716 -1.4880458116531372 0.73668462038040161 1.4338793754577637 0.72913092374801636
809.62759999930859 -1.2920165061950684 0.33495312929153442 1.2123167514801025 0.33234861493110657 -1.9325127601623535 0.41227510571479797 1.9762282371520996 0.38431558012962341
892.2533999979496 -1.2942298650741577 0.33475738763809204 1.1541363000869751 0.34272104501724243 -1.9712196588516235 0.26522335410118103 1.8712519407272339 0.24445520341396332
981.89459999836981 -1.3222094774246216 0.39870184659957886 1.1507738828659058 0.38272860646247864 -1.912139892578125 0.20331814885139465 1.704693078994751 0.20950187742710114
1073.5487000010908 -1.2897590398788452 0.47357204556465149 1.0203111171722412 0.50343769788742065 -1.9709954261779785 0.3999403715133667 1.8713967800140381 0.36995586752891541
1162.3530000001192 -1.1122149229049683 0.55819094181060791 0.88854753971099854 0.56065821647644043 -1.781580924987793 0.65016841888427734 1.6500121355056763 0.64315706491470337
1248.3952999990433 -1.0861399173736572 0.61357390880584717 0.90050923824310303 0.59681236743927002 -1.644209623336792 0.89531958103179932 1.482694149017334 0.89191383123397827
1335.0407999977469 -0.9536702036857605 0.6137315034866333 0.76879888772964478 0.58786928653717041 -1.200709342956543 0.93820840120315552 1.0736291408538818 0.8972700834274292
1418.0026999991387 -1.1096005439758301 0.57797545194625854 0.96653568744659424 0.56049031019210815 -1.5044124126434326 0.86539345979690552 1.2282521724700928 0.85637986660003662
1506.1776999980211 -1.3199849128723145 0.49806725978851318 1.0481573343276978 0.50385791063308716 -1.654009222984314 0.75147509574890137 1.5194641351699829 0.71466308832168579
1590.7367000002414 -1.3855576515197754 0.36351475119590759 1.1672728061676025 0.33869293332099915 -2.016371488571167 0.53371423482894897 1.6882146596908569 0.49648454785346985
1678.3302999995649 -1.3411291837692261 0.30711138248443604 1.1611137390136719 0.28964933753013611 -1.975525975227356 0.34633851051330566 1.880385160446167 0.31065636873245239
1759.1599999982864 -1.3180587291717529 0.29686769843101501 1.1788574457168579 0.28693997859954834 -1.9882560968399048 0.20236729085445404 1.8139063119888306 0.17360936105251312
1839.4885999988765 -1.3288239240646362 0.32348650693893433 1.1749842166900635 0.31960991024971008 -1.9881868362426758 0.17480139434337616 1.7898398637771606 0.136325404047966
1925.1766999978572 -1.3289233446121216 0.40214401483535767 1.1688315868377686 0.37808102369308472 -2.0119073390960693 0.23885948956012726 1.7317094802856445 0.25106677412986755
