72.623399998992682 -1.2926738262176514 0.38197022676467896 0.89281374216079712 0.39013633131980896 -1.4218828678131104 0.59931200742721558 1.1207112073898315 0.60528773069381714
159.15910000167787 -1.225743293762207 0.38005772233009338 0.90024799108505249 0.39163801074028015 -1.3704780340194702 0.59983998537063599 1.1145707368850708 0.60631930828094482
240.02780000120401 -1.2436492443084717 0.37844818830490112 0.89209318161010742 0.39071366190910339 -1.3845717906951904 0.59979909658432007 1.1126435995101929 0.60455518960952759
320.23560000024736 -1.3154371976852417 0.38323816657066345 0.86506932973861694 0.39003029465675354 -1.434996485710144 0.60209196805953979 0.92975777387619019 0.61238574981689453
402.92219999991357 -1.2282640933990479 0.37646478414535522 0.88098603487014771 0.38829705119132996 -1.3879696130752563 0.59634155035018921 0.95986831188201904 0.60593420267105103
488.52390000224113 -1.2634289264678955 0.38290518522262573 0.85124921798706055 0.39392134547233582 -1.3924624919891357 0.60029464960098267 0.90882569551467896 0.61091363430023193
576.11969999969006 -1.2539975643157959 0.38257881999015808 0.83912748098373413 0.39237400889396667 -1.3691953420639038 0.59908652305603027 0.90891373157501221 0.60770046710968018
657.0113999992609 -1.2407505512237549 0.38447752594947815 0.85876375436782837 0.3907591700553894 -1.3422633409500122 0.60396230220794678 0.91991478204727173 0.6060909628868103
742.17469999939203 -1.278863787651062 0.38350850343704224 0.85418212413787842 0.39250737428665161 -1.3993066549301147 0.60172855854034424 0.91210454702377319 0.61144989728927612
829.8769000004977 -1.2380188703536987 0.38576585054397583 0.85965019464492798 0.3933025598526001 -1.3432790040969849 0.60373634099960327 0.91913145780563354 0.61073172092437744
914.88860000111163 -1.061684250831604 0.38229110836982727 0.74895596504211426 0.39596334099769592 -1.2141780853271484 0.60625582933425903 0.7989656925201416 0.60956937074661255
997.11500000022352 -1.1151120662689209 0.38571783900260925 0.75425887107849121 0.38865280151367188 -1.2120480537414551 0.60030519962310791 0.81444078683853149 0.6050487756729126
1086.5321999993175 -1.2264180183410645 0.38172423839569092 0.83962082862854004 0.38700014352798462 -1.3199963569641113 0.60053735971450806 0.91513532400131226 0.60276979207992554
1167.7528000008315 -1.2419556379318237 0.3830835223197937 0.85696053504943848 0.3889211118221283 -1.342803955078125 0.60349500179290771 0.96069866418838501 0.60398685932159424
1255.9064000006765 -1.2229185104370117 0.37807753682136536 0.84781432151794434 0.38719004392623901 -1.3043597936630249 0.5971534252166748 0.90931206941604614 0.59906196594238281
1342.5916000008583 -1.2785205841064453 0.37542390823364258 0.83290475606918335 0.37931898236274719 -1.3798946142196655 0.59945964813232422 0.9482654333114624 0.59196490049362183
1425.2800000011921 -1.2226713895797729 0.38176864385604858 0.87849050760269165 0.38862499594688416 -1.32561194896698 0.60359644889831543 0.94901180267333984 0.60336768627166748
1509.0971000008285 -1.2482566833496094 0.37777623534202576 0.88160485029220581 0.38394507765769958 -1.3608986139297485 0.59702819585800171 0.96545857191085815 0.60130703449249268
1594.3925000000745 -1.1746984720230103 0.38077789545059204 0.89393210411071777 0.38577976822853088 -1.3000304698944092 0.60292226076126099 0.98907428979873657 0.60086506605148315
1683.1398000009358 -1.2080782651901245 0.37958523631095886 0.89974486827850342 0.38792648911476135 -1.316930890083313 0.60196274518966675 0.99401968717575073 0.60363399982452393
1765.0616999994963 -1.1855248212814331 0.38139060139656067 1.1542491912841797 0.39811718463897705 -1.3245782852172852 0.60520642995834351 1.0287224054336548 0.60350865125656128
1845.502400001511 -1.20600426197052 0.37899157404899597 1.170166015625 0.39705577492713928 -1.3280633687973022 0.6037413477897644 1.1667917966842651 0.60186076164245605
1933.0208000000566 -1.2630729675292969 0.37732839584350586 0.93287456035614014 0.39018291234970093 -1.2507431507110596 0.5867188572883606 1.0297749042510986 0.60194969177246094
