79.169700000435114 -0.79802030324935913 0.63813316822052002 0.5362207293510437 0.66592347621917725 -0.74471640586853027 0.99979615211486816 0.54973322153091431 0.99212551116943359
168.23509999923408 -0.79996013641357422 0.64332294464111328 0.52820289134979248 0.67093825340270996 -0.74690002202987671 1.0053274631500244 0.54509907960891724 1.0022244453430176
258.93859999813139 -0.79345440864562988 0.64797514677047729 0.57012134790420532 0.67376303672790527 -0.73482704162597656 1.012353777885437 0.58006066083908081 1.0034739971160889
346.12170000001788 -0.77070999145507813 0.65480315685272217 0.5919564962387085 0.67488336563110352 -0.71769589185714722 1.0090674161911011 0.59657526016235352 0.99371057748794556
434.05250000022352 -0.76901602745056152 0.65567284822463989 0.61040180921554565 0.65519225597381592 -0.72026830911636353 1.0088605880737305 0.59498542547225952 0.96306836605072021
521.97639999911189 -0.76802957057952881 0.66318196058273315 0.61945700645446777 0.65125167369842529 -0.73184162378311157 1.0144504308700562 0.59532922506332397 0.94466030597686768
607.92019999958575 -0.7623639702796936 0.66965395212173462 0.63520264625549316 0.63620561361312866 -0.73187422752380371 1.012758731842041 0.61445504426956177 0.92137706279754639
693.15699999965727 -0.76542693376541138 0.67112487554550171 0.64595204591751099 0.64822012186050415 -0.72807753086090088 1.0127233266830444 0.65588134527206421 0.96711117029190063
779.12360000051558 -0.78138291835784912 0.65414023399353027 0.62047481536865234 0.66878300905227661 -0.73239564895629883 0.97193390130996704 0.59534788131713867 0.98736107349395752
861.16149999946356 -0.79162824153900146 0.64225852489471436 0.57815778255462646 0.65715837478637695 -0.74675202369689941 0.95363461971282959 0.55614590644836426 0.98277348279953003
951.54220000095665 -0.78979170322418213 0.64208835363388062 0.57182836532592773 0.65987378358840942 -0.75237244367599487 0.95443081855773926 0.54331254959106445 0.99070268869400024
1042.2828999981284 -0.79843205213546753 0.63460993766784668 0.57205742597579956 0.66119164228439331 -0.75852954387664795 0.95228862762451172 0.54255908727645874 0.99123889207839966
1129.3099000006914 -0.78946554660797119 0.63206422328948975 0.57177329063415527 0.65578687191009521 -0.74195879697799683 0.95238476991653442 0.53795403242111206 0.99068111181259155
1215.0368999987841 -0.78756088018417358 0.62965101003646851 0.56035155057907104 0.66027969121932983 -0.74439114332199097 0.95077306032180786 0.53111571073532104 0.9940144419670105
1301.5854000002146 -0.7631610631942749 0.63178467750549316 0.55838340520858765 0.66073161363601685 -0.72238916158676147 0.94965219497680664 0.52353447675704956 0.99601942300796509
1392.2173000015318 -0.75975292921066284 0.63586980104446411 0.56731700897216797 0.65416610240936279 -0.72588121891021729 0.95008927583694458 0.54580527544021606 0.98266810178756714
1479.5904999990016 -0.77086913585662842 0.63990020751953125 0.56397008895874023 0.65522760152816772 -0.73769199848175049 0.94921284914016724 0.53800457715988159 0.9847792387008667
1568.0198999997228 -0.76456576585769653 0.64177930355072021 0.57570862770080566 0.65209442377090454 -0.7347944974899292 0.95267075300216675 0.5478014349937439 0.9786369800567627
1655.5508999992162 -0.71831446886062622 0.64269489049911499 0.61173772811889648 0.66397231817245483 -0.68162107467651367 0.961708664894104 0.59459561109542847 0.98818778991699219
1743.052899999544 -0.73539948463439941 0.63908660411834717 0.60432642698287964 0.66196733713150024 -0.71721851825714111 0.96871155500411987 0.59906262159347534 0.99329894781112671
1834.1911999993026 -0.75423014163970947 0.64090436697006226 0.63319730758666992 0.66194337606430054 -0.73534983396530151 0.97439664602279663 0.62549728155136108 1.0062801837921143
1925.5621000006795 -0.74937188625335693 0.63799476623535156 0.644278883934021 0.65634012222290039 -0.74182552099227905 0.97953271865844727 0.65159749984741211 0.99840265512466431
