38.650600001215935 -0.82790654897689819 0.60785782337188721 0.56270813941955566 0.6186864972114563 -1.0346593856811523 0.91184824705123901 0.72297430038452148 0.90458661317825317
138.90999999828637 -0.82478326559066772 0.61116057634353638 0.57017093896865845 0.61819452047348022 -1.0240825414657593 0.92283070087432861 0.70992743968963623 0.90747678279876709
239.07490000128746 -0.75581800937652588 0.62240248918533325 0.56373459100723267 0.64154881238937378 -0.81852549314498901 0.91902869939804077 0.6254616379737854 0.93736535310745239
338.66729999892414 -0.78505665063858032 0.63686108589172363 0.56430929899215698 0.64329004287719727 -0.81200379133224487 0.93021649122238159 0.63635283708572388 0.93293893337249756
437.55810000002384 -0.76493042707443237 0.64194142818450928 0.57051640748977661 0.64106625318527222 -0.75226116180419922 0.94178545475006104 0.63409072160720825 0.94048517942428589
535.16160000115633 -0.74280142784118652 0.6475757360458374 0.58602094650268555 0.63470017910003662 -0.69196522235870361 0.9558640718460083 0.62489587068557739 0.94250380992889404
630.69480000063777 -0.72297632694244385 0.65799051523208618 0.59257161617279053 0.64511954784393311 -0.68590366840362549 0.96435612440109253 0.62828171253204346 0.95645362138748169
729.52150000073016 -0.73018902540206909 0.66622644662857056 0.5937308669090271 0.63758665323257446 -0.67304372787475586 0.97137141227722168 0.60741865634918213 0.95257037878036499
825.39910000190139 -0.72312158346176147 0.66177475452423096 0.56349194049835205 0.63316535949707031 -0.65791261196136475 0.96812844276428223 0.56733608245849609 0.95603758096694946
920.28360000066459 -0.73822444677352905 0.66316092014312744 0.58382421731948853 0.63448739051818848 -0.66375106573104858 0.96354299783706665 0.60926985740661621 0.95298373699188232
1019.5586999990045 -0.73427540063858032 0.66236227750778198 0.61210817098617554 0.63283288478851318 -0.66568410396575928 0.96488285064697266 0.64097875356674194 0.95035690069198608
1120.9974999986589 -0.70314103364944458 0.67800736427307129 0.60585200786590576 0.63416731357574463 -0.68765193223953247 0.96607351303100586 0.64468842744827271 0.95419615507125854
1224.6437000017613 -0.73004680871963501 0.66958308219909668 0.63811224699020386 0.64464247226715088 -0.73090207576751709 0.96784985065460205 0.67950469255447388 0.95925271511077881
1323.0265000015497 -0.73871356248855591 0.66650086641311646 0.6382870078086853 0.63744246959686279 -0.74386715888977051 0.9601823091506958 0.71800488233566284 0.94768857955932617
1423.9998000003397 -0.76866626739501953 0.6522020697593689 0.66026985645294189 0.64312052726745605 -0.75645256042480469 0.97480148077011108 0.75431948900222778 0.95724743604660034
1523.9674999993294 -0.76310420036315918 0.64719867706298828 0.65910673141479492 0.63763225078582764 -0.77811563014984131 0.97339540719985962 0.77725428342819214 0.95285868644714355
1623.4500000011176 -0.76793283224105835 0.65167003870010376 0.65477591753005981 0.63905042409896851 -0.79761505126953125 0.94847798347473145 0.75129193067550659 0.95972532033920288
1721.3382999990135 -0.76265496015548706 0.65794551372528076 0.63490182161331177 0.64373457431793213 -0.7858697772026062 0.95627641677856445 0.71872627735137939 0.95441961288452148
1820.5132999997586 -0.74458408355712891 0.65542793273925781 0.62977677583694458 0.63889861106872559 -0.77364230155944824 0.94823199510574341 0.69048887491226196 0.94234246015548706
1916.2209999989718 -0.74120908975601196 0.6547924280166626 0.60743772983551025 0.63679254055023193 -0.7312999963760376 0.95114314556121826 0.65270704030990601 0.94732958078384399
2016.4759999997912 -0.75036758184432983 0.65857905149459839 0.61276233196258545 0.63526040315628052 -0.73661249876022339 0.95566707849502563 0.65152281522750854 0.94973242282867432
