61.103099998086691 -0.53056681156158447 0.39819604158401489 0.73670583963394165 0.3966764509677887 -0.49774309992790222 0.64755207300186157 0.75699174404144287 0.63269340991973877
143.71590000018477 -0.53352862596511841 0.39956453442573547 0.77390563488006592 0.39602461457252502 -0.52334463596343994 0.6483839750289917 0.78624773025512695 0.63483810424804688
227.88409999758005 -0.5142974853515625 0.39661601185798645 0.72640120983123779 0.39010551571846008 -0.50743722915649414 0.64851582050323486 0.7523418664932251 0.62936186790466309
309.68800000101328 -0.5063590407371521 0.39272865653038025 0.7377886176109314 0.39076367020606995 -0.52012521028518677 0.63795030117034912 0.74977022409439087 0.62751162052154541
399.06429999880493 -0.4902365505695343 0.40147632360458374 0.76180052757263184 0.39557123184204102 -0.495481938123703 0.64725100994110107 0.79655754566192627 0.63618433475494385
484.87679999880493 -0.51908105611801147 0.39482328295707703 0.78807228803634644 0.39313539862632751 -0.50414121150970459 0.64625215530395508 0.798470139503479 0.62921297550201416
570.66650000028312 -0.50886112451553345 0.39397785067558289 0.74880987405776978 0.39156550168991089 -0.46997758746147156 0.64498406648635864 0.77137678861618042 0.63166004419326782
658.8847000002861 -0.53501617908477783 0.39644205570220947 0.7316555380821228 0.39485469460487366 -0.51369780302047729 0.64397275447845459 0.76262110471725464 0.62916487455368042
742.79229999892414 -0.5130118727684021 0.39448174834251404 0.74463105201721191 0.3908151388168335 -0.48174941539764404 0.64583635330200195 0.78519618511199951 0.62641513347625732
822.17479999922216 -0.49916249513626099 0.39472627639770508 0.76095747947692871 0.38998731970787048 -0.49010828137397766 0.64659124612808228 0.79564160108566284 0.62866687774658203
905.68449999950826 -0.51556587219238281 0.39451143145561218 0.75263965129852295 0.39100641012191772 -0.48204857110977173 0.64916449785232544 0.78910648822784424 0.62861007452011108
990.87159999832511 -0.51452904939651489 0.3914158046245575 0.76392441987991333 0.3914656937122345 -0.49861964583396912 0.64214468002319336 0.79044443368911743 0.6264655590057373
1075.1783000007272 -0.5048065185546875 0.39622589945793152 0.78141278028488159 0.39627385139465332 -0.47319507598876953 0.65011823177337646 0.80393403768539429 0.63040530681610107
1155.4611999988556 -0.51824259757995605 0.39852070808410645 0.80741369724273682 0.39584124088287354 -0.50028479099273682 0.6537664532661438 0.83925724029541016 0.63103824853897095
1236.6384999994189 -0.51961249113082886 0.39787021279335022 0.73714900016784668 0.39473584294319153 -0.49816429615020752 0.64899957180023193 0.76940113306045532 0.63057631254196167
1318.9481999985874 -0.48736122250556946 0.39545542001724243 0.77185481786727905 0.3951449990272522 -0.46293699741363525 0.64727956056594849 0.80306756496429443 0.63319271802902222
1403.6148999985307 -0.49512475728988647 0.39091527462005615 0.77020806074142456 0.38856282830238342 -0.46069467067718506 0.64585298299789429 0.80873584747314453 0.62580287456512451
1487.3371999990195 -0.50422418117523193 0.393501877784729 0.75416785478591919 0.3953092098236084 -0.47791942954063416 0.64434820413589478 0.77507752180099487 0.63113135099411011
1572.4627999980003 -0.49817818403244019 0.39553055167198181 0.76119953393936157 0.39409109950065613 -0.47093731164932251 0.64926612377166748 0.80684882402420044 0.6320871114730835
1657.7739000003785 -0.5171169638633728 0.39320418238639832 0.7498505711555481 0.39318513870239258 -0.49556180834770203 0.64677554368972778 0.77760887145996094 0.62881386280059814
1751.2734999973327 -0.50715607404708862 0.39534327387809753 0.75039124488830566 0.39475288987159729 -0.49430331587791443 0.64843565225601196 0.7823980450630188 0.63332092761993408
1835.8518999982625 -0.4787764847278595 0.39606583118438721 0.76732814311981201 0.39396819472312927 -0.43926355242729187 0.64554601907730103 0.79296070337295532 0.62988376617431641
1921.4239999987185 -0.51283943653106689 0.39608606696128845 0.76459258794784546 0.39524120092391968 -0.49809077382087708 0.64702880382537842 0.79040133953094482 0.63197445869445801
2003.3691999986768 -0.48637458682060242 0.39443781971931458 0.76491540670394897 0.39352285861968994 -0.46570694446563721 0.64540368318557739 0.80324280261993408 0.63156569004058838
