12.079699999652803 -1.123126745223999 0.41368284821510315 0.97868990898132324 0.42707163095474243 -1.1586627960205078 0.68854278326034546 1.0001038312911987 0.61298191547393799
122.52859999984503 -1.0001745223999023 0.40739664435386658 1.0430436134338379 0.42579680681228638 -1.1704307794570923 0.68412065505981445 1.0657027959823608 0.60474890470504761
225.70680000074208 -1.1374510526657104 0.41241750121116638 1.012901782989502 0.42391008138656616 -1.1926922798156738 0.68107354640960693 1.0086253881454468 0.60262274742126465
343.28409999981523 -0.99088174104690552 0.40516993403434753 1.0657318830490112 0.42319944500923157 -1.0896960496902466 0.68534743785858154 1.0647594928741455 0.60563033819198608
453.7668000003323 -0.9921867847442627 0.40363982319831848 1.0256454944610596 0.4267558753490448 -1.1273268461227417 0.67987382411956787 1.0520788431167603 0.6077997088432312
567.09920000005513 -0.95151162147521973 0.4019007682800293 1.0385403633117676 0.42498025298118591 -1.1386013031005859 0.68512815237045288 1.0407061576843262 0.60121852159500122
682.66979999933392 -0.96472233533859253 0.40215837955474854 1.0526487827301025 0.43061137199401855 -1.1801068782806396 0.6816941499710083 1.0421496629714966 0.61111688613891602
805.45990000013262 -0.9268343448638916 0.40479505062103271 1.0859719514846802 0.433055579662323 -1.1554197072982788 0.68815356492996216 1.0495730638504028 0.6111329197883606
916.97690000012517 -0.92843812704086304 0.40752696990966797 1.052538275718689 0.43296939134597778 -1.078959584236145 0.6918327808380127 1.0241965055465698 0.60949999094009399
1031.9562999997288 -0.93542331457138062 0.40221789479255676 1.027891993522644 0.4288020133972168 -1.1441572904586792 0.68655765056610107 1.01812744140625 0.60176575183868408
1145.199800000526 -0.94614171981811523 0.39923131465911865 1.0333280563354492 0.42841464281082153 -1.1719508171081543 0.68111181259155273 1.0071761608123779 0.60321450233459473
1252.7000999990851 -0.92489159107208252 0.39903950691223145 0.97590392827987671 0.43145036697387695 -1.1834508180618286 0.6867339015007019 0.96852529048919678 0.61048513650894165
1366.2629999993369 -0.94249457120895386 0.40386098623275757 1.0213403701782227 0.43132442235946655 -1.1032700538635254 0.68992352485656738 1.0064685344696045 0.60631012916564941
1482.46789999865 -0.93815761804580688 0.39938300848007202 1.0190813541412354 0.42940258979797363 -1.1717177629470825 0.68304616212844849 0.97176653146743774 0.60586398839950562
1593.0507999993861 -0.96651089191436768 0.39988613128662109 1.0119754076004028 0.43133765459060669 -1.1671582460403442 0.68073153495788574 0.93911027908325195 0.60355442762374878
1710.0152000002563 -0.97069257497787476 0.3973972499370575 0.98954510688781738 0.42444607615470886 -1.1626001596450806 0.68191862106323242 0.99166911840438843 0.60068738460540771
1826.7204999998212 -0.97282129526138306 0.40171197056770325 1.0249332189559937 0.42527288198471069 -1.1727060079574585 0.68603056669235229 1.0383894443511963 0.59922802448272705
1937.7533999998122 -1.0209487676620483 0.40081879496574402 1.0349421501159668 0.42239561676979065 -1.1799118518829346 0.68207597732543945 1.0369457006454468 0.59949475526809692
