41.042000003159046 -0.68106764554977417 0.66568177938461304 0.61371737718582153 0.62134778499603271 -0.63168889284133911 0.97472465038299561 0.64661312103271484 0.9712105393409729
141.15360000170767 -0.70465940237045288 0.66219741106033325 0.62431460618972778 0.62265181541442871 -0.67749285697937012 0.97453618049621582 0.66617840528488159 0.96084678173065186
239.33669999986887 -0.69536888599395752 0.66203618049621582 0.617889404296875 0.61139488220214844 -0.6766892671585083 0.96398067474365234 0.65798723697662354 0.94132846593856812
340.05430000275373 -0.69659233093261719 0.67226141691207886 0.61551058292388916 0.62527710199356079 -0.67374813556671143 0.96860957145690918 0.65625566244125366 0.94725692272186279
438.96500000171363 -0.68414825201034546 0.67077982425689697 0.62598288059234619 0.62558698654174805 -0.65935653448104858 0.96413946151733398 0.66683530807495117 0.94856339693069458
542.38620000146329 -0.68680423498153687 0.6654738187789917 0.60879772901535034 0.62930667400360107 -0.67195695638656616 0.95649421215057373 0.66613173484802246 0.94556432962417603
643.83940000273287 -0.68504416942596436 0.66102194786071777 0.6155318021774292 0.62511080503463745 -0.66563332080841064 0.95496314764022827 0.6646956205368042 0.94729065895080566
743.53430000320077 -0.67114853858947754 0.66520923376083374 0.60282647609710693 0.62941545248031616 -0.64142346382141113 0.95859420299530029 0.6643834114074707 0.94930416345596313
847.3771000020206 -0.68709111213684082 0.64659577608108521 0.64207935333251953 0.60714972019195557 -0.60687476396560669 0.95787811279296875 0.71436131000518799 0.93620002269744873
952.62150000222027 -0.61158657073974609 0.65100842714309692 0.70921695232391357 0.61031579971313477 -0.53964906930923462 0.97107309103012085 0.78164154291152954 0.93172585964202881
1051.5798000004143 -0.59099787473678589 0.66144758462905884 0.69217956066131592 0.61063241958618164 -0.56076902151107788 0.96248245239257813 0.76273912191390991 0.93290752172470093
1154.1703000012785 -0.61913156509399414 0.65778380632400513 0.67496597766876221 0.61492663621902466 -0.58901548385620117 0.96103131771087646 0.73632973432540894 0.94408959150314331
1256.5611000042409 -0.63394767045974731 0.66631454229354858 0.66493314504623413 0.62332946062088013 -0.61190319061279297 0.9686591625213623 0.71791166067123413 0.94666188955307007
1356.0904000028968 -0.75509762763977051 0.64657437801361084 0.6249346137046814 0.62497800588607788 -0.68187028169631958 0.95512646436691284 0.68180263042449951 0.94110912084579468
1455.4133000001311 -0.68544244766235352 0.66174662113189697 0.62203371524810791 0.62128555774688721 -0.66964423656463623 0.94951480627059937 0.67407435178756714 0.94061160087585449
1557.3855000026524 -0.67151457071304321 0.64915180206298828 0.63556563854217529 0.61749792098999023 -0.64200162887573242 0.94300228357315063 0.68874645233154297 0.94331252574920654
1659.4704000018537 -0.66149252653121948 0.64659041166305542 0.63247424364089966 0.61992859840393066 -0.64009958505630493 0.9327048659324646 0.68761390447616577 0.94452154636383057
1767.681400001049 -0.65184611082077026 0.65181249380111694 0.63318067789077759 0.61150968074798584 -0.62498235702514648 0.94429892301559448 0.67982089519500732 0.94050127267837524
1874.9192000031471 -0.63379639387130737 0.64419251680374146 0.64336270093917847 0.61956524848937988 -0.64412480592727661 0.9425542950630188 0.70648813247680664 0.93906712532043457
1973.6799000035971 -0.64383542537689209 0.65256369113922119 0.64940774440765381 0.61377888917922974 -0.64065128564834595 0.95419818162918091 0.7041771411895752 0.93871796131134033
