30.314400001429021 -0.7524077296257019 0.46522745490074158 0.70808452367782593 0.46399649977684021 -0.70789980888366699 0.7705497145652771 0.71882325410842896 0.7667006254196167
119.18750000093132 -0.70740127563476563 0.47134733200073242 0.7415962815284729 0.47542262077331543 -0.72041052579879761 0.77210116386413574 0.76788115501403809 0.77691876888275146
215.1045000012964 -0.70374220609664917 0.47031816840171814 0.75198924541473389 0.4743112325668335 -0.73482412099838257 0.766762375831604 0.76478302478790283 0.77293628454208374
309.97650000080466 -0.68238216638565063 0.46713218092918396 0.73316878080368042 0.4782899022102356 -0.70730441808700562 0.76194912195205688 0.75526255369186401 0.78385430574417114
419.09000000078231 -0.64480602741241455 0.46251043677330017 0.72068214416503906 0.47392553091049194 -0.6650230884552002 0.75632905960083008 0.71654218435287476 0.77722752094268799
517.30230000149459 -0.66391533613204956 0.46894842386245728 0.69623178243637085 0.4791666567325592 -0.67350375652313232 0.76469671726226807 0.6672203540802002 0.7827613353729248
608.94700000155717 -0.72343814373016357 0.46623358130455017 0.63446307182312012 0.47812232375144958 -0.72298860549926758 0.77094042301177979 0.63042914867401123 0.78235268592834473
707.87130000069737 -0.72376859188079834 0.4640541672706604 0.64585655927658081 0.48482277989387512 -0.73027735948562622 0.76885712146759033 0.65242570638656616 0.78531533479690552
807.4167000008747 -0.73274600505828857 0.46779415011405945 0.64960479736328125 0.48111778497695923 -0.73835790157318115 0.77443164587020874 0.65660697221755981 0.77872651815414429
902.92670000065118 -0.76532274484634399 0.46149003505706787 0.59017574787139893 0.48543921113014221 -0.75105094909667969 0.77149659395217896 0.61143648624420166 0.79401659965515137
998.4740000013262 -0.7756810188293457 0.45462504029273987 0.57925403118133545 0.4860508143901825 -0.75229966640472412 0.77448290586471558 0.61856698989868164 0.79518753290176392
1102.1529000010341 -0.74413508176803589 0.45756107568740845 0.58016341924667358 0.48307886719703674 -0.72322404384613037 0.76917928457260132 0.60827982425689697 0.79091674089431763
1202.6338000008836 -0.76381301879882813 0.45222523808479309 0.56791311502456665 0.48553276062011719 -0.75046944618225098 0.76621901988983154 0.60634201765060425 0.78992140293121338
1298.5186000009999 -0.78673583269119263 0.45924112200737 0.55461478233337402 0.48347252607345581 -0.76445561647415161 0.77958321571350098 0.58846276998519897 0.78441178798675537
1397.2750000003725 -0.78439760208129883 0.4626714289188385 0.57650184631347656 0.4852135181427002 -0.76857304573059082 0.78103870153427124 0.60084271430969238 0.78360813856124878
1496.4909000014886 -0.78626143932342529 0.45515650510787964 0.57134878635406494 0.48341307044029236 -0.79722476005554199 0.77454590797424316 0.59859645366668701 0.78597497940063477
1589.1095000011846 -0.74725860357284546 0.45807787775993347 0.61120647192001343 0.4908488392829895 -0.76231324672698975 0.77056777477264404 0.62769508361816406 0.79300844669342041
1685.4167000008747 -0.72374457120895386 0.46327164769172668 0.63300275802612305 0.48857426643371582 -0.71060997247695923 0.77925080060958862 0.65261763334274292 0.78377038240432739
1778.4081000005826 -0.7347407341003418 0.46716681122779846 0.6232338547706604 0.48847237229347229 -0.72102713584899902 0.78318625688552856 0.6406065821647644 0.79192584753036499
1878.6156000001356 -0.71355634927749634 0.46960696578025818 0.63357943296432495 0.48247930407524109 -0.69381833076477051 0.77620631456375122 0.66708427667617798 0.78298228979110718
1970.4235000014305 -0.72410327196121216 0.47122502326965332 0.61802363395690918 0.47559323906898499 -0.69175052642822266 0.77587580680847168 0.64298003911972046 0.7750241756439209
