60.081499999389052 -0.85531342029571533 0.66893506050109863 0.54553121328353882 0.70613718032836914 -0.73959845304489136 1.0160926580429077 0.44906842708587646 1.0546489953994751
156.08500000089407 -0.84684246778488159 0.66992729902267456 0.55896097421646118 0.70507192611694336 -0.77810829877853394 1.0217301845550537 0.46677321195602417 1.0535460710525513
250.78189999982715 -0.84496587514877319 0.67406100034713745 0.55577945709228516 0.71774053573608398 -0.74195438623428345 1.0226031541824341 0.46562999486923218 1.064802885055542
340.83540000207722 -0.8416064977645874 0.66858071088790894 0.55858540534973145 0.70788472890853882 -0.77297592163085938 1.0195660591125488 0.44425058364868164 1.0493583679199219
434.63810000009835 -0.84239846467971802 0.67335301637649536 0.55726629495620728 0.71482431888580322 -0.77984631061553955 1.0239764451980591 0.45223447680473328 1.0658416748046875
521.99200000055134 -0.84030503034591675 0.67671912908554077 0.55241882801055908 0.70822149515151978 -0.73355710506439209 1.0203976631164551 0.46401965618133545 1.0569902658462524
612.038200000301 -0.8425937294960022 0.66840529441833496 0.56767481565475464 0.70561939477920532 -0.72893083095550537 1.0240421295166016 0.47266659140586853 1.0536388158798218
705.68280000053346 -0.84617447853088379 0.67058175802230835 0.5491904616355896 0.70357275009155273 -0.73268717527389526 1.0197902917861938 0.46653792262077332 1.0443422794342041
796.82450000010431 -0.84478312730789185 0.66381025314331055 0.55741316080093384 0.70618033409118652 -0.78138583898544312 1.011534571647644 0.46692311763763428 1.0559576749801636
887.07909999974072 -0.85193979740142822 0.67252999544143677 0.55554056167602539 0.7107236385345459 -0.74567079544067383 1.0250207185745239 0.45779377222061157 1.0552164316177368
977.47740000113845 -0.84672892093658447 0.66751450300216675 0.53984808921813965 0.70838522911071777 -0.7830054759979248 1.0121654272079468 0.44911417365074158 1.0591033697128296
1075.5991000011563 -0.84798169136047363 0.66728836297988892 0.5521349310874939 0.7087516188621521 -0.7359623908996582 1.0147604942321777 0.44675067067146301 1.0532031059265137
1173.1326000019908 -0.83870023488998413 0.66821843385696411 0.54135972261428833 0.71018064022064209 -0.77343183755874634 1.0165987014770508 0.45853564143180847 1.0601441860198975
1267.8695000000298 -0.84724485874176025 0.66883504390716553 0.53851127624511719 0.70644634962081909 -0.73528540134429932 1.0179349184036255 0.44571229815483093 1.0512549877166748
1355.9903000015765 -0.83124816417694092 0.66567522287368774 0.54895299673080444 0.69622689485549927 -0.76081293821334839 1.0152288675308228 0.44714438915252686 1.0384478569030762
1448.5165999997407 -0.84580141305923462 0.67183417081832886 0.54310083389282227 0.70262134075164795 -0.78006285429000854 1.0176849365234375 0.44107574224472046 1.0518100261688232
1550.8767999988049 -0.8626595139503479 0.66844576597213745 0.54805082082748413 0.69781166315078735 -0.79370945692062378 1.0142635107040405 0.44434180855751038 1.0495027303695679
1643.7027000002563 -0.85208773612976074 0.67117595672607422 0.55640441179275513 0.68641269207000732 -0.74259495735168457 1.0100702047348022 0.46756407618522644 1.0348008871078491
1739.5466000009328 -0.8322111964225769 0.67937058210372925 0.57638609409332275 0.69153189659118652 -0.71600937843322754 1.0193556547164917 0.49376600980758667 1.0294249057769775
1831.5756000000983 -0.82485306262969971 0.67857396602630615 0.59162497520446777 0.6980324387550354 -0.69371747970581055 1.0242855548858643 0.50154978036880493 1.0413219928741455
1927.1473000012338 -0.82335984706878662 0.6837012767791748 0.57800447940826416 0.68623507022857666 -0.69433373212814331 1.0299159288406372 0.47905603051185608 1.0382757186889648
