34.598300000652671 -0.81247341632843018 0.65957701206207275 0.73607939481735229 0.67695492506027222 -0.92407208681106567 1.0070205926895142 0.8813437819480896 1.0111221075057983
126.56469999998806 -0.79965418577194214 0.66717064380645752 0.7481880784034729 0.69139564037322998 -0.91595125198364258 1.020190954208374 0.88830596208572388 1.0337226390838623
218.72839999943972 -0.80143684148788452 0.66548806428909302 0.74769365787506104 0.68545651435852051 -0.91058361530303955 1.0192571878433228 0.8897479772567749 1.0248218774795532
308.56959999911487 -0.78683996200561523 0.66161102056503296 0.72415608167648315 0.67972779273986816 -0.89439743757247925 1.016305685043335 0.86728006601333618 1.0099093914031982
400.7894999999553 -0.78576415777206421 0.6648329496383667 0.72867703437805176 0.68526655435562134 -0.89713442325592041 1.0183254480361938 0.87155455350875854 1.0178483724594116
495.92400000058115 -0.78998196125030518 0.66982239484786987 0.7373579740524292 0.68210834264755249 -0.90207982063293457 1.0198286771774292 0.87841427326202393 1.0188106298446655
586.56070000119507 -0.78730654716491699 0.66610044240951538 0.74092364311218262 0.6863895058631897 -0.90618264675140381 1.0184906721115112 0.87332534790039063 1.0324293375015259
676.59890000149608 -0.79532527923583984 0.66292905807495117 0.73632973432540894 0.68221479654312134 -0.91288608312606812 1.0097849369049072 0.87371408939361572 1.029462456703186
766.36070000007749 -0.78643059730529785 0.66929745674133301 0.73087811470031738 0.69161981344223022 -0.89726698398590088 1.0161447525024414 0.86246192455291748 1.0442917346954346
859.67510000243783 -0.7760435938835144 0.67107969522476196 0.72156500816345215 0.68829578161239624 -0.84815061092376709 1.0260919332504272 0.82859063148498535 1.0370359420776367
952.30960000306368 -0.75696694850921631 0.67850881814956665 0.69702440500259399 0.68513566255569458 -0.78617972135543823 1.0521597862243652 0.79727137088775635 1.0491985082626343
1048.2717000022531 -0.76045715808868408 0.66447418928146362 0.69614017009735107 0.68321573734283447 -0.77701300382614136 1.0527058839797974 0.78944152593612671 1.0369863510131836
1146.6622000001371 -0.75507718324661255 0.66628390550613403 0.67243993282318115 0.67758834362030029 -0.75217849016189575 1.0591137409210205 0.73397684097290039 1.0418521165847778
1246.122100001201 -0.74749571084976196 0.6753009557723999 0.67685544490814209 0.69358938932418823 -0.71930372714996338 1.0646933317184448 0.68953347206115723 1.0599576234817505
1347.7744000013918 -0.70359498262405396 0.69708067178726196 0.63215345144271851 0.69172680377960205 -0.67387652397155762 1.0591213703155518 0.65680855512619019 1.0607528686523438
1447.3554000016302 -0.70017433166503906 0.70991712808609009 0.61669909954071045 0.70597296953201294 -0.64410108327865601 1.0706077814102173 0.63877499103546143 1.0692226886749268
1539.0228000022471 -0.7190021276473999 0.70464140176773071 0.61334967613220215 0.69996947050094604 -0.64928823709487915 1.0640285015106201 0.64295125007629395 1.0676852464675903
1635.9730000011623 -0.70828843116760254 0.71275115013122559 0.61604559421539307 0.70650678873062134 -0.66208219528198242 1.0760352611541748 0.6177222728729248 1.0728898048400879
1730.4730000011623 -0.71489137411117554 0.69862216711044312 0.61632442474365234 0.69953352212905884 -0.67720448970794678 1.0652714967727661 0.61837971210479736 1.0693331956863403
1824.0134999994189 -0.70855975151062012 0.69915312528610229 0.61039209365844727 0.71250063180923462 -0.67583668231964111 1.0727605819702148 0.61470043659210205 1.0826823711395264
1919.6797000002116 -0.73556524515151978 0.67959791421890259 0.60992139577865601 0.69448816776275635 -0.67458009719848633 1.0647209882736206 0.62332808971405029 1.0582519769668579
