50.514299999922514 -0.71591752767562866 0.63403743505477905 0.64008963108062744 0.62791699171066284 -0.63739621639251709 0.93719369173049927 0.67465347051620483 0.94260424375534058
152.84200000017881 -0.70700210332870483 0.63967961072921753 0.62125056982040405 0.62692993879318237 -0.61729967594146729 0.94025921821594238 0.64533877372741699 0.9423445463180542
257.51579999923706 -0.7127344012260437 0.63260930776596069 0.62582021951675415 0.62760961055755615 -0.62448620796203613 0.93452173471450806 0.65942710638046265 0.94011843204498291
359.3652999997139 -0.70846372842788696 0.64168727397918701 0.63089650869369507 0.62587320804595947 -0.6272352933883667 0.93855732679367065 0.66273331642150879 0.93527847528457642
461.47660000063479 -0.6998475193977356 0.6405070424079895 0.64173007011413574 0.62470990419387817 -0.60976600646972656 0.93444931507110596 0.66893380880355835 0.93184745311737061
561.85269999876618 -0.7108161449432373 0.63282155990600586 0.62670809030532837 0.62284749746322632 -0.61476558446884155 0.93076908588409424 0.65314781665802002 0.9389309287071228
663.53900000080466 -0.70511549711227417 0.63789451122283936 0.63127821683883667 0.62722671031951904 -0.61462992429733276 0.93217891454696655 0.65030878782272339 0.93837332725524902
760.63969999924302 -0.71632587909698486 0.64986115694046021 0.60209745168685913 0.61774158477783203 -0.63859868049621582 0.95078831911087036 0.62891006469726563 0.93712526559829712
856.47269999980927 -0.69394409656524658 0.67063486576080322 0.61510485410690308 0.62727904319763184 -0.67924982309341431 0.9570162296295166 0.63840490579605103 0.94665044546127319
955.35750000178814 -0.68646532297134399 0.665313720703125 0.56230556964874268 0.62753576040267944 -0.67129057645797729 0.93638873100280762 0.58488917350769043 0.95005917549133301
1050.0495999995619 -0.71846771240234375 0.66493427753448486 0.57191622257232666 0.62948483228683472 -0.68738222122192383 0.95751023292541504 0.58167362213134766 0.95660430192947388
1151.0928000006825 -0.7141532301902771 0.66494917869567871 0.5656779408454895 0.6235278844833374 -0.67448800802230835 0.95635867118835449 0.56566953659057617 0.96164733171463013
1251.2174999993294 -0.70088058710098267 0.66579043865203857 0.58160459995269775 0.62640929222106934 -0.68170523643493652 0.96047794818878174 0.60933679342269897 0.95899021625518799
1354.9128000009805 -0.68971759080886841 0.66252231597900391 0.5892413854598999 0.62331420183181763 -0.67813235521316528 0.96460580825805664 0.60920524597167969 0.96247786283493042
1454.4716999977827 -0.69596594572067261 0.65383970737457275 0.60042554140090942 0.62349659204483032 -0.66844856739044189 0.95800429582595825 0.61199808120727539 0.96133440732955933
1558.3440999984741 -0.68864434957504272 0.65927565097808838 0.5913541316986084 0.61975502967834473 -0.67161846160888672 0.95784491300582886 0.59832233190536499 0.95815420150756836
1656.0056999996305 -0.69545412063598633 0.66075801849365234 0.59346151351928711 0.62056058645248413 -0.66936218738555908 0.96260219812393188 0.60354709625244141 0.96032959222793579
1757.22329999879 -0.69491934776306152 0.65989828109741211 0.59404945373535156 0.62302589416503906 -0.6754874587059021 0.9597468376159668 0.61325162649154663 0.96461397409439087
1861.2952999975532 -0.69484519958496094 0.65774440765380859 0.59461253881454468 0.62169551849365234 -0.67086327075958252 0.9521324634552002 0.60613209009170532 0.9558112621307373
1961.8624999988824 -0.72978061437606812 0.670989990234375 0.57544630765914917 0.63732105493545532 -0.70259439945220947 0.96558606624603271 0.58806294202804565 0.96558356285095215
