64.656499998643994 -0.60232144594192505 0.4012552797794342 0.71501427888870239 0.39673197269439697 -0.57956999540328979 0.60367476940155029 0.77821254730224609 0.60996133089065552
209.69519999995828 -0.59690356254577637 0.40819257497787476 0.74170577526092529 0.40393838286399841 -0.84098953008651733 0.6124502420425415 0.80859899520874023 0.61438572406768799
360.92100000008941 -0.5811278223991394 0.40405064821243286 0.72085076570510864 0.4000084400177002 -0.82230687141418457 0.60848236083984375 0.81096196174621582 0.61344444751739502
515.07299999892712 -0.58811569213867188 0.40215879678726196 0.71866303682327271 0.39573153853416443 -0.57598698139190674 0.60409331321716309 0.79529803991317749 0.60948580503463745
667.11980000138283 -0.60746073722839355 0.40768203139305115 0.73723649978637695 0.40181738138198853 -0.80918800830841064 0.61323094367980957 0.79806023836135864 0.61592817306518555
821.69730000011623 -0.54745602607727051 0.39710110425949097 0.77493458986282349 0.39192324876785278 -0.52179896831512451 0.60173231363296509 0.83654904365539551 0.60851633548736572
964.67830000072718 -0.54097908735275269 0.39175030589103699 0.77071279287338257 0.38494610786437988 -0.76283001899719238 0.5941043496131897 0.85532450675964355 0.59871965646743774
1112.2037000022829 -0.57886034250259399 0.40169870853424072 0.74523305892944336 0.40007144212722778 -0.80935651063919067 0.6068195104598999 0.80553734302520752 0.61078798770904541
1261.6762000024319 -0.52725875377655029 0.39693132042884827 0.78828465938568115 0.39384239912033081 -0.520424485206604 0.59844321012496948 0.85096549987792969 0.6089400053024292
1412.576400000602 -0.58765023946762085 0.40485984086990356 0.73538565635681152 0.40034672617912292 -0.80886012315750122 0.60836470127105713 0.77697223424911499 0.61269712448120117
1557.0030000023544 -0.58237236738204956 0.39449697732925415 0.73816567659378052 0.39459294080734253 -0.58095645904541016 0.5969281792640686 0.79588991403579712 0.60150027275085449
1710.5301000010222 -0.57599323987960815 0.40029260516166687 0.70843809843063354 0.39623135328292847 -0.56723183393478394 0.6060405969619751 0.67893552780151367 0.59988731145858765
1871.1683000028133 -0.58842200040817261 0.40311706066131592 0.74160850048065186 0.39829063415527344 -0.58039391040802002 0.60592800378799438 0.77592700719833374 0.6074860692024231
