39.714700002223253 -0.75385493040084839 0.66201764345169067 0.61708593368530273 0.62686640024185181 -0.75753110647201538 0.97773545980453491 0.55973643064498901 0.96456098556518555
136.92219999991357 -0.70573276281356812 0.66883230209350586 0.56999170780181885 0.62875312566757202 -0.69901514053344727 0.98004508018493652 0.55517327785491943 0.96364009380340576
236.75129999779165 -0.71885871887207031 0.67015665769577026 0.57134801149368286 0.63064408302307129 -0.70643055438995361 0.99576795101165771 0.57066333293914795 0.97193682193756104
336.38980000093579 -0.69319069385528564 0.6773834228515625 0.55529797077178955 0.64638257026672363 -0.68877649307250977 1.0221356153488159 0.57990801334381104 0.98533469438552856
439.43859999999404 -0.68907672166824341 0.68505012989044189 0.56384772062301636 0.65466028451919556 -0.70215868949890137 1.0244709253311157 0.59103190898895264 0.99707913398742676
537.65850000269711 -0.6970328688621521 0.68261253833770752 0.57027822732925415 0.64729022979736328 -0.70753294229507446 1.0273367166519165 0.59114366769790649 0.99010318517684937
638.45879999920726 -0.72285568714141846 0.68237173557281494 0.58698982000350952 0.65281182527542114 -0.71927297115325928 1.0458670854568481 0.60857486724853516 1.00580894947052
736.10469999909401 -0.70893180370330811 0.68088239431381226 0.59550988674163818 0.65292215347290039 -0.7141263484954834 1.034151554107666 0.62320482730865479 1.0010223388671875
838.72020000033081 -0.70792287588119507 0.67830777168273926 0.61266529560089111 0.65563738346099854 -0.7095026969909668 1.0384851694107056 0.63385468721389771 1.0002149343490601
940.71809999831021 -0.69702339172363281 0.68176281452178955 0.61968469619750977 0.6613505482673645 -0.69529753923416138 1.0419750213623047 0.64847356081008911 1.013958215713501
1048.1771999988705 -0.67738229036331177 0.69030517339706421 0.61866551637649536 0.65599679946899414 -0.67427188158035278 1.0513936281204224 0.64054214954376221 1.0082699060440063
1154.8201000001281 -0.68255782127380371 0.66970622539520264 0.61766505241394043 0.65753549337387085 -0.68077951669692993 1.0276085138320923 0.63972240686416626 1.0031924247741699
1252.9689000025392 -0.68035310506820679 0.67590570449829102 0.63563704490661621 0.6554410457611084 -0.68075108528137207 1.0309768915176392 0.6484876275062561 1.0050661563873291
1355.6078000012785 -0.68406450748443604 0.67767810821533203 0.63803881406784058 0.65378034114837646 -0.68046742677688599 1.0360203981399536 0.64870035648345947 1.0114724636077881
1455.3377000000328 -0.69844049215316772 0.67805612087249756 0.62722718715667725 0.6564260721206665 -0.69833856821060181 1.0422804355621338 0.62972068786621094 1.0162250995635986
1556.7719999998808 -0.7107587456703186 0.67564272880554199 0.63308233022689819 0.65276384353637695 -0.70815622806549072 1.0372499227523804 0.63845723867416382 1.0161094665527344
1660.1666000019759 -0.71007472276687622 0.67312002182006836 0.63666361570358276 0.65240395069122314 -0.71319323778152466 1.0404312610626221 0.64879316091537476 1.0182312726974487
1760.7458999995142 -0.71500396728515625 0.66982108354568481 0.62712198495864868 0.66468560695648193 -0.72806710004806519 1.0453933477401733 0.64029324054718018 1.0286774635314941
1860.3064999990165 -0.71976560354232788 0.67314106225967407 0.6165081262588501 0.66528880596160889 -0.73729246854782104 1.0446689128875732 0.62372547388076782 1.0313874483108521
1964.7744000013918 -0.72788763046264648 0.67007696628570557 0.63122272491455078 0.67317599058151245 -0.73360097408294678 1.0429718494415283 0.65360742807388306 1.0328723192214966
