83.700799999758601 -0.56914007663726807 0.41176179051399231 0.7248537540435791 0.40281200408935547 -0.55511605739593506 0.61531990766525269 0.77783006429672241 0.61604267358779907
235.08939999900758 -0.59014832973480225 0.40967255830764771 0.76894605159759521 0.40209650993347168 -0.56675118207931519 0.61353367567062378 0.81096184253692627 0.61493438482284546
390.58039999939501 -0.56368684768676758 0.40317350625991821 0.74080991744995117 0.39240816235542297 -0.56139397621154785 0.60294342041015625 0.80410712957382202 0.60610044002532959
560.65409999899566 -0.58756500482559204 0.40352901816368103 0.7371140718460083 0.39423221349716187 -0.55948954820632935 0.60500580072402954 0.80105769634246826 0.60719555616378784
717.54970000125468 -0.58958685398101807 0.41009068489074707 0.71446168422698975 0.39844977855682373 -0.57796835899353027 0.61706304550170898 0.79198354482650757 0.61919426918029785
887.88249999843538 -0.58568102121353149 0.40005189180374146 0.73709797859191895 0.39277416467666626 -0.55449575185775757 0.60054439306259155 0.80127251148223877 0.61016309261322021
1034.5120000001043 -0.58301550149917603 0.40560528635978699 0.71199584007263184 0.40033772587776184 -0.56529784202575684 0.60846894979476929 0.78721994161605835 0.61683142185211182
1187.9980999995023 -0.5810244083404541 0.40962255001068115 0.72755151987075806 0.40118032693862915 -0.56869041919708252 0.61763876676559448 0.80106043815612793 0.61928635835647583
1336.2685999982059 -0.58263993263244629 0.4124654233455658 0.72826707363128662 0.39851373434066772 -0.5658838152885437 0.6191907525062561 0.81946539878845215 0.61660635471343994
1493.729699999094 -0.57611477375030518 0.40601798892021179 0.71282190084457397 0.39529445767402649 -0.79149776697158813 0.61423027515411377 0.78231585025787354 0.61459231376647949
1648.5230000000447 -0.58081603050231934 0.40577423572540283 0.70671862363815308 0.39793592691421509 -0.55615723133087158 0.61235702037811279 0.78361934423446655 0.61573690176010132
1792.3530999999493 -0.58969753980636597 0.40634685754776001 0.71094995737075806 0.3962557315826416 -0.56456983089447021 0.61225724220275879 0.79970264434814453 0.61449116468429565
1942.2309999987483 -0.57401037216186523 0.40590763092041016 0.79667377471923828 0.39939597249031067 -0.55988925695419312 0.61419540643692017 0.87271022796630859 0.61775749921798706
