45.221100002527237 -0.76184666156768799 0.91070491075515747 0.63821148872375488 0.98372185230255127 -0.9163087010383606 1.4009048938751221 0.97989451885223389 1.4196079969406128
126.49729999899864 -0.76798135042190552 0.91515976190567017 0.64457738399505615 0.97817814350128174 -0.95091050863265991 1.4302687644958496 1.0158783197402954 1.4536186456680298
208.63590000197291 -0.81079566478729248 0.93983423709869385 0.64270925521850586 0.98655486106872559 -1.0236685276031494 1.4645771980285645 1.0225611925125122 1.4679898023605347
289.76729999855161 -0.82416224479675293 0.90916091203689575 0.68947577476501465 0.94489580392837524 -1.0335102081298828 1.4121923446655273 1.0845417976379395 1.4743475914001465
369.56040000170469 -0.78152120113372803 0.88175266981124878 0.67343932390213013 0.98705065250396729 -0.99062603712081909 1.3551609516143799 1.0374987125396729 1.4593156576156616
449.71950000524521 -0.76822274923324585 0.89473915100097656 0.67447829246520996 0.97513353824615479 -0.98672950267791748 1.3475297689437866 1.014896035194397 1.4821344614028931
533.08210000395775 -0.75678157806396484 0.925567626953125 0.62757974863052368 0.9777989387512207 -0.89960163831710815 1.3985224962234497 0.98424851894378662 1.4977339506149292
617.34620000049472 -0.75016486644744873 0.90626287460327148 0.66122639179229736 0.98924499750137329 -0.9101874828338623 1.4044042825698853 0.98636287450790405 1.4820339679718018
703.73930000513792 -0.77230364084243774 0.88978147506713867 0.63498222827911377 0.94423812627792358 -0.90679264068603516 1.376884937286377 0.95994269847869873 1.457663893699646
788.42449999973178 -0.75997596979141235 0.89160305261611938 0.62128299474716187 0.91651111841201782 -0.90254557132720947 1.3689510822296143 0.98277050256729126 1.4147571325302124
874.67410000413656 -0.73614758253097534 0.91358625888824463 0.60995227098464966 0.89818251132965088 -0.88688278198242188 1.3700684309005737 0.99829715490341187 1.403711199760437
957.53370000049472 -0.72182869911193848 0.89033466577529907 0.59743744134902954 0.88598537445068359 -0.88630414009094238 1.3522378206253052 0.97111254930496216 1.3480767011642456
1042.0027999989688 -0.68753618001937866 0.87892919778823853 0.61999809741973877 0.88702374696731567 -0.88384503126144409 1.3645130395889282 1.0468134880065918 1.3352266550064087
1129.1539000011981 -0.70986944437026978 0.85742980241775513 0.58637094497680664 0.89443165063858032 -0.8974873423576355 1.3388144969940186 1.0123333930969238 1.3155436515808105
1211.9665000028908 -0.7076643705368042 0.8396950364112854 0.62505841255187988 0.88118058443069458 -0.8840409517288208 1.291907787322998 1.0103166103363037 1.3656703233718872
1297.2472000047565 -0.72362720966339111 0.82931655645370483 0.62754422426223755 0.89364516735076904 -0.88881242275238037 1.2673507928848267 1.0316973924636841 1.3843053579330444
1381.0408000014722 -0.73739343881607056 0.81187230348587036 0.61434990167617798 0.86306583881378174 -0.889107346534729 1.2466912269592285 1.0122617483139038 1.3270635604858398
1466.0802000015974 -0.70409971475601196 0.82204669713973999 0.62461912631988525 0.8739769458770752 -0.87130445241928101 1.2662312984466553 1.0140247344970703 1.3453487157821655
1554.3872000016272 -0.72076815366744995 0.83530724048614502 0.63823211193084717 0.87862098217010498 -0.87420529127120972 1.2788039445877075 1.019416332244873 1.3479816913604736
1636.8458000011742 -0.71660321950912476 0.82232069969177246 0.6092647910118103 0.86971485614776611 -0.86464643478393555 1.2625839710235596 1.0058513879776001 1.3383554220199585
1717.82480000332 -0.72273272275924683 0.82307392358779907 0.64243066310882568 0.88496136665344238 -0.87149471044540405 1.2718265056610107 1.0395504236221313 1.3475877046585083
1805.8297000005841 -0.74000728130340576 0.81393289566040039 0.58664196729660034 0.86754322052001953 -0.91785383224487305 1.2550349235534668 0.9281536340713501 1.2909311056137085
1904.6044000014663 -0.9688115119934082 0.83348840475082397 0.62791311740875244 0.88933640718460083 -0.92629390954971313 1.2902798652648926 0.89717131853103638 1.2921706438064575
1990.660300001502 -0.96967881917953491 0.83947300910949707 0.61514747142791748 0.89000177383422852 -0.92580294609069824 1.2634444236755371 0.88351309299468994 1.2855513095855713
