64.799400005489588 -0.68676924705505371 0.90100705623626709 0.50808614492416382 0.96071928739547729 -0.75890219211578369 1.3661757707595825 0.66209542751312256 1.3780345916748047
146.90640000253916 -0.93572789430618286 0.90370833873748779 0.51987183094024658 0.95653915405273438 -0.7626802921295166 1.354888916015625 0.66082978248596191 1.3773578405380249
237.85450000315905 -0.66448122262954712 0.89991289377212524 0.53985285758972168 0.95899307727813721 -0.75823765993118286 1.3706865310668945 0.67286324501037598 1.3820470571517944
317.88570000603795 -0.66459548473358154 0.88768726587295532 0.52946501970291138 0.95808893442153931 -0.7582467794418335 1.3390552997589111 0.6360926628112793 1.3742529153823853
401.03040000423789 -0.95299023389816284 0.90308082103729248 0.53970545530319214 0.95401579141616821 -0.7642359733581543 1.3391765356063843 0.66924363374710083 1.3626322746276855
487.6816000007093 -0.95573896169662476 0.90187835693359375 0.56211340427398682 0.95676642656326294 -0.74682086706161499 1.3450709581375122 0.65561193227767944 1.3833069801330566
570.82550000026822 -0.63460010290145874 0.87438768148422241 0.53552013635635376 0.94461792707443237 -0.73961544036865234 1.3326151371002197 0.62791168689727783 1.3622440099716187
654.45639999955893 -0.95796334743499756 0.91129130125045776 0.5496971607208252 0.95579761266708374 -0.74479550123214722 1.3493194580078125 0.65032070875167847 1.3641791343688965
739.58320000395179 -0.66482257843017578 0.88770294189453125 0.53876006603240967 0.95977592468261719 -0.74840080738067627 1.3467799425125122 0.67706501483917236 1.368975043296814
822.62220000103116 -0.96066641807556152 0.90770399570465088 0.52924740314483643 0.9478912353515625 -0.77117389440536499 1.358585000038147 0.67668056488037109 1.3724632263183594
904.36790000274777 -0.66085356473922729 0.88434076309204102 0.5432894229888916 0.95213794708251953 -0.7559659481048584 1.3287138938903809 0.64181923866271973 1.3695017099380493
986.90250000357628 -0.66491621732711792 0.87557429075241089 0.5176960825920105 0.94185477495193481 -0.75878852605819702 1.3360855579376221 0.64362716674804688 1.3626655340194702
1068.2756999991834 -0.66736340522766113 0.88418847322463989 0.53882116079330444 0.95963943004608154 -0.76016050577163696 1.3413304090499878 0.65869253873825073 1.3753648996353149
1151.4182000011206 -0.94873225688934326 0.90561652183532715 0.52891361713409424 0.9633604884147644 -0.76217365264892578 1.3471287488937378 0.60170239210128784 1.3903366327285767
1237.8894000016153 -0.95483124256134033 0.90255910158157349 0.55470669269561768 0.95814085006713867 -0.75942295789718628 1.3556598424911499 0.67282783985137939 1.3842079639434814
1323.6350000016391 -0.67007917165756226 0.87359398603439331 0.52011996507644653 0.9487951397895813 -0.75551754236221313 1.3287298679351807 0.648426353931427 1.3691564798355103
1408.2558000013232 -0.97015106678009033 0.90183007717132568 0.54903751611709595 0.96591418981552124 -0.75738084316253662 1.3460800647735596 0.67840570211410522 1.3914778232574463
1492.3451999984682 -0.66910231113433838 0.87711220979690552 0.51868635416030884 0.95789933204650879 -0.76126194000244141 1.3347862958908081 0.64453327655792236 1.3794064521789551
1577.6827999986708 -0.69600504636764526 0.87879258394241333 0.54141247272491455 0.9701310396194458 -0.77111411094665527 1.329810619354248 0.63016581535339355 1.3903437852859497
1659.9005000032485 -0.67485415935516357 0.87080168724060059 0.53858286142349243 0.96081316471099854 -0.75943946838378906 1.3282151222229004 0.62143808603286743 1.3861845731735229
1740.8077999986708 -0.65794920921325684 0.89250296354293823 0.52799946069717407 0.96490782499313354 -0.76069128513336182 1.3612819910049438 0.65696507692337036 1.384333610534668
1828.0791999995708 -0.98519051074981689 0.90109562873840332 0.52342599630355835 0.96626043319702148 -0.7981603741645813 1.3559921979904175 0.65310657024383545 1.3964279890060425
1913.8332000039518 -0.68668746948242188 0.87800741195678711 0.52992326021194458 0.95944929122924805 -0.77311301231384277 1.3340065479278564 0.6387559175491333 1.3936588764190674
1996.1949000023305 -0.96570664644241333 0.90232634544372559 0.53786826133728027 0.95904207229614258 -0.77068126201629639 1.347206711769104 0.65485060214996338 1.396512508392334
