151.08559999987483 -0.58073520660400391 0.40432164072990417 0.76211768388748169 0.39131137728691101 -0.56596529483795166 0.61161881685256958 0.84453219175338745 0.61208856105804443
307.57509999908507 -0.59793508052825928 0.41203102469444275 0.69845736026763916 0.40069374442100525 -0.58818447589874268 0.61957347393035889 0.78382295370101929 0.61671346426010132
471.65210000053048 -0.58916652202606201 0.41061663627624512 0.71577489376068115 0.39935311675071716 -0.58963465690612793 0.61406999826431274 0.78682714700698853 0.61686414480209351
649.88210000097752 -0.52430397272109985 0.4062919020652771 0.75379323959350586 0.38616740703582764 -0.52436357736587524 0.61400425434112549 0.83283662796020508 0.60696053504943848
818.32409999892116 -0.59781289100646973 0.40932166576385498 0.68855953216552734 0.39752113819122314 -0.58636528253555298 0.61018091440200806 0.78386771678924561 0.61763530969619751
986.1357999984175 -0.58508223295211792 0.40630203485488892 0.71075505018234253 0.39307668805122375 -0.58866137266159058 0.60966986417770386 0.79032796621322632 0.60912716388702393
1150.7060000002384 -0.58869606256484985 0.41141217947006226 0.70933568477630615 0.40105986595153809 -0.5736011266708374 0.61684179306030273 0.77718770503997803 0.61954838037490845
1315.252899998799 -0.60626101493835449 0.41204231977462769 0.68044328689575195 0.39884287118911743 -0.59961968660354614 0.62140238285064697 0.680228590965271 0.60598987340927124
1484.4363999981433 -0.58994835615158081 0.41456258296966553 0.68519830703735352 0.39642071723937988 -0.58047962188720703 0.62133276462554932 0.69106763601303101 0.60779136419296265
1650.7916999999434 -0.58086252212524414 0.41008183360099792 0.69579833745956421 0.3979191780090332 -0.56461244821548462 0.61645734310150146 0.78003287315368652 0.61621153354644775
1813.2782000005245 -0.58583647012710571 0.41240113973617554 0.69689959287643433 0.39804819226264954 -0.57486939430236816 0.62005633115768433 0.80327576398849487 0.61887073516845703
1975.5484999995679 -0.5453532338142395 0.40731716156005859 0.74561208486557007 0.39403626322746277 -0.54234319925308228 0.6146475076675415 0.82939356565475464 0.61211287975311279
