64.496400000527501 -0.71002596616744995 0.69880300760269165 0.60469788312911987 0.72529059648513794 -0.64733129739761353 1.0604643821716309 0.59574675559997559 1.0608899593353271
167.90640000067651 -0.71792668104171753 0.70055180788040161 0.60725629329681396 0.72183388471603394 -0.64919638633728027 1.059363842010498 0.59402686357498169 1.0623253583908081
265.07530000060797 -0.7160758376121521 0.69304651021957397 0.61021119356155396 0.72652757167816162 -0.635123610496521 1.0559126138687134 0.60236269235610962 1.0625311136245728
370.01280000060797 -0.72578996419906616 0.69146144390106201 0.6033051609992981 0.72218883037567139 -0.65055578947067261 1.0630325078964233 0.58679205179214478 1.0638543367385864
461.22630000114441 -0.72769498825073242 0.69131815433502197 0.60421568155288696 0.72000670433044434 -0.64784276485443115 1.0620237588882446 0.59379911422729492 1.0604062080383301
554.8562000002712 -0.73708099126815796 0.68896752595901489 0.60582810640335083 0.72423362731933594 -0.65285563468933105 1.0548981428146362 0.58976054191589355 1.0596672296524048
644.56140000186861 -0.72717291116714478 0.69015675783157349 0.6006740927696228 0.72792816162109375 -0.64993846416473389 1.0610792636871338 0.58470684289932251 1.062273383140564
736.6509999986738 -0.73085802793502808 0.68682873249053955 0.60696518421173096 0.73141419887542725 -0.64863204956054688 1.0590331554412842 0.58215588331222534 1.0690575838088989
834.56610000133514 -0.73344624042510986 0.69131678342819214 0.5978427529335022 0.7304653525352478 -0.66503989696502686 1.0604195594787598 0.57465863227844238 1.0631879568099976
931.49670000001788 -0.72382861375808716 0.70233005285263062 0.59571641683578491 0.7272263765335083 -0.65873414278030396 1.0627490282058716 0.58211284875869751 1.0660703182220459
1031.5407000016421 -0.73831766843795776 0.68648934364318848 0.61224484443664551 0.72375231981277466 -0.65940070152282715 1.0629538297653198 0.59315270185470581 1.0653740167617798
1124.1991999987513 -0.71570819616317749 0.69960904121398926 0.6031230092048645 0.72543483972549438 -0.65584373474121094 1.065076470375061 0.58196419477462769 1.0641428232192993
1219.773199999705 -0.72911715507507324 0.70789521932601929 0.59469622373580933 0.72391229867935181 -0.67143344879150391 1.0675630569458008 0.58919847011566162 1.0650757551193237
1316.500799998641 -0.72421044111251831 0.7116321325302124 0.60894972085952759 0.72202491760253906 -0.65877515077590942 1.0702487230300903 0.59554415941238403 1.0672967433929443
1404.1583000011742 -0.73837822675704956 0.70983266830444336 0.60516124963760376 0.71498477458953857 -0.68284457921981812 1.0675053596496582 0.59802168607711792 1.0633729696273804
1495.0081999991089 -0.75609588623046875 0.70573490858078003 0.59877300262451172 0.72303783893585205 -0.69846922159194946 1.0704948902130127 0.59519100189208984 1.0705990791320801
1587.5902000013739 -0.75780725479125977 0.70718288421630859 0.59125655889511108 0.7234380841255188 -0.69241499900817871 1.0691218376159668 0.57889121770858765 1.0669647455215454
1687.6926000006497 -0.74800014495849609 0.70612746477127075 0.5902058482170105 0.71749907732009888 -0.69087123870849609 1.0685732364654541 0.58148187398910522 1.0674744844436646
1780.3250999990851 -0.74689656496047974 0.69980674982070923 0.5895426869392395 0.70854002237319946 -0.70240676403045654 1.0604743957519531 0.58807891607284546 1.0635067224502563
1877.6670999992639 -0.75087445974349976 0.69478142261505127 0.59484529495239258 0.71396470069885254 -0.69633495807647705 1.06540846824646 0.59682673215866089 1.0650501251220703
1972.1880000010133 -0.74182921648025513 0.69772577285766602 0.60138982534408569 0.69989413022994995 -0.68935424089431763 1.064964771270752 0.60363072156906128 1.0582191944122314
