61.142100000753999 -0.73269444704055786 0.6845206618309021 0.5774499773979187 0.74312865734100342 -1.0215691328048706 1.0902320146560669 0.62221622467041016 1.0910148620605469
185.12590000033379 -0.7032628059387207 0.70399349927902222 0.60726082324981689 0.74468648433685303 -1.0053675174713135 1.0998955965042114 0.65772819519042969 1.1113549470901489
298.89850000105798 -0.71563786268234253 0.72855842113494873 0.65944063663482666 0.73876124620437622 -0.95887750387191772 1.0951864719390869 0.72693729400634766 1.1191895008087158
426.14470000006258 -0.67997795343399048 0.72557729482650757 0.62945514917373657 0.74230611324310303 -0.89080542325973511 1.1065158843994141 0.70627754926681519 1.1195552349090576
556.02539999969304 -0.97184926271438599 0.7194368839263916 0.61596131324768066 0.7565111517906189 -0.92756175994873047 1.1232185363769531 0.65195512771606445 1.1263189315795898
675.80950000043958 -0.96745705604553223 0.72207778692245483 0.63454604148864746 0.76495140790939331 -0.87864631414413452 1.1133064031600952 0.70092082023620605 1.1287906169891357
800.86660000029951 -0.95410972833633423 0.72455865144729614 0.67356932163238525 0.77686887979507446 -0.87481731176376343 1.1209142208099365 0.66663169860839844 1.1500130891799927
923.58690000046045 -0.92653053998947144 0.72128993272781372 0.62661880254745483 0.75135940313339233 -0.94799679517745972 1.1227991580963135 0.68865609169006348 1.1180708408355713
1046.6646000007167 -0.91574734449386597 0.69213032722473145 0.62331420183181763 0.72454637289047241 -0.92059260606765747 1.0908317565917969 0.73583340644836426 1.0715959072113037
1165.1814000001177 -0.90840786695480347 0.6695786714553833 0.66966468095779419 0.72664278745651245 -0.96545720100402832 1.0756288766860962 0.71228301525115967 1.0898337364196777
1291.5359000004828 -0.86410695314407349 0.64774328470230103 0.73353379964828491 0.71989113092422485 -0.89060318470001221 1.0630927085876465 0.7943192720413208 1.0808025598526001
1410.3820999991149 -0.85342925786972046 0.64232164621353149 0.71325182914733887 0.70788443088531494 -0.90043151378631592 1.0588244199752808 0.77037203311920166 1.06969153881073
1515.1502000000328 -0.89640992879867554 0.64051425457000732 0.67139482498168945 0.69440513849258423 -0.92486226558685303 1.0496652126312256 0.72862410545349121 1.0622575283050537
1625.1003000000492 -0.89697384834289551 0.63603299856185913 0.63228201866149902 0.69913691282272339 -0.93301093578338623 1.0445542335510254 0.71664524078369141 1.0621626377105713
1747.2434999998659 -0.89527314901351929 0.63753294944763184 0.6580081582069397 0.69844269752502441 -0.92927229404449463 1.0433776378631592 0.72702383995056152 1.0601755380630493
1870.0728000001982 -0.92424494028091431 0.63665878772735596 0.63440746068954468 0.7012520432472229 -0.95300900936126709 1.0454792976379395 0.68894666433334351 1.050873875617981
1975.7530000004917 -0.89868271350860596 0.63588970899581909 0.65770864486694336 0.69378066062927246 -0.9381445050239563 1.0399113893508911 0.74133121967315674 1.0464775562286377
