66.496999999508262 -0.82195180654525757 0.64107382297515869 0.51941269636154175 0.65951752662658691 -0.77745848894119263 1.0051205158233643 0.51889443397521973 0.98675262928009033
153.42519999854267 -0.81374162435531616 0.63686764240264893 0.5184018611907959 0.65137040615081787 -0.77102762460708618 1.004015326499939 0.521137535572052 0.98086541891098022
241.86370000056922 -0.80749303102493286 0.63664591312408447 0.52661120891571045 0.66376954317092896 -0.77059876918792725 0.99870008230209351 0.53914856910705566 0.99559527635574341
328.1813999991864 -0.79494684934616089 0.63704901933670044 0.52772998809814453 0.66215771436691284 -0.7477649450302124 0.99279743432998657 0.55615860223770142 0.98188513517379761
415.4769999999553 -0.79716837406158447 0.64524650573730469 0.51960015296936035 0.65781426429748535 -0.74689668416976929 0.99880445003509521 0.52658540010452271 0.97814023494720459
497.57769999839365 -0.76117485761642456 0.64185225963592529 0.58291113376617432 0.65400475263595581 -0.70611691474914551 0.99703609943389893 0.58639883995056152 0.98252201080322266
582.30419999919832 -0.77729624509811401 0.64654600620269775 0.55591851472854614 0.66296714544296265 -0.73670738935470581 1.0026520490646362 0.56616991758346558 0.99341839551925659
670.51180000044405 -0.76230496168136597 0.64344441890716553 0.56144702434539795 0.66314804553985596 -0.72091925144195557 0.99219530820846558 0.56198066473007202 0.98476284742355347
760.40300000086427 -0.74188190698623657 0.63475513458251953 0.55322277545928955 0.66329896450042725 -0.70535290241241455 0.98431724309921265 0.55074310302734375 0.98319977521896362
851.58239999972284 -0.71295493841171265 0.64793413877487183 0.61011743545532227 0.66970312595367432 -0.68352675437927246 1.0040953159332275 0.58500570058822632 0.9947541356086731
942.83770000189543 -0.68167901039123535 0.65886348485946655 0.63135236501693726 0.69085061550140381 -0.67782020568847656 1.0202896595001221 0.61279821395874023 1.0128558874130249
1032.7541000004858 -0.65584284067153931 0.64213734865188599 0.61410421133041382 0.67044538259506226 -0.65942525863647461 1.0168869495391846 0.62594813108444214 1.0031870603561401
1124.7814000006765 -0.6922607421875 0.63582807779312134 0.61069124937057495 0.67316168546676636 -0.70369744300842285 1.0089598894119263 0.6328662633895874 1.0074721574783325
1215.2145000007004 -0.71441012620925903 0.64706194400787354 0.65118718147277832 0.6764601469039917 -0.71743494272232056 1.0241554975509644 0.65586870908737183 1.012578010559082
1307.4394000004977 -0.70805954933166504 0.65308195352554321 0.61964643001556396 0.65826666355133057 -0.69735997915267944 1.0162409543991089 0.55959397554397583 1.0041669607162476
1393.3334999997169 -0.682181715965271 0.66676127910614014 0.66501647233963013 0.67349439859390259 -0.65777039527893066 1.0423821210861206 0.59246516227722168 1.0339031219482422
1483.8455000016838 -0.66976439952850342 0.69362032413482666 0.66996198892593384 0.66324162483215332 -0.60480201244354248 1.0494304895401001 0.64409953355789185 1.036970853805542
1574.5280000008643 -0.68545824289321899 0.68203747272491455 0.69985866546630859 0.6548764705657959 -0.61776912212371826 1.0278114080429077 0.66059333086013794 1.0073883533477783
1663.5885000005364 -0.68353593349456787 0.67141091823577881 0.64244401454925537 0.64406788349151611 -0.60747283697128296 1.0233944654464722 0.66468214988708496 1.0014362335205078
1750.6300000008196 -0.69296228885650635 0.66981226205825806 0.63540595769882202 0.63950252532958984 -0.61966067552566528 1.0076014995574951 0.6849934458732605 0.97285807132720947
1841.370200002566 -0.7098926305770874 0.65760612487792969 0.63807171583175659 0.63655394315719604 -0.62642532587051392 1.0080708265304565 0.67174762487411499 0.98350799083709717
1929.8003000002354 -0.72523349523544312 0.66517734527587891 0.63544321060180664 0.64553892612457275 -0.63593387603759766 1.0205355882644653 0.64712965488433838 0.98860079050064087
