96.128200002014637 -0.72714245319366455 0.6821286678314209 0.5827096700668335 0.66893965005874634 -0.71232587099075317 1.0301175117492676 0.54823017120361328 1.0093642473220825
196.55810000188649 -0.74580979347229004 0.68172550201416016 0.58880633115768433 0.67428600788116455 -0.73322391510009766 1.0255372524261475 0.55414754152297974 1.0114372968673706
296.43530000373721 -0.73925220966339111 0.67881083488464355 0.59875565767288208 0.66854667663574219 -0.71620756387710571 1.0241549015045166 0.56065571308135986 1.0084540843963623
396.87759999930859 -0.74221009016036987 0.6816871166229248 0.5783957839012146 0.6648070216178894 -0.70921653509140015 1.0256832838058472 0.55194658041000366 1.0034081935882568
491.66880000382662 -0.74075573682785034 0.68807834386825562 0.55512982606887817 0.67109894752502441 -0.71217131614685059 1.0304994583129883 0.5418931245803833 1.0149441957473755
590.49019999988377 -0.76322168111801147 0.69220465421676636 0.54531502723693848 0.67456656694412231 -0.74369907379150391 1.0283766984939575 0.5541762113571167 1.0185412168502808
684.6577000040561 -0.74983042478561401 0.68374782800674438 0.56195163726806641 0.66916960477828979 -0.74550628662109375 1.0275269746780396 0.57476991415023804 1.0093984603881836
785.2054000031203 -0.7558138370513916 0.67629021406173706 0.547249436378479 0.67040300369262695 -0.75366723537445068 1.0259560346603394 0.56728863716125488 1.0127863883972168
883.1879000030458 -0.73197299242019653 0.6790153980255127 0.57223629951477051 0.66000270843505859 -0.74058765172958374 1.0325000286102295 0.57438862323760986 1.0105687379837036
988.7227000053972 -0.74840354919433594 0.67288792133331299 0.60815179347991943 0.66724580526351929 -0.75143402814865112 1.0333504676818848 0.60518902540206909 1.016095757484436
1090.1489000003785 -0.74463343620300293 0.68192470073699951 0.60149157047271729 0.66978192329406738 -0.75068974494934082 1.0380816459655762 0.60590410232543945 1.013175368309021
1186.6644000038505 -0.74865525960922241 0.67563414573669434 0.61643844842910767 0.66629946231842041 -0.74295639991760254 1.0357317924499512 0.62752217054367065 1.0212126970291138
1284.7485000025481 -0.74174964427947998 0.69187909364700317 0.60746431350708008 0.67368102073669434 -0.7378307580947876 1.0465433597564697 0.63300037384033203 1.0198338031768799
1379.7794000022113 -0.73640072345733643 0.69435518980026245 0.60759001970291138 0.67417371273040771 -0.74612563848495483 1.0339446067810059 0.61933773756027222 1.0167287588119507
1476.3995000012219 -0.74329978227615356 0.70920270681381226 0.6040230393409729 0.67112886905670166 -0.72953534126281738 1.0423835515975952 0.60846143960952759 1.0163775682449341
1577.6206000018865 -0.74387538433074951 0.68499243259429932 0.62034064531326294 0.66512823104858398 -0.70253866910934448 1.0348429679870605 0.61888909339904785 1.0146154165267944
1677.08920000121 -0.74646472930908203 0.67161637544631958 0.60502356290817261 0.65856802463531494 -0.70013654232025146 1.0023523569107056 0.5980832576751709 1.000136137008667
1771.614400004968 -0.73017120361328125 0.66919314861297607 0.60916048288345337 0.65794175863265991 -0.69053065776824951 0.99393808841705322 0.60805219411849976 0.99541503190994263
1868.6274000033736 -0.71230870485305786 0.6735960841178894 0.60885965824127197 0.65208804607391357 -0.68615895509719849 0.99051970243453979 0.59503555297851563 0.98749226331710815
1971.9807000029832 -0.72702223062515259 0.66521435976028442 0.58742886781692505 0.64439064264297485 -0.68590903282165527 0.98891425132751465 0.57575470209121704 0.98826855421066284
