13.527899999171495 -0.79537522792816162 0.9251750111579895 0.6859968900680542 1.1034528017044067 -0.88568305969238281 1.4522274732589722 0.7996445894241333 1.655555248260498
98.691499996930361 -0.78904145956039429 0.94687175750732422 0.65996468067169189 1.0946332216262817 -0.88802468776702881 1.4750463962554932 0.55031746625900269 1.4169375896453857
181.32849999889731 -0.73545378446578979 0.96221750974655151 0.71856564283370972 1.0854607820510864 -0.85891115665435791 1.4745665788650513 0.81484425067901611 1.6467034816741943
264.85240000113845 -0.71882796287536621 0.99564075469970703 0.72440135478973389 1.1147894859313965 -0.86100363731384277 1.5128318071365356 0.84118741750717163 1.6749142408370972
348.6988999992609 -0.73621165752410889 1.0085840225219727 0.77568727731704712 1.0431703329086304 -0.91892170906066895 1.520334005355835 0.74425327777862549 1.4974676370620728
433.25059999898076 -0.88971453905105591 0.98510611057281494 0.61275243759155273 1.0260627269744873 -1.0802466869354248 1.4959068298339844 0.77487844228744507 1.660547137260437
519.07250000163913 -1.0487390756607056 1.0162099599838257 0.708637535572052 1.024308443069458 -1.230105996131897 1.5209436416625977 0.91978365182876587 1.4918884038925171
604.33620000258088 -0.90920591354370117 1.059847354888916 0.60958504676818848 1.1631642580032349 -0.99157023429870605 1.6457730531692505 0.81712466478347778 1.5844364166259766
686.87009999901056 -0.95488107204437256 1.0762927532196045 0.60868489742279053 1.1602036952972412 -1.0338715314865112 1.692700982093811 0.73195278644561768 1.5836426019668579
772.83680000156164 -0.85236018896102905 1.06617271900177 0.7846599817276001 1.0906718969345093 -0.96162521839141846 1.6834261417388916 0.89688855409622192 1.6084780693054199
866.21979999914765 -0.98915588855743408 1.0753400325775146 0.62417042255401611 1.1715790033340454 -1.129613995552063 1.6527082920074463 0.80821746587753296 1.8078067302703857
955.86689999699593 -0.96101772785186768 1.0278280973434448 0.64864695072174072 1.0783102512359619 -1.1336641311645508 1.5565007925033569 0.77232670783996582 1.5682096481323242
1041.0773999989033 -0.83292549848556519 1.003679633140564 0.83587080240249634 1.1166203022003174 -0.99886018037796021 1.519321084022522 0.93223142623901367 1.5482246875762939
1128.3456999994814 -0.83789211511611938 0.97607618570327759 0.8053320050239563 1.0670850276947021 -0.99820786714553833 1.5052090883255005 0.89033526182174683 1.4872735738754272
1214.0831999965012 -0.89546459913253784 0.98448657989501953 0.79092097282409668 1.0750133991241455 -1.0343581438064575 1.525743842124939 0.87004077434539795 1.5411043167114258
1297.2993000000715 -0.84206175804138184 0.98107349872589111 0.78437113761901855 1.0301477909088135 -0.95451146364212036 1.5261992216110229 0.93076241016387939 1.5012961626052856
1382.0723999999464 -0.84008622169494629 0.9482039213180542 0.52528905868530273 0.97793871164321899 -0.94781845808029175 1.4681484699249268 0.92274940013885498 1.4602111577987671
1469.0934999957681 -0.81284838914871216 0.94806259870529175 0.78279685974121094 1.0144126415252686 -0.9099738597869873 1.4510312080383301 0.92436861991882324 1.4525120258331299
1551.7167999967933 -0.80864500999450684 0.9274594783782959 0.52727842330932617 1.0108076333999634 -0.89785844087600708 1.4427714347839355 0.90662062168121338 1.4685535430908203
1634.2679999992251 -0.80187177658081055 0.91808128356933594 0.51375162601470947 0.98291707038879395 -0.88117855787277222 1.4123090505599976 0.88826024532318115 1.4209562540054321
1721.7796999998391 -0.78037679195404053 0.90772867202758789 0.55405378341674805 0.99940770864486694 -0.88438844680786133 1.4120665788650513 0.91953200101852417 1.4457377195358276
1803.7245000004768 -0.77430176734924316 0.89376997947692871 0.58675873279571533 0.98096251487731934 -0.88764023780822754 1.3969103097915649 0.99464929103851318 1.4342070817947388
1885.367000002414 -0.78620582818984985 0.89291417598724365 0.60748559236526489 0.9450029730796814 -0.91320145130157471 1.3875514268875122 0.96149080991744995 1.4858783483505249
1968.0197999998927 -0.78768628835678101 0.8943016529083252 0.60690486431121826 0.95205044746398926 -0.92214047908782959 1.3763271570205688 0.97998017072677612 1.4903944730758667
