2.1015999997034669 -0.54488265514373779 0.46757966279983521 0.73270362615585327 0.41851109266281128 -0.94337016344070435 0.75772315263748169 0.87923115491867065 0.60040128231048584
114.65599999949336 -0.589458167552948 0.46053197979927063 0.75461959838867188 0.42369404435157776 -0.44027155637741089 0.71673876047134399 0.82897734642028809 0.63900446891784668
227.32390000019222 -0.45074450969696045 0.4623391330242157 0.7263299822807312 0.4280414879322052 -0.42751395702362061 0.7126239538192749 0.8686976432800293 0.66345524787902832
341.50049999915063 -0.42002207040786743 0.45908969640731812 0.71306657791137695 0.43036112189292908 -0.91231954097747803 0.71852678060531616 0.80350768566131592 0.66431128978729248
452.06939999945462 -0.43013229966163635 0.45850309729576111 0.71855956315994263 0.42857202887535095 -0.88653624057769775 0.71777045726776123 0.81685507297515869 0.65575498342514038
560.92579999938607 -0.37247383594512939 0.46022811532020569 0.71434086561203003 0.42667514085769653 -0.88773518800735474 0.71305781602859497 0.8252062201499939 0.6561005711555481
672.6113999998197 -0.38306981325149536 0.45373684167861938 0.70166736841201782 0.42396047711372375 -0.92514693737030029 0.7065168023109436 0.8052791953086853 0.65760952234268188
782.85329999960959 -0.3830120861530304 0.45558470487594604 0.7139667272567749 0.42000043392181396 -0.93245983123779297 0.71625751256942749 0.81517446041107178 0.65225100517272949
896.84999999962747 -0.4119432270526886 0.46449047327041626 0.71485996246337891 0.43302565813064575 -0.94738256931304932 0.72777295112609863 0.798880934715271 0.66388356685638428
1010.473000000231 -0.42873573303222656 0.46413174271583557 0.72734379768371582 0.42758160829544067 -0.92668896913528442 0.7244001030921936 0.80709797143936157 0.64765769243240356
1123.1821000007913 -0.45299211144447327 0.46187236905097961 0.72753643989562988 0.42572236061096191 -0.94844937324523926 0.72991520166397095 0.80826550722122192 0.64538723230361938
1236.9152999995276 -0.44083720445632935 0.46140399575233459 0.75590652227401733 0.4378388524055481 -0.96219414472579956 0.72813266515731812 0.81918340921401978 0.66394829750061035
1350.6359000001103 -0.46690696477890015 0.46391221880912781 0.7179865837097168 0.42869207262992859 -0.93474549055099487 0.72256773710250854 0.81459271907806396 0.65128040313720703
1463.3704000003636 -0.45739197731018066 0.46099558472633362 0.70998424291610718 0.42665946483612061 -0.91830432415008545 0.72732877731323242 0.81300646066665649 0.65102732181549072
1573.2275000000373 -0.37743565440177917 0.46114715933799744 0.72332727909088135 0.4241829514503479 -0.92139899730682373 0.72081756591796875 0.80573266744613647 0.64711552858352661
1681.9773999992758 -0.42785456776618958 0.46296977996826172 0.70484811067581177 0.42234700918197632 -0.89222019910812378 0.72994017601013184 0.75615638494491577 0.64073902368545532
1793.523799999617 -0.33206450939178467 0.44847011566162109 0.69018560647964478 0.42356601357460022 -0.90693020820617676 0.70079118013381958 0.75340276956558228 0.6500931978225708
1910.3936999998987 -0.57373744249343872 0.44816416501998901 0.71396607160568237 0.42243388295173645 -0.90723985433578491 0.70763802528381348 0.78415632247924805 0.64586281776428223
