75.448200000450015 -0.6282380223274231 0.67028295993804932 0.92450720071792603 0.6611141562461853 -0.69601726531982422 0.98307818174362183 0.80292916297912598 0.98416990041732788
173.15929999947548 -0.61441904306411743 0.62149274349212646 0.96091663837432861 0.63849407434463501 -0.67219561338424683 0.95312905311584473 0.88038712739944458 0.9501957893371582
271.79310000129044 -0.56948632001876831 0.63540470600128174 0.95509970188140869 0.6574777364730835 -0.58870828151702881 0.94774264097213745 0.93287503719329834 0.98121488094329834
374.41869999840856 -0.53384923934936523 0.65881317853927612 0.82912880182266235 0.6527552604675293 -0.57104188203811646 0.95116680860519409 0.90450435876846313 0.96047723293304443
476.95679999701679 -0.5248875617980957 0.65538716316223145 0.76201337575912476 0.63040798902511597 -0.532032310962677 0.95653122663497925 0.81943196058273315 0.94847536087036133
579.6777999997139 -0.59359163045883179 0.6516338586807251 0.74072742462158203 0.61102205514907837 -0.54550939798355103 0.98037183284759521 0.77528184652328491 0.94905704259872437
679.384900001809 -0.63275736570358276 0.66100353002548218 0.72502219676971436 0.62351030111312866 -0.58887326717376709 0.97130721807479858 0.70845001935958862 0.97371542453765869
779.57000000029802 -0.64064669609069824 0.67178195714950562 0.66748332977294922 0.64417535066604614 -0.58912312984466553 0.99483489990234375 0.64805006980895996 0.981606125831604
883.17699999921024 -0.68050211668014526 0.68144601583480835 0.61358016729354858 0.65491199493408203 -0.65331721305847168 1.0092704296112061 0.59906196594238281 0.9942936897277832
982.2153999991715 -0.72752344608306885 0.67207252979278564 0.59842735528945923 0.67132019996643066 -0.70984601974487305 1.0078854560852051 0.60357189178466797 1.0044823884963989
1087.4036999978125 -0.73747712373733521 0.67164158821105957 0.57660073041915894 0.67055845260620117 -0.71540194749832153 1.0082730054855347 0.59011608362197876 1.0097858905792236
1188.7413999997079 -0.74989670515060425 0.68448930978775024 0.60131394863128662 0.67338031530380249 -0.71323418617248535 1.0201410055160522 0.60491973161697388 1.0085080862045288
1292.7456999979913 -0.77720445394515991 0.68141436576843262 0.59586739540100098 0.67467266321182251 -0.74533092975616455 1.0154592990875244 0.58166736364364624 1.0104340314865112
1396.8876999989152 -0.77392798662185669 0.68928694725036621 0.58373594284057617 0.6754181981086731 -0.75308185815811157 1.0155612230300903 0.55879044532775879 1.0159366130828857
1498.3315999992192 -0.77562868595123291 0.69199830293655396 0.56084269285202026 0.67653924226760864 -0.74724149703979492 1.0278172492980957 0.5454866886138916 1.0163623094558716
1595.9459000006318 -0.78194248676300049 0.68082565069198608 0.53697192668914795 0.67449480295181274 -0.74271583557128906 1.0223047733306885 0.51883435249328613 1.0114012956619263
1691.2949999980628 -0.81133335828781128 0.6801038384437561 0.50999397039413452 0.67552220821380615 -0.7809024453163147 1.0139390230178833 0.50023841857910156 1.0064884424209595
1793.1268999986351 -0.82371526956558228 0.68726378679275513 0.51031708717346191 0.6782335638999939 -0.79865330457687378 1.0201573371887207 0.50017958879470825 1.0089699029922485
1894.0821000002325 -0.82233279943466187 0.70109844207763672 0.5178147554397583 0.68439286947250366 -0.80282139778137207 1.0289484262466431 0.49971446394920349 1.0185883045196533
1992.3021999988705 -0.81299805641174316 0.6888662576675415 0.5201219916343689 0.68082553148269653 -0.81318271160125732 1.0186489820480347 0.49927413463592529 1.0086168050765991
