36.489399999380112 -0.95116817951202393 1.113364577293396 0.602073073387146 1.2042911052703857 -0.84463387727737427 1.6909966468811035 0.79997420310974121 1.6485459804534912
122.6891999989748 -0.94727629423141479 1.0987194776535034 0.56903117895126343 1.1778601408004761 -0.84572547674179077 1.6900725364685059 0.78562092781066895 1.6239173412322998
203.78899999707937 -0.94982719421386719 1.1184383630752563 0.60287785530090332 1.1921514272689819 -0.85754752159118652 1.7147337198257446 0.82094389200210571 1.6365842819213867
290.04109999909997 -0.94872075319290161 1.1215182542800903 0.58109241724014282 1.1847195625305176 -0.84912329912185669 1.7228902578353882 0.8149641752243042 1.6258994340896606
375.56049999967217 -0.95215696096420288 1.1031266450881958 0.59559726715087891 1.1673779487609863 -1.0531723499298096 1.7674707174301147 0.81968808174133301 1.6116882562637329
460.25769999995828 -0.94762653112411499 1.1096885204315186 0.60997968912124634 1.18816077709198 -0.85187244415283203 1.6983573436737061 0.82934969663619995 1.6313543319702148
547.71079999580979 -0.96774750947952271 1.0752793550491333 0.61817842721939087 1.1806710958480835 -0.87558740377426147 1.631862998008728 0.85964268445968628 1.6448566913604736
631.69039999693632 -0.98200666904449463 1.0870873928070068 0.64195984601974487 1.1666553020477295 -0.89621216058731079 1.6162261962890625 0.89663451910018921 1.63134765625
718.3902000002563 -0.99892121553421021 1.074793815612793 0.63864904642105103 1.1565656661987305 -0.92821937799453735 1.613923192024231 0.89363443851470947 1.647290825843811
802.81479999795556 -0.97592002153396606 1.0779904127120972 0.65559720993041992 1.1382268667221069 -0.95571357011795044 1.6356748342514038 0.95889580249786377 1.6451832056045532
895.04129999876022 -1.0124868154525757 1.1159731149673462 0.62595516443252563 1.1589174270629883 -0.98738622665405273 1.6768059730529785 0.93046510219573975 1.690796971321106
982.09609999507666 -0.97386735677719116 1.1373729705810547 0.64346683025360107 1.1801899671554565 -0.90754795074462891 1.6922460794448853 0.89919126033782959 1.6764202117919922
1066.9586999975145 -0.98961150646209717 1.1467186212539673 0.64285147190093994 1.2020249366760254 -0.92896735668182373 1.718807578086853 0.90622216463088989 1.6724681854248047
1153.9386999979615 -0.73342543840408325 1.1318156719207764 0.60959088802337646 1.195307731628418 -0.91674631834030151 1.7403141260147095 0.88518023490905762 1.671479344367981
1238.4541999995708 -0.97868925333023071 1.1292561292648315 0.66912257671356201 1.1142361164093018 -0.88404297828674316 1.6914229393005371 0.95806729793548584 1.6252651214599609
1320.7419999986887 -0.71835446357727051 1.1354876756668091 0.65680390596389771 1.1328319311141968 -0.87331068515777588 1.7252939939498901 0.9104543924331665 1.6541885137557983
1403.361099999398 -0.69110351800918579 1.1311089992523193 0.66020810604095459 1.112601637840271 -0.84054034948348999 1.7228245735168457 0.98090344667434692 1.6064568758010864
1484.6315999999642 -0.6790318489074707 1.1662806272506714 0.65063989162445068 1.1695233583450317 -0.83230781555175781 1.7796331644058228 0.99908792972564697 1.7070484161376953
1573.784699998796 -0.66734200716018677 1.1465940475463867 0.61158609390258789 1.1390166282653809 -0.80762410163879395 1.766689658164978 0.96923071146011353 1.680741548538208
1656.2298999987543 -0.69914299249649048 1.070146918296814 0.67396330833435059 1.0694035291671753 -0.83891576528549194 1.6335923671722412 1.0565712451934814 1.5638419389724731
1737.4550999961793 -0.69029754400253296 1.1514229774475098 0.68110346794128418 1.1318836212158203 -0.85541152954101563 1.7711859941482544 1.0302951335906982 1.6663542985916138
1820.3823999986053 -1.0402878522872925 1.1736143827438354 0.68509197235107422 1.2046829462051392 -0.90870499610900879 1.7576917409896851 1.0414794683456421 1.7109745740890503
1925.5031000003219 -0.98935496807098389 1.1729840040206909 0.69657295942306519 1.1740998029708862 -0.88144505023956299 1.802493691444397 1.0315654277801514 1.7198275327682495
