28.120799999684095 -0.54387766122817993 0.39350995421409607 0.73914706707000732 0.38811019062995911 -0.49747812747955322 0.65030664205551147 0.76057106256484985 0.6290205717086792
114.92210000194609 -0.53805637359619141 0.38983708620071411 0.77286219596862793 0.38769415020942688 -0.50465250015258789 0.64600992202758789 0.80527412891387939 0.62812703847885132
201.82980000041425 -0.5442771315574646 0.38950341939926147 0.74616461992263794 0.38959959149360657 -0.49643430113792419 0.64582067728042603 0.7847747802734375 0.63110446929931641
287.17520000040531 -0.51286834478378296 0.39703828096389771 0.77060443162918091 0.39637431502342224 -0.4729829728603363 0.64981245994567871 0.80145007371902466 0.63434445858001709
372.27639999985695 -0.52590459585189819 0.38912656903266907 0.75777792930603027 0.39264509081840515 -0.47205865383148193 0.64584660530090332 0.7858123779296875 0.62934887409210205
456.34639999829233 -0.51657474040985107 0.39793157577514648 0.76315295696258545 0.39714837074279785 -0.4703616201877594 0.65202790498733521 0.80138194561004639 0.63587534427642822
541.16840000078082 -0.54011410474777222 0.39158600568771362 0.76398831605911255 0.39396035671234131 -0.49794590473175049 0.64756792783737183 0.7830817699432373 0.63195359706878662
624.2685999982059 -0.50783199071884155 0.39467555284500122 0.78008681535720825 0.3923363983631134 -0.46564239263534546 0.64876407384872437 0.80807405710220337 0.63251280784606934
710.30069999955595 -0.5633087158203125 0.39227023720741272 0.7248690128326416 0.39245456457138062 -0.50371062755584717 0.64317101240158081 0.75691336393356323 0.63280075788497925
798.07640000060201 -0.52546828985214233 0.38969790935516357 0.75131785869598389 0.39124616980552673 -0.49661135673522949 0.6451728343963623 0.78530800342559814 0.63410508632659912
881.76659999787807 -0.53224396705627441 0.39504343271255493 0.76116180419921875 0.39562630653381348 -0.49515688419342041 0.65142011642456055 0.79921156167984009 0.63390648365020752
963.96810000017285 -0.53106766939163208 0.3862021267414093 0.74774235486984253 0.39054849743843079 -0.50481534004211426 0.64086967706680298 0.76914370059967041 0.63376325368881226
1054.568599998951 -0.52540409564971924 0.39421558380126953 0.73836416006088257 0.3936724066734314 -0.49922168254852295 0.64611029624938965 0.77368330955505371 0.63487750291824341
1137.5305000003427 -0.53734666109085083 0.39537528157234192 0.73025614023208618 0.39349466562271118 -0.49563688039779663 0.65120929479598999 0.77214610576629639 0.63398557901382446
1221.2042999975383 -0.55062568187713623 0.38669857382774353 0.74992543458938599 0.38862398266792297 -0.52739018201828003 0.639121413230896 0.78524452447891235 0.63098227977752686
1304.3162999991328 -0.52880430221557617 0.39575806260108948 0.7312166690826416 0.3924141526222229 -0.49696055054664612 0.64819890260696411 0.75945538282394409 0.63152056932449341
1389.8158999998122 -0.56435203552246094 0.39445024728775024 0.70524328947067261 0.39329028129577637 -0.54284512996673584 0.64453202486038208 0.72461587190628052 0.6316797137260437
1471.9669999983162 -0.55679517984390259 0.38712173700332642 0.70789211988449097 0.38933858275413513 -0.51907390356063843 0.64008450508117676 0.74825072288513184 0.62887322902679443
1552.4750999994576 -0.56056046485900879 0.38940432667732239 0.71244055032730103 0.39152142405509949 -0.54141294956207275 0.64300531148910522 0.74094820022583008 0.62624084949493408
1638.1640999987721 -0.54408025741577148 0.39403316378593445 0.72930538654327393 0.39156371355056763 -0.51108181476593018 0.64850389957427979 0.75622361898422241 0.63056069612503052
1723.3874999992549 -0.55743950605392456 0.38917970657348633 0.74421596527099609 0.39045175909996033 -0.53656852245330811 0.64277434349060059 0.78464657068252563 0.6293066143989563
1808.591099999845 -0.5332796573638916 0.39222747087478638 0.71069389581680298 0.39400196075439453 -0.52733206748962402 0.64837408065795898 0.74935948848724365 0.63095062971115112
1890.5265999995172 -0.52544575929641724 0.38632449507713318 0.75463205575942993 0.38797393441200256 -0.50795990228652954 0.64006751775741577 0.78205329179763794 0.6276746392250061
1969.8365000002086 -0.53961580991744995 0.38752067089080811 0.74328511953353882 0.38826414942741394 -0.49715831875801086 0.64254611730575562 0.79114747047424316 0.62636524438858032
