71.0422000028193 -0.66541624069213867 0.87753009796142578 0.63911575078964233 0.92377382516860962 -0.78604996204376221 1.3288739919662476 0.80656898021697998 1.3330495357513428
156.27800000086427 -0.65309739112854004 0.87636923789978027 0.63886624574661255 0.91995400190353394 -0.77809017896652222 1.3401119709014893 0.80865645408630371 1.325011134147644
243.46110000088811 -0.67559951543807983 0.86272972822189331 0.62652868032455444 0.910064697265625 -0.80129694938659668 1.3192062377929688 0.92225468158721924 1.2979569435119629
335.0848999992013 -0.67006951570510864 0.85922998189926147 0.62484204769134521 0.86081492900848389 -0.80520200729370117 1.3366835117340088 0.95753759145736694 1.2738461494445801
419.88539999723434 -0.72793585062026978 0.87892484664916992 0.58350276947021484 0.89815127849578857 -0.84190982580184937 1.3489761352539063 0.97855615615844727 1.3183996677398682
503.46840000152588 -0.73833304643630981 0.8234708309173584 0.65671360492706299 0.89413774013519287 -0.8959275484085083 1.2565165758132935 0.98182988166809082 1.3232338428497314
585.77210000157356 -0.780009925365448 0.79281806945800781 0.72301441431045532 0.85589849948883057 -1.00328528881073 1.2418038845062256 1.1011524200439453 1.3038874864578247
668.464500002563 -0.87009042501449585 0.81154781579971313 0.75085079669952393 0.85682123899459839 -1.200569748878479 1.248205304145813 1.2541691064834595 1.3334612846374512
754.77890000119805 -0.90463936328887939 0.8108363151550293 0.94286590814590454 0.86329585313796997 -1.2490944862365723 1.2990365028381348 1.3973648548126221 1.3071310520172119
839.62350000441074 -0.92622900009155273 0.8169981837272644 0.81048905849456787 0.8703112006187439 -1.3279415369033813 1.3204501867294312 1.0926607847213745 1.3116064071655273
926.42830000072718 -0.99392318725585938 0.85470867156982422 0.81248044967651367 0.89586156606674194 -1.1385118961334229 1.314586877822876 1.1836444139480591 1.3577935695648193
1011.3992000035942 -0.94080239534378052 0.83439821004867554 0.81082826852798462 0.87836116552352905 -1.3186450004577637 1.3191020488739014 1.1556075811386108 1.333122730255127
1102.4341999962926 -0.91654485464096069 0.843181312084198 0.76734232902526855 0.88227230310440063 -1.2883772850036621 1.3330543041229248 1.0850075483322144 1.3327529430389404
1215.5756999999285 -0.80114328861236572 0.83868765830993652 0.61859279870986938 0.87919694185256958 -1.0677957534790039 1.2901115417480469 1.1086984872817993 1.3381248712539673
1300.5992000028491 -0.74817931652069092 0.84688687324523926 0.61416631937026978 0.91828376054763794 -0.93647134304046631 1.2969036102294922 0.97570538520812988 1.3454078435897827
1386.5450999997556 -0.96581989526748657 0.88154208660125732 0.55139762163162231 0.87537920475006104 -0.8815227746963501 1.337932825088501 0.96127301454544067 1.3580154180526733
1477.9530000016093 -0.9839632511138916 0.86492401361465454 0.56169658899307251 0.87595409154891968 -0.86981290578842163 1.2861936092376709 0.89830654859542847 1.2777168750762939
1559.9325999990106 -0.97475355863571167 0.89801305532455444 0.55041193962097168 0.91710245609283447 -0.86207270622253418 1.3390363454818726 0.85573220252990723 1.3358566761016846
1642.4840000011027 -0.94545572996139526 0.85850274562835693 0.58437418937683105 0.88175380229949951 -0.83366858959197998 1.2820528745651245 0.88373714685440063 1.2928173542022705
1728.0704000033438 -0.99358654022216797 0.84956133365631104 0.60812896490097046 0.87949907779693604 -0.85966038703918457 1.2620830535888672 0.91565454006195068 1.3602694272994995
1813.2959000021219 -0.69941401481628418 0.83297604322433472 0.60582047700881958 0.87321817874908447 -0.84694284200668335 1.2770624160766602 0.8679964542388916 1.3468098640441895
1897.2617000006139 -0.95862960815429688 0.89565467834472656 0.59212136268615723 0.91437238454818726 -0.88166391849517822 1.386015772819519 0.87475955486297607 1.3349626064300537
1978.9698000028729 -0.93229687213897705 0.85537296533584595 0.60955440998077393 0.88759368658065796 -0.85009914636611938 1.3290729522705078 0.8966529369354248 1.3629133701324463
