90.10780000127852 -0.73260122537612915 0.64788830280303955 0.68197488784790039 0.63424038887023926 -0.81522274017333984 1.0028783082962036 0.87889236211776733 0.96783149242401123
191.30309999920428 -0.74905800819396973 0.6438603401184082 0.69683969020843506 0.64333689212799072 -0.82467561960220337 1.0029710531234741 0.9993889331817627 0.99102330207824707
293.55329999886453 -0.76018810272216797 0.64218610525131226 0.73192572593688965 0.65008831024169922 -0.85199946165084839 0.99646162986755371 1.036774754524231 0.99196839332580566
390.91070000082254 -0.7481423020362854 0.63760864734649658 0.72577708959579468 0.6464272141456604 -0.83746075630187988 0.99425619840621948 1.0173933506011963 0.99687010049819946
498.72650000080466 -0.74605011940002441 0.63726705312728882 0.6903153657913208 0.64061075448989868 -0.83302068710327148 0.99830269813537598 0.89017391204833984 0.9792865514755249
602.93980000168085 -0.72531628608703613 0.63748502731323242 0.69004976749420166 0.63823491334915161 -0.80515116453170776 0.99148929119110107 0.8605538010597229 0.97806763648986816
703.88829999789596 -0.69138419628143311 0.64533591270446777 0.6829601526260376 0.63394403457641602 -0.77383118867874146 0.99592047929763794 0.79160147905349731 0.97829169034957886
804.19830000214279 -0.66131371259689331 0.65258795022964478 0.68882757425308228 0.63885951042175293 -0.73176735639572144 1.0002015829086304 0.80416786670684814 0.98710250854492188
907.63819999992847 -0.63152056932449341 0.66203391551971436 0.72729265689849854 0.6397697925567627 -0.68840807676315308 1.0092378854751587 0.75624710321426392 0.9931950569152832
1007.8848000019789 -0.61796802282333374 0.65271115303039551 0.71895170211791992 0.64123427867889404 -0.68420004844665527 1.0034118890762329 0.75170844793319702 0.99391853809356689
1107.6547999996692 -0.59672683477401733 0.65844404697418213 0.71228814125061035 0.65481340885162354 -0.64863520860671997 1.0128219127655029 0.74754852056503296 1.0150966644287109
1206.1820000000298 -0.59085345268249512 0.67108237743377686 0.70455116033554077 0.65503579378128052 -0.64970391988754272 1.0223970413208008 0.72511190176010132 1.0198875665664673
1306.0351999998093 -0.58907186985015869 0.66368734836578369 0.68648809194564819 0.6556398868560791 -0.64577412605285645 1.0267390012741089 0.7048337459564209 1.0180072784423828
1403.0993000008166 -0.60861831903457642 0.67144739627838135 0.69489675760269165 0.64961642026901245 -0.64917510747909546 1.0276854038238525 0.69985383749008179 1.0156155824661255
1501.543800001964 -0.62435406446456909 0.66924339532852173 0.687541663646698 0.65853160619735718 -0.65337687730789185 1.033716082572937 0.69550001621246338 1.0177799463272095
1601.2665000017732 -0.64965605735778809 0.67129796743392944 0.68506664037704468 0.65572553873062134 -0.68273484706878662 1.0363866090774536 0.68916469812393188 1.0231754779815674
1701.0352999996394 -0.66887843608856201 0.66565358638763428 0.6511872410774231 0.66003882884979248 -0.68529230356216431 1.0328428745269775 0.67269593477249146 1.0253757238388062
1806.5948000010103 -0.68844246864318848 0.66596931219100952 0.64660769701004028 0.65241914987564087 -0.6985090970993042 1.0329946279525757 0.68137621879577637 1.0173078775405884
1909.8073999993503 -0.70695620775222778 0.66835612058639526 0.60013777017593384 0.66578030586242676 -0.71721327304840088 1.0325474739074707 0.64995759725570679 1.0188714265823364
