4.6396000012755394 -0.54400873184204102 0.39557445049285889 0.78106200695037842 0.39211884140968323 -0.51667755842208862 0.64966905117034912 0.80313372611999512 0.6281934380531311
87.275500001385808 -0.52151435613632202 0.39363077282905579 0.73949337005615234 0.39496910572052002 -0.50507259368896484 0.64207297563552856 0.7576478123664856 0.63499736785888672
170.51979999989271 -0.51479798555374146 0.39506176114082336 0.73667198419570923 0.39576941728591919 -0.50888204574584961 0.64815205335617065 0.76337289810180664 0.63109093904495239
251.70760000124574 -0.53698080778121948 0.39403811097145081 0.74184989929199219 0.39612960815429688 -0.50220149755477905 0.64529073238372803 0.7703324556350708 0.63154232501983643
335.01449999958277 -0.54737091064453125 0.38986131548881531 0.73344665765762329 0.39297136664390564 -0.50004571676254272 0.6407591700553894 0.76037579774856567 0.63356536626815796
418.73890000022948 -0.54025286436080933 0.39539176225662231 0.74354332685470581 0.39330855011940002 -0.49175727367401123 0.65064758062362671 0.7764517068862915 0.63242816925048828
503.10490000061691 -0.51910465955734253 0.39501070976257324 0.76345729827880859 0.39383143186569214 -0.46880239248275757 0.64925152063369751 0.79999864101409912 0.63184422254562378
585.6900000013411 -0.55062574148178101 0.39508533477783203 0.78544849157333374 0.39301496744155884 -0.51718628406524658 0.64495599269866943 0.81366193294525146 0.63296163082122803
669.54609999991953 -0.53736114501953125 0.39495912194252014 0.75152426958084106 0.39461511373519897 -0.50679123401641846 0.65251690149307251 0.79629373550415039 0.63409805297851563
753.81490000151098 -0.56493592262268066 0.39835074543952942 0.78100842237472534 0.39901319146156311 -0.53684687614440918 0.65227854251861572 0.82243043184280396 0.63472902774810791
837.30320000089705 -0.53173828125 0.4020477831363678 0.74061661958694458 0.40032303333282471 -0.50626629590988159 0.65294557809829712 0.77835017442703247 0.63834869861602783
920.10219999961555 -0.59728991985321045 0.39397698640823364 0.786243736743927 0.39486706256866455 -0.55981731414794922 0.64935863018035889 0.81548172235488892 0.63759362697601318
1000.4110999982804 -0.56318527460098267 0.39238205552101135 0.74322092533111572 0.39280971884727478 -0.51805311441421509 0.64285022020339966 0.77679252624511719 0.63270652294158936
1094.971400000155 -0.51660823822021484 0.40014246106147766 0.75308752059936523 0.40066489577293396 -0.48990127444267273 0.65163683891296387 0.77031642198562622 0.64046627283096313
1179.8180999998003 -0.5778394341468811 0.39246314764022827 0.77425104379653931 0.39302897453308105 -0.5424877405166626 0.64493972063064575 0.79430907964706421 0.63222026824951172
1259.5260000005364 -0.57660996913909912 0.40055692195892334 0.7749285101890564 0.40099167823791504 -0.54327690601348877 0.65183365345001221 0.79941034317016602 0.6417841911315918
1343.6316999997944 -0.53541183471679688 0.40269249677658081 0.73665761947631836 0.40073117613792419 -0.50633549690246582 0.65296566486358643 0.77901238203048706 0.63872444629669189
1429.9623000007123 -0.56904453039169312 0.39901784062385559 0.74857610464096069 0.39574107527732849 -0.53604871034622192 0.64897060394287109 0.78293365240097046 0.634723961353302
1516.7016000002623 -0.5346941351890564 0.39816614985466003 0.75518524646759033 0.39695367217063904 -0.48222175240516663 0.64758306741714478 0.78722375631332397 0.63440817594528198
1597.2554000020027 -0.49930295348167419 0.40148696303367615 0.75253874063491821 0.39855548739433289 -0.47516503930091858 0.65291100740432739 0.77524393796920776 0.6369631290435791
1679.1316000018269 -0.53617864847183228 0.39524579048156738 0.71381610631942749 0.39385986328125 -0.51369845867156982 0.64805561304092407 0.74354356527328491 0.6319841742515564
1761.1472000014037 -0.5401160717010498 0.39747253060340881 0.74978101253509521 0.39590725302696228 -0.51237750053405762 0.64662694931030273 0.75248771905899048 0.63339883089065552
1842.9540000017732 -0.58924335241317749 0.39596062898635864 0.78944998979568481 0.39564922451972961 -0.54267919063568115 0.64658492803573608 0.8187105655670166 0.63496673107147217
1935.5469000004232 -0.55775153636932373 0.39654296636581421 0.77247124910354614 0.39317446947097778 -0.54363399744033813 0.64920914173126221 0.8001595139503479 0.62708735466003418
