42.967000000178814 -0.81397742033004761 0.67633718252182007 0.58921170234680176 0.72767627239227295 -0.79161173105239868 1.0476099252700806 0.55547130107879639 1.0876079797744751
137.4015999995172 -0.81162834167480469 0.66842943429946899 0.59534978866577148 0.73537766933441162 -0.80564260482788086 1.0277034044265747 0.5589214563369751 1.0913170576095581
227.66709999926388 -0.82115143537521362 0.67531335353851318 0.59228241443634033 0.72970014810562134 -0.80447649955749512 1.0492938756942749 0.55564534664154053 1.0881619453430176
325.49919999949634 -0.81758135557174683 0.6724846363067627 0.59372580051422119 0.72760468721389771 -0.79361850023269653 1.0428133010864258 0.5681566596031189 1.0805790424346924
418.05769999884069 -0.80841493606567383 0.67155367136001587 0.59619903564453125 0.72029519081115723 -0.78430742025375366 1.0427645444869995 0.56119281053543091 1.0778656005859375
508.54459999874234 -0.80457580089569092 0.67535531520843506 0.59402543306350708 0.72285884618759155 -0.78137040138244629 1.0531339645385742 0.56095510721206665 1.0847240686416626
602.04569999873638 -0.80524015426635742 0.67991399765014648 0.5930141806602478 0.72457951307296753 -0.78586357831954956 1.0574125051498413 0.56861573457717896 1.0833677053451538
694.73819999955595 -0.80523580312728882 0.66741079092025757 0.60494840145111084 0.72306877374649048 -0.78219527006149292 1.0507930517196655 0.58669251203536987 1.0862523317337036
788.94049999862909 -0.80402606725692749 0.66021353006362915 0.5980830192565918 0.71941930055618286 -0.79319322109222412 1.0254194736480713 0.57645601034164429 1.0800671577453613
884.09009999968112 -0.79483509063720703 0.67853391170501709 0.60111874341964722 0.72989118099212646 -0.76933163404464722 1.057182788848877 0.58540457487106323 1.0937627553939819
986.83660000003874 -0.79736888408660889 0.67429882287979126 0.60674917697906494 0.72430264949798584 -0.77891981601715088 1.0503878593444824 0.58455216884613037 1.0869543552398682
1078.905700000003 -0.79954904317855835 0.66709375381469727 0.60717195272445679 0.71465003490447998 -0.77218741178512573 1.0458042621612549 0.58319151401519775 1.0773600339889526
1175.0748999975622 -0.78013813495635986 0.67599982023239136 0.61165004968643188 0.7195705771446228 -0.74331194162368774 1.0585672855377197 0.58225995302200317 1.0865939855575562
1269.4914999976754 -0.77866488695144653 0.68224793672561646 0.60683399438858032 0.71484005451202393 -0.7241324782371521 1.0689393281936646 0.58979201316833496 1.0823007822036743
1367.2575999982655 -0.77160412073135376 0.68137222528457642 0.60538411140441895 0.71037590503692627 -0.70990991592407227 1.0636563301086426 0.59049838781356812 1.0767091512680054
1459.434600001201 -0.76622617244720459 0.68647122383117676 0.60517501831054688 0.70929503440856934 -0.6988714337348938 1.0699526071548462 0.58798855543136597 1.0796551704406738
1550.2483000010252 -0.76643925905227661 0.69543206691741943 0.59496873617172241 0.7177664041519165 -0.70569676160812378 1.0715230703353882 0.57249665260314941 1.0771498680114746
1641.1190999988467 -0.75757640600204468 0.68348562717437744 0.58663195371627808 0.71227455139160156 -0.69637703895568848 1.065185546875 0.56585389375686646 1.0738242864608765
1730.1789999976754 -0.76089280843734741 0.68691450357437134 0.58786672353744507 0.7285996675491333 -0.69512784481048584 1.0734624862670898 0.54866522550582886 1.0897043943405151
1824.1374999992549 -0.76856356859207153 0.67618268728256226 0.58952492475509644 0.72255659103393555 -0.70503294467926025 1.0634053945541382 0.55079030990600586 1.0825777053833008
1920.2423999980092 -0.75945836305618286 0.68894654512405396 0.57960402965545654 0.73018264770507813 -0.69067776203155518 1.0697698593139648 0.50538945198059082 1.0692675113677979
