34.316699998453259 -0.83384263515472412 0.6444098949432373 0.54740262031555176 0.6598697304725647 -0.79291105270385742 0.99959695339202881 0.5975920557975769 0.99745965003967285
120.0058999992907 -0.82819318771362305 0.64330285787582397 0.56763988733291626 0.65540242195129395 -0.78746598958969116 0.99631667137145996 0.60313653945922852 0.99181634187698364
210.57339999824762 -0.77044761180877686 0.65405213832855225 0.60751920938491821 0.65868604183197021 -0.74231654405593872 0.99717658758163452 0.61347579956054688 1.008630633354187
294.60500000044703 -0.75877958536148071 0.65096992254257202 0.61748349666595459 0.65561425685882568 -0.73471510410308838 0.99773484468460083 0.63689488172531128 0.99519258737564087
383.17339999973774 -0.75699621438980103 0.65115541219711304 0.63263070583343506 0.65253382921218872 -0.73494589328765869 0.99191892147064209 0.65085875988006592 0.99385583400726318
468.84449999965727 -0.7417951226234436 0.66039687395095825 0.63020360469818115 0.66393029689788818 -0.71270084381103516 1.0058832168579102 0.66589635610580444 1.0089319944381714
557.75400000065565 -0.73849391937255859 0.66526532173156738 0.64633607864379883 0.65599656105041504 -0.70810168981552124 1.0074959993362427 0.68048429489135742 1.0000860691070557
646.31100000068545 -0.74309372901916504 0.66872620582580566 0.63868308067321777 0.66256242990493774 -0.72306674718856812 1.0077908039093018 0.66236215829849243 1.0096709728240967
730.23869999870658 -0.71860957145690918 0.6757703423500061 0.64329588413238525 0.65758872032165527 -0.71039974689483643 1.0163140296936035 0.68176120519638062 1.0029879808425903
820.2917999997735 -0.72277241945266724 0.66268002986907959 0.64763361215591431 0.65433257818222046 -0.72313433885574341 1.0062104463577271 0.72957605123519897 0.98816192150115967
902.05149999819696 -0.70981109142303467 0.66785413026809692 0.6604384183883667 0.66216570138931274 -0.71559154987335205 1.0128885507583618 0.76338982582092285 1.0044746398925781
989.31159999966621 -0.70793360471725464 0.66741663217544556 0.68004906177520752 0.66019374132156372 -0.72686284780502319 1.0082510709762573 0.78791439533233643 1.0025093555450439
1075.8261999990791 -0.69782125949859619 0.66016685962677002 0.67356342077255249 0.66179251670837402 -0.72133511304855347 1.0019326210021973 0.79333323240280151 1.0021986961364746
1162.7592999972403 -0.70866304636001587 0.66626036167144775 0.66899979114532471 0.65834605693817139 -0.72881197929382324 1.0019093751907349 0.76864820718765259 0.99607664346694946
1247.8373999986798 -0.70628541707992554 0.66519808769226074 0.67066293954849243 0.66371703147888184 -0.70836973190307617 1.0040886402130127 0.74390637874603271 1.0014705657958984
1333.5669999998063 -0.73134869337081909 0.67353713512420654 0.62647122144699097 0.66705399751663208 -0.71849149465560913 1.0143277645111084 0.68649923801422119 1.0121569633483887
1416.9792999997735 -0.74064284563064575 0.67131173610687256 0.62493491172790527 0.67100054025650024 -0.72201633453369141 1.0117274522781372 0.66327834129333496 1.0173914432525635
1504.4379999991506 -0.72844105958938599 0.67579114437103271 0.61888480186462402 0.67559230327606201 -0.71407532691955566 1.013685941696167 0.66449582576751709 1.0200749635696411
1592.8388000000268 -0.73562335968017578 0.67412000894546509 0.6180194616317749 0.67404907941818237 -0.74094581604003906 1.0146182775497437 0.68153911828994751 1.0195090770721436
1678.6540000010282 -0.72688931226730347 0.66855335235595703 0.6362336277961731 0.67004036903381348 -0.72623699903488159 1.009456992149353 0.68546432256698608 1.0184317827224731
1766.5101999975741 -0.75839871168136597 0.66056758165359497 0.62513953447341919 0.66691035032272339 -0.75205862522125244 1.0040653944015503 0.70083701610565186 1.0078055858612061
1850.92679999955 -0.75395596027374268 0.65750092267990112 0.63027757406234741 0.66182613372802734 -0.74804985523223877 0.99865657091140747 0.72747427225112915 1.0032768249511719
1938.1035999991 -0.74236732721328735 0.65908855199813843 0.64391368627548218 0.6619073748588562 -0.73515200614929199 0.99657708406448364 0.74396151304244995 0.9999842643737793
