14.642899999395013 -0.73546940088272095 0.65905332565307617 0.62159144878387451 0.63806557655334473 -0.7541230320930481 0.94782489538192749 0.69356733560562134 0.94600343704223633
115.21699999645352 -0.76421046257019043 0.66439366340637207 0.65653687715530396 0.64857691526412964 -0.79034489393234253 0.9709199070930481 0.77395272254943848 0.96404057741165161
218.96250000223517 -0.79682254791259766 0.64339470863342285 0.71823006868362427 0.64407253265380859 -0.93568390607833862 0.9538804292678833 0.91608226299285889 0.93757849931716919
322.35259999707341 -0.84710925817489624 0.63805586099624634 0.70695364475250244 0.62618684768676758 -1.0183440446853638 0.94493645429611206 0.96615880727767944 0.92991769313812256
422.10970000177622 -0.91941189765930176 0.60456877946853638 0.79566973447799683 0.60536104440689087 -1.1636661291122437 0.91440564393997192 1.1660909652709961 0.93167108297348022
522.444699998945 -0.95986461639404297 0.59837937355041504 0.82636630535125732 0.60788440704345703 -1.2839663028717041 0.9021037220954895 1.2269319295883179 0.92787754535675049
625.03899999707937 -0.93914246559143066 0.6030275821685791 0.78538930416107178 0.61028778553009033 -1.2384506464004517 0.90533703565597534 1.1308330297470093 0.94546830654144287
726.95909999683499 -0.89527606964111328 0.60781586170196533 0.74497503042221069 0.63646239042282104 -1.1373752355575562 0.9217180609703064 1.0205007791519165 0.95664554834365845
825.73419999890029 -0.78015530109405518 0.64034473896026611 0.58421206474304199 0.63554853200912476 -0.92731934785842896 0.96289521455764771 0.66356396675109863 0.94555819034576416
921.50049999915063 -0.74149912595748901 0.65187162160873413 0.54428815841674805 0.62536758184432983 -0.78957271575927734 0.9699520468711853 0.56570130586624146 0.94198215007781982
1020.7588999997824 -0.71999680995941162 0.67162090539932251 0.53839623928070068 0.64445549249649048 -0.7066044807434082 0.97229218482971191 0.56732726097106934 0.9595826268196106
1120.5011999998242 -0.70190095901489258 0.6538463830947876 0.56844413280487061 0.61805760860443115 -0.63153815269470215 0.96511596441268921 0.63046205043792725 0.94623744487762451
1222.7220999989659 -0.67582201957702637 0.6561356782913208 0.58144605159759521 0.62422811985015869 -0.62309736013412476 0.95970058441162109 0.65406936407089233 0.95963680744171143
1328.8910999987274 -0.6965366005897522 0.65292304754257202 0.59028196334838867 0.63594317436218262 -0.63866102695465088 0.97293931245803833 0.64364761114120483 0.96747332811355591
1434.8454999998212 -0.66944676637649536 0.66670477390289307 0.61159944534301758 0.64187109470367432 -0.62255364656448364 1.0024106502532959 0.6526796817779541 0.97498029470443726
1539.0991000011563 -0.65205758810043335 0.67211341857910156 0.59492123126983643 0.63587796688079834 -0.62673097848892212 1.0128909349441528 0.65450960397720337 0.98219203948974609
1643.3525999970734 -0.67231601476669312 0.6724478006362915 0.61362403631210327 0.65128785371780396 -0.65947771072387695 1.0270708799362183 0.634299635887146 0.99879461526870728
1740.3773999996483 -0.69543939828872681 0.68585425615310669 0.63141810894012451 0.67572516202926636 -0.66026431322097778 1.0425465106964111 0.66722899675369263 1.0191459655761719
1839.1698999963701 -0.67901045083999634 0.68051981925964355 0.63021039962768555 0.67591887712478638 -0.62222909927368164 1.052277684211731 0.67538744211196899 1.0193359851837158
1938.5035999957472 -0.68568646907806396 0.66675788164138794 0.63960558176040649 0.68379652500152588 -0.66656988859176636 1.0469539165496826 0.69230973720550537 1.0220940113067627
