3.5208999998867512 -0.85453289747238159 0.40751340985298157 0.68581986427307129 0.43667379021644592 -0.74783962965011597 0.65126031637191772 0.69890403747558594 0.68690019845962524
103.18479999899864 -0.8857194185256958 0.41605016589164734 0.69224154949188232 0.43284016847610474 -0.77645015716552734 0.63800710439682007 0.72644835710525513 0.68609863519668579
199.60060000047088 -0.87660598754882813 0.39416050910949707 0.68094879388809204 0.43199118971824646 -0.76220911741256714 0.65108978748321533 0.7148737907409668 0.68264085054397583
295.19130000006407 -0.79195386171340942 0.41424694657325745 0.60802918672561646 0.43300771713256836 -0.69025564193725586 0.65256297588348389 0.63502979278564453 0.68874818086624146
389.27499999944121 -0.78562921285629272 0.39398398995399475 0.59772592782974243 0.43369409441947937 -0.67900508642196655 0.65107762813568115 0.63404673337936401 0.67929142713546753
486.7804999994114 -0.77060407400131226 0.39859166741371155 0.59000825881958008 0.43026450276374817 -0.64292722940444946 0.65230280160903931 0.61110961437225342 0.68020111322402954
579.07700000051409 -0.78506803512573242 0.40719273686408997 0.6069377064704895 0.42908623814582825 -0.65039157867431641 0.65145647525787354 0.64384621381759644 0.67722362279891968
676.93500000052154 -0.77664035558700562 0.3995850682258606 0.57309120893478394 0.43088594079017639 -0.63992953300476074 0.66065704822540283 0.61127489805221558 0.67413198947906494
773.74849999882281 -0.762096107006073 0.40521231293678284 0.60480177402496338 0.42816925048828125 -0.62879151105880737 0.65535080432891846 0.64087992906570435 0.67364519834518433
872.66789999976754 -0.77152848243713379 0.40734732151031494 0.59698837995529175 0.4304596483707428 -0.67139148712158203 0.64996170997619629 0.65087252855300903 0.67297494411468506
964.98060000035912 -0.77135074138641357 0.40027594566345215 0.57556325197219849 0.43361854553222656 -0.66529983282089233 0.65743613243103027 0.6348564624786377 0.67902880907058716
1058.8991999998689 -0.78206264972686768 0.39559102058410645 0.61337947845458984 0.42804640531539917 -0.67530131340026855 0.65236771106719971 0.66094321012496948 0.67500275373458862
1156.0622999994084 -0.7354922890663147 0.39972710609436035 0.62896043062210083 0.43232133984565735 -0.62734466791152954 0.65778785943984985 0.64090895652770996 0.68686145544052124
1246.2390999998897 -0.75685578584671021 0.39427945017814636 0.68068701028823853 0.42786428332328796 -0.66023474931716919 0.64641678333282471 0.70783615112304688 0.68049353361129761
1346.2665999997407 -0.71554839611053467 0.40261951088905334 0.69019788503646851 0.42891815304756165 -0.60299617052078247 0.66234040260314941 0.69430810213088989 0.68189108371734619
1448.8110999995843 -0.69343006610870361 0.40281999111175537 0.67456907033920288 0.42738604545593262 -0.60147523880004883 0.66166853904724121 0.67489254474639893 0.68020433187484741
1548.9719000002369 -0.6492232084274292 0.40862101316452026 0.71090149879455566 0.42223316431045532 -0.58863413333892822 0.66209691762924194 0.72543185949325562 0.68192142248153687
1651.7554000001401 -0.60638433694839478 0.41081491112709045 0.72123861312866211 0.42704316973686218 -0.56209760904312134 0.66069740056991577 0.73081123828887939 0.68543851375579834
1747.9958999995142 -0.61014676094055176 0.40841633081436157 0.72250914573669434 0.42152753472328186 -0.57310199737548828 0.65387403964996338 0.73542165756225586 0.6751134991645813
1850.1865999996662 -0.64455801248550415 0.40740272402763367 0.70298731327056885 0.42477178573608398 -0.59364455938339233 0.66519641876220703 0.72665286064147949 0.68370264768600464
1949.8252999996766 -0.70494967699050903 0.40452519059181213 0.6600337028503418 0.42488661408424377 -0.64075577259063721 0.66350942850112915 0.7013171911239624 0.68082809448242188
