55.913799999281764 -0.8486332893371582 0.61384689807891846 0.82963258028030396 0.74294924736022949 -1.0398530960083008 1.0779601335525513 1.270474910736084 1.1281976699829102
172.60229999944568 -0.88065153360366821 0.62308692932128906 0.87622487545013428 0.76227110624313354 -1.0947757959365845 1.1004140377044678 1.2880046367645264 1.161044716835022
290.96410000044852 -0.85432595014572144 0.64936816692352295 0.84091222286224365 0.73431086540222168 -1.1153411865234375 1.0853543281555176 1.4074293375015259 1.1290645599365234
419.61129999998957 -0.8840639591217041 0.6478613018989563 0.82242894172668457 0.73167812824249268 -1.1840713024139404 1.0784188508987427 1.3115861415863037 1.1305478811264038
536.36389999929816 -0.87708872556686401 0.64357638359069824 0.79664409160614014 0.72786301374435425 -1.1482155323028564 1.0991824865341187 1.355576753616333 1.1228616237640381
656.31329999957234 -0.84969961643218994 0.62969952821731567 0.82820665836334229 0.72431230545043945 -1.1439852714538574 1.0827699899673462 1.3709020614624023 1.1135364770889282
775.40169999934733 -0.83666712045669556 0.63553392887115479 0.8405073881149292 0.73524689674377441 -1.1437242031097412 1.0889027118682861 1.3414444923400879 1.1339038610458374
897.36409999988973 -0.82583457231521606 0.64505738019943237 0.83683520555496216 0.74507874250411987 -1.111864447593689 1.0757691860198975 1.3407118320465088 1.1388139724731445
1023.1853999989107 -0.85530513525009155 0.65034067630767822 0.86634588241577148 0.75454705953598022 -1.0861481428146362 1.0950772762298584 1.3063874244689941 1.1447663307189941
1148.3125999998301 -0.80643188953399658 0.63842558860778809 0.7596055269241333 0.73461747169494629 -1.0846848487854004 1.0888780355453491 1.2029435634613037 1.1250107288360596
1267.974100000225 -0.72140884399414063 0.65583938360214233 0.70339381694793701 0.76465499401092529 -0.92464542388916016 1.1054749488830566 1.0414366722106934 1.1423548460006714
1386.589999999851 -0.98900777101516724 0.69647210836410522 0.6494135856628418 0.74720138311386108 -0.6407509446144104 1.0497244596481323 0.94604736566543579 1.1323493719100952
1513.2740999991074 -0.67208534479141235 0.69300007820129395 0.58723258972167969 0.75382840633392334 -1.0196652412414551 1.0940388441085815 0.66931718587875366 1.13001549243927
1628.2860999992117 -0.93374741077423096 0.71800464391708374 0.61424624919891357 0.76720672845840454 -1.0109599828720093 1.0857470035552979 1.02105712890625 1.1970423460006714
1745.7693999996409 -0.94376206398010254 0.71484845876693726 0.62082403898239136 0.7878488302230835 -0.99830383062362671 1.0863543748855591 1.0045517683029175 1.2053581476211548
1861.5903999991715 -0.92925363779067993 0.71782231330871582 0.61329227685928345 0.78315550088882446 -0.99019372463226318 1.0877412557601929 1.0062106847763062 1.1940914392471313
1977.0052000004798 -0.918723464012146 0.71433097124099731 0.96577924489974976 0.75254291296005249 -0.94728177785873413 1.0991579294204712 1.0368359088897705 1.1952328681945801
