0.0 -0.58568435907363892 0.41207695007324219 0.70174270868301392 0.39333823323249817 -0.57899647951126099 0.61588883399963379 0.7723047137260437 0.60855299234390259
168.89959999918938 -0.59615588188171387 0.41294103860855103 0.6929442286491394 0.39721116423606873 -0.58696293830871582 0.62120252847671509 0.69529080390930176 0.60482126474380493
335.54439999908209 -0.58544409275054932 0.40316995978355408 0.72647190093994141 0.3900952935218811 -0.56138098239898682 0.60933250188827515 0.80723416805267334 0.60757249593734741
502.22039999812841 -0.54038333892822266 0.40355783700942993 0.75742363929748535 0.39215695858001709 -0.52677237987518311 0.61082547903060913 0.82212680578231812 0.61346685886383057
678.54270000010729 -0.60001260042190552 0.40194538235664368 0.70263504981994629 0.39139166474342346 -0.56890285015106201 0.60399198532104492 0.77692025899887085 0.60773909091949463
848.09989999979734 -0.62425941228866577 0.40964022278785706 0.72526329755783081 0.39570152759552002 -0.61748576164245605 0.61388874053955078 0.80460292100906372 0.61374765634536743
1014.9378999993205 -0.56874644756317139 0.40445762872695923 0.7505069375038147 0.39026272296905518 -0.55354660749435425 0.6143648624420166 0.83159434795379639 0.61243116855621338
1187.3252999987453 -0.61127197742462158 0.40774974226951599 0.70413672924041748 0.39441356062889099 -0.59672528505325317 0.61305737495422363 0.77741909027099609 0.60866928100585938
1359.7949999980628 -0.58733677864074707 0.40783011913299561 0.73967534303665161 0.39306709170341492 -0.58148288726806641 0.61721879243850708 0.74013465642929077 0.60464012622833252
1527.2482999991626 -0.5868384838104248 0.40476015210151672 0.75888156890869141 0.38631683588027954 -0.55936169624328613 0.6121782660484314 0.84011781215667725 0.60774022340774536
1693.8118999991566 -0.56848061084747314 0.40302565693855286 0.73786807060241699 0.38956481218338013 -0.57125353813171387 0.61120867729187012 0.80724281072616577 0.60907661914825439
1868.4547000005841 -0.61810785531997681 0.40955635905265808 0.67660689353942871 0.39059779047966003 -0.59893375635147095 0.61588716506958008 0.68467217683792114 0.60168629884719849
