79.955199997872114 -1.2591661214828491 0.3888917863368988 1.2389671802520752 0.39631608128547668 -1.0595721006393433 0.613822340965271 1.1676135063171387 0.59915125370025635
162.9239999987185 -1.2345501184463501 0.38576096296310425 1.1928558349609375 0.39548268914222717 -1.4381891489028931 0.60563862323760986 1.1525571346282959 0.59668928384780884
249.0589000005275 -1.2139602899551392 0.38254708051681519 0.95787960290908813 0.3910459578037262 -1.3752931356430054 0.6054149866104126 1.1373664140701294 0.60773342847824097
331.28269999846816 -1.1533409357070923 0.38838499784469604 1.189363956451416 0.39967504143714905 -1.2948677539825439 0.60687011480331421 1.1094790697097778 0.60846412181854248
415.70409999974072 -1.1857061386108398 0.38950401544570923 1.1660232543945313 0.3995029628276825 -1.323183536529541 0.60763120651245117 1.2334421873092651 0.60963785648345947
499.57489999942482 -1.1978497505187988 0.38404363393783569 1.1909475326538086 0.40099406242370605 -1.3424155712127686 0.60623657703399658 1.2170842885971069 0.61152637004852295
587.79819999821484 -1.1462628841400146 0.3892422616481781 1.110870361328125 0.40101003646850586 -1.3071788549423218 0.61216896772384644 1.1557677984237671 0.61612188816070557
672.24609999917448 -1.1651400327682495 0.38446870446205139 1.1025170087814331 0.39729738235473633 -1.3039976358413696 0.60381972789764404 1.1436631679534912 0.6112217903137207
760.36180000007153 -1.1775054931640625 0.3841421902179718 1.1371345520019531 0.40220627188682556 -1.3099472522735596 0.60581743717193604 1.1378612518310547 0.61508220434188843
845.43999999761581 -1.1681561470031738 0.38195300102233887 1.1519757509231567 0.39841794967651367 -1.3283829689025879 0.60485947132110596 1.1648380756378174 0.61426448822021484
929.94569999910891 -1.1762592792510986 0.38282883167266846 1.147120475769043 0.40325909852981567 -1.3386976718902588 0.6056174635887146 1.144084095954895 0.61740487813949585
1013.3356999978423 -1.0395410060882568 0.38576105237007141 1.0667135715484619 0.40188032388687134 -1.2036762237548828 0.61006104946136475 1.0490193367004395 0.61530226469039917
1095.437999997288 -1.140381932258606 0.38688540458679199 1.2059156894683838 0.40164270997047424 -1.3006410598754883 0.60767865180969238 1.1983556747436523 0.61532944440841675
1183.8110999986529 -1.1790331602096558 0.38707977533340454 1.1322900056838989 0.39900720119476318 -1.3423576354980469 0.61021345853805542 1.1365488767623901 0.61451226472854614
1265.0460999999195 -1.1847672462463379 0.38490381836891174 1.1291804313659668 0.3998073935508728 -1.3557798862457275 0.60938543081283569 1.116504430770874 0.61462783813476563
1352.5917000006884 -1.1932939291000366 0.38206383585929871 1.1015700101852417 0.39661094546318054 -1.3115123510360718 0.60339826345443726 1.091915488243103 0.61227631568908691
1436.766799999401 -1.1765222549438477 0.38193497061729431 1.0847417116165161 0.39686062932014465 -1.2983897924423218 0.60212117433547974 1.0889140367507935 0.61305546760559082
1521.9471999984235 -1.1649709939956665 0.38392239809036255 1.1030114889144897 0.39804252982139587 -1.2814731597900391 0.6030241847038269 1.1015239953994751 0.61306101083755493
1606.045399999246 -1.1751102209091187 0.38332688808441162 1.144929051399231 0.40074208378791809 -1.3125741481781006 0.60529041290283203 1.1622974872589111 0.61388695240020752
1690.5488999988884 -1.1826822757720947 0.38256156444549561 1.1109126806259155 0.40262648463249207 -1.3422280550003052 0.60481911897659302 1.1058632135391235 0.61492264270782471
1771.1875 -1.1543782949447632 0.38672712445259094 1.1346578598022461 0.40199849009513855 -1.2916251420974731 0.61357152462005615 1.1495903730392456 0.61850202083587646
1855.1507999990135 -1.1286858320236206 0.39357900619506836 1.0574215650558472 0.3994351327419281 -1.2766491174697876 0.60978007316589355 1.0816794633865356 0.61471426486968994
1938.0885000005364 -1.1945325136184692 0.38478741049766541 1.1308747529983521 0.40272501111030579 -1.3498663902282715 0.6066213846206665 1.1284043788909912 0.61644095182418823
