16.645900000818074 -1.1267064809799194 0.40829461812973022 1.0126861333847046 0.43506309390068054 -1.195595383644104 0.68160301446914673 0.91947168111801147 0.62043595314025879
131.08680000156164 -0.89257287979125977 0.40039065480232239 0.94649064540863037 0.43840774893760681 -1.1780673265457153 0.69019979238510132 0.85993742942810059 0.62015837430953979
255.98830000031739 -1.0474989414215088 0.40845111012458801 0.83644098043441772 0.44561362266540527 -1.1300915479660034 0.68023550510406494 0.80361944437026978 0.63188058137893677
367.08760000020266 -0.9772987961769104 0.4378146231174469 0.81368666887283325 0.45005738735198975 -1.0986013412475586 0.71464496850967407 0.8251078724861145 0.64166206121444702
474.11350000090897 -0.93194764852523804 0.43143290281295776 0.78631108999252319 0.45474180579185486 -1.0552250146865845 0.70531779527664185 0.8071712851524353 0.65675818920135498
590.26860000006855 -0.77407771348953247 0.41685587167739868 0.60268789529800415 0.42966306209564209 -0.67099624872207642 0.61689126491546631 0.59157687425613403 0.64905250072479248
698.84220000077039 -0.43327942490577698 0.44694909453392029 0.65000438690185547 0.43353292346000671 -0.8836982250213623 0.7193450927734375 0.65523457527160645 0.65260434150695801
810.46380000095814 -0.41900137066841125 0.45096775889396667 0.65314698219299316 0.42359638214111328 -0.83666938543319702 0.71160870790481567 0.63139069080352783 0.61029982566833496
928.01640000008047 -0.5464518666267395 0.4480721652507782 0.66944998502731323 0.42792820930480957 -0.85895806550979614 0.71091622114181519 0.66932743787765503 0.64405059814453125
1043.8191999997944 -0.42563459277153015 0.46128344535827637 0.66782122850418091 0.41490694880485535 -0.86949080228805542 0.72087198495864868 0.86495286226272583 0.65185177326202393
1158.0070000011474 -0.53619444370269775 0.47371679544448853 0.70993882417678833 0.42292654514312744 -0.44198232889175415 0.73733407258987427 1.0129643678665161 0.66353273391723633
1269.8030000003055 -0.57601463794708252 0.46791556477546692 0.69381046295166016 0.41868716478347778 -0.42496800422668457 0.73156774044036865 1.0104657411575317 0.65324032306671143
1385.8728000000119 -0.77157247066497803 0.45785811543464661 0.46279951930046082 0.4152473509311676 -0.66481012105941772 0.72626209259033203 0.76285970211029053 0.66455215215682983
1492.6810000007972 -0.66210371255874634 0.46555361151695251 0.49920442700386047 0.42660695314407349 -0.6120256781578064 0.72456437349319458 0.78501719236373901 0.67801511287689209
1606.0214000009 -0.62397348880767822 0.46858879923820496 0.52054071426391602 0.43586927652359009 -0.60595792531967163 0.72279262542724609 0.57675814628601074 0.66167503595352173
1717.5143999997526 -0.58741301298141479 0.4697413444519043 0.49970972537994385 0.44280856847763062 -0.59862023591995239 0.72633171081542969 0.50534296035766602 0.66519135236740112
1826.2905000001192 -0.71171706914901733 0.44830462336540222 0.49867355823516846 0.44095692038536072 -0.6100195050239563 0.70999842882156372 0.53452342748641968 0.65799170732498169
1940.4027000004426 -0.7241167426109314 0.46480357646942139 0.49654772877693176 0.43285432457923889 -0.58177566528320313 0.7221563458442688 0.53795963525772095 0.65825361013412476
