43.498399998992682 -0.64453822374343872 0.61475515365600586 0.7160259485244751 0.67101567983627319 -0.68690204620361328 1.0082008838653564 0.78159916400909424 1.0387382507324219
151.41089999862015 -0.62177306413650513 0.62232768535614014 0.72664505243301392 0.68034893274307251 -0.64117568731307983 1.0271636247634888 0.77708911895751953 1.0571349859237671
268.86269999854267 -0.66989201307296753 0.60654568672180176 0.69186896085739136 0.66565120220184326 -0.67997074127197266 1.0176517963409424 0.74263578653335571 1.0418506860733032
375.97379999887198 -0.6358642578125 0.62700098752975464 0.69833630323410034 0.64852285385131836 -0.65244817733764648 1.0198609828948975 0.73715466260910034 1.0334550142288208
496.74009999912232 -0.64993667602539063 0.61073505878448486 0.67527776956558228 0.64464873075485229 -0.63791429996490479 1.0118170976638794 0.73331242799758911 1.0238785743713379
612.53229999914765 -0.64716261625289917 0.61578339338302612 0.69823384284973145 0.65800303220748901 -0.63451600074768066 1.0251879692077637 0.76342856884002686 1.0457572937011719
728.56719999946654 -0.64624321460723877 0.60544729232788086 0.68705284595489502 0.656158447265625 -0.62542003393173218 1.0135040283203125 0.74523651599884033 1.0465843677520752
845.28479999862611 -0.64442640542984009 0.61150115728378296 0.6544073224067688 0.65370696783065796 -0.64473307132720947 1.0123817920684814 0.71901029348373413 1.0440778732299805
962.82730000000447 -0.67407232522964478 0.60297948122024536 0.67611843347549438 0.65595865249633789 -0.66086167097091675 1.0065152645111084 0.70555424690246582 1.0458344221115112
1082.897699999623 -0.66691446304321289 0.59974104166030884 0.66644132137298584 0.66653311252593994 -0.67905831336975098 0.9920770525932312 0.67988842725753784 1.0601623058319092
1197.5570999989286 -0.68860304355621338 0.59895515441894531 0.68956106901168823 0.66018211841583252 -0.67562812566757202 0.98991239070892334 0.71594446897506714 1.0583288669586182
1319.0068999994546 -0.70490634441375732 0.60136878490447998 0.66392439603805542 0.65359979867935181 -0.69926416873931885 0.99310570955276489 0.70036917924880981 1.0433077812194824
1438.8406999986619 -0.69401752948760986 0.59426158666610718 0.65996867418289185 0.65921205282211304 -0.6974976658821106 0.98568594455718994 0.70262646675109863 1.0533447265625
1556.1000999985263 -0.68553018569946289 0.60471326112747192 0.6698458194732666 0.66667336225509644 -0.67552697658538818 1.0020797252655029 0.71498787403106689 1.0654926300048828
1675.1479999991134 -0.70392626523971558 0.59209787845611572 0.67777448892593384 0.65749937295913696 -0.70964324474334717 0.98923379182815552 0.7334820032119751 1.0405912399291992
1793.8341999985278 -0.68237167596817017 0.61006605625152588 0.68003970384597778 0.67359381914138794 -0.7179490327835083 1.0091525316238403 0.75726413726806641 1.0535557270050049
1907.3696999987587 -0.67084199190139771 0.61420363187789917 0.69773489236831665 0.66755646467208862 -0.72037959098815918 1.0183324813842773 0.76728856563568115 1.0413604974746704
