2.7831999957561493 -0.96010661125183105 0.72593718767166138 0.56292939186096191 0.72177153825759888 -0.94845747947692871 1.1780661344528198 0.81738406419754028 1.1261370182037354
85.104699999094009 -0.80845695734024048 0.75946056842803955 0.5380178689956665 0.7385520339012146 -0.96463990211486816 1.186251163482666 0.78363132476806641 1.1379821300506592
176.71150000020862 -0.80711787939071655 0.76326006650924683 0.54674941301345825 0.73978608846664429 -0.95663249492645264 1.2026933431625366 0.80270618200302124 1.1448042392730713
261.15999999642372 -0.8091399073600769 0.76744908094406128 0.56524503231048584 0.73127049207687378 -0.96206754446029663 1.1955069303512573 0.8244127631187439 1.1744899749755859
342.42249999940395 -0.79088509082794189 0.76720541715621948 0.56939214468002319 0.74317365884780884 -0.92605340480804443 1.2041579484939575 0.83519035577774048 1.1539911031723022
427.12620000168681 -0.78937941789627075 0.7693333625793457 0.56274062395095825 0.75222486257553101 -0.93844515085220337 1.2001528739929199 0.81868630647659302 1.1926118135452271
512.57239999622107 -0.81185591220855713 0.78224265575408936 0.53804421424865723 0.75066602230072021 -0.9314766526222229 1.2218729257583618 0.81217771768569946 1.188787579536438
598.2664999961853 -0.7628706693649292 0.77629870176315308 0.5916597843170166 0.75848054885864258 -0.88722991943359375 1.2172266244888306 0.8398173451423645 1.1629329919815063
680.78159999474883 -0.76166212558746338 0.77282428741455078 0.57560622692108154 0.75593471527099609 -0.8906894326210022 1.2127950191497803 0.83449333906173706 1.196007251739502
768.37449999898672 -0.75122553110122681 0.77833086252212524 0.56927680969238281 0.75758838653564453 -0.89313650131225586 1.2190767526626587 0.81066626310348511 1.205838680267334
850.50389999896288 -0.72355067729949951 0.77323514223098755 0.58964920043945313 0.74051928520202637 -0.85676717758178711 1.2014200687408447 0.81513649225234985 1.1772886514663696
932.5658999979496 -0.73441648483276367 0.77520596981048584 0.59438145160675049 0.74907130002975464 -0.85408025979995728 1.2083959579467773 0.8743433952331543 1.1814972162246704
1020.196299996227 -0.72120839357376099 0.77893978357315063 0.602192223072052 0.75240319967269897 -0.835071861743927 1.212838888168335 0.86195027828216553 1.1952053308486938
1112.4344999976456 -0.75222635269165039 0.78341585397720337 0.60190486907958984 0.7539939284324646 -0.87444794178009033 1.2111572027206421 0.86164218187332153 1.1888195276260376
1206.3208999969065 -0.72724997997283936 0.76985317468643188 0.59821540117263794 0.74761962890625 -0.84830152988433838 1.2008794546127319 0.82077884674072266 1.181343674659729
1290.1076999939978 -0.74867814779281616 0.77908027172088623 0.58048433065414429 0.73960155248641968 -0.8670729398727417 1.2086116075515747 0.81420707702636719 1.1841435432434082
1375.4617999978364 -0.73176521062850952 0.77434700727462769 0.56587505340576172 0.75065714120864868 -0.85620135068893433 1.2047842741012573 0.80338412523269653 1.1855231523513794
1459.7642999961972 -0.74712049961090088 0.78159964084625244 0.60808783769607544 0.75017768144607544 -0.86349660158157349 1.2105897665023804 0.83597558736801147 1.1831296682357788
1543.5020000003278 -0.72329854965209961 0.78130006790161133 0.56387925148010254 0.75814157724380493 -0.83433860540390015 1.2079296112060547 0.79665273427963257 1.1920608282089233
1629.0938999988139 -0.75025862455368042 0.77260559797286987 0.59177356958389282 0.74840426445007324 -0.86940538883209229 1.2080987691879272 0.8209688663482666 1.1926082372665405
1711.6594999954104 -0.73339533805847168 0.77731108665466309 0.57346171140670776 0.73961770534515381 -0.84755146503448486 1.2033785581588745 0.81208884716033936 1.1768925189971924
1795.6309999972582 -0.74536997079849243 0.77267658710479736 0.58728092908859253 0.73760432004928589 -0.87483632564544678 1.2008565664291382 0.83503949642181396 1.1741307973861694
1875.7395999990404 -0.71700537204742432 0.77496629953384399 0.59126460552215576 0.72856491804122925 -0.82618486881256104 1.2053978443145752 0.82782882452011108 1.1647859811782837
1961.5613999962807 -0.74102073907852173 0.77265554666519165 0.59454047679901123 0.73781728744506836 -0.86428040266036987 1.1930971145629883 0.85815674066543579 1.1704361438751221
