82.414300000295043 -0.74622029066085815 0.45717397332191467 0.508453369140625 0.44139856100082397 -0.65004611015319824 0.71361666917800903 0.59931278228759766 0.66978633403778076
195.17799999937415 -0.73801130056381226 0.45513966679573059 0.52292019128799438 0.44909510016441345 -0.66924148797988892 0.71721005439758301 0.60049551725387573 0.68173009157180786
305.81350000016391 -0.77649116516113281 0.45554086565971375 0.50541752576828003 0.44586837291717529 -0.68978339433670044 0.7111629843711853 0.58375751972198486 0.67721432447433472
416.1062000002712 -0.75537592172622681 0.45616725087165833 0.51289510726928711 0.44336709380149841 -0.69136190414428711 0.71442413330078125 0.57064133882522583 0.67506688833236694
528.41609999909997 -0.76227974891662598 0.46076825261116028 0.50204563140869141 0.44731542468070984 -0.6612517237663269 0.71564286947250366 0.56533187627792358 0.67595773935317993
639.15209999959916 -0.74745416641235352 0.46006995439529419 0.50056087970733643 0.43836930394172668 -0.63010090589523315 0.71929174661636353 0.58874154090881348 0.67091971635818481
746.99119999911636 -0.75742298364639282 0.46241080760955811 0.49920955300331116 0.44306212663650513 -0.64438521862030029 0.72319215536117554 0.58653134107589722 0.67689800262451172
866.76339999865741 -0.77591383457183838 0.46065825223922729 0.49794819951057434 0.44662290811538696 -0.6766248345375061 0.72292745113372803 0.57413816452026367 0.67953157424926758
982.17320000007749 -0.57493090629577637 0.46270930767059326 0.7148469090461731 0.43932211399078369 -0.48988735675811768 0.72503042221069336 0.79788154363632202 0.67400425672531128
1094.3032999997959 -0.46547400951385498 0.46347969770431519 0.66743946075439453 0.4311414361000061 -0.97360414266586304 0.72338789701461792 0.70803284645080566 0.64389407634735107
1210.5641999989748 -0.49449002742767334 0.4650762677192688 0.68998622894287109 0.43873021006584167 -0.98331326246261597 0.73610889911651611 0.78749996423721313 0.66550672054290771
1325.799699999392 -0.54525488615036011 0.45936179161071777 0.7208678126335144 0.43372267484664917 -0.92732173204421997 0.69588130712509155 0.76551371812820435 0.66344773769378662
1437.6536999987438 -0.45948395133018494 0.46207129955291748 0.69619810581207275 0.43688476085662842 -0.97835028171539307 0.72389423847198486 0.77076756954193115 0.67050719261169434
1547.6566000003368 -0.45778727531433105 0.45770359039306641 0.64980906248092651 0.43695899844169617 -0.94060993194580078 0.73238104581832886 0.6877593994140625 0.66758465766906738
1652.6427999995649 -0.45549917221069336 0.459633469581604 0.65070217847824097 0.43377730250358582 -0.94807499647140503 0.73387587070465088 0.74813288450241089 0.66540068387985229
1768.2686000000685 -0.58965557813644409 0.4610811173915863 0.60964834690093994 0.43923577666282654 -0.9767112135887146 0.72160714864730835 0.68155986070632935 0.67209064960479736
1883.6540000000969 -0.56811344623565674 0.46050754189491272 0.64025652408599854 0.43089529871940613 -0.97311872243881226 0.70784687995910645 0.74071979522705078 0.66529446840286255
