76.838700000196695 -0.66453361511230469 0.62006688117980957 0.81251358985900879 0.67581456899642944 -0.55758965015411377 1.0219123363494873 0.86878585815429688 1.0625842809677124
207.12199999950826 -0.65001469850540161 0.60026413202285767 0.78011614084243774 0.64936691522598267 -0.55067962408065796 0.98215097188949585 0.86650562286376953 1.0269858837127686
333.96289999969304 -0.65991461277008057 0.59056949615478516 0.75584983825683594 0.65177524089813232 -0.55719941854476929 0.98022580146789551 0.82989871501922607 1.0261995792388916
462.68639999907464 -0.62139600515365601 0.60304570198059082 0.80119091272354126 0.65525895357131958 -0.52001893520355225 0.99136900901794434 0.85851782560348511 1.0303504467010498
574.46860000025481 -0.6380462646484375 0.60521280765533447 0.84180015325546265 0.65179735422134399 -0.51664137840270996 0.99235230684280396 0.87794685363769531 1.0368002653121948
675.16930000018328 -0.64066576957702637 0.60772627592086792 0.85524380207061768 0.64505523443222046 -0.52152889966964722 0.9858933687210083 0.86785334348678589 1.0315265655517578
799.12679999973625 -0.63316208124160767 0.59175801277160645 0.83171838521957397 0.65029293298721313 -0.51147401332855225 0.98118799924850464 0.87475275993347168 1.0296112298965454
930.76109999977052 -0.63154369592666626 0.60799491405487061 0.81762188673019409 0.64844310283660889 -0.509388267993927 0.98956775665283203 0.86105543375015259 1.032681941986084
1048.26870000083 -0.63202810287475586 0.60776901245117188 0.81125003099441528 0.6446574330329895 -0.51256489753723145 0.9873729944229126 0.8442346453666687 1.0319110155105591
1184.2827999992296 -0.65137231349945068 0.6074601411819458 0.79344683885574341 0.64470440149307251 -0.53288626670837402 0.98752188682556152 0.90053987503051758 1.0272451639175415
1306.1890000002459 -0.65635257959365845 0.6042168140411377 0.80630201101303101 0.64160501956939697 -0.54065471887588501 0.98426258563995361 0.87102043628692627 1.0302926301956177
1416.6881000008434 -0.64084923267364502 0.62204593420028687 0.80186545848846436 0.64405280351638794 -0.53257453441619873 0.99444752931594849 0.87053489685058594 1.0260676145553589
1543.9265999998897 -0.65899819135665894 0.60252362489700317 0.77779662609100342 0.63667851686477661 -0.54336804151535034 0.98231172561645508 0.88706475496292114 1.0180712938308716
1678.4149000011384 -0.66769009828567505 0.60738390684127808 0.80949103832244873 0.63880419731140137 -0.55473548173904419 0.97893106937408447 0.90861999988555908 1.0235614776611328
1817.9890999998897 -0.66283518075942993 0.60000109672546387 0.84631586074829102 0.63559401035308838 -0.56470894813537598 0.97937840223312378 0.90690118074417114 1.0177189111709595
1947.5444000000134 -0.66812127828598022 0.590057373046875 0.78303903341293335 0.66549038887023926 -0.56460517644882202 0.97263556718826294 0.84258931875228882 1.0258510112762451
