56.411899998784065 -0.71841824054718018 0.67374777793884277 0.56879162788391113 0.63851833343505859 -0.6768379807472229 0.97390061616897583 0.54910838603973389 0.96833223104476929
156.87779999896884 -0.7192806601524353 0.67550641298294067 0.577903151512146 0.6430201530456543 -0.69865602254867554 0.97200465202331543 0.5609201192855835 0.96885067224502563
256.48950000293553 -0.71940106153488159 0.67316955327987671 0.5992552638053894 0.6264069676399231 -0.69659143686294556 0.96809446811676025 0.58544427156448364 0.95691126585006714
354.71059999987483 -0.78442478179931641 0.66954195499420166 0.61064141988754272 0.64050674438476563 -0.72922366857528687 0.98442608118057251 0.58309590816497803 0.96928972005844116
456.8971999976784 -0.8023180365562439 0.65373474359512329 0.63131415843963623 0.65432476997375488 -0.74851906299591064 0.95987772941589355 0.64874869585037231 0.96119415760040283
559.60760000161827 -0.76976984739303589 0.6598694920539856 0.61532026529312134 0.65534961223602295 -0.72686481475830078 0.96913427114486694 0.6106526255607605 0.94425392150878906
659.98419999890029 -0.75066357851028442 0.64081263542175293 0.63255870342254639 0.64433610439300537 -0.71977478265762329 0.94337213039398193 0.62096107006072998 0.9337623119354248
762.48550000041723 -0.72775501012802124 0.63675987720489502 0.61741805076599121 0.63840150833129883 -0.69356125593185425 0.93452447652816772 0.62338882684707642 0.91841202974319458
861.95179999992251 -0.72303050756454468 0.62378591299057007 0.59879016876220703 0.6340295672416687 -0.6953391432762146 0.92700129747390747 0.6129833459854126 0.91536110639572144
966.5688000023365 -0.7323029637336731 0.63617771863937378 0.55641865730285645 0.63212156295776367 -0.6854623556137085 0.94272589683532715 0.58785504102706909 0.91852569580078125
1069.3809000011533 -0.7217898964881897 0.63983380794525146 0.55916875600814819 0.63014388084411621 -0.65145993232727051 0.94385749101638794 0.59396445751190186 0.92070174217224121
1166.9914999995381 -0.76491886377334595 0.63928210735321045 0.59781479835510254 0.63181811571121216 -0.69633805751800537 0.93960046768188477 0.60733205080032349 0.93213170766830444
1269.2130000013858 -0.76247137784957886 0.65647929906845093 0.60341763496398926 0.62517464160919189 -0.70684355497360229 0.96015065908432007 0.63462430238723755 0.92714613676071167
1368.0876000002027 -0.77425634860992432 0.65286523103713989 0.6206938624382019 0.62830150127410889 -0.72775942087173462 0.95892709493637085 0.6608964204788208 0.92798334360122681
1464.2683000005782 -0.77988225221633911 0.64964926242828369 0.61863565444946289 0.64040303230285645 -0.74417251348495483 0.95304310321807861 0.66896086931228638 0.92940413951873779
1570.5330000016838 -0.74700093269348145 0.65569311380386353 0.61560899019241333 0.63785815238952637 -0.67763280868530273 0.95120859146118164 0.67146867513656616 0.91117149591445923
1673.3903000000864 -0.75253075361251831 0.64557260274887085 0.60739225149154663 0.6228184700012207 -0.7117379903793335 0.94132214784622192 0.65504205226898193 0.90161842107772827
1775.3906000014395 -0.73789584636688232 0.6344534158706665 0.60629963874816895 0.61727505922317505 -0.69221711158752441 0.93047577142715454 0.65560108423233032 0.89802676439285278
1877.9865000005811 -0.73644304275512695 0.6387636661529541 0.63216596841812134 0.61936891078948975 -0.68349182605743408 0.93666499853134155 0.6717684268951416 0.90392464399337769
1974.1116000022739 -0.73140335083007813 0.62938743829727173 0.62124460935592651 0.61913764476776123 -0.7008049488067627 0.9330478310585022 0.65492266416549683 0.89832794666290283
