43.929300000891089 -0.79024332761764526 0.66867417097091675 0.56068778038024902 0.71320056915283203 -0.74251782894134521 1.0399304628372192 0.52450776100158691 1.0634907484054565
138.94780000112951 -0.79769027233123779 0.66671156883239746 0.55789327621459961 0.71400243043899536 -0.74392497539520264 1.0362348556518555 0.5259668231010437 1.059039831161499
230.9723000023514 -0.79235666990280151 0.68472260236740112 0.56306588649749756 0.72992533445358276 -0.74943792819976807 1.0639842748641968 0.530631422996521 1.0813673734664917
327.87820000015199 -0.80076795816421509 0.69493091106414795 0.57590281963348389 0.71891570091247559 -0.73708689212799072 1.0608272552490234 0.54546034336090088 1.0719113349914551
424.18370000086725 -0.78993844985961914 0.67526513338088989 0.59179466962814331 0.71407675743103027 -0.74776190519332886 1.0513269901275635 0.56700074672698975 1.0745071172714233
511.94610000029206 -0.7952461838722229 0.65819287300109863 0.59772801399230957 0.69829821586608887 -0.7601122260093689 1.0237679481506348 0.59595096111297607 1.0536688566207886
611.56790000014007 -0.78964740037918091 0.67259997129440308 0.61409354209899902 0.70219355821609497 -0.76676535606384277 1.0450571775436401 0.63486695289611816 1.0659468173980713
702.77270000055432 -0.82280761003494263 0.67561286687850952 0.65510094165802002 0.67598086595535278 -0.80700027942657471 1.0415481328964233 0.71249216794967651 1.0527664422988892
802.45160000026226 -0.82006543874740601 0.67677348852157593 0.66042613983154297 0.66807430982589722 -0.80876296758651733 1.0408951044082642 0.72330743074417114 1.0520870685577393
893.63719999976456 -0.79592078924179077 0.68178838491439819 0.66897052526473999 0.67795133590698242 -0.78222167491912842 1.0464185476303101 0.76008421182632446 1.0516620874404907
983.55650000274181 -0.80026823282241821 0.67788088321685791 0.65875148773193359 0.67085832357406616 -0.79051744937896729 1.0465966463088989 0.7463112473487854 1.0416470766067505
1076.6521000005305 -0.81025075912475586 0.67044556140899658 0.65104442834854126 0.67856675386428833 -0.79141563177108765 1.0361071825027466 0.72721457481384277 1.0438767671585083
1169.5068999994546 -0.80230265855789185 0.67450356483459473 0.62597805261611938 0.69777989387512207 -0.77039456367492676 1.044343113899231 0.70049595832824707 1.0661928653717041
1258.6032000016421 -0.80262845754623413 0.68274927139282227 0.61174178123474121 0.70432841777801514 -0.75988852977752686 1.0556291341781616 0.67747557163238525 1.0714839696884155
1353.2116000000387 -0.8012082576751709 0.67078828811645508 0.61322957277297974 0.68840974569320679 -0.74721056222915649 1.0488566160202026 0.64504426717758179 1.0548511743545532
1446.1203000005335 -0.78323954343795776 0.68447965383529663 0.60897141695022583 0.69784086942672729 -0.71412116289138794 1.0642615556716919 0.62094259262084961 1.0635254383087158
1537.3238000012934 -0.77744418382644653 0.68867117166519165 0.60758680105209351 0.70167112350463867 -0.70921200513839722 1.0635222196578979 0.61307811737060547 1.0666366815567017
1638.6185000017285 -0.78016096353530884 0.69369751214981079 0.61921250820159912 0.71739405393600464 -0.71210891008377075 1.0652929544448853 0.61070960760116577 1.0816075801849365
1738.3548000007868 -0.75545865297317505 0.68642902374267578 0.60286813974380493 0.71748393774032593 -0.68364834785461426 1.0607191324234009 0.57994657754898071 1.0773923397064209
1825.6196999996901 -0.75726723670959473 0.69260483980178833 0.61669856309890747 0.71123790740966797 -0.69278055429458618 1.0605980157852173 0.6015351414680481 1.0747889280319214
1921.9949999991804 -0.74841386079788208 0.69831001758575439 0.59530514478683472 0.7200438380241394 -0.67734700441360474 1.0701932907104492 0.58470356464385986 1.0855515003204346
