47.769899999722838 -0.72572785615921021 0.46831068396568298 0.60360085964202881 0.47069108486175537 -0.67219239473342896 0.7766883373260498 0.64555966854095459 0.76712280511856079
541.3730000006035 -0.70295143127441406 0.47350883483886719 0.6210901141166687 0.47458416223526001 -0.6388213038444519 0.78845268487930298 0.67268037796020508 0.7682679295539856
1241.1310000000522 -0.68249982595443726 0.45932283997535706 0.51127976179122925 0.48248228430747986 -0.60574018955230713 0.77920395135879517 0.6460641622543335 0.76411217451095581
1387.9456999991089 -0.80310112237930298 0.48223501443862915 0.65563207864761353 0.48961877822875977 -0.74096858501434326 0.79612255096435547 0.73678892850875854 0.77690386772155762
1488.5509000001475 -0.73974889516830444 0.47606313228607178 0.64878726005554199 0.48799383640289307 -0.6635439395904541 0.80531758069992065 0.78945451974868774 0.78370034694671631
1586.6014000000432 -0.70303136110305786 0.47499153017997742 0.6027722954750061 0.4891694188117981 -0.63009577989578247 0.79595726728439331 0.73172301054000854 0.76894056797027588
1687.5944999996573 -0.69811856746673584 0.4689236581325531 0.58473259210586548 0.48389938473701477 -0.64398002624511719 0.78480881452560425 0.6880875825881958 0.76364707946777344
1782.8706000000238 -0.73608493804931641 0.47444263100624084 0.64192795753479004 0.48383724689483643 -0.68513691425323486 0.78367346525192261 0.73622220754623413 0.77730625867843628
1882.2980000004172 -0.70071667432785034 0.47223556041717529 0.66888737678527832 0.48048055171966553 -0.6687694787979126 0.77537447214126587 0.7523990273475647 0.78194332122802734
1980.8163999998942 -0.74594557285308838 0.46473830938339233 0.62947136163711548 0.47479712963104248 -0.70208758115768433 0.76924401521682739 0.69891899824142456 0.77417540550231934
