24.385599998757243 -0.72928589582443237 0.70149463415145874 0.61872297525405884 0.70850491523742676 -0.64454126358032227 1.0656925439834595 0.54461050033569336 1.0714943408966064
118.26999999955297 -0.72604721784591675 0.70936626195907593 0.62320864200592041 0.72569721937179565 -0.64657658338546753 1.0663810968399048 0.53082901239395142 1.0534651279449463
211.51069999858737 -0.72430354356765747 0.70231711864471436 0.6075860857963562 0.72654479742050171 -0.64701813459396362 1.0626764297485352 0.51107501983642578 1.0539101362228394
302.54559999890625 -0.73601311445236206 0.71290087699890137 0.61023235321044922 0.72364717721939087 -0.65677541494369507 1.0743529796600342 0.5333106517791748 1.0556352138519287
397.04360000044107 -0.71608549356460571 0.68905985355377197 0.61133754253387451 0.72418075799942017 -0.65028899908065796 1.0554453134536743 0.50545865297317505 1.0444157123565674
493.72059999965131 -0.70203667879104614 0.69679033756256104 0.60913586616516113 0.72361510992050171 -0.63040661811828613 1.0677201747894287 0.54282504320144653 1.0721299648284912
585.55519999936223 -0.71228981018066406 0.70227706432342529 0.61037683486938477 0.71520817279815674 -0.63578391075134277 1.0638915300369263 0.53930783271789551 1.0728259086608887
674.38329999893904 -0.71482843160629272 0.69939017295837402 0.618610680103302 0.71236711740493774 -0.62845331430435181 1.0634347200393677 0.54431790113449097 1.0704241991043091
762.64299999922514 -0.72447854280471802 0.70426774024963379 0.61880958080291748 0.72569906711578369 -0.63465642929077148 1.0694957971572876 0.52198690176010132 1.0632725954055786
859.09090000018477 -0.72172093391418457 0.69979399442672729 0.63053405284881592 0.72042220830917358 -0.63540548086166382 1.0635151863098145 0.54342925548553467 1.0546540021896362
951.4501999989152 -0.72146892547607422 0.69023263454437256 0.62569743394851685 0.70899510383605957 -0.63259929418563843 1.0538234710693359 0.55317193269729614 1.0660790205001831
1043.9545999988914 -0.71455854177474976 0.69942408800125122 0.62608253955841064 0.71158361434936523 -0.62822985649108887 1.0615471601486206 0.55136626958847046 1.0662903785705566
1137.3078000005335 -0.72452068328857422 0.70765626430511475 0.63478398323059082 0.72249996662139893 -0.63921576738357544 1.0709149837493896 0.54600393772125244 1.0570906400680542
1231.6846999991685 -0.71689605712890625 0.7028881311416626 0.62716847658157349 0.71764910221099854 -0.62924981117248535 1.0706392526626587 0.55523413419723511 1.0743809938430786
1325.2863999996334 -0.73201704025268555 0.69718950986862183 0.61543643474578857 0.70974290370941162 -0.64114111661911011 1.0596292018890381 0.53583025932312012 1.0509952306747437
1419.7514999993145 -0.72787916660308838 0.6972004771232605 0.62099987268447876 0.71976768970489502 -0.64347845315933228 1.0637301206588745 0.54073542356491089 1.0565303564071655
1520.2790000010282 -0.73371964693069458 0.68862235546112061 0.61817008256912231 0.71170210838317871 -0.6376916766166687 1.0530658960342407 0.52964168787002563 1.0464317798614502
1613.6030999980867 -0.72567754983901978 0.70082485675811768 0.62141472101211548 0.70843487977981567 -0.63738727569580078 1.061282753944397 0.53450936079025269 1.0551072359085083
1706.0451999995857 -0.74159789085388184 0.70088422298431396 0.61345148086547852 0.70991486310958862 -0.64960741996765137 1.0581449270248413 0.53316903114318848 1.0598509311676025
1799.3857999984175 -0.735756516456604 0.70017635822296143 0.62386786937713623 0.72152900695800781 -0.64716804027557373 1.0591528415679932 0.52523922920227051 1.0585505962371826
1888.8520999997854 -0.74801933765411377 0.68820977210998535 0.62320351600646973 0.71484756469726563 -0.65084582567214966 1.0536684989929199 0.52928709983825684 1.0536336898803711
1986.6433999985456 -0.74035364389419556 0.70096951723098755 0.62363022565841675 0.71103858947753906 -0.65182185173034668 1.0613224506378174 0.543476402759552 1.0498424768447876
