72.137900000438094 -0.94501805305480957 0.60996770858764648 0.78456246852874756 0.6085551381111145 -1.2264949083328247 0.92009502649307251 1.2030180692672729 0.91966134309768677
177.02969999983907 -0.95561069250106812 0.60936188697814941 0.79082572460174561 0.60654348134994507 -1.2502564191818237 0.91935580968856812 1.2095144987106323 0.92597287893295288
276.06449999846518 -0.94919002056121826 0.61319273710250854 0.76209211349487305 0.60410892963409424 -1.2387169599533081 0.92309415340423584 1.1785534620285034 0.92917054891586304
376.34399999864399 -0.94648158550262451 0.60404163599014282 0.77258890867233276 0.61836999654769897 -1.181666374206543 0.91843050718307495 1.1627688407897949 0.94773644208908081
476.14690000191331 -0.92718446254730225 0.60433143377304077 0.76082319021224976 0.61355584859848022 -1.1714657545089722 0.9215361475944519 1.1242456436157227 0.94696861505508423
579.20950000174344 -0.88626444339752197 0.63940006494522095 0.70552951097488403 0.63277143239974976 -1.1041667461395264 0.95276862382888794 1.0394109487533569 0.94899964332580566
682.22470000013709 -0.86036539077758789 0.65104120969772339 0.67697101831436157 0.63557720184326172 -1.0553134679794312 0.96990221738815308 0.93669158220291138 0.9507143497467041
779.22790000028908 -0.80016583204269409 0.64357125759124756 0.62631368637084961 0.64350438117980957 -0.94093590974807739 0.97176939249038696 0.81760275363922119 0.95744001865386963
890.04199999943376 -0.76543241739273071 0.67015659809112549 0.57245278358459473 0.64148914813995361 -0.83525758981704712 0.9841010570526123 0.67976117134094238 0.95852363109588623
987.91950000263751 -0.73602712154388428 0.66150462627410889 0.55271017551422119 0.62795060873031616 -0.74447929859161377 0.98222368955612183 0.62378185987472534 0.94601541757583618
1089.7586000002921 -0.73918163776397705 0.6617162823677063 0.54820990562438965 0.64080911874771118 -0.73355782032012939 0.99303680658340454 0.59603196382522583 0.97009223699569702
1193.1776000000536 -0.69836956262588501 0.6631476879119873 0.54768407344818115 0.64133960008621216 -0.65814709663391113 0.98766177892684937 0.58535563945770264 0.97125154733657837
1297.3494000006467 -0.70312821865081787 0.66174739599227905 0.58881455659866333 0.63354921340942383 -0.65342622995376587 0.98462444543838501 0.61899256706237793 0.9667239785194397
1400.2322999984026 -0.68537032604217529 0.6758878231048584 0.61913394927978516 0.64399677515029907 -0.63718730211257935 0.9973294734954834 0.65148121118545532 0.97751283645629883
1497.5014000032097 -0.69058328866958618 0.67388910055160522 0.62608402967453003 0.64145451784133911 -0.63783824443817139 1.0140039920806885 0.65092045068740845 0.98019260168075562
1599.9505000002682 -0.70701617002487183 0.66876363754272461 0.6211010217666626 0.64294332265853882 -0.65522772073745728 0.99535399675369263 0.64889097213745117 0.97890305519104004
1697.741700001061 -0.71583473682403564 0.67053812742233276 0.60083472728729248 0.64631026983261108 -0.66625428199768066 0.99992692470550537 0.62964338064193726 0.9821658730506897
1802.8342000003904 -0.73324251174926758 0.66400343179702759 0.57222193479537964 0.65145093202590942 -0.68194782733917236 0.9860568642616272 0.59667384624481201 0.98117488622665405
1901.1836000010371 -0.74095797538757324 0.65706896781921387 0.56432700157165527 0.63415205478668213 -0.66534990072250366 0.98202973604202271 0.59270298480987549 0.97425639629364014
