51.091900000348687 -0.61952602863311768 0.59591704607009888 0.82284402847290039 0.64456385374069214 -0.5156598687171936 0.99223798513412476 0.88603436946868896 1.0327903032302856
173.63740000128746 -0.63025254011154175 0.5933152437210083 0.80036330223083496 0.65511518716812134 -0.52749431133270264 0.98857194185256958 0.86510193347930908 1.0342581272125244
307.68170000053942 -0.61197692155838013 0.58720195293426514 0.83015567064285278 0.66287899017333984 -0.52310633659362793 0.98263770341873169 0.86027985811233521 1.0343421697616577
421.59670000057667 -0.63393980264663696 0.59203058481216431 0.78457522392272949 0.68057411909103394 -0.56414502859115601 0.97835671901702881 0.85488885641098022 1.0438542366027832
541.31960000097752 -0.68223738670349121 0.57962954044342041 0.79957473278045654 0.6769830584526062 -0.63412284851074219 0.95723438262939453 0.83921825885772705 1.0557315349578857
667.66760000027716 -0.66828805208206177 0.58327025175094604 0.81978541612625122 0.66194432973861694 -0.67503291368484497 0.94387280941009521 0.84148657321929932 1.0338740348815918
783.81750000081956 -0.69611579179763794 0.58430129289627075 0.79911553859710693 0.65979868173599243 -0.62520760297775269 0.96905499696731567 0.86099517345428467 1.0317836999893188
908.45509999990463 -0.68293708562850952 0.58207780122756958 0.75150525569915771 0.65823334455490112 -0.63562291860580444 0.96132171154022217 0.82921212911605835 1.0298507213592529
1023.6806000005454 -0.66043376922607422 0.58810716867446899 0.68579328060150146 0.65972912311553955 -0.61496394872665405 0.98374330997467041 0.7599979043006897 1.0347152948379517
1155.2674000002444 -0.67286533117294312 0.58930206298828125 0.69846522808074951 0.67322099208831787 -0.62835025787353516 0.97821515798568726 0.76550072431564331 1.0370758771896362
1272.3147000009194 -0.64398229122161865 0.59320074319839478 0.72064238786697388 0.66495299339294434 -0.5952301025390625 0.98075014352798462 0.79266685247421265 1.0381776094436646
1390.3852000012994 -0.66056245565414429 0.59475624561309814 0.73892432451248169 0.68004435300827026 -0.60842698812484741 0.98675638437271118 0.77550619840621948 1.0428841114044189
1511.4458000008017 -0.6259380578994751 0.60284984111785889 0.66707140207290649 0.68083363771438599 -0.59427368640899658 0.98600250482559204 0.76228868961334229 1.0476292371749878
1619.5116000007838 -0.67166399955749512 0.5908772349357605 0.70276623964309692 0.67474287748336792 -0.62157917022705078 0.98650747537612915 0.76833873987197876 1.0501681566238403
1736.2286000000313 -0.63340854644775391 0.61125540733337402 0.7202686071395874 0.67086774110794067 -0.53561508655548096 0.9939035177230835 0.77808481454849243 1.0479873418807983
1868.7422000002116 -0.63869386911392212 0.60479623079299927 0.75905418395996094 0.67759567499160767 -0.55612343549728394 0.98740768432617188 0.81522810459136963 1.0596045255661011
1994.8691000007093 -0.70363354682922363 0.60096710920333862 0.80782473087310791 0.664661705493927 -0.61625856161117554 0.98508965969085693 0.88127917051315308 1.0316319465637207
