40.683000000193715 -0.81090116500854492 0.43351408839225769 0.65706640481948853 0.44107863306999207 -0.8461005687713623 0.70853942632675171 0.74384093284606934 0.66069966554641724
147.0109999999404 -0.84231847524642944 0.44370284676551819 0.6819835901260376 0.43971392512321472 -0.83919680118560791 0.71386688947677612 0.77890390157699585 0.6609809398651123
263.9038000004366 -0.8153231143951416 0.43266060948371887 0.63607478141784668 0.43887898325920105 -0.84610867500305176 0.71393752098083496 0.71456605195999146 0.66279721260070801
376.89899999927729 -0.82771414518356323 0.4340854287147522 0.63881087303161621 0.4282202422618866 -0.83618652820587158 0.70112276077270508 0.68183737993240356 0.65390300750732422
486.6706000007689 -0.77746450901031494 0.43417179584503174 0.67875081300735474 0.43178516626358032 -0.78239452838897705 0.69527053833007813 0.67670738697052002 0.64201384782791138
604.51730000041425 -0.73337292671203613 0.43578588962554932 0.69081312417984009 0.4330819845199585 -0.75065410137176514 0.68361860513687134 0.74844980239868164 0.64836621284484863
720.18790000025183 -0.71951085329055786 0.44470909237861633 0.70584535598754883 0.43430888652801514 -0.72952860593795776 0.70200580358505249 0.74619859457015991 0.65331977605819702
834.50169999990612 -0.81550836563110352 0.44600868225097656 0.74235320091247559 0.43723544478416443 -0.81178700923919678 0.6958305835723877 0.80362838506698608 0.65176099538803101
950.97299999929965 -0.79324275255203247 0.44018447399139404 0.69615113735198975 0.45478886365890503 -0.7886509895324707 0.72028082609176636 0.72005981206893921 0.67080199718475342
1066.6814999999478 -0.80303049087524414 0.46679040789604187 0.75585830211639404 0.46049958467483521 -0.8016204833984375 0.73652315139770508 0.73787593841552734 0.67625170946121216
1178.6080000000075 -0.7710641622543335 0.44815787672996521 0.71896165609359741 0.42881929874420166 -0.75853925943374634 0.70723414421081543 0.76643246412277222 0.57150250673294067
1286.4712000004947 -0.78647023439407349 0.44166633486747742 0.70266073942184448 0.43709307909011841 -0.76355111598968506 0.70532500743865967 0.71257030963897705 0.64774459600448608
1406.2342000007629 -0.69592249393463135 0.42788836359977722 0.78981685638427734 0.41780552268028259 -0.65703880786895752 0.692330002784729 0.8293081521987915 0.62435942888259888
1526.2757999999449 -0.72771251201629639 0.42833960056304932 0.76698869466781616 0.40019914507865906 -0.66750448942184448 0.6894230842590332 0.78030163049697876 0.60061120986938477
1631.697899999097 -0.79654127359390259 0.44280651211738586 0.75270956754684448 0.45689031481742859 -0.77022463083267212 0.71108818054199219 0.77437371015548706 0.66199386119842529
1743.5047999992967 -0.78772485256195068 0.42984429001808167 0.7383037805557251 0.44764232635498047 -0.74902963638305664 0.69916898012161255 0.80901819467544556 0.65546464920043945
1860.3470999998972 -0.72903996706008911 0.43706953525543213 0.74180752038955688 0.45192831754684448 -0.73738980293273926 0.70837187767028809 0.79140323400497437 0.66714924573898315
1972.4797000000253 -0.73544615507125854 0.43729698657989502 0.7433323860168457 0.4465559720993042 -0.76792001724243164 0.71678811311721802 0.8189353346824646 0.65787655115127563
