25.827899999916553 -0.7775084376335144 0.62952524423599243 0.70405113697052002 0.65599477291107178 -0.75204527378082275 1.0277382135391235 0.68404734134674072 1.013336181640625
149.32090000156313 -0.76656943559646606 0.64952915906906128 0.69836771488189697 0.68136131763458252 -0.74384939670562744 1.0504060983657837 0.67824137210845947 1.0471106767654419
263.6670000012964 -0.80340284109115601 0.65305054187774658 0.700306236743927 0.68619287014007568 -0.85207593441009521 1.0384528636932373 0.70654791593551636 1.0511813163757324
380.49150000046939 -0.7775384783744812 0.6552550196647644 0.73732024431228638 0.68058478832244873 -0.81931281089782715 1.0496087074279785 0.7301298975944519 1.0464402437210083
498.78780000004917 -0.77253323793411255 0.64542639255523682 0.74289608001708984 0.66445183753967285 -0.82882779836654663 1.0453747510910034 0.80599117279052734 1.0168048143386841
606.78270000033081 -0.78978133201599121 0.6334000825881958 0.73138928413391113 0.64693820476531982 -0.81559062004089355 1.0112572908401489 0.85465067625045776 0.97284901142120361
722.41680000070482 -0.63043016195297241 0.61307907104492188 0.75931882858276367 0.65080934762954712 -0.60599660873413086 0.98983192443847656 0.81665033102035522 1.0255646705627441
832.82990000024438 -0.62889105081558228 0.61044901609420776 0.68368810415267944 0.65129536390304565 -0.61177098751068115 0.987346351146698 0.69807970523834229 1.0366153717041016
955.62790000066161 -0.6496468186378479 0.61436009407043457 0.6564406156539917 0.66151160001754761 -0.5749017596244812 0.98721408843994141 0.6972804069519043 1.049858570098877
1074.100700000301 -0.67738360166549683 0.60826855897903442 0.59893614053726196 0.65579438209533691 -0.61362981796264648 0.97775387763977051 0.66961884498596191 1.0339087247848511
1192.2374000018463 -0.75741440057754517 0.60489320755004883 0.69196599721908569 0.6573413610458374 -0.58274203538894653 0.98027616739273071 0.75375288724899292 1.0290781259536743
1306.1841000001878 -0.76665008068084717 0.59032434225082397 0.67632722854614258 0.65046519041061401 -0.62908750772476196 0.96959036588668823 0.75373685359954834 1.0313183069229126
1413.6807000003755 -0.72040039300918579 0.59106546640396118 0.69357937574386597 0.65299510955810547 -0.617939293384552 0.96101433038711548 0.72673732042312622 1.0398411750793457
1540.4804000006989 -0.73650151491165161 0.59208965301513672 0.6717260479927063 0.62813484668731689 -0.70843255519866943 0.95453643798828125 0.71533310413360596 1.0044505596160889
1663.623900000006 -0.65092068910598755 0.58918297290802002 0.6744682788848877 0.64256471395492554 -0.60850256681442261 0.96748846769332886 0.74841707944869995 1.0317637920379639
1776.992800001055 -0.63398545980453491 0.59187883138656616 0.67671632766723633 0.64682132005691528 -0.60928881168365479 0.97743082046508789 0.71316313743591309 1.0135951042175293
1886.5610000006855 -0.61363679170608521 0.60599559545516968 0.6986733078956604 0.65053701400756836 -0.6188468337059021 0.99686324596405029 0.69771027565002441 1.0224679708480835
