24.695699999108911 -0.83488309383392334 0.61929023265838623 0.54605430364608765 0.66556864976882935 -0.79544132947921753 0.99506396055221558 0.55655324459075928 1.0149060487747192
114.64439999870956 -0.83600109815597534 0.61827635765075684 0.53069210052490234 0.66385519504547119 -0.78835541009902954 0.98790538311004639 0.54407572746276855 1.0065790414810181
195.69060000032187 -0.84121519327163696 0.61190634965896606 0.53694528341293335 0.65619844198226929 -0.7949981689453125 0.97897332906723022 0.55977141857147217 0.99737870693206787
285.57469999976456 -0.82066762447357178 0.61478579044342041 0.54853010177612305 0.6551862359046936 -0.78826260566711426 0.98201215267181396 0.57324284315109253 0.99130278825759888
372.21910000219941 -0.8158726692199707 0.60904943943023682 0.57046371698379517 0.64445376396179199 -0.78828352689743042 0.97280895709991455 0.63265913724899292 0.97913616895675659
458.71099999919534 -0.80607420206069946 0.61265867948532104 0.59261238574981689 0.64851874113082886 -0.78507953882217407 0.98085111379623413 0.65390944480895996 0.98472297191619873
544.55640000104904 -0.78656011819839478 0.61272549629211426 0.61408489942550659 0.64499253034591675 -0.80336904525756836 0.98673641681671143 0.69255846738815308 0.98661553859710693
633.29100000113249 -0.79208278656005859 0.61735117435455322 0.62103050947189331 0.64599913358688354 -0.82471936941146851 0.98690831661224365 0.72130846977233887 0.9833102822303772
719.02430000156164 -0.79395520687103271 0.61610376834869385 0.63562595844268799 0.65410071611404419 -0.8223109245300293 0.97756761312484741 0.74815934896469116 0.98077130317687988
806.64839999936521 -0.81508958339691162 0.60420781373977661 0.64952254295349121 0.65135222673416138 -0.86431670188903809 0.93927693367004395 0.75527381896972656 0.9825320839881897
892.87740000151098 -0.82301247119903564 0.61147218942642212 0.65288001298904419 0.65815460681915283 -0.83973979949951172 0.97369837760925293 0.74647051095962524 0.99720054864883423
977.20280000008643 -0.78421354293823242 0.60921710729598999 0.66628444194793701 0.65799874067306519 -0.81648808717727661 0.97141778469085693 0.75304079055786133 0.99338036775588989
1067.3510999996215 -0.75756722688674927 0.61930197477340698 0.66441857814788818 0.6523737907409668 -0.79652214050292969 0.98459947109222412 0.73831653594970703 0.99080479145050049
1151.3267000000924 -0.74209922552108765 0.62450969219207764 0.63436204195022583 0.65390753746032715 -0.75385630130767822 0.98265540599822998 0.66505879163742065 1.0005767345428467
1235.0317000020295 -0.71706819534301758 0.63888651132583618 0.6492692232131958 0.65945792198181152 -0.69796037673950195 0.99499154090881348 0.6688578724861145 1.0011411905288696
1324.7473000008613 -0.70680892467498779 0.65634244680404663 0.64465916156768799 0.65696340799331665 -0.66173434257507324 1.0021874904632568 0.6515885591506958 0.9949614405632019
1411.9315000008792 -0.70255106687545776 0.66058462858200073 0.63878273963928223 0.66966050863265991 -0.66476106643676758 1.0102691650390625 0.67401081323623657 1.0125858783721924
1499.0841999985278 -0.69582295417785645 0.65530461072921753 0.65097451210021973 0.67252618074417114 -0.68814492225646973 1.0036019086837769 0.70834535360336304 1.0142525434494019
1583.7274000011384 -0.70208096504211426 0.64571851491928101 0.65332329273223877 0.66960299015045166 -0.70077294111251831 1.0024739503860474 0.73224502801895142 1.0101090669631958
1668.9377999994904 -0.68858462572097778 0.63967961072921753 0.67003124952316284 0.66615843772888184 -0.68684077262878418 0.99247837066650391 0.7487558126449585 1.0107104778289795
1757.2138000018895 -0.6759602427482605 0.64177262783050537 0.6712576150894165 0.6602746844291687 -0.67444330453872681 0.9892503023147583 0.76394945383071899 0.9965025782585144
1845.7921000011265 -0.68036812543869019 0.64321804046630859 0.66995316743850708 0.66780346632003784 -0.67209583520889282 0.99113088846206665 0.74183565378189087 1.0085006952285767
1931.0509999990463 -0.6821361780166626 0.64642518758773804 0.66499251127243042 0.66389000415802002 -0.66692376136779785 0.99173271656036377 0.72808873653411865 1.004016637802124
