20.5641999989748 -1.0169186592102051 0.83695727586746216 0.83165043592453003 0.86784172058105469 -1.2743595838546753 1.2951363325119019 1.3681439161300659 1.3329759836196899
102.37539999932051 -0.97164517641067505 0.83336681127548218 0.8776099681854248 0.87164914608001709 -1.2260874509811401 1.2795411348342896 1.3809264898300171 1.3286627531051636
186.48879999667406 -0.95918858051300049 0.83558547496795654 0.89355164766311646 0.87754237651824951 -1.1985057592391968 1.2843719720840454 1.3697835206985474 1.330944299697876
269.61160000041127 -0.99609982967376709 0.84318786859512329 1.0295742750167847 0.89259153604507446 -1.2327921390533447 1.3082486391067505 1.3356008529663086 1.3447110652923584
361.17190000042319 -0.96995890140533447 0.83149707317352295 0.88538289070129395 0.87893027067184448 -1.2208815813064575 1.2859838008880615 1.3955520391464233 1.3457757234573364
452.01219999417663 -0.96384680271148682 0.82739502191543579 1.0262031555175781 0.89213889837265015 -1.1851077079772949 1.2872278690338135 1.314630389213562 1.3326387405395508
541.0802000015974 -0.93665993213653564 0.82011288404464722 0.99393761157989502 0.89730030298233032 -1.1528356075286865 1.2760790586471558 1.296045184135437 1.3483309745788574
626.96890000253916 -0.82026082277297974 0.86362594366073608 0.76033204793930054 0.92490708827972412 -1.1603978872299194 1.3752998113632202 1.4045189619064331 1.4289196729660034
710.42549999803305 -0.74760621786117554 0.83995455503463745 0.74397927522659302 0.90798074007034302 -1.040501594543457 1.2723560333251953 1.2382668256759644 1.3697882890701294
794.34109999611974 -0.70319628715515137 0.88612282276153564 0.6057630181312561 0.90079176425933838 -0.87947148084640503 1.3468978404998779 1.0165997743606567 1.4020441770553589
882.55519999936223 -0.65410089492797852 0.88362258672714233 0.59717690944671631 0.94184982776641846 -0.78489059209823608 1.3495168685913086 0.94936949014663696 1.448576807975769
965.8657000027597 -0.64577955007553101 0.90949088335037231 0.59482443332672119 0.97577160596847534 -0.78122901916503906 1.4071568250656128 1.0421894788742065 1.3860517740249634
1047.5423999987543 -0.88024407625198364 0.92480552196502686 0.60058110952377319 0.97182178497314453 -0.80754321813583374 1.411771297454834 0.9123578667640686 1.4681066274642944
1133.2294999994338 -0.64588987827301025 0.90348160266876221 0.59786498546600342 0.97330272197723389 -0.81994742155075073 1.4056235551834106 0.90891844034194946 1.4729822874069214
1218.4486999996006 -0.61189210414886475 0.8967166543006897 0.61325609683990479 0.95578569173812866 -0.777213454246521 1.3997985124588013 0.87971514463424683 1.4582912921905518
1307.564099997282 -0.63454800844192505 0.89359378814697266 0.6106533408164978 0.95552521944046021 -0.77357685565948486 1.3611233234405518 0.87630671262741089 1.4506458044052124
1388.5399999991059 -0.63366883993148804 0.89768117666244507 0.59480655193328857 0.9465976357460022 -0.75975006818771362 1.3584707975387573 0.85390228033065796 1.4634846448898315
1474.5056999996305 -0.62723898887634277 0.89263081550598145 0.61799764633178711 0.95584714412689209 -0.76070904731750488 1.3624851703643799 0.87508386373519897 1.4598023891448975
1557.6555999964476 -0.66711872816085815 0.89511728286743164 0.59466052055358887 0.94929683208465576 -0.79359579086303711 1.3650974035263062 0.88138246536254883 1.4578946828842163
1642.7567999996245 -0.66351020336151123 0.89886677265167236 0.5905148983001709 0.93649280071258545 -0.8081512451171875 1.3889129161834717 0.85749566555023193 1.4373749494552612
1728.2963999994099 -0.66148585081100464 0.89549535512924194 0.57691651582717896 0.94706791639328003 -0.80347245931625366 1.4100732803344727 0.83230024576187134 1.4575650691986084
1812.6277999952435 -0.67173665761947632 0.89404219388961792 0.5724371075630188 0.94646835327148438 -0.81701189279556274 1.4041404724121094 0.9576917290687561 1.3832434415817261
1897.4138999953866 -0.69673150777816772 0.88869225978851318 0.55550932884216309 0.94261622428894043 -0.8323860764503479 1.3920868635177612 0.83204555511474609 1.4303113222122192
1979.325799997896 -0.72788327932357788 0.88536494970321655 0.51523196697235107 0.94726103544235229 -0.87026184797286987 1.3940247297286987 0.90128213167190552 1.3551490306854248
