72.413399999961257 -0.64353865385055542 0.61125308275222778 0.82054877281188965 0.66783565282821655 -0.52615845203399658 0.99894028902053833 0.92450946569442749 1.0350918769836426
189.9549000011757 -0.62371301651000977 0.60571223497390747 0.80653059482574463 0.65580612421035767 -0.52055472135543823 0.9923403263092041 0.91267430782318115 1.0301867723464966
314.77769999951124 -0.61971104145050049 0.61962264776229858 0.85157400369644165 0.67773640155792236 -0.49907812476158142 1.0072809457778931 0.92720949649810791 1.0437270402908325
447.16160000022501 -0.63548135757446289 0.60442215204238892 0.86481261253356934 0.62306439876556396 -0.56799519062042236 0.98685359954833984 0.99092859029769897 1.0209181308746338
574.61490000039339 -0.76041936874389648 0.58638322353363037 0.96713763475418091 0.60718929767608643 -0.81932526826858521 0.94725626707077026 0.90978050231933594 0.99661028385162354
687.12370000127703 -0.59489023685455322 0.57899445295333862 0.90281063318252563 0.53322106599807739 -1.189130425453186 0.73789113759994507 0.23862549662590027 0.84147244691848755
801.64630000013858 -0.5992322564125061 0.64338237047195435 0.60788017511367798 0.42538526654243469 -0.46639654040336609 0.57412129640579224 -0.12537473440170288 0.50297921895980835
917.8082999996841 -0.85227489471435547 0.65052169561386108 0.037391256541013718 0.33867302536964417 -1.4395507574081421 0.40980729460716248 -0.58528971672058105 0.31434926390647888
1026.332300000824 -1.0683884620666504 0.624642014503479 0.19209827482700348 0.19905440509319305 -1.3743122816085815 0.25959017872810364 -0.36038044095039368 0.086124956607818604
1139.3490000013262 -1.2703824043273926 0.63848471641540527 0.21605598926544189 0.16427892446517944 -1.5235737562179565 0.43581902980804443 -0.36636382341384888 0.0722394660115242
1245.1408999999985 -0.83676475286483765 0.66825425624847412 0.20299796760082245 0.1827959269285202 -1.2909871339797974 0.3467317521572113 -0.34853938221931458 0.11075463145971298
1362.1350999996066 -0.82033932209014893 0.69009029865264893 0.28299799561500549 0.20379063487052917 -1.4321918487548828 0.37670639157295227 -0.3867487907409668 0.12297718971967697
1476.0803000004962 -0.43074187636375427 0.72721707820892334 0.56618678569793701 0.19248878955841064 -0.29020562767982483 0.34905374050140381 -0.15140706300735474 0.12830214202404022
1582.2028000000864 -0.11831534653902054 0.60437357425689697 1.0131152868270874 0.23824423551559448 0.52608567476272583 0.57870000600814819 0.97177755832672119 0.2138759046792984
1693.4857000010088 0.067097984254360199 0.59522557258605957 0.97859835624694824 0.24005477130413055 0.77211916446685791 0.61227279901504517 1.5894676446914673 0.21560673415660858
1808.2965000001714 0.1292078047990799 0.60337972640991211 1.0802870988845825 0.23000295460224152 0.9217333197593689 0.57686251401901245 1.8215786218643188 0.23477312922477722
1919.1092000007629 0.14416274428367615 0.58130264282226563 1.1243833303451538 0.24115639925003052 1.0057381391525269 0.59999793767929077 1.865458607673645 0.24693208932876587
