66.751800000667572 -0.82567083835601807 0.72620773315429688 0.50896716117858887 0.70931124687194824 -0.71850615739822388 1.1112785339355469 0.50617021322250366 1.0494489669799805
160.64429999887943 -0.81657987833023071 0.7132871150970459 0.49389570951461792 0.69985496997833252 -0.70814627408981323 1.098939061164856 0.51191043853759766 1.0360038280487061
260.14110000059009 -0.79683619737625122 0.71250629425048828 0.52967602014541626 0.68810355663299561 -0.6344866156578064 1.0885375738143921 0.55911797285079956 1.025904655456543
351.39209999889135 -0.8079790472984314 0.69240224361419678 0.59346532821655273 0.66169977188110352 -0.54144549369812012 1.069882869720459 0.64723271131515503 1.0101350545883179
449.70449999719858 -0.78817951679229736 0.67526102066040039 0.71267241239547729 0.655079185962677 -0.45799317955970764 0.98327279090881348 0.82142496109008789 0.97230070829391479
550.49019999988377 -0.76891195774078369 0.67582464218139648 0.69464236497879028 0.58851772546768188 -0.45965948700904846 0.93558639287948608 0.77448767423629761 0.92429888248443604
643.9731999989599 -0.65336692333221436 0.57724153995513916 0.53866422176361084 0.40707042813301086 -0.85200423002243042 0.73364800214767456 0.23515491187572479 0.61526113748550415
739.39059999771416 -0.83630293607711792 0.6488153338432312 0.29254356026649475 0.37014222145080566 -1.3998110294342041 0.64691239595413208 -0.55402165651321411 0.40185755491256714
832.77659999765456 -0.72242379188537598 0.65493792295455933 -0.37878701090812683 0.19128541648387909 -1.5248081684112549 0.44095197319984436 -1.4569059610366821 0.089176610112190247
930.60499999858439 -0.91026270389556885 0.67532938718795776 -0.55559843778610229 0.19410911202430725 -1.7524920701980591 0.44328895211219788 -1.7000503540039063 0.057477369904518127
1033.2154000010341 -0.83384239673614502 0.70182883739471436 -0.42529717087745667 0.18446443974971771 -1.4496088027954102 0.50340884923934937 -1.3748947381973267 0.063986316323280334
1123.8278999999166 -0.8250887393951416 0.73448348045349121 -0.19695043563842773 0.1919272243976593 -1.6391159296035767 0.5551522970199585 -1.3293784856796265 0.1007293164730072
1215.9695999994874 -0.60917395353317261 0.79992282390594482 -0.0087891779839992523 0.16118614375591278 -1.7633183002471924 0.64011538028717041 -1.0719983577728271 0.13036568462848663
1313.9079999998212 -0.36558252573013306 0.79253548383712769 0.38299167156219482 0.12680882215499878 -1.1252009868621826 0.67665201425552368 -0.68633145093917847 0.10880771279335022
1407.6856999974698 -0.069881632924079895 0.66078352928161621 0.84103894233703613 0.19303052127361298 0.33815997838973999 0.60059273242950439 0.38985911011695862 0.038136046379804611
1507.2527999989688 0.90498620271682739 0.62268388271331787 1.1845176219940186 0.14412730932235718 2.5017776489257813 0.51802366971969604 2.2665491104125977 0.0033349397126585245
1600.9639000017196 1.5650938749313354 0.42740720510482788 1.6834524869918823 0.15384909510612488 3.5129077434539795 0.47014319896697998 3.5324609279632568 0.07231634110212326
1693.5521999988705 1.5944329500198364 0.39638295769691467 0.7885051965713501 0.13951872289180756 3.4467945098876953 0.42320787906646729 3.1044552326202393 0.099338352680206299
1792.2258000001311 4.3667821884155273 0.43562483787536621 -1.977317214012146 0.20059163868427277 7.8972930908203125 0.37701147794723511 4.2314538955688477 0.32523548603057861
1885.1414999980479 1.0402121543884277 0.44706571102142334 0.118323914706707 0.39163544774055481 1.960121750831604 0.38916769623756409 0.74074727296829224 0.35380548238754272
1975.7433000002056 0.82168078422546387 0.45370081067085266 0.13275173306465149 0.35879898071289063 1.5086476802825928 0.41858562827110291 0.52679020166397095 0.33486375212669373
