36.173599999397993 -0.71492767333984375 0.71788138151168823 0.57926815748214722 0.70499473810195923 -0.64351338148117065 1.0730090141296387 0.59687221050262451 1.0733891725540161
133.68530000001192 -0.72181671857833862 0.71108949184417725 0.57719552516937256 0.69986230134963989 -0.65594238042831421 1.072858452796936 0.59643352031707764 1.0666662454605103
235.5348000023514 -0.71559441089630127 0.71072041988372803 0.56813371181488037 0.69600480794906616 -0.65505677461624146 1.0666573047637939 0.59253913164138794 1.0644265413284302
333.15690000168979 -0.72458237409591675 0.70614373683929443 0.61293494701385498 0.68666535615921021 -0.65108919143676758 1.0644296407699585 0.59881299734115601 1.0583916902542114
423.58810000121593 -0.80674850940704346 0.64940023422241211 0.65428990125656128 0.66318434476852417 -0.68062275648117065 1.0474328994750977 0.70107972621917725 1.0266323089599609
518.02210000157356 -0.82317847013473511 0.65062886476516724 0.71638339757919312 0.6612929105758667 -0.76024949550628662 0.98608106374740601 0.70938962697982788 1.0172566175460815
613.59200000204146 -0.85090124607086182 0.59994500875473022 0.70753812789916992 0.55226552486419678 -0.88406354188919067 0.88881510496139526 0.63275295495986938 0.89872443675994873
701.55230000056326 -0.8088841438293457 0.59716600179672241 0.4204479455947876 0.41397950053215027 -1.3942142724990845 0.69489669799804688 -0.014377351850271225 0.57216966152191162
796.04100000113249 -0.81935375928878784 0.66429632902145386 0.20651258528232574 0.27856773138046265 -1.5204470157623291 0.6101682186126709 -0.69582563638687134 0.32503306865692139
891.07520000077784 -0.86565446853637695 0.6789785623550415 -0.43313276767730713 0.15627370774745941 -1.6602846384048462 0.4730224609375 -1.6087414026260376 0.10221017152070999
987.20069999992847 -0.7754596471786499 0.70315712690353394 -0.33447238802909851 0.16016177833080292 -1.5256204605102539 0.49383744597434998 -1.4271774291992188 0.072203449904918671
1084.4406000021845 -0.74446958303451538 0.72506207227706909 -0.31386673450469971 0.17748190462589264 -1.3259921073913574 0.57997387647628784 -1.2534759044647217 0.11072350293397903
1178.0185000002384 -0.68313878774642944 0.75795507431030273 0.18399696052074432 0.15489394962787628 -1.6522884368896484 0.59641939401626587 -0.8956795334815979 0.17265237867832184
1269.0525000002235 -0.64708703756332397 0.77866148948669434 0.21295417845249176 0.13375404477119446 -1.7379201650619507 0.60606658458709717 -1.1099014282226563 0.22725541889667511
1361.5849000010639 -0.36399567127227783 0.78891819715499878 0.30507737398147583 0.14319838583469391 -1.0508743524551392 0.51663607358932495 -0.72170716524124146 0.21331687271595001
1451.1775000002235 0.60338509082794189 0.63674747943878174 0.86807036399841309 0.12591126561164856 1.6816674470901489 0.55216079950332642 1.2193011045455933 0.088871575891971588
1542.2438000012189 1.2516520023345947 0.54469329118728638 1.3702269792556763 0.12074980884790421 3.5134632587432861 0.45253291726112366 2.9052493572235107 0.026561686769127846
1633.9429000020027 1.7527259588241577 0.39853721857070923 1.7093616724014282 0.10818126797676086 3.8425343036651611 0.44780796766281128 3.7132272720336914 0.046856485307216644
1727.3836000002921 2.39825439453125 0.3704092800617218 2.2047502994537354 0.076532371342182159 5.1089715957641602 0.40634846687316895 4.8932862281799316 0.02657398022711277
1818.5464000012726 3.850684642791748 0.38614729046821594 2.4530055522918701 0.12375187128782272 8.0835809707641602 0.4149526059627533 6.5093612670898438 0.056708216667175293
1904.8787000011653 1.5419900417327881 0.39129376411437988 0.63394522666931152 0.18337169289588928 2.9994721412658691 0.42103481292724609 2.3540568351745605 0.055350784212350845
2001.1671000011265 1.9233708381652832 0.40490904450416565 0.55677026510238647 0.24903163313865662 3.3780848979949951 0.41743496060371399 2.5504848957061768 0.096100457012653351
