89.689000001177192 -0.77159243822097778 0.71925973892211914 0.54052484035491943 0.68978977203369141 -0.72358959913253784 1.0712907314300537 0.52225744724273682 1.0482759475708008
183.30980000086129 -0.77466297149658203 0.71078526973724365 0.53737258911132813 0.69081616401672363 -0.67749840021133423 1.0727813243865967 0.55271267890930176 1.0453600883483887
273.81280000135303 -0.82907289266586304 0.67031246423721313 0.60344254970550537 0.68314534425735474 -0.67498064041137695 1.0533934831619263 0.67980962991714478 1.0511859655380249
368.60240000113845 -0.84098261594772339 0.63689231872558594 0.68274271488189697 0.65520799160003662 -0.66426587104797363 0.98955386877059937 0.75055718421936035 1.0295408964157104
460.2107000015676 -0.83445072174072266 0.63265150785446167 0.74652969837188721 0.61808216571807861 -0.74732422828674316 0.94319635629653931 0.82041078805923462 0.96754950284957886
550.28750000149012 -0.85804623365402222 0.59420090913772583 0.73940467834472656 0.51614415645599365 -0.92492222785949707 0.83709365129470825 0.74157232046127319 0.81873160600662231
646.35550000146031 -0.72256791591644287 0.55491155385971069 0.50400799512863159 0.38991931080818176 -1.2848696708679199 0.64668679237365723 0.02550065703690052 0.53251844644546509
745.14660000242293 -0.84764093160629272 0.59331852197647095 0.16131056845188141 0.31432026624679565 -1.3936693668365479 0.57489109039306641 -0.69840574264526367 0.37618911266326904
849.45380000211298 -0.81663781404495239 0.64639830589294434 -0.4410078227519989 0.15092745423316956 -1.5512514114379883 0.42019441723823547 -1.5058294534683228 0.097251936793327332
947.2694000005722 -0.95048588514328003 0.67610770463943481 -0.44761526584625244 0.16270911693572998 -1.5582913160324097 0.47825425863265991 -1.655561089515686 0.081499196588993073
1033.3082999996841 -0.64549249410629272 0.74703800678253174 -0.21634373068809509 0.18768955767154694 -1.3542982339859009 0.57514846324920654 -1.243655800819397 0.10475391894578934
1131.9287000019103 -0.64250898361206055 0.74603009223937988 -0.022669229656457901 0.19816549122333527 -1.4268642663955688 0.58468073606491089 -1.2102001905441284 0.17145386338233948
1220.5167000014335 -0.62192672491073608 0.78076225519180298 0.082008391618728638 0.16704325377941132 -1.5849984884262085 0.69951438903808594 -0.99999934434890747 0.19915249943733215
1316.8123000003397 -0.47818389534950256 0.7548058032989502 0.28618079423904419 0.11658778786659241 -1.4033695459365845 0.6541520357131958 -0.8673245906829834 0.1876932680606842
1407.3027000036091 -0.079117521643638611 0.80332785844802856 0.68179607391357422 0.2087031751871109 -0.6736072301864624 0.62788766622543335 0.094677627086639404 0.054183460772037506
1500.0263000018895 -0.36862072348594666 0.57128298282623291 1.4253354072570801 0.077515579760074615 0.27156108617782593 0.56194412708282471 1.1596283912658691 0.070746906101703644
1591.80880000256 0.9649045467376709 0.60152500867843628 1.5285385847091675 0.1625952273607254 2.9321677684783936 0.51865255832672119 2.7510805130004883 0.087900504469871521
1683.3861000034958 1.5226758718490601 0.43758007884025574 1.4666398763656616 0.12106011062860489 3.5839354991912842 0.4725000262260437 3.0030369758605957 0.06431877613067627
1781.9808000009507 4.5906777381896973 0.44103649258613586 1.7338452339172363 0.14327345788478851 10.319913864135742 0.46283775568008423 6.9067606925964355 0.081334672868251801
1871.3300000019372 1.1978027820587158 0.466462641954422 0.21816961467266083 0.18133273720741272 2.7057013511657715 0.48766317963600159 1.5493756532669067 0.16093672811985016
1966.1543000023812 0.94297158718109131 0.46436312794685364 0.0562557652592659 0.20011319220066071 1.7063288688659668 0.48902624845504761 0.95760846138000488 0.16328166425228119
