56.98960000090301 -0.71584933996200562 0.69942003488540649 0.55843138694763184 0.66281914710998535 -0.7070421576499939 1.0272786617279053 0.53602045774459839 1.0355069637298584
154.96929999999702 -0.71146678924560547 0.69721776247024536 0.56035220623016357 0.66314029693603516 -0.69981783628463745 1.0253994464874268 0.53005003929138184 1.0368874073028564
257.08110000006855 -0.72308909893035889 0.68085533380508423 0.56137698888778687 0.6454920768737793 -0.70742285251617432 1.0042108297348022 0.54037481546401978 1.0236018896102905
352.64670000039041 -0.72402971982955933 0.66285508871078491 0.58739930391311646 0.64256328344345093 -0.68762677907943726 0.99674606323242188 0.5611642599105835 1.0223586559295654
449.2269999999553 -0.71951967477798462 0.64780080318450928 0.69084703922271729 0.64451199769973755 -0.67622345685958862 0.98832279443740845 0.74804872274398804 1.0028723478317261
547.47389999963343 -0.76758056879043579 0.61964792013168335 0.71615397930145264 0.6559414267539978 -0.85508632659912109 0.95033305883407593 0.68828022480010986 1.0009231567382813
644.18619999848306 -0.69939076900482178 0.61212253570556641 0.64610302448272705 0.60166060924530029 -0.94564485549926758 0.90528947114944458 0.47440466284751892 0.95482742786407471
740.21310000121593 -0.68350648880004883 0.66652417182922363 0.19965663552284241 0.44127374887466431 -1.2808269262313843 0.78295612335205078 -0.43923184275627136 0.64467793703079224
835.6327999997884 -0.66752749681472778 0.67990738153457642 -0.35625496506690979 0.25547534227371216 -1.4170986413955688 0.64187842607498169 -1.4386390447616577 0.34071791172027588
929.90150000154972 -0.56587404012680054 0.72638016939163208 -0.50759869813919067 0.18291780352592468 -1.6728299856185913 0.59672075510025024 -1.8451271057128906 0.19857390224933624
1019.227499999106 -0.44378823041915894 0.78329277038574219 -0.47825771570205688 0.17838478088378906 -1.3744438886642456 0.67452597618103027 -1.9347021579742432 0.15716266632080078
1109.0243000015616 -0.4184468686580658 0.81004935503005981 -0.31597110629081726 0.16771200299263 -1.3002293109893799 0.67612344026565552 -1.2869951725006104 0.11793287843465805
1199.5683000013232 -0.53079229593276978 0.81683534383773804 -0.28874236345291138 0.19656677544116974 -1.5500006675720215 0.6906852126121521 -1.3042778968811035 0.16339638829231262
1295.5831000003964 -0.61263042688369751 0.82249635457992554 0.062718391418457031 0.23316328227519989 -1.5899562835693359 0.72645777463912964 -1.2596129179000854 0.21882686018943787
1385.4287999998778 -0.8802793025970459 0.81257063150405884 0.0079098418354988098 0.13890440762042999 -1.9447816610336304 0.74569368362426758 -1.1060037612915039 0.16610954701900482
1479.7507000006735 -0.52622264623641968 0.79232639074325562 0.61917144060134888 0.16650751233100891 -1.1926150321960449 0.63816714286804199 -0.12948355078697205 0.085998214781284332
1576.8779000006616 -0.51079261302947998 0.6945146918296814 0.82687604427337646 0.16021378338336945 -0.41235825419425964 0.71004557609558105 0.25425934791564941 0.064004667103290558
1676.2805000003427 0.70549976825714111 0.68749237060546875 1.1722615957260132 0.13572558760643005 2.4014444351196289 0.55685067176818848 2.2399294376373291 -0.0048831640742719173
1772.8824000023305 2.7052345275878906 0.51138156652450562 2.4244983196258545 0.14833435416221619 6.0087118148803711 0.44693693518638611 5.2836203575134277 0.040333326905965805
1866.9144999999553 2.2776229381561279 0.37394091486930847 1.8916604518890381 0.1997099369764328 5.1515827178955078 0.42677098512649536 5.1248722076416016 0.18223275244235992
1958.8939000014216 6.0370426177978516 0.43780967593193054 1.5661250352859497 0.22939521074295044 10.994444847106934 0.41889321804046631 8.1674737930297852 0.31088918447494507
