7.4807000011205673 -0.79183590412139893 0.71648597717285156 0.55839061737060547 0.7075086236000061 -0.76893079280853271 1.0906583070755005 0.55070722103118896 1.0747420787811279
104.67700000107288 -0.80310028791427612 0.71909254789352417 0.56466203927993774 0.70736604928970337 -0.76919293403625488 1.1060521602630615 0.5672336220741272 1.0907280445098877
200.12380000017583 -0.77553272247314453 0.7411683201789856 0.54676437377929688 0.72466200590133667 -0.76742219924926758 1.1110637187957764 0.54694432020187378 1.0979187488555908
297.33530000038445 -0.80385494232177734 0.72705692052841187 0.57791507244110107 0.72626256942749023 -0.75089079141616821 1.1171494722366333 0.5727614164352417 1.1010282039642334
392.53779999911785 -0.7486838698387146 0.74579811096191406 0.58180642127990723 0.7327226996421814 -0.65788477659225464 1.1244348287582397 0.56309610605239868 1.1039755344390869
491.53219999931753 -0.76441490650177002 0.73091781139373779 0.60438573360443115 0.72820740938186646 -0.64630138874053955 1.1195869445800781 0.59253519773483276 1.102869987487793
586.05039999820292 -0.79611319303512573 0.73074495792388916 0.59710246324539185 0.71037691831588745 -0.67097139358520508 1.1212195158004761 0.59704864025115967 1.0916293859481812
684.44440000131726 -0.77582335472106934 0.73702377080917358 0.60034966468811035 0.728973388671875 -0.64719879627227783 1.1250724792480469 0.5874367356300354 1.1064146757125854
782.49899999983609 -0.69823724031448364 0.75723445415496826 0.62524890899658203 0.72207111120223999 -0.60101866722106934 1.1303033828735352 0.61137896776199341 1.0980634689331055
880.27379999868572 -0.7355501651763916 0.72354799509048462 0.65082192420959473 0.6994243860244751 -0.56815427541732788 1.1051499843597412 0.65785938501358032 1.0695008039474487
974.97520000115037 -0.77872759103775024 0.68758547306060791 0.69783788919448853 0.70245373249053955 -0.5535922646522522 1.1083316802978516 0.70877563953399658 1.0600804090499878
1070.9779999982566 -0.76287752389907837 0.68070054054260254 0.75279480218887329 0.66100245714187622 -0.62439996004104614 0.99717980623245239 0.76598972082138062 0.99672818183898926
1168.7254000008106 -0.53472387790679932 0.6166643500328064 0.63342577219009399 0.49979960918426514 -0.77711981534957886 0.80606311559677124 0.4243207573890686 0.7999235987663269
1264.6919999998063 -0.71761941909790039 0.62698882818222046 0.66321849822998047 0.45021820068359375 -1.1395387649536133 0.77317363023757935 0.26157116889953613 0.69433975219726563
1359.5200999993831 -0.59214538335800171 0.70268255472183228 -0.1613936722278595 0.30282491445541382 -1.3054178953170776 0.69576841592788696 -1.2193512916564941 0.43690118193626404
1445.9488000012934 -0.49943950772285461 0.75201624631881714 -0.25225615501403809 0.12264207005500793 -1.6412758827209473 0.57674288749694824 -1.5971634387969971 0.21483433246612549
1532.2011000011116 -0.31427788734436035 0.7967650294303894 -0.18122732639312744 0.14408056437969208 -1.3605318069458008 0.64001625776290894 -1.7407444715499878 0.12228620797395706
1624.7938999999315 -0.24500817060470581 0.79823660850524902 -0.069009304046630859 0.12095218151807785 -1.2046282291412354 0.64053899049758911 -1.522502064704895 0.11199674755334854
1709.8026000000536 -0.3421458899974823 0.83134150505065918 0.082844629883766174 0.17821086943149567 -1.4273548126220703 0.70478141307830811 -1.1465229988098145 0.12614965438842773
1803.4706999994814 -0.35636183619499207 0.84557002782821655 0.46045675873756409 0.16362082958221436 -1.4047938585281372 0.72484296560287476 -0.88999789953231812 0.15898990631103516
1895.0663000009954 -0.13780152797698975 0.84102702140808105 0.68722683191299438 0.15575502812862396 -0.91262960433959961 0.70965760946273804 -0.74717104434967041 0.19181425869464874
1982.6468000002205 -0.037582136690616608 0.77564352750778198 0.72522294521331787 0.14143559336662292 -0.3655763566493988 0.6341782808303833 -0.5187448263168335 0.20483523607254028
2079.8834000006318 -0.11676580458879471 0.73737066984176636 0.87433671951293945 0.16282907128334045 -0.04002843052148819 0.58982110023498535 0.24180103838443756 0.059255599975585938
2174.3272999990731 1.0580679178237915 0.64737510681152344 1.8707714080810547 0.15084488689899445 3.0745985507965088 0.6375434398651123 3.2966141700744629 0.10811904072761536
2267.9361999984831 0.78973448276519775 0.55038541555404663 1.5056701898574829 0.17231614887714386 2.6737353801727295 0.59650105237960815 2.8423011302947998 0.11687936633825302
2360.1011999994516 1.1018706560134888 0.48198577761650085 1.3830569982528687 0.20372307300567627 2.9850842952728271 0.56751775741577148 2.9836058616638184 0.15713134407997131
2462.9890999998897 2.8187625408172607 0.47412312030792236 3.0031824111938477 0.17673532664775848 7.1256752014160156 0.54945731163024902 6.9079489707946777 0.14030307531356812
2556.5086000002921 2.6574289798736572 0.46997040510177612 2.6466262340545654 0.16107773780822754 7.7085027694702148 0.531180739402771 6.7052874565124512 0.094658829271793365
2654.8592000007629 2.1973550319671631 0.46325701475143433 1.9092363119125366 0.17065714299678802 6.4353609085083008 0.54051053524017334 5.3368544578552246 0.10597926378250122
2749.8313999995589 2.5870842933654785 0.45534750819206238 2.0134539604187012 0.17617024481296539 7.7380161285400391 0.51778334379196167 6.3118815422058105 0.089905545115470886
2847.2309000007808 2.0252599716186523 0.45475941896438599 1.6485849618911743 0.18812038004398346 6.0685176849365234 0.51135432720184326 5.0650138854980469 0.10504712164402008
2932.804999999702 1.7351993322372437 0.45614704489707947 1.2406795024871826 0.2080056220293045 5.1855792999267578 0.50702810287475586 4.3910698890686035 0.11863473057746887
