34.869199998676777 -0.58266180753707886 0.71982097625732422 0.74472838640213013 0.71611201763153076 -0.47370827198028564 1.0958935022354126 0.74385190010070801 1.0618423223495483
130.81239999830723 -0.54187619686126709 0.69894689321517944 0.77701258659362793 0.68768221139907837 -0.47181165218353271 1.068865180015564 0.77810311317443848 1.0147140026092529
227.4771999977529 -0.57574653625488281 0.68342924118041992 0.79146730899810791 0.72209614515304565 -0.4607396125793457 1.0680466890335083 0.73206430673599243 1.063302755355835
321.13140000030398 -0.64571100473403931 0.64262187480926514 0.70130908489227295 0.67827141284942627 -0.58853119611740112 1.0065593719482422 0.50065577030181885 1.0170962810516357
415.9653999991715 -0.75775420665740967 0.61919736862182617 0.6407284140586853 0.71387982368469238 -0.84409189224243164 1.0031040906906128 0.24636644124984741 1.0506967306137085
509.64409999921918 -0.75043737888336182 0.59485018253326416 0.37149700522422791 0.65077495574951172 -1.0116127729415894 0.89671725034713745 -0.16918613016605377 0.94082367420196533
607.56090000271797 -0.78672236204147339 0.52337336540222168 -0.085095614194869995 0.57439535856246948 -1.2959538698196411 0.74630266427993774 -1.1297284364700317 0.73289793729782104
706.16829999908805 -1.0588243007659912 0.49035868048667908 -0.3826671838760376 0.39851826429367065 -1.4313226938247681 0.57897257804870605 -1.5972827672958374 0.51436376571655273
802.92069999501109 -0.99051183462142944 0.51819109916687012 -0.67868328094482422 0.30892914533615112 -2.5164222717285156 0.4616253674030304 -2.4008162021636963 0.30312344431877136
897.91160000115633 -0.81441569328308105 0.54417240619659424 -0.52469080686569214 0.34175732731819153 -2.1666052341461182 0.37229865789413452 -2.2847263813018799 0.26568204164505005
987.13230000063777 -0.88850206136703491 0.65642380714416504 -0.48822289705276489 0.31786447763442993 -2.3868100643157959 0.44521138072013855 -2.2127580642700195 0.13150981068611145
1078.4716000035405 -1.1626788377761841 0.57282799482345581 -0.33663728833198547 0.16908949613571167 -2.1143600940704346 0.44949465990066528 -1.3818265199661255 0.092861808836460114
1172.3933000005782 -0.98990070819854736 0.63943386077880859 0.17240984737873077 0.1522696316242218 -1.908700704574585 0.53946554660797119 -0.78392690420150757 0.06649443507194519
1262.2719999998808 -0.86270058155059814 0.68229967355728149 0.048852656036615372 0.10817521065473557 -1.8194079399108887 0.62669932842254639 -1.1108312606811523 0.071564599871635437
1354.2780999988317 -0.80306881666183472 0.70432627201080322 0.18108855187892914 0.11380293965339661 -1.849969744682312 0.67170083522796631 -1.2777929306030273 0.083588957786560059
1439.6279999986291 -0.73343479633331299 0.74954366683959961 0.23209722340106964 0.12872122228145599 -1.7048019170761108 0.71050852537155151 -0.53111463785171509 0.088675200939178467
1535.3213999979198 -0.31968417763710022 0.69545793533325195 1.0650874376296997 0.11798877269029617 -0.23864467442035675 0.77338355779647827 -4.0209510189015418e-05 0.065040186047554016
1630.533900000155 1.0340760946273804 0.60326242446899414 2.0583877563476563 0.15493813157081604 3.1838142871856689 0.58681219816207886 2.9868109226226807 0.047533344477415085
1725.2632000036538 1.028098464012146 0.49835583567619324 2.4317958354949951 0.16422301530838013 3.6148078441619873 0.53331387042999268 3.9886796474456787 0.11790348589420319
1817.6327999979258 0.90257364511489868 0.48057416081428528 1.8659405708312988 0.17635601758956909 2.97757887840271 0.51531386375427246 3.2936172485351563 0.12329363077878952
1914.8074000030756 1.1045101881027222 0.4990735650062561 1.3579604625701904 0.19403861463069916 2.7610712051391602 0.5103721022605896 2.7506427764892578 0.24604158103466034
