24.460499998182058 -0.8198661208152771 0.7090986967086792 0.51629602909088135 0.68130612373352051 -0.70894283056259155 1.0823116302490234 0.55427807569503784 1.0265257358551025
119.86559999920428 -0.83822405338287354 0.69415271282196045 0.51731216907501221 0.67161977291107178 -0.70162016153335571 1.0679556131362915 0.55872756242752075 1.0168044567108154
213.95579999871552 -0.8649786114692688 0.68541181087493896 0.58550775051116943 0.66941505670547485 -0.6914525032043457 1.0617421865463257 0.65997254848480225 1.0082319974899292
309.03539999946952 -0.87697941064834595 0.67609411478042603 0.64253735542297363 0.65477180480957031 -0.64867871999740601 1.0448704957962036 0.79229116439819336 1.0004298686981201
400.511199997738 -0.96385031938552856 0.67240035533905029 0.81223982572555542 0.62342512607574463 -0.70937997102737427 1.0149698257446289 1.0640494823455811 0.97287213802337646
492.43849999830127 -0.86967819929122925 0.62547862529754639 0.86805009841918945 0.56535989046096802 -0.75355339050292969 0.93138754367828369 1.1054738759994507 0.90002262592315674
586.41569999977946 -0.7461855411529541 0.56221777200698853 0.81394344568252563 0.44075673818588257 -0.97202616930007935 0.71770870685577393 0.93055659532546997 0.67981642484664917
680.51159999892116 -0.74132132530212402 0.59790122509002686 0.79213428497314453 0.37504410743713379 -1.1715389490127563 0.70233327150344849 0.70542627573013306 0.49306201934814453
771.15319999866188 -0.66861599683761597 0.61757439374923706 0.33451798558235168 0.19632977247238159 -1.231742262840271 0.56701070070266724 -0.58665204048156738 0.12773948907852173
866.39899999834597 -0.88497346639633179 0.65217041969299316 0.010245112702250481 0.14004431664943695 -1.5664762258529663 0.48513057827949524 -1.2052353620529175 -0.012162135913968086
962.11659999936819 -0.72533434629440308 0.68235582113265991 -0.5596805214881897 0.13302312791347504 -1.6070142984390259 0.45609191060066223 -1.9150079488754272 0.036478545516729355
1054.2135999985039 -0.71185117959976196 0.70994782447814941 -0.5036664605140686 0.13503411412239075 -1.5003957748413086 0.47766473889350891 -1.819236159324646 0.036801852285861969
1146.4052999988198 -0.24059922993183136 0.77684527635574341 -0.13840310275554657 0.16408747434616089 -1.2629610300064087 0.52507859468460083 -1.2763988971710205 0.097679585218429565
1234.2133999988437 -0.35240256786346436 0.78715240955352783 -0.30116015672683716 0.17443670332431793 -1.4085407257080078 0.57433247566223145 -1.3519729375839233 0.12870033085346222
1325.2472999989986 -0.40442919731140137 0.80382448434829712 -0.14077429473400116 0.18408147990703583 -1.4408373832702637 0.65615403652191162 -1.0743224620819092 0.13416180014610291
1419.5751999989152 -0.43333721160888672 0.81664437055587769 0.13076935708522797 0.10673631727695465 -1.4759981632232666 0.71560686826705933 -1.1528222560882568 0.14115056395530701
1514.0573999993503 -0.35515677928924561 0.7867012619972229 0.45090365409851074 0.11645648628473282 -1.268399715423584 0.70346766710281372 -0.77224445343017578 0.091518893837928772
1607.4684999994934 -0.14409658312797546 0.69959515333175659 0.64922434091567993 0.087881803512573242 -0.5294262170791626 0.6357719898223877 -0.1747392863035202 -0.012766630388796329
1699.4242000002414 0.88811111450195313 0.61465704441070557 1.1991704702377319 0.16303271055221558 2.316875696182251 0.50796198844909668 1.8662985563278198 -0.012443570420145988
1791.0517999976873 1.2036536931991577 0.5286669135093689 1.4691449403762817 0.16973090171813965 2.8895933628082275 0.45534795522689819 2.8190369606018066 0.071963295340538025
1885.3347999993712 1.8535956144332886 0.40820705890655518 0.64369481801986694 0.1500573456287384 3.7068500518798828 0.43983909487724304 2.844573974609375 0.090865179896354675
1983.3700999990106 1.8159726858139038 0.43406814336776733 -0.29929301142692566 0.16690681874752045 3.0391407012939453 0.44819214940071106 1.6910363435745239 0.15239676833152771
