12.905000016093254 -0.67560881376266479 0.75313258171081543 0.56466281414031982 0.76764214038848877 -0.66663563251495361 1.1303117275238037 0.59635603427886963 1.1228282451629639
106.49790000915527 -0.66121977567672729 0.75111758708953857 0.58092468976974487 0.7704729437828064 -0.65116971731185913 1.1293338537216187 0.60700225830078125 1.1239331960678101
192.16330000758171 -0.65807247161865234 0.75203388929367065 0.57847172021865845 0.76416385173797607 -0.64533877372741699 1.1375327110290527 0.6142808198928833 1.1224116086959839
279.37530000507832 -0.66913187503814697 0.75605088472366333 0.57357227802276611 0.76044893264770508 -0.64559495449066162 1.1389516592025757 0.60387992858886719 1.1109127998352051
365.54570001363754 -0.65343904495239258 0.75713026523590088 0.59582096338272095 0.76450848579406738 -0.63788151741027832 1.139574408531189 0.62331998348236084 1.1142429113388062
457.00380001962185 -0.63567811250686646 0.76433980464935303 0.61071854829788208 0.77017945051193237 -0.6101410984992981 1.1475684642791748 0.64353185892105103 1.1215800046920776
546.12850001454353 -0.64719104766845703 0.7587045431137085 0.61020076274871826 0.75246822834014893 -0.62941348552703857 1.1394726037979126 0.65423125028610229 1.0948786735534668
632.22300000488758 -0.64162606000900269 0.76010936498641968 0.75062108039855957 0.71524661779403687 -0.60566574335098267 1.1308200359344482 0.85304147005081177 1.1228991746902466
722.88830000162125 -0.70715963840484619 0.74459213018417358 0.90421587228775024 0.67760235071182251 -0.65096038579940796 1.1024442911148071 1.0804394483566284 1.0710257291793823
808.86760002374649 -0.77220219373703003 0.70160442590713501 0.96796888113021851 0.58523082733154297 -0.80850517749786377 1.0003877878189087 1.1752676963806152 0.90668731927871704
898.37760001420975 -0.77013093233108521 0.67695176601409912 0.96922785043716431 0.51410633325576782 -0.95152366161346436 0.92042118310928345 1.1237387657165527 0.7966269850730896
991.24889999628067 -0.71500164270401001 0.6494324803352356 0.85858666896820068 0.40106087923049927 -0.96928364038467407 0.80600672960281372 0.88824295997619629 0.56375831365585327
1083.0021000057459 -0.84659600257873535 0.76515865325927734 0.60361486673355103 0.29348409175872803 -1.422844409942627 0.69934123754501343 0.16587628424167633 0.22841811180114746
1171.8998000174761 -0.77804726362228394 0.77769619226455688 0.12778502702713013 0.15317519009113312 -1.4775407314300537 0.58583122491836548 -0.89100176095962524 0.01159178651869297
1256.1545000225306 -0.66176682710647583 0.77248597145080566 -0.079936571419239044 0.072242103517055511 -1.2909263372421265 0.56142926216125488 -0.90552902221679688 -0.041076894849538803
1341.6527000069618 -0.60672324895858765 0.77318394184112549 0.051577463746070862 0.084010027348995209 -1.1640603542327881 0.58747071027755737 -0.84862911701202393 0.007714791689068079
1430.3424000144005 -0.58048725128173828 0.79061418771743774 0.13374078273773193 0.12743937969207764 -1.0395039319992065 0.61396872997283936 -0.36046397686004639 0.069318585097789764
1520.1999000161886 -0.57337862253189087 0.77996832132339478 0.21509590744972229 0.12123744189739227 -1.1802026033401489 0.58196759223937988 -0.26735815405845642 0.05406348779797554
1609.0983000248671 -0.51908594369888306 0.78999906778335571 0.25237071514129639 0.17367441952228546 -1.1757436990737915 0.62978744506835938 -0.33820474147796631 0.069274947047233582
1700.6629000157118 -0.24878385663032532 0.73795539140701294 0.86629408597946167 0.11667637526988983 -1.0091180801391602 0.57993686199188232 -0.17124605178833008 0.092089265584945679
1789.7032000124454 -1.0025589466094971 0.47053280472755432 0.64995265007019043 0.11467526108026505 -0.71193861961364746 0.28633436560630798 -0.48101282119750977 0.081422612071037292
1876.4799000024796 0.088264815509319305 0.60021775960922241 1.0674010515213013 0.095964163541793823 0.34433624148368835 0.47781935334205627 0.51014518737792969 0.01911655068397522
1977.2171000093222 0.51155024766921997 0.54849028587341309 1.2095317840576172 0.23633986711502075 1.4962540864944458 0.42435044050216675 1.7739015817642212 0.14349071681499481
