27.044300001114607 -0.72324156761169434 0.72823554277420044 0.63082551956176758 0.69229972362518311 -0.64725422859191895 1.0950583219528198 0.58846181631088257 1.0934298038482666
121.56439999863505 -0.71559840440750122 0.72330766916275024 0.63369756937026978 0.68234002590179443 -0.61259806156158447 1.0820474624633789 0.59294456243515015 1.0735651254653931
215.39079999923706 -0.70268523693084717 0.71369963884353638 0.65277296304702759 0.68006265163421631 -0.58049392700195313 1.080274224281311 0.63719558715820313 1.0638260841369629
307.17730000056326 -0.78115785121917725 0.68289589881896973 0.71489614248275757 0.66004890203475952 -0.60581034421920776 1.0623103380203247 0.73622524738311768 1.0457984209060669
410.14260000176728 -0.84410238265991211 0.67115223407745361 0.77300900220870972 0.64194118976593018 -0.62096667289733887 1.0348880290985107 0.79255390167236328 1.0093275308609009
500.81970000080764 -0.77877306938171387 0.61998426914215088 0.76722490787506104 0.61389839649200439 -0.94216823577880859 0.85340726375579834 0.56202226877212524 0.90454244613647461
598.89269999973476 -0.71138781309127808 0.57399165630340576 0.67704325914382935 0.52087008953094482 -1.085599422454834 0.73322510719299316 0.2197691798210144 0.79217183589935303
692.37680000066757 -0.77047556638717651 0.60592877864837646 0.29610449075698853 0.38729551434516907 -1.4608080387115479 0.63904047012329102 -0.62857180833816528 0.50259584188461304
788.40990000218153 -0.70807075500488281 0.68629223108291626 -0.31542119383811951 0.27129092812538147 -1.6020903587341309 0.57203978300094604 -1.2174543142318726 0.28411069512367249
881.8487999998033 -0.93232494592666626 0.72235965728759766 -0.27609524130821228 0.12772250175476074 -1.9163851737976074 0.41077259182929993 -1.869176983833313 0.11154183000326157
976.3794000018388 -0.9685099720954895 0.66418421268463135 -0.42106062173843384 0.10128918290138245 -1.8428975343704224 0.49976721405982971 -1.9869290590286255 0.080496586859226227
1072.0757999997586 -0.78832417726516724 0.72894179821014404 -0.34737402200698853 0.073937274515628815 -1.5529288053512573 0.60769617557525635 -1.4879053831100464 0.090614393353462219
1163.3465999998152 -0.85691404342651367 0.77468603849411011 -0.41898450255393982 0.1071179062128067 -1.7484589815139771 0.6476973295211792 -1.6022944450378418 0.1165180429816246
1262.3104000017047 -0.47668829560279846 0.78828299045562744 -0.019472530111670494 0.08588988333940506 -1.823086142539978 0.68069416284561157 -1.5424776077270508 0.15978334844112396
1356.9119000006467 -0.15036313235759735 0.84234249591827393 0.2930980920791626 0.11286087334156036 -1.2610845565795898 0.7116813063621521 -1.0638004541397095 0.14527793228626251
1454.160300001502 0.60099798440933228 0.86660432815551758 1.1729321479797363 0.099698908627033234 0.049867212772369385 0.51598328351974487 0.28647017478942871 0.026454940438270569
1550.6738999988884 0.86222046613693237 0.70555317401885986 1.7127593755722046 0.10439071804285049 1.5257276296615601 0.55551451444625854 1.2442415952682495 0.15530204772949219
1641.9268000014126 1.9419577121734619 0.59319698810577393 1.9270651340484619 0.1700986921787262 4.027768611907959 0.4787057638168335 3.8202133178710938 0.072339631617069244
1736.7902000006288 1.6387063264846802 0.4512687623500824 2.0137202739715576 0.13984733819961548 3.7942721843719482 0.47426199913024902 3.8669424057006836 0.087916649878025055
1831.4651000015438 1.7100746631622314 0.45270949602127075 1.8411092758178711 0.1415749192237854 4.0647659301757813 0.4862062931060791 4.0062260627746582 0.071988992393016815
1924.3240000009537 2.3340635299682617 0.45998382568359375 1.7680040597915649 0.18865811824798584 5.663994312286377 0.49245089292526245 4.9598040580749512 0.086527422070503235
