59.012999996542931 -0.70155268907546997 0.70572912693023682 0.52594733238220215 0.71670800447463989 -0.64842265844345093 1.0735375881195068 0.60475564002990723 1.0416231155395508
145.63379999995232 -0.68848097324371338 0.70957231521606445 0.51437509059906006 0.72008514404296875 -0.6168663501739502 1.0744011402130127 0.61154413223266602 1.0507471561431885
236.32970000803471 -0.68867141008377075 0.7102210521697998 0.56334543228149414 0.6992766261100769 -0.60518860816955566 1.0745794773101807 0.62951028347015381 1.0319002866744995
323.82129999995232 -0.72666507959365845 0.72513139247894287 0.66984283924102783 0.69267821311950684 -0.62778943777084351 1.0692734718322754 0.75832504034042358 1.0644148588180542
410.71520000696182 -0.68553900718688965 0.72207367420196533 0.7973443865776062 0.63101708889007568 -0.51265895366668701 1.0702865123748779 0.99181950092315674 1.0032931566238403
501.92500001192093 -0.70796281099319458 0.69713300466537476 0.97597378492355347 0.5877002477645874 -0.48593881726264954 1.0265717506408691 1.2806459665298462 0.90957361459732056
588.91140002012253 -0.65029215812683105 0.61830979585647583 0.93143361806869507 0.33823946118354797 -0.63518321514129639 0.75579136610031128 1.1063414812088013 0.45674419403076172
680.14810000360012 -0.75525236129760742 0.72235250473022461 0.88910079002380371 0.27124592661857605 -0.87052154541015625 0.67207664251327515 0.94648414850234985 0.26100823283195496
769.95320001244545 -0.72302025556564331 0.72664880752563477 0.7631000280380249 0.20318761467933655 -1.1319520473480225 0.64592480659484863 0.35995647311210632 0.062325067818164825
856.72970001399517 -0.61745578050613403 0.75587844848632813 1.0379493236541748 0.16996406018733978 -1.3648587465286255 0.60806107521057129 -0.0500815249979496 0.018457740545272827
944.97780001163483 -0.54211223125457764 0.74233108758926392 0.29501456022262573 0.11388113349676132 -1.2326971292495728 0.56816411018371582 -0.64486843347549438 -0.059941161423921585
1032.376599997282 -0.47948208451271057 0.7530701756477356 0.19731274247169495 0.030934471637010574 -1.2263537645339966 0.54838782548904419 -0.81492549180984497 -0.080092824995517731
1121.3967000097036 -0.5442507266998291 0.77543520927429199 0.02879226952791214 0.11588630825281143 -1.202339768409729 0.58081835508346558 -0.86340421438217163 0.016964752227067947
1211.4894000142813 -0.31235599517822266 0.77516144514083862 0.14791660010814667 0.094899460673332214 -1.1459412574768066 0.56235772371292114 -0.50929868221282959 0.033952545374631882
1297.1945000141859 -0.30641040205955505 0.76479119062423706 0.34893834590911865 0.035807471722364426 -1.1467483043670654 0.55288183689117432 -0.30144625902175903 0.022628288716077805
1385.017500013113 -0.31185394525527954 0.74885642528533936 0.59996265172958374 0.088271573185920715 -1.0681997537612915 0.58334356546401978 -0.25562372803688049 -0.0011265025241300464
1473.097000002861 -0.31361696124076843 0.72815775871276855 0.71869206428527832 0.081110931932926178 -1.0738629102706909 0.55979782342910767 -0.30034106969833374 0.044205404818058014
1560.3001000136137 -0.14745873212814331 0.72512704133987427 0.81047296524047852 0.046629279851913452 -0.6371302604675293 0.38044944405555725 -0.20831328630447388 -0.083777293562889099
1649.1651000231504 0.32366850972175598 0.61527621746063232 1.4364640712738037 0.12841589748859406 0.49562966823577881 0.5167241096496582 0.76654994487762451 0.031653217971324921
1739.3342000097036 0.95371782779693604 0.56018531322479248 1.3866903781890869 0.24754731357097626 1.7241872549057007 0.38669610023498535 1.7704638242721558 0.025137772783637047
1824.3122000098228 0.9605414867401123 0.43309444189071655 1.6078073978424072 0.2250806987285614 2.3007881641387939 0.39621353149414063 2.7104556560516357 0.20720584690570831
1913.7467999905348 1.0924124717712402 0.38811925053596497 1.6279795169830322 0.30442294478416443 2.7205832004547119 0.3506070077419281 2.7502660751342773 0.35017827153205872
2001.4809000045061 0.858925461769104 0.44014683365821838 1.7876442670822144 0.28137031197547913 2.9196155071258545 0.35328859090805054 2.814096212387085 0.25655999779701233
