62.281200001016259 -0.73136663436889648 0.70320463180541992 0.57854491472244263 0.70978850126266479 -0.66376292705535889 1.1017305850982666 0.61563551425933838 1.0818992853164673
155.96570000052452 -0.74959498643875122 0.71011978387832642 0.57067626714706421 0.71614229679107666 -0.66504323482513428 1.1052396297454834 0.61013501882553101 1.0775971412658691
258.07739999890327 -0.74847990274429321 0.70025098323822021 0.56482130289077759 0.70294868946075439 -0.67848646640777588 1.0979888439178467 0.61328786611557007 1.0720505714416504
348.54829999804497 -0.78067535161972046 0.68335932493209839 0.60467988252639771 0.70287060737609863 -0.65833896398544312 1.0861494541168213 0.62931793928146362 1.0639063119888306
445.84709999710321 -0.77411627769470215 0.67126387357711792 0.70206880569458008 0.69347125291824341 -0.5894320011138916 1.0902280807495117 0.76769322156906128 1.0531452894210815
539.68689999915659 -0.76986312866210938 0.67821621894836426 0.78218698501586914 0.68121325969696045 -0.49290925264358521 1.0608479976654053 0.89409822225570679 1.0303581953048706
629.68439999781549 -0.73062014579772949 0.64771360158920288 0.83420366048812866 0.64381366968154907 -0.65920007228851318 0.9320220947265625 0.97658902406692505 0.94724774360656738
723.29169999994338 -0.59973067045211792 0.59126144647598267 0.87291717529296875 0.55071967840194702 -0.84899300336837769 0.79187023639678955 0.98950779438018799 0.86873680353164673
812.36409999802709 -0.501880943775177 0.66171199083328247 -0.2335362434387207 0.3765890896320343 -1.4099713563919067 0.63680100440979004 -1.3019986152648926 0.61054050922393799
907.93709999881685 -0.55235767364501953 0.76468527317047119 -0.23251006007194519 0.19329206645488739 -1.7178962230682373 0.58955532312393188 -1.6067546606063843 0.25603705644607544
996.45799999684095 -0.89062368869781494 0.6985098123550415 -0.48556679487228394 0.14580945670604706 -1.8874915838241577 0.51411908864974976 -1.9483195543289185 0.091103203594684601
1092.8634999990463 -0.73832368850708008 0.75310653448104858 -0.30625361204147339 0.13572916388511658 -1.6878383159637451 0.50807976722717285 -1.7568639516830444 0.039280854165554047
1183.066800000146 -0.51288419961929321 0.75761121511459351 -0.20910516381263733 0.15082177519798279 -1.2913923263549805 0.56628662347793579 -1.0945340394973755 0.037096802145242691
1277.4392999988049 -0.31840828061103821 0.81439530849456787 0.26897639036178589 0.10437261313199997 -1.148456335067749 0.63221526145935059 -0.79682725667953491 0.1691175103187561
1368.8484999984503 -0.3763749897480011 0.79276943206787109 0.29811930656433105 0.14841391146183014 -1.2481603622436523 0.63858902454376221 -0.72197973728179932 0.16635014116764069
1461.9679999984801 -0.27829077839851379 0.58166056871414185 0.97888559103012085 0.14309895038604736 -0.19096624851226807 0.49526137113571167 -0.20343177020549774 0.066491164267063141
1555.859999999404 0.52135217189788818 0.58129775524139404 1.1418508291244507 0.12314138561487198 1.638245701789856 0.51093566417694092 1.3477451801300049 0.032888710498809814
1645.3750999998301 0.66647499799728394 0.36889326572418213 1.5212345123291016 0.14320774376392365 2.4346699714660645 0.22823299467563629 2.5646827220916748 0.033971555531024933
1738.0828999988735 0.69113153219223022 0.38127341866493225 1.7283954620361328 0.15942172706127167 1.9573572874069214 0.35272783041000366 3.1922616958618164 0.11403254419565201
1833.0761999990791 3.0355520248413086 0.28952315449714661 1.9230139255523682 0.23917855322360992 5.8399486541748047 0.2118702232837677 5.1649584770202637 0.12878307700157166
1925.9121999982744 1.7563266754150391 0.35151183605194092 0.65734577178955078 0.22406630218029022 2.9512686729431152 0.23920914530754089 3.0610296726226807 0.17942886054515839
