59.148100001737475 -0.68966960906982422 0.68005526065826416 0.6148180365562439 0.66001731157302856 -0.63478922843933105 1.0357418060302734 0.62262541055679321 1.004178524017334
158.15499999932945 -0.67509889602661133 0.68630284070968628 0.61597049236297607 0.65917748212814331 -0.62622827291488647 1.0431052446365356 0.62201648950576782 1.0088565349578857
265.5929000005126 -0.7131805419921875 0.67342847585678101 0.64959573745727539 0.65368759632110596 -0.66867285966873169 1.0345619916915894 0.63406211137771606 1.0073304176330566
363.85300000198185 -0.77310842275619507 0.66086488962173462 0.7325095534324646 0.64851003885269165 -0.67286574840545654 0.97255325317382813 0.61329269409179688 0.98747396469116211
464.24609999917448 -0.84545296430587769 0.60945415496826172 0.77107411623001099 0.60763680934906006 -0.6939588189125061 0.85971170663833618 0.4046349823474884 0.87190091609954834
563.20110000111163 -0.79337090253829956 0.54489403963088989 0.95634955167770386 0.56377124786376953 -0.73176616430282593 0.69064712524414063 0.29901698231697083 0.66165739297866821
665.89219999872148 -0.59905135631561279 0.52597123384475708 0.86719787120819092 0.52953219413757324 -0.65751087665557861 0.52987605333328247 -0.013777078129351139 0.41958478093147278
769.81359999999404 -0.58161050081253052 0.60852289199829102 0.58574289083480835 0.45314398407936096 -0.78616762161254883 0.36965775489807129 -0.31065934896469116 0.17431570589542389
881.70739999786019 -0.6973533034324646 0.57294631004333496 0.37949287891387939 0.25574111938476563 -0.7953718900680542 0.32003554701805115 -0.41414487361907959 0.18180790543556213
988.3942000027746 -0.64493238925933838 0.55673247575759888 -0.0300630833953619 0.14438599348068237 -0.77537316083908081 0.44034352898597717 -0.25225913524627686 0.12467256188392639
1094.7512999996543 -0.93414819240570068 0.56921976804733276 0.18960948288440704 0.15292812883853912 -1.103974461555481 0.33005440235137939 -0.37032163143157959 0.07132265716791153
1194.3202000018209 -1.1329442262649536 0.58635485172271729 0.12313225865364075 0.14642444252967834 -1.35272216796875 0.34866809844970703 -0.66452944278717041 0.083976343274116516
1294.3440000005066 -0.80431318283081055 0.53372931480407715 0.1782253235578537 0.081848382949829102 -1.1528192758560181 0.293068528175354 -0.7944374680519104 0.012839603237807751
1400.1254999991506 -0.3262331485748291 0.51740682125091553 0.57513588666915894 0.015548026189208031 -0.65160262584686279 0.099457651376724243 0.0008539233822375536 -0.12260262668132782
1499.7292999979109 -0.001008505467325449 0.51013630628585815 1.1337875127792358 0.047960959374904633 0.50672006607055664 0.29895845055580139 0.78259587287902832 0.01139367651194334
1600.0601000003517 0.46176442503929138 0.46711215376853943 1.3429385423660278 0.1314004510641098 1.5094492435455322 0.38302147388458252 1.959490180015564 -0.020154949277639389
1701.9500000029802 0.83951842784881592 0.47505545616149902 1.6898690462112427 0.16428923606872559 2.4162108898162842 0.49706748127937317 2.6816203594207764 0.12056571990251541
1803.5176999997348 0.81381100416183472 0.455739825963974 1.7033787965774536 0.16360771656036377 2.404531717300415 0.47767826914787292 2.7045235633850098 0.11678330600261688
1899.1850000023842 0.92856872081756592 0.44786632061004639 1.6798807382583618 0.16991935670375824 2.4945492744445801 0.48061245679855347 2.7568013668060303 0.12972581386566162
2001.2541999984533 0.86459565162658691 0.4422859251499176 1.8008716106414795 0.1537788063287735 2.5938808917999268 0.46134406328201294 2.891200065612793 0.12073332816362381
