56.740800000727177 -0.67897194623947144 0.75562316179275513 0.62086987495422363 0.72400104999542236 -0.67195546627044678 1.1234285831451416 0.59568047523498535 1.1006507873535156
151.11930000036955 -0.68406873941421509 0.75397443771362305 0.62032985687255859 0.71511709690093994 -0.66823208332061768 1.1107099056243896 0.59256446361541748 1.0854096412658691
249.80460000224411 -0.67223405838012695 0.76182150840759277 0.61517977714538574 0.72505366802215576 -0.65867310762405396 1.1272262334823608 0.57958739995956421 1.1024090051651001
349.35630000196397 -0.66628825664520264 0.75893723964691162 0.63527476787567139 0.71720713376998901 -0.56095021963119507 1.1198590993881226 0.60591608285903931 1.094616174697876
444.34770000167191 -0.67245984077453613 0.73521268367767334 0.65293127298355103 0.70548075437545776 -0.5608295202255249 1.1145572662353516 0.63704884052276611 1.0689946413040161
540.86940000206232 -0.67720425128936768 0.7399861216545105 0.65601956844329834 0.69923532009124756 -0.54749029874801636 1.1137834787368774 0.65793538093566895 1.0483670234680176
635.36940000206232 -0.68948203325271606 0.69176650047302246 0.74790012836456299 0.68839484453201294 -0.44410133361816406 1.0943124294281006 0.78283935785293579 1.0465153455734253
729.18920000083745 -0.70737707614898682 0.66321647167205811 0.78384953737258911 0.61267238855361938 -0.50875335931777954 0.98462927341461182 0.82466310262680054 0.95959383249282837
826.74990000389516 -0.64996212720870972 0.65966814756393433 0.7600054144859314 0.53430700302124023 -0.57929390668869019 0.92810052633285522 0.74095463752746582 0.85401612520217896
924.83540000207722 -0.5026630163192749 0.64021307229995728 0.55366098880767822 0.33644261956214905 -0.81717854738235474 0.76106959581375122 0.11589766293764114 0.50566178560256958
1018.9800000041723 -0.52705520391464233 0.68502408266067505 0.32720005512237549 0.28409981727600098 -1.1451289653778076 0.74032455682754517 -0.37296602129936218 0.36070719361305237
1115.0969000030309 -0.49622958898544312 0.70431900024414063 -0.12275546789169312 0.11315664649009705 -1.4063184261322021 0.59943890571594238 -1.3567384481430054 0.14384099841117859
1202.277000002563 -0.39915010333061218 0.74682945013046265 -0.1930481344461441 0.12944148480892181 -1.4758753776550293 0.6007620096206665 -1.6009159088134766 0.13128986954689026
1291.7518000025302 -0.35667029023170471 0.79696369171142578 -0.10357093065977097 0.1681329756975174 -1.2916773557662964 0.63428598642349243 -1.3642022609710693 0.13802644610404968
1392.0186999998987 -0.33930966258049011 0.81994259357452393 0.058814499527215958 0.17715799808502197 -1.3466278314590454 0.66206908226013184 -1.0142583847045898 0.11910426616668701
1484.6146000027657 -0.3722383975982666 0.8388296365737915 0.47328457236289978 0.18504837155342102 -1.4459530115127563 0.66632187366485596 -0.58321315050125122 0.14691647887229919
1574.4388000015169 -0.38514906167984009 0.82822245359420776 0.45711976289749146 0.16009257733821869 -1.2897713184356689 0.70673763751983643 -0.65399861335754395 0.17862044274806976
1666.2068000007421 -0.26338723301887512 0.83879977464675903 0.44434815645217896 0.11801227927207947 -0.95638900995254517 0.74293684959411621 -0.69801783561706543 0.17270959913730621
1763.2342000007629 -0.21913968026638031 0.74684149026870728 0.64218103885650635 0.16901984810829163 -0.53031396865844727 0.61823523044586182 0.015626216307282448 0.071568146347999573
1857.4282000027597 0.46960681676864624 0.70425218343734741 1.2802073955535889 0.19175714254379272 2.0591881275177002 0.71973514556884766 2.080463171005249 0.075916893780231476
1949.0975000020117 1.3599081039428711 0.60590791702270508 1.7885998487472534 0.14523281157016754 3.6664614677429199 0.6390717625617981 3.6864280700683594 0.10528422892093658
2049.9344000015408 1.0762934684753418 0.46469584107398987 1.2652126550674438 0.13971869647502899 2.811906099319458 0.56868994235992432 2.8129713535308838 0.11090121418237686
2137.7951000016183 1.3117040395736694 0.45412951707839966 1.4460010528564453 0.19571575522422791 3.7778167724609375 0.50213891267776489 3.5560426712036133 0.13775926828384399
2234.0285000000149 46.33514404296875 0.42663615942001343 41.710124969482422 0.17395530641078949 125.64375305175781 0.45420482754707336 116.41691589355469 0.097886472940444946
2328.4093000032008 1.8211010694503784 0.44395145773887634 1.3443959951400757 0.17284119129180908 4.5561199188232422 0.47769394516944885 3.9489874839782715 0.098253563046455383
2418.6782000027597 1.7881613969802856 0.44416242837905884 1.3836616277694702 0.19651235640048981 4.7916779518127441 0.47715234756469727 4.123720645904541 0.11175335943698883
2516.8596000019461 2.0892889499664307 0.4430309534072876 1.6874780654907227 0.18960908055305481 5.8375821113586426 0.47983983159065247 5.0055456161499023 0.11814341694116592
2610.7028000000864 2.1108157634735107 0.43111181259155273 1.5386831760406494 0.21247918903827667 5.5122842788696289 0.46748435497283936 4.4643874168395996 0.34415414929389954
2715.9467000011355 3.0636870861053467 0.43925270438194275 2.0882411003112793 0.21352784335613251 8.3661069869995117 0.49088254570960999 7.0428500175476074 0.13321597874164581
2813.963700003922 1.687502384185791 0.44550636410713196 1.2006067037582397 0.23361495137214661 4.8896312713623047 0.49086105823516846 4.1600427627563477 0.14835916459560394
2906.8946000020951 1.8015791177749634 0.44257175922393799 1.1313154697418213 0.22364628314971924 4.8853659629821777 0.48078921437263489 4.1908440589904785 0.14559023082256317
2997.7692000027746 1.7303146123886108 0.44281020760536194 1.3143941164016724 0.24518552422523499 4.890505313873291 0.47840127348899841 4.3836603164672852 0.15884552896022797
