79.010299999266863 -0.75313454866409302 0.72732460498809814 0.54764795303344727 0.67400264739990234 -0.71076810359954834 1.092860221862793 0.55265611410140991 1.0251566171646118
175.75809999927878 -0.74831521511077881 0.736480712890625 0.56011378765106201 0.67728489637374878 -0.61178261041641235 1.0773072242736816 0.57181823253631592 1.0401033163070679
273.72140000015497 -0.7198340892791748 0.71998286247253418 0.5836561918258667 0.65898531675338745 -0.57946968078613281 1.0567992925643921 0.60743248462677002 1.0184779167175293
370.45600000023842 -0.64458739757537842 0.70788770914077759 0.72164368629455566 0.65655231475830078 -0.48249948024749756 1.0424046516418457 0.82633590698242188 1.035126805305481
465.50409999862313 -0.67699980735778809 0.66989380121231079 0.77146774530410767 0.61869180202484131 -0.52366650104522705 0.99625831842422485 0.89181435108184814 0.99163317680358887
566.62229999899864 -0.7186015248298645 0.64706885814666748 0.80363333225250244 0.60505843162536621 -0.42991253733634949 0.99499672651290894 0.89730864763259888 0.96014595031738281
662.30769999884069 -0.60156857967376709 0.59926468133926392 0.69926738739013672 0.48963108658790588 -0.69006764888763428 0.81485170125961304 0.64715957641601563 0.78916162252426147
757.9731999989599 -0.64109188318252563 0.63933289051055908 0.61999088525772095 0.3911464512348175 -1.005418062210083 0.79350483417510986 0.18601500988006592 0.56799167394638062
851.42649999819696 -0.66284942626953125 0.71276998519897461 -0.028267806395888329 0.30085688829421997 -1.4577947854995728 0.70467483997344971 -0.72809821367263794 0.27758833765983582
938.74210000038147 -0.43804857134819031 0.74186885356903076 -0.21244800090789795 0.12417987734079361 -1.4036475419998169 0.59616392850875854 -1.5564841032028198 0.12380217760801315
1029.5156999975443 -0.50786906480789185 0.78432977199554443 -0.43677037954330444 0.14191654324531555 -1.5329183340072632 0.62998491525650024 -1.8645803928375244 0.12436381727457047
1118.1684999987483 -0.52375680208206177 0.80825072526931763 -0.36274930834770203 0.1561921238899231 -1.6010904312133789 0.67931348085403442 -1.704328179359436 0.10324884951114655
1210.2532999999821 -0.5956268310546875 0.82407271862030029 -0.2590319812297821 0.1744048148393631 -1.6669470071792603 0.67989486455917358 -1.6023545265197754 0.0943283811211586
1303.3651000000536 -0.75447148084640503 0.78600466251373291 0.44824865460395813 0.17475907504558563 -2.1493237018585205 0.66865956783294678 -1.5007827281951904 0.15661630034446716
1393.6052999999374 -0.35265916585922241 0.79942131042480469 0.33602100610733032 0.11501400917768478 -1.5183674097061157 0.68493372201919556 -1.0593312978744507 0.15842343866825104
1496.9270999990404 -0.031145200133323669 0.8017546534538269 0.49613299965858459 0.10254604369401932 -1.0185384750366211 0.71885496377944946 -0.77310764789581299 0.14121755957603455
1585.6705000009388 -0.12755940854549408 0.64152646064758301 0.94063335657119751 0.091177754104137421 0.01073104701936245 0.62636154890060425 -0.011404247023165226 0.030677922070026398
1682.2172999996692 0.84511333703994751 0.66790467500686646 1.3798664808273315 0.14856113493442535 2.8570706844329834 0.60274308919906616 2.3713884353637695 0.067040771245956421
1773.5905999988317 1.7314980030059814 0.47731217741966248 2.4227359294891357 0.13568530976772308 4.3924269676208496 0.47402471303939819 4.4706826210021973 0.07446221262216568
1861.3709000013769 1.8239289522171021 0.43736225366592407 1.9028388261795044 0.18414570391178131 4.0598158836364746 0.43944445252418518 3.9381928443908691 0.065129503607749939
1966.2403000015765 1.7954182624816895 0.44939130544662476 1.7247024774551392 0.14543664455413818 4.1775450706481934 0.44873037934303284 3.7681162357330322 0.13207033276557922
2063.7465000003576 2.4953711032867432 0.45610189437866211 2.2338094711303711 0.13598321378231049 5.7891345024108887 0.45819935202598572 5.4766416549682617 0.11719227582216263
2158.4256999976933 2.3381836414337158 0.45874577760696411 2.0721797943115234 0.11219872534275055 5.8417587280273438 0.51341468095779419 5.3644027709960938 0.11231565475463867
2249.4857999999076 2.2067306041717529 0.44889965653419495 2.2524776458740234 0.18828549981117249 5.4037384986877441 0.4792148768901825 5.8844738006591797 0.16261306405067444
2337.8497999981046 2.1859526634216309 0.45878159999847412 2.4969873428344727 0.18537724018096924 5.6021227836608887 0.51858258247375488 5.8386287689208984 0.15703271329402924
2436.3688999991864 2.8005590438842773 0.46158042550086975 3.1845040321350098 0.20446814596652985 6.4868402481079102 0.48639789223670959 7.3060946464538574 0.17115682363510132
2530.4918999988586 2.6202433109283447 0.45387083292007446 2.6745405197143555 0.19791130721569061 6.666259765625 0.52264285087585449 6.8745393753051758 0.1636774092912674
2624.0943999998271 2.5907456874847412 0.46741458773612976 2.950416088104248 0.20579846203327179 6.4857578277587891 0.52864974737167358 7.0055222511291504 0.16377279162406921
2721.3813000004739 2.3269679546356201 0.46799367666244507 2.6300156116485596 0.21251079440116882 5.8763432502746582 0.52265751361846924 6.0107831954956055 0.16582299768924713
2814.9109000004828 2.411860466003418 0.46463650465011597 2.4907047748565674 0.21384032070636749 5.934659481048584 0.51973891258239746 6.2570390701293945 0.16838501393795013
2909.3861999996006 2.0386183261871338 0.4701179563999176 2.0977020263671875 0.23339441418647766 4.814201831817627 0.48710763454437256 5.494626522064209 0.18108579516410828
