89.517200000584126 -0.66886717081069946 0.60661822557449341 0.79684191942214966 0.63689500093460083 -0.55634802579879761 1.0043478012084961 0.85360294580459595 1.023340106010437
204.39100000075996 -0.64887171983718872 0.60608386993408203 0.82232403755187988 0.63726544380187988 -0.54567009210586548 1.0060374736785889 0.88547271490097046 1.0172957181930542
317.85600000154227 -0.6411588191986084 0.62440776824951172 0.82642370462417603 0.63388335704803467 -0.47341689467430115 1.0112556219100952 1.1465480327606201 1.0462368726730347
435.50070000067353 -0.79123395681381226 0.60310924053192139 0.837352454662323 0.65038853883743286 -0.64498323202133179 0.98496389389038086 1.1393609046936035 1.0289536714553833
552.77950000017881 -0.84946167469024658 0.57720893621444702 0.98873019218444824 0.57690805196762085 -0.91289103031158447 0.9293980598449707 1.1309223175048828 0.93328028917312622
668.83940000087023 -0.6236269474029541 0.57877320051193237 0.89978766441345215 0.53202724456787109 -0.97379475831985474 0.88642477989196777 1.0715203285217285 0.8504178524017334
779.09330000076443 -0.61795234680175781 0.65435564517974854 0.74774599075317383 0.35226139426231384 -1.3232866525650024 0.6726689338684082 0.36923307180404663 0.47661140561103821
902.10640000086278 -0.85356807708740234 0.71577209234237671 0.57231634855270386 0.20714414119720459 -1.4963717460632324 0.62799239158630371 -0.30141240358352661 0.15273982286453247
1022.517100000754 -0.80758416652679443 0.64072060585021973 0.34276860952377319 0.17770418524742126 -1.3295671939849854 0.49390247464179993 -0.40934807062149048 0.087958842515945435
1136.6532000014558 -0.69736224412918091 0.68346834182739258 0.29421314597129822 0.16256892681121826 -1.1535931825637817 0.49838060140609741 -0.22976623475551605 0.036863487213850021
1256.9382000006735 -0.61092257499694824 0.67637300491333008 0.47831630706787109 0.1715245246887207 -1.0183980464935303 0.47024908661842346 -0.18207259476184845 0.085082218050956726
1382.08920000121 -0.69122976064682007 0.73362737894058228 0.32721984386444092 0.18874737620353699 -1.5099657773971558 0.49832472205162048 -0.37530368566513062 0.10476110130548477
1504.1812000004575 -0.34250950813293457 0.70873731374740601 0.32627564668655396 0.17304915189743042 -0.92431533336639404 0.52935802936553955 -0.35887199640274048 0.072791613638401031
1619.0088999997824 0.022718600928783417 0.67793232202529907 1.0007390975952148 0.19309994578361511 0.046375688165426254 0.58371990919113159 0.46749287843704224 0.08458254486322403
1723.871500001289 0.077664114534854889 0.4544273316860199 1.1481040716171265 0.30653932690620422 0.67910110950469971 0.42253604531288147 1.8334089517593384 0.10661449283361435
1843.5794000001624 0.1651005893945694 0.47888034582138062 1.3404549360275269 0.31416347622871399 0.99220186471939087 0.52126014232635498 1.7258263826370239 0.23022449016571045
1960.1494000004604 0.28471207618713379 0.48406904935836792 1.4442181587219238 0.35377645492553711 1.1436430215835571 0.5571904182434082 2.0432696342468262 0.25466877222061157
