17.981799997389317 -0.77955138683319092 0.76419264078140259 0.53007608652114868 0.70725882053375244 -0.63000041246414185 1.1106064319610596 0.50536090135574341 1.0771583318710327
118.52880000136793 -0.77878594398498535 0.75912743806838989 0.52351111173629761 0.70175129175186157 -0.62404894828796387 1.1105881929397583 0.51341164112091064 1.0661247968673706
220.87740000151098 -0.77080899477005005 0.7488519549369812 0.56815141439437866 0.69488942623138428 -0.59345740079879761 1.0948317050933838 0.60225725173950195 1.0685173273086548
318.288200000301 -0.81163501739501953 0.72894442081451416 0.63427621126174927 0.67253637313842773 -0.64351606369018555 1.0693789720535278 0.72750329971313477 1.0433897972106934
414.62679999880493 -0.85470050573348999 0.6457751989364624 0.74664032459259033 0.63221895694732666 -0.67360222339630127 0.98569959402084351 0.94015389680862427 0.96182006597518921
501.53199999779463 -0.85710710287094116 0.64583218097686768 0.73460984230041504 0.59468388557434082 -0.80457979440689087 0.95610356330871582 0.93480044603347778 0.90873152017593384
598.95260000042617 -0.72943371534347534 0.62631690502166748 0.57479071617126465 0.46977445483207703 -0.95390337705612183 0.85220324993133545 0.61621582508087158 0.74061846733093262
695.75879999995232 -0.58657991886138916 0.63199609518051147 0.10799768567085266 0.36228108406066895 -1.3471574783325195 0.75456225872039795 -1.1489920616149902 0.70661729574203491
797.94460000097752 -0.53540325164794922 0.68631541728973389 -0.38462111353874207 0.20072126388549805 -1.4512932300567627 0.60117888450622559 -1.4031722545623779 0.23651230335235596
894.33159999921918 -0.51524138450622559 0.74613946676254272 -0.58053106069564819 0.17821553349494934 -1.4340031147003174 0.63016301393508911 -1.8953030109405518 0.12585751712322235
992.76589999906719 -0.38679957389831543 0.80003392696380615 -0.35323140025138855 0.18563134968280792 -1.3087154626846313 0.65837728977203369 -1.5744014978408813 0.12162378430366516
1089.4588999990374 -0.50170964002609253 0.78853636980056763 -0.36123469471931458 0.18324162065982819 -1.4299988746643066 0.64426600933074951 -1.395107626914978 0.086600326001644135
1187.5495999995619 -0.50100761651992798 0.82642745971679688 -0.040365517139434814 0.19485761225223541 -1.7673048973083496 0.67531156539916992 -1.3154006004333496 0.20777700841426849
1284.3352999985218 -0.62028151750564575 0.83401942253112793 -0.13716378808021545 0.19612924754619598 -1.7708081007003784 0.79481792449951172 -1.0833498239517212 0.20646306872367859
1375.0493000000715 -0.67256832122802734 0.77685642242431641 0.64702332019805908 0.15666835010051727 -1.9594933986663818 0.73473227024078369 -1.93668532371521 0.18921118974685669
1462.789300000295 -0.19757820665836334 0.72424173355102539 0.7793157696723938 0.2054099440574646 0.0045824716798961163 0.68074977397918701 0.30948477983474731 0.030574291944503784
1556.8771999999881 0.76451897621154785 0.64768707752227783 1.6658018827438354 0.17533980309963226 2.5247271060943604 0.52136266231536865 2.6734538078308105 0.026025282219052315
1650.566499998793 0.9750409722328186 0.54788410663604736 2.3294966220855713 0.17999303340911865 2.7788147926330566 0.53553402423858643 3.8836851119995117 0.083831839263439178
1743.582800000906 0.614726722240448 0.52576088905334473 1.54066002368927 0.17816421389579773 1.8546327352523804 0.53405892848968506 2.5352513790130615 0.1243680939078331
1835.47329999879 0.8428305983543396 0.47695651650428772 1.612094521522522 0.22229622304439545 2.213273286819458 0.42687678337097168 2.3295869827270508 0.27745327353477478
1932.9671000000089 0.94135862588882446 0.48667660355567932 0.98906391859054565 0.34620735049247742 2.8083503246307373 0.48209503293037415 2.187091588973999 0.36661499738693237
