71.676199998706579 -0.65594720840454102 0.75055122375488281 0.67104601860046387 0.70072561502456665 -0.66201376914978027 1.1103008985519409 0.64489865303039551 1.0808876752853394
165.32899999991059 -0.65068584680557251 0.7458350658416748 0.6883586049079895 0.70167046785354614 -0.64441198110580444 1.1153724193572998 0.6597028374671936 1.0782275199890137
262.9417000003159 -0.6589348316192627 0.73183411359786987 0.69354867935180664 0.69618839025497437 -0.63094669580459595 1.111275315284729 0.6964266300201416 1.0619817972183228
363.26769999973476 -0.67152112722396851 0.71217107772827148 0.73975437879562378 0.689686119556427 -0.52771449089050293 1.1069095134735107 0.77924823760986328 1.0525714159011841
458.22089999914169 -0.6709856390953064 0.67781192064285278 0.79372334480285645 0.65107250213623047 -0.43081715703010559 1.0163817405700684 0.91120189428329468 1.002752423286438
549.54930000007153 -0.67812120914459229 0.67615187168121338 0.83542871475219727 0.56989902257919312 -0.42323562502861023 0.93212562799453735 0.9130704402923584 0.9124755859375
644.21889999881387 -0.5327422022819519 0.63561362028121948 0.72039330005645752 0.45829564332962036 -0.67976760864257813 0.73164021968841553 0.62580311298370361 0.67771661281585693
739.50879999808967 -0.59313410520553589 0.69379395246505737 0.62434500455856323 0.23523415625095367 -0.93061411380767822 0.71738588809967041 0.23447299003601074 0.39088127017021179
832.24560000002384 -0.61471009254455566 0.7022203803062439 0.059679444879293442 0.14277379214763641 -1.3852819204330444 0.58391392230987549 -1.0506709814071655 0.085133887827396393
921.18370000086725 -0.55365669727325439 0.76197528839111328 -0.10245446860790253 0.13268662989139557 -1.5564393997192383 0.59207850694656372 -1.5690832138061523 0.088919065892696381
1021.0995000004767 -0.33343645930290222 0.83198004961013794 -0.032185446470975876 0.16344243288040161 -1.2373336553573608 0.6576685905456543 -1.1652768850326538 0.10109658539295197
1118.6344999987632 -0.28060707449913025 0.8440014123916626 -0.060930822044610977 0.1729237288236618 -1.1456365585327148 0.65868717432022095 -0.91367197036743164 0.16373197734355927
1213.9833000004292 -0.27296504378318787 0.83021098375320435 0.48125696182250977 0.18588411808013916 -0.73074173927307129 0.6045074462890625 -0.40600031614303589 0.14349548518657684
1305.4987000003457 0.028200604021549225 0.84517973661422729 0.86218428611755371 0.14101140201091766 -0.5478634238243103 0.57998496294021606 0.094558410346508026 0.06375623494386673
1397.5792999975383 0.75368094444274902 0.66271072626113892 1.4564284086227417 0.11985934525728226 1.8761848211288452 0.57703095674514771 1.2694927453994751 0.04989953339099884
1490.2754999995232 1.1097786426544189 0.61206984519958496 1.6433194875717163 0.14817535877227783 2.9740674495697021 0.55256515741348267 3.0352482795715332 0.037923265248537064
1590.5650000013411 1.1815310716629028 0.47605538368225098 1.6654610633850098 0.13149581849575043 2.7729744911193848 0.53530639410018921 3.1492254734039307 0.11160213500261307
1687.3188999984413 1.1772691011428833 0.44908270239830017 1.3706808090209961 0.17980204522609711 2.6643872261047363 0.4705481231212616 2.7350871562957764 0.12477977573871613
1777.1479999981821 1.9567000865936279 0.4255308210849762 2.168241024017334 0.17168834805488586 4.1268110275268555 0.46765613555908203 4.2922062873840332 0.13815402984619141
1869.1297999992967 2.2051045894622803 0.43799081444740295 2.1301202774047852 0.1964091956615448 4.7838215827941895 0.46689549088478088 4.7215423583984375 0.14355140924453735
1967.2821999993175 3.730196475982666 0.44062703847885132 3.504450798034668 0.20559757947921753 9.1026391983032227 0.45951846241950989 8.7352533340454102 0.13562984764575958
2065.2308000009507 18.029569625854492 0.44033777713775635 15.06462574005127 0.18489035964012146 38.657207489013672 0.46225365996360779 36.155113220214844 0.13675947487354279
2162.5888000000268 6.6055889129638672 0.44862055778503418 5.2792940139770508 0.19808843731880188 13.601146697998047 0.47339624166488647 12.594668388366699 0.13565647602081299
2253.4391000010073 6.3866896629333496 0.44717437028884888 5.2626538276672363 0.20218266546726227 13.955723762512207 0.47421979904174805 12.774300575256348 0.13835550844669342
2354.7185999993235 5.2149791717529297 0.44670498371124268 4.2267055511474609 0.19908805191516876 10.507537841796875 0.47381800413131714 10.27193546295166 0.13828703761100769
2453.3574999980628 3.3469152450561523 0.45304849743843079 2.9079654216766357 0.21612496674060822 7.2048301696777344 0.47855210304260254 6.8887534141540527 0.15361686050891876
2549.4823000002652 11.75826358795166 0.44549316167831421 11.130670547485352 0.17530606687068939 27.901643753051758 0.47819730639457703 26.746288299560547 0.11612278968095779
2643.2940999995917 4.7742605209350586 0.44342580437660217 4.8775348663330078 0.21106661856174469 11.295941352844238 0.47749686241149902 11.211688995361328 0.14198864996433258
2737.4485999979079 5.6271300315856934 0.44404527544975281 5.4878840446472168 0.2002461850643158 13.28365421295166 0.47534868121147156 12.867031097412109 0.13688194751739502
2836.72329999879 6.2065987586975098 0.45172187685966492 6.0381979942321777 0.20814959704875946 14.697780609130859 0.47783192992210388 14.15550422668457 0.13564009964466095
2932.5956999994814 6.0482473373413086 0.44568571448326111 5.9807476997375488 0.22389803826808929 14.141082763671875 0.47347274422645569 13.876818656921387 0.153538778424263
