32.710099998861551 -0.66234385967254639 0.72616720199584961 0.72877967357635498 0.70334440469741821 -0.61273783445358276 1.1092593669891357 0.74003267288208008 1.0578252077102661
130.15049999952316 -0.6682090163230896 0.72589278221130371 0.73687821626663208 0.70107895135879517 -0.62290728092193604 1.106640100479126 0.72859483957290649 1.0512422323226929
228.80389999970794 -0.69178992509841919 0.69769662618637085 0.73373836278915405 0.6897815465927124 -0.60966634750366211 1.0825978517532349 0.70489585399627686 1.0335323810577393
329.21460000053048 -0.73521524667739868 0.67151713371276855 0.66609090566635132 0.68269747495651245 -0.61512166261672974 1.0395663976669312 0.50702482461929321 1.0209137201309204
429.44580000266433 -0.71214479207992554 0.59623891115188599 0.67744696140289307 0.60979270935058594 -0.81552749872207642 0.91776615381240845 0.34848752617835999 0.87750589847564697
517.54880000278354 -0.74061834812164307 0.60580772161483765 0.42937466502189636 0.56322693824768066 -1.1333168745040894 0.80483168363571167 -0.14926058053970337 0.73638224601745605
616.73710000142455 -0.55852335691452026 0.62492334842681885 0.28794217109680176 0.44850859045982361 -1.2149070501327515 0.70508569478988647 -0.57469207048416138 0.55935090780258179
709.47169999778271 -0.6751854419708252 0.63992512226104736 0.036593969911336899 0.22776743769645691 -1.5357482433319092 0.47636038064956665 -1.4230248928070068 0.24126587808132172
799.37840000167489 -0.62490886449813843 0.66863548755645752 0.06167495995759964 0.22185793519020081 -1.7776765823364258 0.50019872188568115 -1.7356191873550415 0.1981460303068161
894.52439999952912 -0.73463195562362671 0.70767080783843994 -0.19991979002952576 0.15017716586589813 -1.5860637426376343 0.56403529644012451 -1.1808516979217529 0.14791153371334076
986.90599999949336 -0.65867340564727783 0.71346199512481689 -0.098068490624427795 0.14099840819835663 -1.4069617986679077 0.58062964677810669 -0.97255712747573853 0.11484357714653015
1078.206700000912 -0.80919277667999268 0.69267278909683228 0.039050355553627014 0.11853314191102982 -1.4739625453948975 0.58167290687561035 -0.91184276342391968 0.058022879064083099
1176.0658999979496 -0.58732646703720093 0.7083665132522583 0.10731998831033707 0.12379292398691177 -1.5390781164169312 0.63181972503662109 -0.79429596662521362 0.068859785795211792
1265.494099996984 -0.57137513160705566 0.73225992918014526 0.21913105249404907 0.12295743823051453 -1.7033015489578247 0.69709372520446777 -0.62574648857116699 0.061415519565343857
1357.1727999970317 -0.37953251600265503 0.74364590644836426 0.36024412512779236 0.13488432765007019 -1.3504157066345215 0.71686625480651855 -0.44856876134872437 0.10740689188241959
1451.4679999984801 -0.050624966621398926 0.63286334276199341 1.1543194055557251 0.1255018413066864 0.32498595118522644 0.63412034511566162 0.64477980136871338 0.035881400108337402
1539.2315999977291 0.57270908355712891 0.65749943256378174 1.5613569021224976 0.15791846811771393 2.2724189758300781 0.63421082496643066 2.2754473686218262 0.076034322381019592
1635.5183000005782 1.1466375589370728 0.54721194505691528 2.3295903205871582 0.16996201872825623 3.1447701454162598 0.58348464965820313 3.6409409046173096 0.11446131765842438
1729.2741999998689 1.0567655563354492 0.57646691799163818 2.0164692401885986 0.21787981688976288 3.0587046146392822 0.55632013082504272 3.3478620052337646 0.16058860719203949
1823.4172000028193 1.0140334367752075 0.586384117603302 1.660398006439209 0.22150775790214539 2.8424196243286133 0.54895573854446411 2.9814207553863525 0.16533985733985901
1922.778100002557 0.96893566846847534 0.5567852258682251 1.8679085969924927 0.20926518738269806 2.9698731899261475 0.53746438026428223 3.0889701843261719 0.16640348732471466
2017.5413999967277 0.87977099418640137 0.54997515678405762 1.693143367767334 0.24677743017673492 2.5699074268341064 0.54385673999786377 2.8279793262481689 0.18044637143611908
