15.546400000341237 -0.62243747711181641 0.47041121125221252 0.81645995378494263 0.46382638812065125 -0.80595052242279053 0.76555997133255005 0.84609895944595337 0.74473392963409424
115.12460000067949 -0.6263694167137146 0.47571942210197449 0.8261340856552124 0.46114692091941833 -0.79154735803604126 0.77588993310928345 0.87213099002838135 0.74161684513092041
206.94419999979436 -0.64040154218673706 0.48158058524131775 0.82838159799575806 0.45678204298019409 -0.79935336112976074 0.77699518203735352 0.87928944826126099 0.73743945360183716
303.87060000002384 -0.66492170095443726 0.48312044143676758 0.84429341554641724 0.45287859439849854 -0.81831765174865723 0.7760196328163147 0.92140674591064453 0.73730403184890747
402.4452000008896 -0.66137337684631348 0.47680404782295227 0.87597638368606567 0.44802051782608032 -0.83903056383132935 0.76965141296386719 1.0060235261917114 0.74102264642715454
502.68070000037551 -0.64446258544921875 0.46711397171020508 0.9111562967300415 0.43688473105430603 -0.90752935409545898 0.75531554222106934 0.94703429937362671 0.71684074401855469
601.19010000117123 -0.64274293184280396 0.45160329341888428 0.97990864515304565 0.40822598338127136 -1.1057722568511963 0.63765180110931396 0.50844210386276245 0.64153927564620972
698.76009999960661 -0.61644589900970459 0.47392469644546509 0.6321071982383728 0.28445222973823547 -1.0672143697738647 0.4832969605922699 0.11603140830993652 0.36427447199821472
798.63090000115335 -0.77927106618881226 0.43815949559211731 0.28792691230773926 0.15231651067733765 -1.1287587881088257 0.29638031125068665 0.19521862268447876 0.11989989876747131
897.43730000033975 -0.91884642839431763 0.39858809113502502 0.42467427253723145 0.17785431444644928 -1.2802273035049438 0.27009567618370056 0.093114711344242096 0.076085761189460754
1003.5158000001684 -0.71618825197219849 0.48544394969940186 0.41977065801620483 0.13678471744060516 -1.2222775220870972 0.27289131283760071 0.11154413223266602 0.067721910774707794
1108.0522000007331 -0.86792504787445068 0.44765317440032959 0.47332283854484558 0.10997965186834335 -1.163799524307251 0.38605204224586487 0.053230825811624527 0.046084292232990265
1206.9281000010669 -0.84167319536209106 0.46668133139610291 0.60530972480773926 0.13081386685371399 -1.4440361261367798 0.36968302726745605 0.23727808892726898 0.033628266304731369
1303.0351999998093 -0.61719781160354614 0.50105577707290649 0.45088571310043335 0.1055847555398941 -1.2481222152709961 0.30834487080574036 0.066440731287002563 0.029765039682388306
1394.3567000003532 -0.30042538046836853 0.4906790554523468 0.78197109699249268 0.12819594144821167 -1.5269433259963989 0.19430249929428101 0.47421517968177795 0.082424581050872803
1492.1948000006378 -1.1803443431854248 0.23470960557460785 1.1492751836776733 0.1679755300283432 -0.79144853353500366 0.17298609018325806 0.49038100242614746 0.090660370886325836
1591.5337000004947 0.18211226165294647 0.31502214074134827 1.385353684425354 0.13460925221443176 0.93600529432296753 0.34275391697883606 1.2721107006072998 0.14782680571079254
1692.701400000602 0.35035154223442078 0.29311481118202209 1.8464154005050659 0.16635243594646454 1.2479996681213379 0.33678123354911804 2.1403255462646484 0.14538893103599548
1791.6547000007704 0.41821342706680298 0.33624407649040222 1.864637017250061 0.21380487084388733 1.5528373718261719 0.34945279359817505 2.5978624820709229 0.23423203825950623
1884.463700001128 0.61221116781234741 0.36443591117858887 1.2630825042724609 0.25177067518234253 1.51189124584198 0.34740692377090454 2.9785735607147217 0.23627129197120667
1986.6429000003263 -0.061344053596258163 0.40552422404289246 1.1512112617492676 0.25313535332679749 1.1747623682022095 0.36121746897697449 2.4764103889465332 0.2455754429101944
