73.754999998956919 -0.77560216188430786 0.75458890199661255 0.54401105642318726 0.70391637086868286 -0.68132460117340088 1.1023585796356201 0.5405002236366272 1.0709556341171265
169.74170000106096 -0.76912957429885864 0.74317747354507446 0.55198496580123901 0.68852156400680542 -0.67719227075576782 1.098394513130188 0.56879329681396484 1.0422986745834351
264.13880000077188 -0.72843599319458008 0.7494242787361145 0.5924680233001709 0.71522021293640137 -0.62089228630065918 1.0987025499343872 0.61048954725265503 1.0804542303085327
355.84250000119209 -0.68769168853759766 0.72455018758773804 0.71604210138320923 0.6865355372428894 -0.53748565912246704 1.0954009294509888 0.75365889072418213 1.0794250965118408
454.53160000033677 -0.79474294185638428 0.6597021222114563 0.74384087324142456 0.67210537195205688 -0.59019291400909424 1.0169939994812012 0.77067428827285767 1.0288398265838623
552.18989999964833 -0.70194566249847412 0.65825420618057251 0.75468790531158447 0.61770641803741455 -0.60709202289581299 0.95509821176528931 0.75441461801528931 0.96231168508529663
656.6340999994427 -0.5322566032409668 0.62040644884109497 0.61881625652313232 0.56366825103759766 -0.69775700569152832 0.85440552234649658 0.39422225952148438 0.84649962186813354
746.8937999997288 -0.36531424522399902 0.66698205471038818 0.33322161436080933 0.37755846977233887 -1.0560699701309204 0.72571325302124023 -0.63107162714004517 0.62808161973953247
839.08130000159144 -0.52882802486419678 0.67896926403045654 -0.20154218375682831 0.28648677468299866 -1.2076483964920044 0.62061905860900879 -1.2020596265792847 0.49984091520309448
934.62090000137687 -0.35912841558456421 0.72801756858825684 0.020292794331908226 0.13439276814460754 -1.4937397241592407 0.54628318548202515 -1.7572181224822998 0.1810842901468277
1024.2622999995947 -0.36844712495803833 0.79942333698272705 -0.26819142699241638 0.15679179131984711 -1.5243357419967651 0.57898956537246704 -1.9847414493560791 0.15004856884479523
1119.2520000003278 -0.28929311037063599 0.82495158910751343 0.028977628797292709 0.14233358204364777 -1.4445312023162842 0.65694290399551392 -1.4917296171188354 0.14257954061031342
1215.6796000003815 -0.16409721970558167 0.82564139366149902 0.15984553098678589 0.10936959832906723 -1.3901432752609253 0.74530750513076782 -1.1282153129577637 0.13215808570384979
1311.6089000012726 -0.26876065135002136 0.87378352880477905 0.56114983558654785 0.10137797147035599 -1.8088773488998413 0.79081541299819946 -0.62502473592758179 0.096847496926784515
1410.4447999987751 -0.093782626092433929 0.8462831974029541 0.68867522478103638 0.0819682776927948 -1.3659499883651733 0.74257504940032959 -0.64012390375137329 0.12610891461372375
1505.7657999992371 0.28629729151725769 0.80031400918960571 1.1321407556533813 0.095064908266067505 -0.69423335790634155 0.74058514833450317 -0.55011117458343506 0.18613198399543762
1595.8118000011891 0.50742852687835693 0.65072011947631836 1.4132289886474609 0.069025427103042603 1.4290385246276855 0.66776573657989502 0.72838622331619263 0.031322278082370758
1685.2413999997079 1.1464130878448486 0.65819936990737915 1.7399483919143677 0.15894925594329834 3.4371001720428467 0.54913383722305298 3.1689980030059814 0.040994361042976379
1777.5352999996394 1.6925207376480103 0.47662389278411865 1.9187127351760864 0.10364283621311188 4.0561304092407227 0.52898108959197998 4.1263270378112793 0.080848999321460724
1865.0932999998331 2.6861169338226318 0.43400657176971436 2.7096726894378662 0.1646932065486908 6.4104080200195313 0.44276982545852661 7.0582013130187988 0.12885497510433197
1959.1074999999255 7.0493812561035156 0.44124096632003784 4.3627519607543945 0.17311452329158783 20.127349853515625 0.45802447199821472 16.747812271118164 0.062318697571754456
2051.1511999983341 3.8728439807891846 0.46113088726997375 0.92617696523666382 0.18644766509532928 9.8292512893676758 0.47659265995025635 7.324805736541748 0.066204473376274109
2138.663200000301 1.2995485067367554 0.47203519940376282 0.16160476207733154 0.1977275013923645 3.8751769065856934 0.49316397309303284 2.9251279830932617 0.08446020632982254
2229.9976000003517 1.2050825357437134 0.47381609678268433 0.23319874703884125 0.19010116159915924 3.0415143966674805 0.4592859148979187 2.3328428268432617 0.085187874734401703
2329.3784000016749 1.0769706964492798 0.45871090888977051 -0.1730167418718338 0.25480243563652039 3.4198000431060791 0.48797118663787842 1.4080275297164917 0.35720765590667725
2427.6611999999732 1.0762948989868164 0.45856466889381409 0.25971880555152893 0.23112916946411133 3.2821075916290283 0.47758686542510986 2.7442667484283447 0.11597488075494766
2517.646099999547 0.91000568866729736 0.46514254808425903 0.19868850708007813 0.24478347599506378 3.1462037563323975 0.51727747917175293 1.4921410083770752 0.31302744150161743
2612.7896000016481 1.352200984954834 0.44752609729766846 0.48149177432060242 0.22151242196559906 4.2050743103027344 0.46428558230400085 2.276531457901001 0.36382502317428589
2705.5337000004947 1.1485681533813477 0.45327576994895935 0.47888317704200745 0.25063413381576538 3.8562159538269043 0.477672278881073 2.0558149814605713 0.34613522887229919
2799.3434999994934 1.3400888442993164 0.451221764087677 0.51131433248519897 0.25359898805618286 4.2662343978881836 0.46307533979415894 2.1685807704925537 0.36193385720252991
2904.7341000009328 1.4184576272964478 0.45809623599052429 0.54758942127227783 0.22937263548374176 4.0695862770080566 0.46086809039115906 2.2562801837921143 0.34049004316329956
3000.7513999994844 1.4809026718139648 0.45423427224159241 0.56047916412353516 0.23460294306278229 4.3665270805358887 0.47736930847167969 2.448746919631958 0.36415460705757141
