22.930900000035763 -0.71746248006820679 0.6799430251121521 0.56849038600921631 0.66026443243026733 -0.69498622417449951 1.0384657382965088 0.58188813924789429 1.0070176124572754
124.96810000017285 -0.73145598173141479 0.67873036861419678 0.60345685482025146 0.66215091943740845 -0.69374746084213257 1.0298306941986084 0.62140518426895142 1.013575553894043
228.80790000036359 -0.76539349555969238 0.66443002223968506 0.65368878841400146 0.66716444492340088 -0.69796252250671387 1.0210752487182617 0.65407431125640869 1.0236412286758423
333.136199997738 -0.90263843536376953 0.6302114725112915 0.69967895746231079 0.65196603536605835 -0.72984480857849121 0.93798637390136719 0.64977753162384033 1.008091926574707
433.00730000063777 -0.95384490489959717 0.56921285390853882 0.70435523986816406 0.63941532373428345 -0.78788536787033081 0.8525855541229248 0.54394453763961792 0.9755551815032959
536.82060000114143 -1.0967807769775391 0.41616848111152649 0.55897492170333862 0.49220266938209534 -1.1936571598052979 0.60464721918106079 -0.19539716839790344 0.61406946182250977
641.58630000054836 -0.94999349117279053 0.4194132387638092 0.35027384757995605 0.46030524373054504 -1.301943302154541 0.49827814102172852 -0.56049662828445435 0.42505362629890442
748.29529999755323 -0.94797199964523315 0.49410441517829895 -0.00022440290194936097 0.24849584698677063 -1.3989585638046265 0.29187223315238953 -1.0297471284866333 0.10513535141944885
850.13209999911487 -1.1012601852416992 0.51934552192687988 -0.32436895370483398 0.17393419146537781 -1.3986706733703613 0.29582458734512329 -1.0690237283706665 0.081481471657752991
949.68269999884069 -0.93036895990371704 0.5853380560874939 -0.18033699691295624 0.12985800206661224 -1.2752861976623535 0.35583534836769104 -0.80234241485595703 0.085211381316184998
1051.128200000152 -0.90683001279830933 0.59215229749679565 -0.20948642492294312 0.1225508525967598 -1.292879581451416 0.35285580158233643 -0.76719874143600464 0.086864009499549866
1153.4113999977708 -0.91413575410842896 0.61722463369369507 -0.11368759721517563 0.12100496143102646 -1.3923434019088745 0.39313676953315735 -0.79226893186569214 0.093403488397598267
1255.1206000000238 -0.62474989891052246 0.61844664812088013 0.078971199691295624 0.11175075173377991 -1.1296130418777466 0.43068817257881165 -0.80453568696975708 0.098425924777984619
1358.2085999976844 0.31955164670944214 0.59855300188064575 1.0361701250076294 0.081705018877983093 -0.01756167970597744 0.32247757911682129 0.45550692081451416 0.0046328441239893436
1452.8935000002384 0.28736618161201477 0.49280887842178345 1.3916829824447632 0.02356991358101368 0.6663055419921875 0.29617682099342346 1.0328986644744873 0.012156541459262371
1553.4001000002027 0.95748293399810791 0.46343296766281128 2.1006348133087158 0.062881156802177429 2.4406437873840332 0.37367835640907288 2.9060502052307129 -0.014122292399406433
1651.259600000456 0.93579202890396118 0.43835526704788208 1.8366566896438599 0.09477727860212326 2.285022497177124 0.40231591463088989 2.6431610584259033 0.036876507103443146
1749.2925000023097 0.94847893714904785 0.43265751004219055 1.8750607967376709 0.093020282685756683 2.353034496307373 0.39390909671783447 2.6086277961730957 0.022289928048849106
1850.9654999990016 0.99705290794372559 0.44952970743179321 1.8630357980728149 0.10294807702302933 2.6565163135528564 0.38804447650909424 2.8457763195037842 0.024399153888225555
1953.9323999993503 0.97141754627227783 0.45971006155014038 1.8687750101089478 0.099937893450260162 2.7114887237548828 0.40520715713500977 2.9238221645355225 0.024911090731620789
