112.17229999601841 -0.848471999168396 0.76679778099060059 0.5764840841293335 0.74525827169418335 -0.84389597177505493 1.1618633270263672 0.63757437467575073 1.1926084756851196
245.05059999227524 -0.84159553050994873 0.75997841358184814 0.57033252716064453 0.72885876893997192 -0.81834447383880615 1.1688592433929443 0.63824963569641113 1.1785707473754883
385.75459998846054 -0.70904743671417236 0.79886776208877563 0.73230510950088501 0.74362248182296753 -0.76720231771469116 1.1632497310638428 0.87439060211181641 1.1954578161239624
519.02179998159409 -0.90758818387985229 0.78277766704559326 0.7345268726348877 0.69079488515853882 -0.73947978019714355 1.1150078773498535 0.76471501588821411 1.0832217931747437
662.49699999392033 -0.75467401742935181 0.64640921354293823 0.82508903741836548 0.48181706666946411 -0.89231640100479126 0.83978790044784546 0.40238431096076965 0.70605117082595825
807.38029998540878 -1.0331374406814575 0.78519570827484131 0.60532450675964355 0.31220105290412903 -1.5172677040100098 0.67905747890472412 -0.20131376385688782 0.30494394898414612
941.91669999063015 -0.94537466764450073 0.80370783805847168 0.28580495715141296 0.28312414884567261 -1.3601800203323364 0.54816633462905884 -1.1635712385177612 0.050452478229999542
1077.3864999860525 -1.1397596597671509 0.80665069818496704 0.11079192906618118 0.24480117857456207 -1.5135592222213745 0.46016630530357361 -1.2233119010925293 0.062262322753667831
1219.8901999890804 -0.89619177579879761 0.80263441801071167 0.085844278335571289 0.20879402756690979 -1.1214046478271484 0.56308996677398682 -0.58573544025421143 0.12256664782762527
1357.2954999953508 -0.70110529661178589 0.76338541507720947 0.13256490230560303 0.1989295482635498 -1.0946215391159058 0.54117327928543091 -0.44268164038658142 0.13678781688213348
1494.0072999894619 -0.87304532527923584 0.77777379751205444 0.042329840362071991 0.20602430403232574 -1.3092617988586426 0.51326096057891846 -0.50911712646484375 0.10459666699171066
1630.0579999983311 -0.53259861469268799 0.7450639009475708 0.43566256761550903 0.2072116881608963 -0.99701398611068726 0.50992727279663086 -0.65515232086181641 0.10327299684286118
1771.487399995327 -0.12226875126361847 0.62263941764831543 1.2824567556381226 0.13129545748233795 -0.54611897468566895 0.33359861373901367 0.2823963463306427 8.2296974142082036e-05
1910.178499981761 0.47612789273262024 0.4652881920337677 1.4429835081100464 0.19591028988361359 1.3524458408355713 0.43706861138343811 1.9947370290756226 -0.018135929480195045
2049.8372999876738 0.40533357858657837 0.41561353206634521 1.4680988788604736 0.2275240570306778 2.1382853984832764 0.43222051858901978 2.2664074897766113 0.46042168140411377
2184.0354999899864 0.5569615364074707 0.41788321733474731 1.6169416904449463 0.27371951937675476 1.9588363170623779 0.47205868363380432 2.7335546016693115 0.27673310041427612
2324.6838999837637 0.57538223266601563 0.41709208488464355 1.4259579181671143 0.27227386832237244 1.7320746183395386 0.45279046893119812 2.3450605869293213 0.30197790265083313
2466.0649999976158 0.69076418876647949 0.40842017531394958 1.4318203926086426 0.28231701254844666 1.8216869831085205 0.41612201929092407 2.4156935214996338 0.30721011757850647
2605.0647999942303 0.75744801759719849 0.39600127935409546 1.4824999570846558 0.2840481698513031 1.8123296499252319 0.41299569606781006 2.4761033058166504 0.29326534271240234
2739.1045999974012 0.9428284764289856 0.39611399173736572 1.7823108434677124 0.2756480872631073 2.1288180351257324 0.42209526896476746 3.0170261859893799 0.30301854014396667
2877.7116999924183 0.95757544040679932 0.39734908938407898 1.8076075315475464 0.27716237306594849 2.1378250122070313 0.42519977688789368 3.064453125 0.30037438869476318
