63.025200009346008 -0.66482239961624146 0.70969712734222412 0.56270706653594971 0.69774657487869263 -0.65618610382080078 1.0644466876983643 0.59755533933639526 1.0348321199417114
148.80200000107288 -0.67729389667510986 0.71461564302444458 0.55755060911178589 0.69764512777328491 -0.65736353397369385 1.0678846836090088 0.58712327480316162 1.0322272777557373
237.89219999313354 -0.6509278416633606 0.71443676948547363 0.54672211408615112 0.68319940567016602 -0.61464250087738037 1.0675650835037231 0.59118348360061646 1.0204885005950928
327.87540000677109 -0.6715201735496521 0.71178758144378662 0.55262809991836548 0.67644739151000977 -0.61291801929473877 1.0722692012786865 0.5995023250579834 1.0091562271118164
418.71610000729561 -0.64358353614807129 0.72283893823623657 0.62099206447601318 0.67819720506668091 -0.54635423421859741 1.0689789056777954 0.69725853204727173 1.0330096483230591
507.61660002171993 -0.63162088394165039 0.7190711498260498 0.75951308012008667 0.6606673002243042 -0.50433695316314697 1.0561476945877075 0.86896687746047974 1.0455321073532104
595.84880000352859 -0.61165708303451538 0.72574204206466675 0.84507071971893311 0.61032932996749878 -0.42554932832717896 1.0451887845993042 1.0783439874649048 0.94863492250442505
683.22570000588894 -0.61889499425888062 0.73214900493621826 0.93093746900558472 0.52153295278549194 -0.45651248097419739 1.0089147090911865 1.1526483297348022 0.8120955228805542
773.05040000379086 -0.62418138980865479 0.6905176043510437 0.92262375354766846 0.46280404925346375 -0.64085876941680908 0.87468558549880981 1.1377583742141724 0.6582484245300293
861.9796000123024 -0.56154584884643555 0.73100799322128296 0.83648842573165894 0.36967244744300842 -0.71344262361526489 0.77276319265365601 0.77799779176712036 0.45480635762214661
948.36040000617504 -0.62924438714981079 0.78718012571334839 0.80359750986099243 0.27346161007881165 -1.0690281391143799 0.77601182460784912 0.3034805953502655 0.24552528560161591
1039.9088000208139 -0.63432437181472778 0.78081530332565308 0.53450602293014526 0.15820151567459106 -1.3526005744934082 0.70870876312255859 -0.44262358546257019 0.082951180636882782
1136.3208000212908 -0.62142288684844971 0.80285114049911499 0.38293713331222534 0.10173844546079636 -1.6419758796691895 0.68279403448104858 -0.84165698289871216 0.033601816743612289
1225.8526000082493 -0.51157140731811523 0.82837635278701782 0.14007373154163361 0.092589564621448517 -1.5940262079238892 0.66282802820205688 -0.88658922910690308 0.069951973855495453
1310.5543000102043 -0.56018221378326416 0.82554209232330322 -0.0030013294890522957 0.092771470546722412 -1.5506472587585449 0.64002090692520142 -1.3405777215957642 0.094751209020614624
1401.414400011301 -0.52349960803985596 0.83887028694152832 -0.032095704227685928 0.084625139832496643 -1.427970290184021 0.63669031858444214 -1.0565394163131714 0.1354728639125824
1493.3701000064611 -0.51013773679733276 0.84814482927322388 0.14316461980342865 0.10884107649326324 -1.3963288068771362 0.63301867246627808 -0.80274921655654907 0.11436367034912109
1582.1501999944448 -0.47821375727653503 0.83361756801605225 0.14723040163516998 0.035125326365232468 -1.4549804925918579 0.58922398090362549 -0.74242621660232544 0.051473181694746017
1670.7646000087261 -0.40933561325073242 0.80484092235565186 0.20857305824756622 0.076315984129905701 -1.4340184926986694 0.55750131607055664 -0.65423178672790527 0.070553161203861237
1761.4856999963522 -0.19597391784191132 0.79360306262969971 0.62273186445236206 0.14343176782131195 -1.0219385623931885 0.63370299339294434 -0.38965755701065063 0.12250827252864838
1846.8823000043631 -0.0080353301018476486 0.77156329154968262 0.58850264549255371 0.13637740910053253 -0.55850225687026978 0.4429565966129303 -0.56585198640823364 0.084049120545387268
1937.477300003171 0.18691329658031464 0.65587717294692993 1.5238189697265625 0.089750006794929504 0.43049073219299316 0.35587775707244873 0.75628757476806641 -0.006111558061093092
