59.065200001001358 -0.74323534965515137 0.74940156936645508 0.56878370046615601 0.70393586158752441 -0.58338600397109985 1.1161887645721436 0.5830194354057312 1.0805126428604126
154.52460000105202 -0.78509736061096191 0.70137190818786621 0.65304368734359741 0.67956459522247314 -0.60681736469268799 1.0944819450378418 0.62427264451980591 1.0705753564834595
248.31360000185668 -0.90245354175567627 0.66496235132217407 0.70355921983718872 0.6596149206161499 -0.71495723724365234 1.0538934469223022 0.63699597120285034 1.0277131795883179
342.45990000106394 -0.79560965299606323 0.57949602603912354 0.65408092737197876 0.62617510557174683 -1.0156310796737671 0.8754304051399231 0.33661273121833801 0.88857501745223999
434.47540000267327 -0.87364023923873901 0.56191724538803101 0.58351576328277588 0.56365609169006348 -1.2727848291397095 0.80114513635635376 -0.024367218837141991 0.84089952707290649
532.92240000143647 -0.86038434505462646 0.56278204917907715 0.1300559788942337 0.42871716618537903 -1.3316890001296997 0.66560548543930054 -0.61074179410934448 0.54199832677841187
625.65330000035465 -0.79688411951065063 0.61394280195236206 -0.39263558387756348 0.32096114754676819 -1.5777177810668945 0.52007085084915161 -1.5008677244186401 0.38116362690925598
721.39010000042617 -1.0282458066940308 0.53940349817276001 -0.54261636734008789 0.13503271341323853 -1.9470498561859131 0.27867141366004944 -1.8683590888977051 0.12643176317214966
811.8030000012368 -1.1467732191085815 0.59068971872329712 -0.85844242572784424 0.10497607290744781 -2.2376053333282471 0.33984589576721191 -2.2252328395843506 -0.0093329343944787979
903.98300000093877 -1.2103999853134155 0.59407913684844971 -0.94806832075119019 0.10536310821771622 -2.4103484153747559 0.36860299110412598 -2.3965218067169189 0.013688656501471996
1001.9744000006467 -1.0961141586303711 0.58901780843734741 -0.59434092044830322 0.064543053507804871 -2.1746532917022705 0.41896384954452515 -1.8593258857727051 0.06468673050403595
1091.0666000023484 -1.3253874778747559 0.62479883432388306 -0.30910813808441162 0.07055460661649704 -2.4093856811523438 0.45478877425193787 -1.7630186080932617 0.087757065892219543
1183.3983000013977 -1.2267783880233765 0.67734795808792114 0.027101384475827217 0.079125598073005676 -2.2769198417663574 0.47347745299339294 -1.4910329580307007 0.10093321651220322
1275.5651000030339 -1.2579272985458374 0.68728828430175781 -0.06499817967414856 0.076552912592887878 -2.2360897064208984 0.51821601390838623 -1.6052205562591553 0.09246111661195755
1369.8477999996394 -1.357060432434082 0.70466798543930054 0.35574841499328613 0.10458478331565857 -2.6234941482543945 0.52872335910797119 -1.703571081161499 0.053961362689733505
1467.6018000021577 -0.47812497615814209 0.73822981119155884 0.31765696406364441 0.069433920085430145 -1.4400959014892578 0.54772073030471802 -0.69000804424285889 0.0021828652825206518
1553.7993000037968 -0.016355892643332481 0.68670958280563354 1.1601767539978027 0.1234215646982193 0.23792006075382233 0.44463339447975159 0.5421062707901001 -0.0049892058596014977
1642.961000001058 0.91691219806671143 0.62672048807144165 1.5410314798355103 0.13707609474658966 2.1079814434051514 0.45954924821853638 2.0347833633422852 -0.01719246618449688
1739.913500001654 1.5669535398483276 0.51221686601638794 1.664669394493103 0.15984883904457092 3.2385916709899902 0.51247173547744751 3.1673562526702881 0.1191786453127861
1831.5900000017136 1.5785790681838989 0.4675159752368927 1.7295451164245605 0.16329255700111389 3.3406708240509033 0.51253789663314819 3.4183204174041748 0.13591662049293518
1926.4591000024229 2.8402190208435059 0.4613012969493866 2.4033401012420654 0.25689512491226196 6.9449763298034668 0.48237565159797668 5.6970124244689941 0.17785824835300446
