20.429899998009205 -0.71326327323913574 0.68200236558914185 0.59599339962005615 0.6627994179725647 -0.70119792222976685 1.0295517444610596 0.6115269660949707 1.0018640756607056
124.13589999452233 -0.68515729904174805 0.68708527088165283 0.60919439792633057 0.66329199075698853 -0.6787065863609314 1.0298818349838257 0.61060911417007446 1.0048511028289795
238.13799999840558 -0.68842118978500366 0.68635660409927368 0.60791659355163574 0.65345066785812378 -0.67469161748886108 1.0239495038986206 0.6167750358581543 0.99787050485610962
339.37559999898076 -0.69119203090667725 0.68254292011260986 0.6123969554901123 0.65800970792770386 -0.66402542591094971 1.0289498567581177 0.62277674674987793 0.99463009834289551
438.53039999864995 -0.67874568700790405 0.68269640207290649 0.62468647956848145 0.65463274717330933 -0.6496502161026001 1.031099796295166 0.62555569410324097 1.0032254457473755
538.39099999703467 -0.67935436964035034 0.69171851873397827 0.66777640581130981 0.66543406248092651 -0.6878247857093811 1.02791428565979 0.65526753664016724 1.0072954893112183
638.76739999838173 -0.69707232713699341 0.6096075177192688 0.73872888088226318 0.64387738704681396 -0.82850956916809082 0.86500978469848633 0.30990597605705261 0.91861838102340698
740.13999999687076 -0.65491527318954468 0.62322795391082764 0.77376759052276611 0.57550811767578125 -1.1221421957015991 0.73327237367630005 0.18072734773159027 0.72287565469741821
838.07889999635518 -0.68973797559738159 0.6430511474609375 0.25904619693756104 0.38958004117012024 -1.1278177499771118 0.41575655341148376 -0.39011803269386292 0.34342730045318604
938.92249999754131 -0.93971920013427734 0.59595537185668945 -0.085130944848060608 0.22023920714855194 -1.1723880767822266 0.43456974625587463 -0.64410018920898438 0.20139315724372864
1040.0205999966711 -0.84856599569320679 0.52884560823440552 -0.14620921015739441 0.13286897540092468 -1.0770819187164307 0.54692709445953369 -0.35937207937240601 0.12560774385929108
1140.941999996081 -0.95367193222045898 0.56304442882537842 -0.099273532629013062 0.14210014045238495 -1.0662111043930054 0.4031042754650116 -0.67434835433959961 0.12499526143074036
1239.2788999974728 -0.6665804386138916 0.56947988271713257 -0.013581059873104095 0.10425285995006561 -1.1863292455673218 0.35034704208374023 -0.9185670018196106 0.13507609069347382
1340.3293999973685 -0.085732236504554749 0.56976962089538574 0.52799534797668457 0.092257283627986908 -0.76607871055603027 0.16154798865318298 -0.55240386724472046 0.076211065053939819
1444.6533999983221 -0.11536447703838348 0.45625156164169312 0.78282594680786133 0.043602645397186279 0.36874696612358093 0.30361154675483704 0.51070421934127808 -0.013583026826381683
1552.70189999789 0.30335330963134766 0.47565522789955139 1.5485336780548096 0.092681489884853363 1.7040170431137085 0.45280337333679199 2.2005541324615479 -0.022497652098536491
1654.1179999988526 0.54348278045654297 0.50063031911849976 1.8588563203811646 0.12984743714332581 1.9334497451782227 0.51081657409667969 2.736457347869873 0.042192798107862473
1752.006099998951 0.52463072538375854 0.50790226459503174 1.6835345029830933 0.13160070776939392 1.8559746742248535 0.52104312181472778 2.6044375896453857 0.055517405271530151
1854.1240999959409 0.56935590505599976 0.49967586994171143 1.6038305759429932 0.12872970104217529 1.7873514890670776 0.51522862911224365 2.4894943237304688 0.06957930326461792
1953.0020999982953 0.53635978698730469 0.49740543961524963 1.4957295656204224 0.13473670184612274 1.7386285066604614 0.51184731721878052 2.3779661655426025 0.073518969118595123
