17.545300006866455 -0.79431045055389404 0.75801360607147217 0.68228161334991455 0.7517591118812561 -0.89559221267700195 1.1729106903076172 0.71847885847091675 1.1917672157287598
157.03460000455379 -0.79486584663391113 0.76703560352325439 0.64224797487258911 0.75683009624481201 -0.8625299334526062 1.1832089424133301 0.7166329026222229 1.193291187286377
306.55330000817776 -0.80174803733825684 0.76162552833557129 0.64981198310852051 0.75271070003509521 -0.88491940498352051 1.1788547039031982 0.68143415451049805 1.1900022029876709
445.93230001628399 -0.81495285034179688 0.76205331087112427 0.66115796566009521 0.75408297777175903 -0.87502902746200562 1.1731446981430054 0.71963763236999512 1.1904188394546509
579.67360000312328 -0.8528672456741333 0.77587252855300903 0.71482056379318237 0.73341315984725952 -0.86353343725204468 1.1689416170120239 0.88450855016708374 1.182674765586853
717.54569998383522 -0.72410237789154053 0.75220370292663574 0.87556576728820801 0.68818503618240356 -0.86565077304840088 1.0990623235702515 1.0314686298370361 1.0726288557052612
859.13990001380444 -0.62920373678207397 0.6223188042640686 0.91735219955444336 0.49322488903999329 -0.94268685579299927 0.79201704263687134 0.77621948719024658 0.67447876930236816
1030.9378000050783 -1.0998414754867554 0.76004016399383545 0.7851564884185791 0.30101978778839111 -1.7364249229431152 0.55966520309448242 -0.35699081420898438 0.14953324198722839
1211.6322000026703 -1.2665116786956787 0.74910622835159302 0.40429830551147461 0.24375605583190918 -1.5514152050018311 0.50016188621520996 -1.5968700647354126 0.071870729327201843
1391.6659000068903 -1.012598991394043 0.78500223159790039 0.094959013164043427 0.215229332447052 -1.2284963130950928 0.52733296155929565 -0.9393160343170166 0.14063115417957306
1563.6229999959469 -0.92841660976409912 0.7798195481300354 0.069315358996391296 0.19532926380634308 -1.2743268013000488 0.5542634129524231 -0.24074049293994904 0.087825365364551544
1731.2251000106335 -0.62729412317276001 0.74680233001708984 0.40388137102127075 0.22355885803699493 -1.0122404098510742 0.47774767875671387 -0.74822092056274414 0.15759387612342834
1894.6403000056744 0.16276781260967255 0.63497799634933472 0.91468673944473267 0.052169166505336761 0.31412482261657715 0.22257620096206665 0.36341127753257751 -0.017204185947775841
2028.6289999932051 0.56570631265640259 0.36691969633102417 1.2235432863235474 0.17445072531700134 2.1280777454376221 0.39204493165016174 2.3416860103607178 -0.011384814977645874
2162.0894999951124 0.75553244352340698 0.41431772708892822 2.0281651020050049 0.24520298838615417 2.5396213531494141 0.44550588726997375 3.2653849124908447 0.31589320302009583
2295.6391000002623 0.75825482606887817 0.40016737580299377 1.4361215829849243 0.24298883974552155 1.8503551483154297 0.46390995383262634 2.4185900688171387 0.25793534517288208
2440.1108999997377 0.74589520692825317 0.39636063575744629 1.3489999771118164 0.25043854117393494 1.8686014413833618 0.3513820469379425 1.8043376207351685 0.218878373503685
2578.1596999913454 0.75021916627883911 0.36653575301170349 1.3829964399337769 0.25939273834228516 1.9493340253829956 0.36287441849708557 1.9483224153518677 0.20704664289951324
2723.2800000011921 0.6789277195930481 0.38488450646400452 1.4784798622131348 0.25244879722595215 2.0096392631530762 0.32363048195838928 2.0053637027740479 0.20672562718391418
2857.5551999956369 0.9388740062713623 0.38005545735359192 1.7238626480102539 0.26419740915298462 2.4017431735992432 0.39147272706031799 2.4462184906005859 0.18563908338546753
2997.381099998951 0.79566580057144165 0.38413673639297485 1.4315067529678345 0.27708372473716736 2.033195972442627 0.32487663626670837 2.0655553340911865 0.19860516488552094
