75.58050000667572 -0.68045324087142944 0.70847022533416748 0.55213981866836548 0.6897161602973938 -0.67585480213165283 1.077149510383606 0.56037956476211548 1.0643744468688965
170.31310001015663 -0.70392698049545288 0.71185398101806641 0.56433320045471191 0.70330041646957397 -0.7025604248046875 1.0786862373352051 0.57382118701934814 1.0755648612976074
260.63910000026226 -0.70622938871383667 0.70427888631820679 0.53571832180023193 0.6945989727973938 -0.68488413095474243 1.0803738832473755 0.55822259187698364 1.0603466033935547
350.71769998967648 -0.69662117958068848 0.70462250709533691 0.54867404699325562 0.69093418121337891 -0.67006164789199829 1.0820660591125488 0.57118046283721924 1.0569419860839844
436.03180000185966 -0.70726948976516724 0.7063518762588501 0.59292328357696533 0.67602896690368652 -0.66831159591674805 1.0749415159225464 0.63121533393859863 1.0405895709991455
522.43999999761581 -0.69992589950561523 0.71047353744506836 0.67275005578994751 0.67271310091018677 -0.64633095264434814 1.0607846975326538 0.74107891321182251 1.0474115610122681
614.30079999566078 -0.70002657175064087 0.69993311166763306 0.78167474269866943 0.66398310661315918 -0.7109675407409668 1.0193041563034058 0.83369195461273193 1.0474114418029785
704.16670000553131 -0.71509158611297607 0.66055977344512939 0.86381411552429199 0.61618512868881226 -0.83609962463378906 0.92774498462677002 0.88026416301727295 0.96013176441192627
797.00280000269413 -0.79738903045654297 0.64605659246444702 0.85374552011489868 0.56633639335632324 -1.1100194454193115 0.88609802722930908 0.68102335929870605 0.88898217678070068
887.35809998214245 -0.80355256795883179 0.61194580793380737 0.51019692420959473 0.30675485730171204 -1.3488227128982544 0.74167239665985107 -0.0063803405500948429 0.43155822157859802
973.65029999613762 -0.84651106595993042 0.64342796802520752 0.18400843441486359 0.2863503098487854 -1.6228253841400146 0.68657970428466797 -0.45348256826400757 0.33883914351463318
1064.634299993515 -0.89833337068557739 0.66104298830032349 0.15296582877635956 0.12806318700313568 -1.7350120544433594 0.60110878944396973 -1.1920279264450073 0.04882914200425148
1152.3091000020504 -0.88785332441329956 0.71479946374893188 -0.32314038276672363 0.10397262126207352 -1.6307954788208008 0.54491496086120605 -1.3383913040161133 -0.0031398490536957979
1241.1252999901772 -0.6021122932434082 0.74225997924804688 -0.21863691508769989 0.083365917205810547 -1.2891076803207397 0.48311403393745422 -1.1752088069915771 -0.032702580094337463
1332.9184000045061 -0.68411481380462646 0.74775940179824829 -0.27144688367843628 0.10733456909656525 -1.2840797901153564 0.50897389650344849 -1.2367106676101685 -0.015599468722939491
1421.3103000074625 -0.51482075452804565 0.74646830558776855 -0.068733535706996918 0.074410177767276764 -1.0104138851165771 0.49585554003715515 -0.61087554693222046 -0.041262172162532806
1511.881500005722 -0.69613361358642578 0.7572789192199707 -0.17755791544914246 0.087290316820144653 -1.2507616281509399 0.53980904817581177 -0.4837048351764679 -0.039061654359102249
1597.9555999934673 -0.91491293907165527 0.73645961284637451 0.12593068182468414 0.11963377147912979 -1.4157371520996094 0.51304739713668823 -0.53405976295471191 -5.8899931900668889e-05
1689.6280000060797 -0.53176760673522949 0.7036023736000061 0.3268972635269165 0.10469649732112885 -1.0928634405136108 0.47011521458625793 -0.34439146518707275 0.068712383508682251
1785.4152999967337 -0.32513371109962463 0.6868593692779541 0.58769035339355469 0.008065463975071907 -0.81723296642303467 0.40588557720184326 -0.11704786121845245 -0.13114316761493683
1876.8925999999046 0.1201842725276947 0.5414581298828125 0.93877613544464111 -0.021429311484098434 0.0029688072390854359 0.26855060458183289 0.37424993515014648 -0.11796773970127106
1964.4088000059128 0.63391274213790894 0.45907264947891235 1.1535379886627197 0.28136149048805237 1.2526618242263794 0.24173763394355774 1.5004760026931763 0.013442154973745346
2055.3782000094652 0.63781559467315674 0.4121258556842804 1.7044662237167358 0.16290910542011261 1.9132578372955322 0.36284863948822021 2.4439792633056641 0.020692789927124977
