89.811600001528859 -0.76572883129119873 0.73779535293579102 0.57294517755508423 0.68134337663650513 -0.64299130439758301 1.0786658525466919 0.57173353433609009 1.0395748615264893
199.90489999949932 -0.7513696551322937 0.7396509051322937 0.58966875076293945 0.68047142028808594 -0.62254077196121216 1.0906329154968262 0.60213172435760498 1.0529822111129761
296.54760000109673 -0.7335847020149231 0.73987060785293579 0.60185784101486206 0.67205345630645752 -0.57050859928131104 1.0816947221755981 0.64607441425323486 1.0481674671173096
387.89269999973476 -0.64844810962677002 0.72742247581481934 0.71610832214355469 0.65848666429519653 -0.46394449472427368 1.0620225667953491 0.78615844249725342 1.0551789999008179
486.83070000074804 -0.62220734357833862 0.69830703735351563 0.81219172477722168 0.63822335004806519 -0.42787852883338928 1.0245488882064819 0.96009218692779541 1.0083842277526855
585.62260000221431 -0.70862346887588501 0.65522968769073486 0.77425563335418701 0.56781643629074097 -0.41492831707000732 0.95658349990844727 0.83775001764297485 0.89873200654983521
687.42200000211596 -0.71297603845596313 0.63494819402694702 0.69094640016555786 0.502899169921875 -0.62508696317672729 0.86537474393844604 0.67497432231903076 0.76813483238220215
780.41840000264347 -0.51050126552581787 0.61440384387969971 0.15454398095607758 0.35456264019012451 -1.0263744592666626 0.71729570627212524 -0.34438550472259521 0.43551307916641235
878.20990000292659 -0.63661539554595947 0.6661948561668396 -0.12131895124912262 0.24020425975322723 -1.3891037702560425 0.78923171758651733 -1.2708193063735962 0.26343947649002075
973.40310000069439 -0.56206560134887695 0.72524315118789673 -0.58875507116317749 0.15522785484790802 -1.6050956249237061 0.63948506116867065 -1.8646740913391113 0.14975729584693909
1069.0246999990195 -0.38161706924438477 0.77215790748596191 -0.36714357137680054 0.13067141175270081 -1.4856191873550415 0.63299304246902466 -1.860209584236145 0.082031495869159698
1168.9815000016242 -0.46416670083999634 0.82158833742141724 0.0032735795248299837 0.13452857732772827 -1.5217076539993286 0.65690845251083374 -1.3043715953826904 0.062105860561132431
1267.9150000009686 -0.49131423234939575 0.83834743499755859 0.0080421688035130501 0.14669659733772278 -1.5498696565628052 0.66721224784851074 -1.292715311050415 0.12109317630529404
1368.4660000018775 -0.74322640895843506 0.8051266074180603 -0.25950098037719727 0.17185394465923309 -2.021127462387085 0.69195246696472168 -1.3131639957427979 0.15798451006412506
1463.7171000018716 -0.47305190563201904 0.78994488716125488 0.22421237826347351 0.15201668441295624 -1.4613877534866333 0.69377487897872925 -1.0831763744354248 0.13843564689159393
1550.6987000014633 0.39498594403266907 0.71562230587005615 1.4687085151672363 0.018351394683122635 0.79123198986053467 0.61632621288299561 0.85006564855575562 -0.0831303671002388
1642.124500002712 0.39957565069198608 0.61659950017929077 1.2778748273849487 0.024553127586841583 1.146066427230835 0.61268562078475952 0.7914125919342041 0.030082235112786293
1738.518200000748 1.2624170780181885 0.58221715688705444 2.4623785018920898 0.10860192030668259 3.2620072364807129 0.58878666162490845 3.5520584583282471 0.036280941218137741
1833.087100001052 1.1073670387268066 0.53114193677902222 1.9931520223617554 0.17420230805873871 2.8176753520965576 0.56252902746200562 3.3396110534667969 0.12566669285297394
1928.2666000016034 0.74811500310897827 0.46820276975631714 1.4732933044433594 0.18903172016143799 2.2650148868560791 0.5124627947807312 2.2611930370330811 0.31669539213180542
2029.7026000022886 0.83920001983642578 0.4697234034538269 1.5684330463409424 0.20345726609230042 2.5846025943756104 0.52675729990005493 2.5138912200927734 0.30919951200485229
2124.2536999993026 0.87376081943511963 0.45790952444076538 1.4445104598999023 0.22213371098041534 2.9454121589660645 0.52851206064224243 2.5273158550262451 0.33416807651519775
2214.3473000004888 0.97508585453033447 0.45558193325996399 1.5504242181777954 0.25705593824386597 3.6859226226806641 0.53527498245239258 2.9851155281066895 0.36901247501373291
2311.6549999993294 1.3568732738494873 0.45528605580329895 2.0330591201782227 0.31066375970840454 4.881981372833252 0.52903622388839722 4.1220293045043945 0.41349825263023376
2405.1151000019163 1.4030426740646362 0.44799625873565674 2.3080654144287109 0.24364429712295532 5.2667112350463867 0.51379400491714478 4.4656863212585449 0.35550934076309204
2499.5459000021219 1.2116035223007202 0.45105740427970886 2.0079238414764404 0.26291421055793762 4.6615676879882813 0.52709692716598511 3.9820840358734131 0.35503175854682922
2600.1179000008851 1.1474498510360718 0.45226395130157471 1.7754791975021362 0.29669341444969177 4.2256464958190918 0.52862650156021118 3.5716397762298584 0.39326596260070801
2688.7601000014693 1.149649977684021 0.46223250031471252 1.6618062257766724 0.33121171593666077 4.203857421875 0.5331694483757019 3.4476370811462402 0.41763675212860107
2785.6096999999136 1.1469420194625854 0.46599730849266052 1.7274538278579712 0.30938199162483215 4.2028112411499023 0.54071968793869019 3.430715799331665 0.38679775595664978
2883.0770000014454 1.0089701414108276 0.46154320240020752 1.8542340993881226 0.44584733247756958 3.7014362812042236 0.53562259674072266 3.1973788738250732 0.44785672426223755
2973.7285000029951 0.76438635587692261 0.45696502923965454 1.0719045400619507 0.34368163347244263 2.7012875080108643 0.53640943765640259 2.2186262607574463 0.42160147428512573
