36.416400000452995 -0.71893817186355591 0.72327548265457153 0.57046723365783691 0.69928282499313354 -0.63681453466415405 1.0966604948043823 0.59339118003845215 1.0647890567779541
122.93310000002384 -0.7110028862953186 0.72474360466003418 0.57401740550994873 0.69862240552902222 -0.61673444509506226 1.0959906578063965 0.5967097282409668 1.0617755651473999
223.69370000064373 -0.71168750524520874 0.72570377588272095 0.60522949695587158 0.6963227391242981 -0.60766416788101196 1.0943711996078491 0.61662733554840088 1.057538628578186
317.33149999938905 -0.72385549545288086 0.71009600162506104 0.63024252653121948 0.69260847568511963 -0.59719806909561157 1.0843690633773804 0.68274021148681641 1.0558029413223267
407.74490000121295 -0.75255143642425537 0.67199432849884033 0.72132909297943115 0.69602769613265991 -0.51822179555892944 1.0701805353164673 0.78982478380203247 1.0588594675064087
503.37450000084937 -0.80493807792663574 0.66787821054458618 0.74553608894348145 0.68024760484695435 -0.60460752248764038 0.99649333953857422 0.79984021186828613 1.0008163452148438
594.01480000093579 -0.81605523824691772 0.63592988252639771 0.67830336093902588 0.61881303787231445 -0.63360089063644409 0.91687935590744019 0.75591194629669189 0.97195726633071899
686.6156999990344 -0.73741346597671509 0.53234630823135376 0.50932633876800537 0.39661476016044617 -1.0242698192596436 0.69403773546218872 -0.025717528536915779 0.63616377115249634
781.47399999946356 -0.64238280057907104 0.70733094215393066 0.026899570599198341 0.30080848932266235 -1.2997772693634033 0.67355495691299438 -1.0540810823440552 0.44266560673713684
883.14460000023246 -0.73564982414245605 0.63668602705001831 -0.30847576260566711 0.1581992506980896 -1.6013181209564209 0.44299513101577759 -1.5296366214752197 0.069910347461700439
978.33880000188947 -0.76843547821044922 0.70613706111907959 -0.48338580131530762 0.11789947748184204 -1.5172669887542725 0.4493032693862915 -1.6646474599838257 -0.02831416018307209
1070.4940000008792 -0.78622215986251831 0.72105473279953003 -0.18031033873558044 0.10930106043815613 -1.4847443103790283 0.4768105149269104 -1.2404885292053223 -0.021634506061673164
1168.4812999982387 -0.73557555675506592 0.7630760669708252 0.26368159055709839 0.1099572479724884 -1.7088226079940796 0.5299573540687561 -1.0683274269104004 0.072968415915966034
1258.240700000897 -0.18346609175205231 0.80418020486831665 0.6383325457572937 0.10651641339063644 -1.2187848091125488 0.58274322748184204 -0.80861228704452515 0.068644687533378601
1354.646099999547 0.1363576203584671 0.63825505971908569 0.82629477977752686 0.085005395114421844 -0.32409101724624634 0.46145474910736084 -0.56555193662643433 0.071067094802856445
1453.4868000019342 1.256139874458313 0.54295361042022705 1.1027979850769043 0.12958885729312897 2.242192268371582 0.35250833630561829 1.9103460311889648 -0.028215337544679642
1545.5623000003397 1.3219281435012817 0.39517343044281006 1.794873833656311 0.16111856698989868 2.991755485534668 0.14214842021465302 3.2964107990264893 0.021320821717381477
1636.4595999997109 1.0745128393173218 0.37449684739112854 1.7919994592666626 0.14541514217853546 2.6100482940673828 0.3688521683216095 3.4318747520446777 0.09845501184463501
1726.9959999993443 1.1878081560134888 0.38183280825614929 1.6817295551300049 0.11637776345014572 3.217857837677002 0.40612247586250305 3.2854776382446289 0.033033564686775208
1821.7251999992877 4.1918811798095703 0.40653353929519653 3.6676602363586426 0.08772365003824234 8.6198501586914063 0.41908401250839233 7.5307106971740723 0.0098513560369610786
1920.2258999999613 7.2500996589660645 0.40470737218856812 5.765345573425293 0.098406068980693817 15.50574779510498 0.40938171744346619 13.576988220214844 0.02696867473423481
