54.78380000218749 -0.74957960844039917 0.68632388114929199 0.6592828631401062 0.7025991678237915 -0.64482516050338745 1.0600067377090454 0.59757375717163086 1.0374717712402344
152.70490000024438 -0.73891127109527588 0.69324445724487305 0.67118775844573975 0.70344012975692749 -0.63941913843154907 1.0664321184158325 0.60519683361053467 1.0399799346923828
250.32740000262856 -0.71201592683792114 0.69508188962936401 0.66881692409515381 0.70399457216262817 -0.62005752325057983 1.0702520608901978 0.64707726240158081 1.0436140298843384
352.73570000007749 -0.70479464530944824 0.6768152117729187 0.69854205846786499 0.7063329815864563 -0.58506500720977783 1.0398874282836914 0.59417039155960083 1.0181719064712524
444.60089999809861 -0.7095150351524353 0.65549051761627197 0.7026706337928772 0.69414931535720825 -0.59333443641662598 1.0086957216262817 0.51076662540435791 1.024815559387207
543.8116000033915 -0.67753219604492188 0.60664606094360352 0.67039161920547485 0.62875556945800781 -0.78290659189224243 0.94188410043716431 0.31693056225776672 0.87426316738128662
632.05620000138879 -0.58987611532211304 0.63053548336029053 0.50029176473617554 0.60566031932830811 -0.90787196159362793 0.90366286039352417 0.012319645844399929 0.77407675981521606
729.88760000094771 -0.60659408569335938 0.60441088676452637 0.28110527992248535 0.36853894591331482 -1.3318585157394409 0.76569503545761108 -0.79122978448867798 0.61152189970016479
823.85679999738932 -0.89118784666061401 0.60056263208389282 -0.0017296867445111275 0.27882716059684753 -1.6119393110275269 0.64841270446777344 -1.4160147905349731 0.34788984060287476
913.08140000328422 -0.74397373199462891 0.65048867464065552 0.008211405947804451 0.17617012560367584 -1.6878666877746582 0.50679177045822144 -0.63209336996078491 0.1239573135972023
1005.742800001055 -0.80853760242462158 0.65731054544448853 -0.18762974441051483 0.1498464047908783 -1.7703919410705566 0.5154229998588562 -1.4712232351303101 0.12444566190242767
1097.5791999995708 -0.80113178491592407 0.67553150653839111 0.010291047394275665 0.14798037707805634 -1.5135700702667236 0.54684281349182129 -0.65626156330108643 0.064278990030288696
1187.3623999990523 -0.8211933970451355 0.66849738359451294 0.11680714040994644 0.13891834020614624 -1.4818724393844604 0.55931711196899414 -0.66659575700759888 0.044619511812925339
1282.9438000023365 -0.90102624893188477 0.68229794502258301 0.17712806165218353 0.13217516243457794 -1.4986801147460938 0.5888211727142334 -0.52456122636795044 0.053070679306983948
1375.9375000037253 -0.79332113265991211 0.74836283922195435 0.23766522109508514 0.14112675189971924 -1.6003525257110596 0.66249406337738037 -0.50374788045883179 0.061803702265024185
1458.6457000002265 -0.49566459655761719 0.75179386138916016 0.34659644961357117 0.13216482102870941 -1.8319605588912964 0.82809334993362427 -0.53169333934783936 0.067057862877845764
1564.076200004667 -0.10592010617256165 0.75303220748901367 0.7381780743598938 0.14213567972183228 -0.80079358816146851 0.72009825706481934 -0.23383539915084839 0.15070220828056335
1660.4825000017881 0.047409694641828537 0.6627468466758728 1.5227324962615967 0.157599076628685 0.52822858095169067 0.67917126417160034 0.92004102468490601 0.087584584951400757
1755.4897000007331 0.86543357372283936 0.54568928480148315 1.6633753776550293 0.16620002686977386 2.4417743682861328 0.58497869968414307 2.7934565544128418 0.11912310868501663
1857.282600004226 0.89153438806533813 0.51053178310394287 1.9113647937774658 0.1749265193939209 2.8728501796722412 0.53497445583343506 3.2276046276092529 0.12319234013557434
1958.7127000056207 1.0516254901885986 0.57065093517303467 1.5766620635986328 0.2029544860124588 2.8403167724609375 0.51126295328140259 2.8738465309143066 0.14312396943569183
