79.755300000309944 -0.91155880689620972 0.66756242513656616 0.12131822854280472 0.25856101512908936 -1.3839504718780518 0.49152588844299316 -1.0975254774093628 0.2315889298915863
170.36389999836683 -0.97104537487030029 0.66061133146286011 -0.0079372785985469818 0.25757619738578796 -1.4842821359634399 0.48553639650344849 -1.3264174461364746 0.21955160796642303
265.4822999984026 -0.98991918563842773 0.66277754306793213 0.022004334256052971 0.2336679995059967 -1.467332124710083 0.46425443887710571 -1.3004986047744751 0.20340575277805328
363.91210000216961 -0.97535872459411621 0.67082041501998901 0.067366816103458405 0.22948424518108368 -1.4272154569625854 0.4536404013633728 -1.2205731868743896 0.20931696891784668
466.90590000152588 -0.99891519546508789 0.68346399068832397 -0.11376359313726425 0.21491140127182007 -1.4770885705947876 0.47652131319046021 -1.3316088914871216 0.23952396214008331
561.99879999831319 -1.0263890027999878 0.66095328330993652 0.024700185284018517 0.19990032911300659 -1.5612162351608276 0.4162294864654541 -1.3909165859222412 0.22394007444381714
660.61370000243187 -0.99212872982025146 0.68314224481582642 0.16024242341518402 0.20822460949420929 -1.6038975715637207 0.41936525702476501 -1.3517111539840698 0.22235679626464844
762.24899999797344 -1.023926854133606 0.68808937072753906 0.21272753179073334 0.2016851007938385 -1.8127262592315674 0.42975315451622009 -1.4395267963409424 0.19634975492954254
860.80810000374913 -0.9867597222328186 0.7630428671836853 0.20811215043067932 0.15900377929210663 -1.9669092893600464 0.74043440818786621 -0.5755767822265625 0.16802750527858734
954.62470000237226 -0.84998917579650879 0.76305413246154785 0.24312444031238556 0.22080522775650024 -1.7971718311309814 0.73354071378707886 -0.68764650821685791 0.16103683412075043
1055.6673000007868 -0.36693683266639709 0.76102185249328613 0.70467829704284668 0.17093974351882935 -0.99560767412185669 0.74473351240158081 -0.24495473504066467 0.18380957841873169
1140.3579999990761 0.40619832277297974 0.69504404067993164 1.6152224540710449 0.15973995625972748 1.3736157417297363 0.62056034803390503 1.8125666379928589 0.17238409817218781
1242.3737999983132 0.99204736948013306 0.55214464664459229 2.2762315273284912 0.14526388049125671 3.1533071994781494 0.62234985828399658 3.6869723796844482 0.1629251092672348
1338.8535999991 1.5006693601608276 0.4988899827003479 2.6575570106506348 0.13844850659370422 3.4113447666168213 0.58136671781539917 4.3190855979919434 0.17416083812713623
1437.9316000007093 1.0374821424484253 0.52903145551681519 1.8078716993331909 0.17189416289329529 2.6265513896942139 0.59866195917129517 3.0220489501953125 0.16744443774223328
1534.8013000003994 1.0581585168838501 0.55702555179595947 1.9233342409133911 0.21287308633327484 2.8189170360565186 0.61456835269927979 3.3361890316009521 0.16949386894702911
1630.852300003171 0.92880576848983765 0.54518818855285645 1.9881341457366943 0.20894074440002441 2.7468836307525635 0.59527993202209473 3.4106400012969971 0.18377046287059784
1735.2606000043452 0.79438686370849609 0.55740094184875488 1.7431902885437012 0.21737313270568848 2.4308710098266602 0.60661739110946655 2.9688727855682373 0.21383650600910187
1836.5339000038803 0.88130420446395874 0.54899752140045166 1.764472484588623 0.20714275538921356 2.7077281475067139 0.60945165157318115 3.2247531414031982 0.2075916975736618
1927.7948000021279 0.87841862440109253 0.54701954126358032 1.756740927696228 0.2108912318944931 2.5801119804382324 0.58992213010787964 3.1284432411193848 0.23141491413116455
2018.4681000038979 0.83117896318435669 0.54980999231338501 1.6700700521469116 0.20564417541027069 2.5476019382476807 0.59605669975280762 2.9873452186584473 0.22542943060398102
