16.380799999460578 -0.77539622783660889 0.72191929817199707 0.52480477094650269 0.70626074075698853 -0.68445217609405518 1.0914182662963867 0.59271067380905151 1.0658546686172485
106.82479999959469 -0.78355127573013306 0.72183883190155029 0.52388209104537964 0.70865094661712646 -0.68812888860702515 1.094127893447876 0.59168541431427002 1.0641182661056519
201.14890000037849 -0.79144895076751709 0.73551428318023682 0.51492077112197876 0.70618677139282227 -0.67589682340621948 1.1008028984069824 0.58462297916412354 1.0596719980239868
293.77869999781251 -0.79054641723632813 0.73699468374252319 0.50714361667633057 0.70224285125732422 -0.67612868547439575 1.0989015102386475 0.5832287073135376 1.0516996383666992
392.53259999863803 -0.76677799224853516 0.71938842535018921 0.56822705268859863 0.6996123194694519 -0.61267900466918945 1.080397367477417 0.62712347507476807 1.0295248031616211
484.87299999967217 -0.83092939853668213 0.68888139724731445 0.68803036212921143 0.69835376739501953 -0.61585652828216553 1.041107177734375 0.71831411123275757 1.0291227102279663
574.27979999966919 -0.85229617357254028 0.65608173608779907 0.67908561229705811 0.63504600524902344 -0.65248274803161621 0.94919633865356445 0.75978398323059082 0.9926714301109314
671.29909999854863 -0.89106535911560059 0.60309582948684692 0.73346656560897827 0.61118745803833008 -0.8371661901473999 0.86114007234573364 0.68342351913452148 0.95475590229034424
760.36659999936819 -0.81958198547363281 0.58455377817153931 0.43247631192207336 0.44318869709968567 -1.2745144367218018 0.68784618377685547 -0.17504698038101196 0.6913483738899231
853.89870000071824 -0.73514324426651001 0.67692774534225464 -0.21675494313240051 0.32504186034202576 -1.4325501918792725 0.52555263042449951 -1.366985559463501 0.3500637412071228
944.22440000064671 -0.824474036693573 0.64316022396087646 -0.7175028920173645 0.13233080506324768 -1.8321326971054077 0.4008815586566925 -1.9997214078903198 0.033903267234563828
1039.4093000013381 -0.8871225118637085 0.65203875303268433 -0.7235674262046814 0.14422491192817688 -1.7560614347457886 0.42412221431732178 -1.9342802762985229 0.0088830646127462387
1129.5247000008821 -0.88530224561691284 0.65597301721572876 -0.43002417683601379 0.15837562084197998 -1.501847505569458 0.42541420459747314 -1.4162875413894653 0.038205962628126144
1222.7420999985188 -0.90678846836090088 0.74196153879165649 0.060865767300128937 0.15541590750217438 -1.5311617851257324 0.53572744131088257 -1.1983515024185181 0.17678894102573395
1311.2165999989957 -0.45834371447563171 0.7909199595451355 0.41218751668930054 0.14126259088516235 -1.5098021030426025 0.58146673440933228 -0.43994200229644775 0.14578740298748016
1401.8127999994904 0.065192036330699921 0.76046848297119141 0.75660794973373413 0.10532251000404358 -0.73963427543640137 0.44667443633079529 -0.25395280122756958 0.12190850079059601
1491.8788000009954 -0.49944210052490234 0.38618490099906921 0.72451156377792358 0.10677136480808258 -0.70765006542205811 0.24277624487876892 -0.53520405292510986 0.274924635887146
1579.9743000008166 1.8312652111053467 0.48383912444114685 1.4734760522842407 0.17018261551856995 3.5256137847900391 0.35030955076217651 2.9885499477386475 0.042789164930582047
1674.7188000008464 1.5019402503967285 0.30937156081199646 1.9240100383758545 0.15196536481380463 3.535693883895874 0.085393831133842468 3.6762878894805908 0.15172164142131805
1765.8809999991208 1.9626095294952393 0.33346620202064514 2.1337215900421143 0.18825964629650116 4.4075016975402832 0.19403187930583954 4.0919737815856934 0.11006350815296173
1860.7953000012785 2.1720895767211914 0.35060542821884155 2.0384521484375 0.16206297278404236 4.4777636528015137 0.32092833518981934 4.6438641548156738 0.09117414802312851
1950.1718999985605 6.1128873825073242 0.33137467503547668 4.6406102180480957 0.24292154610157013 10.56174373626709 0.28498801589012146 8.7851018905639648 0.29458898305892944
