63.225300000980489 -0.68606799840927124 0.72966581583023071 0.61357367038726807 0.69074273109436035 -0.59687674045562744 1.0860651731491089 0.59399229288101196 1.0768613815307617
161.0304000005126 -0.70783329010009766 0.73076426982879639 0.64703148603439331 0.68218320608139038 -0.60673081874847412 1.0817850828170776 0.58254873752593994 1.0539547204971313
259.41330000013113 -0.6690514087677002 0.72560739517211914 0.69005006551742554 0.66451340913772583 -0.55939584970474243 1.080469012260437 0.65541499853134155 1.0249124765396118
357.83270000107586 -0.63185811042785645 0.72245025634765625 0.75519412755966187 0.67544978857040405 -0.53505587577819824 1.0812218189239502 0.73472487926483154 1.0454021692276001
463.7839999999851 -0.69413197040557861 0.67297238111495972 0.79904437065124512 0.66002130508422852 -0.53168052434921265 1.0394763946533203 0.84845161437988281 1.0190885066986084
558.28240000084043 -0.69296544790267944 0.66281628608703613 0.80379664897918701 0.64076071977615356 -0.58141034841537476 1.0127233266830444 0.85959523916244507 0.98293310403823853
645.37379999831319 -0.62247371673583984 0.6087457537651062 0.64207887649536133 0.50542992353439331 -0.80167973041534424 0.86259150505065918 0.5237652063369751 0.78689414262771606
747.51549999974668 -0.62161213159561157 0.6716192364692688 0.31175985932350159 0.36026477813720703 -1.3845334053039551 0.82176738977432251 -0.31003415584564209 0.45298147201538086
843.05030000023544 -0.70696896314620972 0.63782322406768799 -0.20775561034679413 0.19082078337669373 -1.4878054857254028 0.73888415098190308 -1.3789693117141724 0.16986848413944244
936.90579999983311 -0.46746250987052917 0.71699470281600952 -0.31913435459136963 0.1282978355884552 -1.5101543664932251 0.67857569456100464 -1.911632776260376 0.073620326817035675
1028.635399999097 -0.52685099840164185 0.77303415536880493 -0.401804119348526 0.14032295346260071 -1.504844069480896 0.63380980491638184 -1.8333542346954346 0.07190936803817749
1127.4589000009 -0.45666083693504333 0.78058934211730957 -0.12573005259037018 0.15178188681602478 -1.3761342763900757 0.63904374837875366 -1.4410679340362549 0.095001392066478729
1229.9925999995321 -0.72725343704223633 0.8175274133682251 0.25921425223350525 0.18535543978214264 -1.8719112873077393 0.72849369049072266 -1.3984957933425903 0.1599576324224472
1328.6932999994606 -0.59110516309738159 0.79503911733627319 0.17948910593986511 0.167446568608284 -1.5663158893585205 0.72525006532669067 -1.0298929214477539 0.14952629804611206
1419.5382000021636 -0.62675386667251587 0.78566509485244751 0.271384596824646 0.10644516348838806 -1.6548395156860352 0.68727296590805054 -1.1784737110137939 0.1243269145488739
1513.6825000010431 -0.10814292728900909 0.78418213129043579 0.82812070846557617 0.16084608435630798 -0.17761236429214478 0.64198321104049683 0.19557985663414001 0.041574567556381226
1607.7972999997437 0.37155908346176147 0.6882927417755127 1.0641775131225586 0.12273925542831421 1.3582850694656372 0.61456632614135742 1.5247151851654053 0.019780740141868591
1711.5756000000983 1.639540433883667 0.45959383249282837 2.4932732582092285 0.16700288653373718 4.3607797622680664 0.42923232913017273 4.4581866264343262 0.071958228945732117
1803.9032000005245 1.6990102529525757 0.41214734315872192 2.1046044826507568 0.22397495806217194 3.5390417575836182 0.43048465251922607 3.7631545066833496 0.16924344003200531
1893.3681000005454 1.880109429359436 0.4377906322479248 1.6706979274749756 0.18940466642379761 4.0152034759521484 0.44385349750518799 3.8703699111938477 0.2069113552570343
1992.9904999993742 8.9530706405639648 0.44369667768478394 6.3421287536621094 0.14847828447818756 17.90789794921875 0.44350641965866089 16.990987777709961 0.16977232694625854
