20.036800000816584 -0.76352381706237793 0.67471539974212646 0.57509756088256836 0.67946046590805054 -0.72126340866088867 1.0289993286132813 0.56769800186157227 1.0019205808639526
108.07130000181496 -0.74673992395401001 0.67121362686157227 0.56728219985961914 0.67268866300582886 -0.70191526412963867 1.0215318202972412 0.55327862501144409 0.98899155855178833
195.93649999983609 -0.71893638372421265 0.66406410932540894 0.61930745840072632 0.66690731048583984 -0.66297930479049683 1.0160777568817139 0.59047842025756836 0.98294824361801147
281.75259999930859 -0.72601830959320068 0.65716087818145752 0.67522454261779785 0.65507948398590088 -0.66167747974395752 1.0050554275512695 0.67631632089614868 0.99490660429000854
377.04360000230372 -0.69928056001663208 0.65845036506652832 0.77248251438140869 0.64666885137557983 -0.61208170652389526 0.99428713321685791 0.74627488851547241 1.0066415071487427
467.85130000114441 -0.65555161237716675 0.67103761434555054 0.90441668033599854 0.60124325752258301 -0.53448843955993652 0.98461383581161499 0.95438081026077271 0.93443673849105835
558.2010000012815 -0.60537678003311157 0.61467611789703369 0.959023118019104 0.46852633357048035 -0.70718389749526978 0.82143241167068481 0.85551303625106812 0.74537336826324463
648.60410000197589 -0.60027790069580078 0.67025351524353027 0.84627789258956909 0.34546297788619995 -0.95600652694702148 0.73433685302734375 0.55181628465652466 0.52336037158966064
739.77000000141561 -0.66132670640945435 0.73919028043746948 0.68507927656173706 0.27247652411460876 -1.2622020244598389 0.6119505763053894 -0.044842544943094254 0.29202643036842346
832.58110000006855 -0.4991639256477356 0.67953836917877197 0.53728479146957397 0.13400411605834961 -1.167948842048645 0.51544374227523804 -0.75041055679321289 0.035541724413633347
916.79470000229776 -0.53896421194076538 0.71658927202224731 0.24168471992015839 0.16270835697650909 -1.1751343011856079 0.50878429412841797 -0.66196966171264648 -0.012018219567835331
1005.0114000029862 -0.7066570520401001 0.69691532850265503 0.12962853908538818 0.15839438140392303 -1.1958023309707642 0.48577159643173218 -0.53268814086914063 0.030699543654918671
1085.7818999998271 -0.61630517244338989 0.6904030442237854 0.25330385565757751 0.11589886993169785 -0.99718457460403442 0.46166056394577026 -0.28997159004211426 -0.0061403601430356503
1173.7393000014126 -0.182326540350914 0.74423730373382568 0.46035876870155334 0.12805183231830597 -0.64861202239990234 0.43889063596725464 -0.12201118469238281 -0.00019449101819191128
1259.7647000011057 0.20542299747467041 0.74114584922790527 0.65290218591690063 0.080842092633247375 -0.6694754958152771 0.33617973327636719 -0.2545696496963501 -0.071268729865550995
1349.4096000008285 0.76483249664306641 0.60493195056915283 1.4425818920135498 0.026735851541161537 0.54815477132797241 0.23914892971515656 0.65111619234085083 -0.0065666874870657921
1440.8586999997497 0.74389451742172241 0.50065016746520996 1.8099576234817505 0.13935193419456482 2.073488712310791 0.4226381778717041 2.2991209030151367 0.029219904914498329
1532.853900000453 0.87895345687866211 0.46404996514320374 1.939630389213562 0.15655583143234253 2.4534142017364502 0.44015061855316162 3.0273630619049072 0.09115610271692276
1623.3370000012219 1.052115797996521 0.52968871593475342 2.2919678688049316 0.16165949404239655 2.6618578433990479 0.50892347097396851 3.4811513423919678 0.13497430086135864
1716.8126000016928 0.97418081760406494 0.53998178243637085 2.176804780960083 0.17432315647602081 2.6886482238769531 0.52966231107711792 3.3765368461608887 0.15615537762641907
1810.3692000005394 0.74908894300460815 0.53816437721252441 2.0943043231964111 0.19863714277744293 2.5256500244140625 0.55080485343933105 3.3249428272247314 0.15866672992706299
1898.5252000018954 0.54453837871551514 0.50714069604873657 1.573560357093811 0.23554080724716187 1.8428092002868652 0.57490962743759155 2.5278112888336182 0.12899139523506165
1986.3205000013113 0.50853598117828369 0.52212142944335938 1.505219578742981 0.24871504306793213 1.6530197858810425 0.56665986776351929 2.5957350730895996 0.15817955136299133
