18.278200000524521 -0.82150101661682129 0.72792768478393555 0.52871567010879517 0.66508513689041138 -0.65775638818740845 1.0660518407821655 0.54936200380325317 1.0323123931884766
109.0700999982655 -0.80215758085250854 0.72398704290390015 0.52206641435623169 0.664722740650177 -0.63732701539993286 1.0624057054519653 0.5414549708366394 1.0314651727676392
205.79100000113249 -0.79659402370452881 0.73438912630081177 0.5314905047416687 0.66634941101074219 -0.63511890172958374 1.0661879777908325 0.55897295475006104 1.0333601236343384
303.73929999954998 -0.78461182117462158 0.7284541130065918 0.54334819316864014 0.67003029584884644 -0.62418276071548462 1.0615302324295044 0.60280418395996094 1.0383166074752808
392.13120000064373 -0.75367552042007446 0.71253401041030884 0.57911556959152222 0.6618381142616272 -0.59159266948699951 1.0569421052932739 0.65688210725784302 1.0446803569793701
492.01199999824166 -0.75627529621124268 0.68199551105499268 0.70444583892822266 0.62830841541290283 -0.57828199863433838 1.0475715398788452 0.84674650430679321 0.99790298938751221
592.1191000007093 -0.81039589643478394 0.65471810102462769 0.78680717945098877 0.64309954643249512 -0.66192060708999634 1.0272747278213501 0.95287954807281494 1.0204721689224243
694.25980000011623 -0.83831906318664551 0.63183134794235229 0.78537541627883911 0.62816578149795532 -0.90154850482940674 0.95856887102127075 0.90187257528305054 0.97518801689147949
782.75029999949038 -0.73175328969955444 0.58510404825210571 0.74383723735809326 0.53092002868652344 -1.0322188138961792 0.79294192790985107 0.69320112466812134 0.79559189081192017
875.708599999547 -0.71934878826141357 0.5987541675567627 0.497476726770401 0.41794386506080627 -1.3257952928543091 0.70537358522415161 0.035138089209794998 0.53773319721221924
971.39959999918938 -0.83199006319046021 0.62913936376571655 0.33833268284797668 0.36123129725456238 -1.5434807538986206 0.66619318723678589 -0.45298948884010315 0.38330203294754028
1061.6175999995321 -0.67981058359146118 0.67758411169052124 -0.14544300734996796 0.17361731827259064 -1.4340212345123291 0.53160607814788818 -0.93615114688873291 0.1098492369055748
1155.9589000009 -0.71431189775466919 0.71189427375793457 -0.078149750828742981 0.15709204971790314 -1.6038068532943726 0.54303038120269775 -1.5405704975128174 0.11763013899326324
1251.7949999999255 -0.58825308084487915 0.73520940542221069 -0.28965744376182556 0.17446084320545197 -1.5225467681884766 0.57978188991546631 -1.4870253801345825 0.12018278241157532
1347.6794999986887 -0.54959005117416382 0.82116925716400146 -0.23746676743030548 0.17863208055496216 -1.4316028356552124 0.70333832502365112 -1.3268494606018066 0.15881133079528809
1440.9614000003785 -0.53244483470916748 0.82994812726974487 0.26778614521026611 0.16768728196620941 -1.4503778219223022 0.70627570152282715 -0.99319112300872803 0.18200717866420746
1537.5676000006497 -0.39581170678138733 0.84526991844177246 0.22595204412937164 0.14587722718715668 -1.2211272716522217 0.7101672887802124 -0.81282871961593628 0.2035558819770813
1625.9713000003248 -0.018253263086080551 0.805930495262146 0.8733178973197937 0.18619425594806671 -0.57285124063491821 0.59463506937026978 -0.20918047428131104 0.086489036679267883
1719.6942999996245 -0.21265536546707153 0.66108202934265137 0.84571331739425659 0.13663457334041595 -0.044858954846858978 0.5350005030632019 0.13248217105865479 0.04513152688741684
1815.5197999998927 0.41547977924346924 0.71502411365509033 1.2706707715988159 0.17763666808605194 1.5425478219985962 0.64035910367965698 1.334277868270874 0.083508044481277466
1914.96259999834 1.5953893661499023 0.58823436498641968 2.7558727264404297 0.18256337940692902 4.5898609161376953 0.59027266502380371 4.8341512680053711 0.11134982854127884
2004.4830999989063 1.1512089967727661 0.47236880660057068 1.7814618349075317 0.19500839710235596 2.9678034782409668 0.54088914394378662 3.2542407512664795 0.13022042810916901
2100.5545999985188 0.89426636695861816 0.46705234050750732 1.2843285799026489 0.21322764456272125 2.8569791316986084 0.52772867679595947 2.6036617755889893 0.31369596719741821
2202.2763000000268 1.3949296474456787 0.45583429932594299 1.9275299310684204 0.20545956492424011 4.6530628204345703 0.52030819654464722 4.1210818290710449 0.32130956649780273
2297.6948999986053 1.9517557621002197 0.46538591384887695 1.7877887487411499 0.27969101071357727 6.8717541694641113 0.54689866304397583 5.3339252471923828 0.31723350286483765
2392.0473999995738 4.5602884292602539 0.46329608559608459 3.6992859840393066 0.2650395929813385 14.445931434631348 0.55295205116271973 10.827981948852539 0.29423826932907104
2486.2749999985099 5.7106533050537109 0.46692922711372375 4.5390071868896484 0.28748714923858643 18.425178527832031 0.55578237771987915 12.836183547973633 0.29403987526893616
2585.611099999398 3.2770857810974121 0.46405085921287537 3.2310845851898193 0.31266549229621887 12.548584938049316 0.56112754344940186 9.0255966186523438 0.32408216595649719
2683.9517999999225 2.5465795993804932 0.46528354287147522 2.6570825576782227 0.30135396122932434 10.446352958679199 0.55867671966552734 7.6012296676635742 0.32209032773971558
2778.4069999996573 2.1914362907409668 0.46516937017440796 2.3736672401428223 0.28639906644821167 9.5980701446533203 0.56327074766159058 7.1441302299499512 0.3240719735622406
2866.5169999990612 1.8582783937454224 0.46297711133956909 2.2448685169219971 0.25036442279815674 8.8237705230712891 0.55858063697814941 7.0120978355407715 0.30923143029212952
2961.3543999996036 2.1270480155944824 0.46631121635437012 2.7261183261871338 0.26386576890945435 10.001797676086426 0.55625456571578979 7.9307770729064941 0.32471057772636414
