9.801299998536706 -0.74113655090332031 0.67582935094833374 0.59993404150009155 0.6889578104019165 -0.69971460103988647 1.0682681798934937 0.57452905178070068 1.0770686864852905
111.60900000110269 -0.74524402618408203 0.68877047300338745 0.5882333517074585 0.70247411727905273 -0.69462734460830688 1.0802297592163086 0.56624168157577515 1.0927897691726685
202.88519999757409 -0.73907184600830078 0.70196789503097534 0.57736104726791382 0.71272212266921997 -0.68278580904006958 1.0863581895828247 0.56526315212249756 1.0933939218521118
290.71299999952316 -0.74548584222793579 0.71160370111465454 0.57139921188354492 0.71493607759475708 -0.70491325855255127 1.0769133567810059 0.56449258327484131 1.0910354852676392
387.73499999940395 -0.75248098373413086 0.70696413516998291 0.58190304040908813 0.71698880195617676 -0.70424157381057739 1.0696049928665161 0.56488686800003052 1.0897924900054932
483.18089999817312 -0.81600898504257202 0.6678917407989502 0.62045109272003174 0.67532885074615479 -0.70726168155670166 1.0669407844543457 0.58391189575195313 1.0737015008926392
573.50980000011623 -0.93396759033203125 0.64738118648529053 0.75670289993286133 0.68943667411804199 -0.75479918718338013 0.95297616720199585 0.42639759182929993 0.96013116836547852
665.38440000079572 -0.95709991455078125 0.58436983823776245 0.75517457723617554 0.63371390104293823 -0.86045795679092407 0.89834684133529663 0.22737023234367371 0.81260311603546143
772.01939999870956 -0.91057270765304565 0.51320093870162964 0.61985141038894653 0.55230426788330078 -1.0900427103042603 0.70459049940109253 -0.096736937761306763 0.68618470430374146
867.83639999851584 -0.84685212373733521 0.54916524887084961 -0.058525782078504562 0.37760737538337708 -1.3994125127792358 0.49023547768592834 -0.94775879383087158 0.42445081472396851
953.27020000293851 -1.0210174322128296 0.54035830497741699 -0.46791291236877441 0.25601080060005188 -1.662358283996582 0.36164382100105286 -1.2883707284927368 0.21888907253742218
1041.0905999988317 -1.1686109304428101 0.51838260889053345 -0.45527058839797974 0.16764312982559204 -1.8897076845169067 0.34367647767066956 -1.3578932285308838 0.14202278852462769
1137.2163999993354 -1.1839556694030762 0.52113014459609985 -0.83946514129638672 0.19764590263366699 -1.8210431337356567 0.3135170042514801 -1.7612893581390381 0.15518546104431152
1237.8924000002444 -0.74035245180130005 0.62416255474090576 -0.92497241497039795 0.4806048572063446 -1.6297906637191772 0.50191408395767212 -1.8994282484054565 0.31510058045387268
1323.9483000002801 -1.11734938621521 0.62808561325073242 -0.27373811602592468 0.083003856241703033 -1.9988631010055542 0.47957921028137207 -1.5075645446777344 0.15498754382133484
1419.927899999544 -1.291749119758606 0.72462081909179688 -0.16358943283557892 0.12620103359222412 -2.1485192775726318 0.5108979344367981 -1.6675831079483032 0.21433903276920319
1509.2030999995768 -1.0723502635955811 0.73325955867767334 0.020556459203362465 0.10626116394996643 -2.0042426586151123 0.54264217615127563 -1.4274418354034424 0.17116248607635498
1608.0188999995589 -0.61320430040359497 0.76542532444000244 0.68068188428878784 0.068644531071186066 -1.5761106014251709 0.51917862892150879 -0.57667076587677002 0.039641398936510086
1701.2045999988914 0.44952446222305298 0.74335908889770508 1.5744829177856445 0.087334096431732178 -0.090927772223949432 0.46257826685905457 0.98528969287872314 -0.00092180300271138549
1795.6025999989361 1.2445968389511108 0.58727318048477173 1.6917320489883423 0.14443549513816833 2.5480551719665527 0.39776474237442017 2.5159251689910889 0.051226027309894562
1885.1962999980897 1.519681453704834 0.43698972463607788 1.898207426071167 0.17341676354408264 3.6495876312255859 0.41331824660301208 3.4998877048492432 0.10446696728467941
1974.8990999981761 1.6525958776473999 0.33996215462684631 1.8316725492477417 0.15885235369205475 3.8866429328918457 0.4328574538230896 3.6672892570495605 0.16332347691059113
