84.94820000231266 -0.76359277963638306 0.6885417103767395 0.57235264778137207 0.66667824983596802 -0.71255350112915039 1.054140567779541 0.58255791664123535 1.046320915222168
179.24250000156462 -0.75228232145309448 0.68384522199630737 0.58525818586349487 0.65742707252502441 -0.71275317668914795 1.0563565492630005 0.60476893186569214 1.0371347665786743
283.17760000005364 -0.74793577194213867 0.69097864627838135 0.57271057367324829 0.66412347555160522 -0.70147782564163208 1.0609965324401855 0.58943802118301392 1.0452346801757813
382.35060000233352 -0.7464175820350647 0.70726984739303589 0.58272725343704224 0.65949416160583496 -0.67395871877670288 1.0582780838012695 0.60926347970962524 1.0635824203491211
476.0948000010103 -0.72592824697494507 0.68156063556671143 0.63454079627990723 0.65942102670669556 -0.61153417825698853 1.0323892831802368 0.72195369005203247 1.0398298501968384
570.4985000025481 -0.70495855808258057 0.63561326265335083 0.75524818897247314 0.61151236295700073 -0.57461732625961304 0.97468972206115723 0.87222212553024292 0.97270190715789795
666.09090000204742 -0.57295453548431396 0.5905805230140686 0.6746140718460083 0.49370074272155762 -0.7673187255859375 0.82967269420623779 0.52574741840362549 0.80871790647506714
768.5207000002265 -0.63868933916091919 0.66487973928451538 0.47935053706169128 0.46967214345932007 -1.0340462923049927 0.79524272680282593 0.069500945508480072 0.64220172166824341
867.61020000092685 -0.56361991167068481 0.70852625370025635 -0.16361202299594879 0.24746076762676239 -1.3135185241699219 0.70537734031677246 -1.023837685585022 0.31039422750473022
955.850700000301 -0.56667596101760864 0.71830767393112183 -0.37536507844924927 0.14723426103591919 -1.7518987655639648 0.57833456993103027 -1.8292906284332275 0.13867571949958801
1050.4541000016034 -0.53834933042526245 0.73632758855819702 -0.34084334969520569 0.14865531027317047 -1.6729819774627686 0.60829144716262817 -1.8403394222259521 0.097405292093753815
1141.365700000897 -0.57746785879135132 0.77474361658096313 -0.18720757961273193 0.13639107346534729 -1.8107911348342896 0.6225278377532959 -1.794481635093689 0.062301333993673325
1234.9891999997199 -0.65081179141998291 0.81119418144226074 0.019475668668746948 0.16417185962200165 -1.5584301948547363 0.67266196012496948 -1.4287377595901489 0.097580812871456146
1334.8695999998599 -0.68956989049911499 0.80996280908584595 0.30191963911056519 0.16380034387111664 -1.8603473901748657 0.67246884107589722 -1.3480467796325684 0.16422104835510254
1426.6875000018626 -0.51224946975708008 0.82085102796554565 0.31877705454826355 0.13477423787117004 -1.6273858547210693 0.70782911777496338 -1.1651455163955688 0.21462079882621765
1519.3813000004739 -0.33068022131919861 0.82311224937438965 0.2962588369846344 0.12089390307664871 -1.2367026805877686 0.69652271270751953 -0.9036562442779541 0.17044393718242645
1611.6156000010669 -0.14586228132247925 0.7714310884475708 0.54609358310699463 0.096432648599147797 -0.90788394212722778 0.67444151639938354 -0.44426354765892029 0.0054529085755348206
1711.8920000009239 0.12036426365375519 0.62896823883056641 1.2720849514007568 0.077490009367465973 1.0426725149154663 0.60163605213165283 0.81113457679748535 0.03254292905330658
1811.3724000006914 1.4722774028778076 0.58238315582275391 2.2792561054229736 0.12109129130840302 4.2777528762817383 0.53125095367431641 3.9308929443359375 0.0098963882774114609
1901.3824000023305 1.6456705331802368 0.45447880029678345 1.9851548671722412 0.18099062144756317 3.8134667873382568 0.46235078573226929 3.8794207572937012 0.076348073780536652
1998.6876999996603 1.6677104234695435 0.43504810333251953 1.794579029083252 0.15660262107849121 4.0668764114379883 0.45439505577087402 3.9668681621551514 0.16521373391151428
2095.0856000017375 3.5334258079528809 0.45240947604179382 2.7347745895385742 0.14103010296821594 7.1386160850524902 0.44550618529319763 6.6388735771179199 0.12886145710945129
2196.5500000026077 26.167415618896484 0.46431472897529602 15.469152450561523 0.14861792325973511 52.235286712646484 0.46409162878990173 48.151493072509766 0.13762906193733215
2292.4479999989271 3.6867759227752686 0.46613988280296326 2.0305941104888916 0.17705868184566498 7.7941422462463379 0.47518399357795715 5.7401247024536133 0.34692054986953735
2387.5592000018805 20.091909408569336 0.47361639142036438 10.461095809936523 0.20597259700298309 47.286884307861328 0.48880860209465027 35.295787811279297 0.38034549355506897
2487.2658000010997 21.390361785888672 0.47915366291999817 11.357852935791016 0.18270131945610046 48.250576019287109 0.49578160047531128 34.155624389648438 0.35138297080993652
2572.818100001663 10.746452331542969 0.49081277847290039 5.3498973846435547 0.19013747572898865 23.092046737670898 0.49776890873908997 16.009157180786133 0.36246195435523987
2669.9793000016361 48.606792449951172 0.48099502921104431 26.985719680786133 0.19031521677970886 113.92594146728516 0.49883764982223511 82.965957641601563 0.36805474758148193
2767.1286999993026 83.512214660644531 0.48349601030349731 44.728488922119141 0.1897122859954834 193.17201232910156 0.53013771772384644 133.97557067871094 0.35759884119033813
2858.419600000605 17.987335205078125 0.48154911398887634 11.629677772521973 0.19891421496868134 41.004615783691406 0.50046420097351074 30.985897064208984 0.37215319275856018
2952.7476000003517 99.8970947265625 0.47419732809066772 58.684093475341797 0.17936839163303375 215.4886474609375 0.49257192015647888 158.22842407226563 0.35053190588951111
