56.357400000095367 -0.64350223541259766 0.62299370765686035 0.77197086811065674 0.65251517295837402 -0.51735007762908936 1.02690589427948 0.92882579565048218 1.0476288795471191
174.94309999980032 -0.62557214498519897 0.60712176561355591 0.7855183482170105 0.62300759553909302 -0.52309763431549072 0.99517101049423218 0.94994229078292847 1.0091947317123413
284.53089999966323 -0.6232757568359375 0.61810988187789917 0.87762683629989624 0.61026138067245483 -0.43446046113967896 0.99664938449859619 1.2967479228973389 0.98906397819519043
399.4906000001356 -0.61554640531539917 0.59583139419555664 0.94026386737823486 0.5876997709274292 -0.49984100461006165 0.95208758115768433 1.1473044157028198 0.97266972064971924
510.11859999969602 -0.69052469730377197 0.55900424718856812 0.84956818819046021 0.56006050109863281 -0.61119711399078369 0.94359105825424194 1.169110894203186 0.92346078157424927
627.83339999988675 -0.71319317817687988 0.53574305772781372 0.59393835067749023 0.32370877265930176 -0.95611417293548584 0.67156982421875 0.35603877902030945 0.52592122554779053
742.4773999992758 -0.95461583137512207 0.62628632783889771 0.38479775190353394 0.19759094715118408 -1.9174542427062988 0.42526537179946899 -0.47089213132858276 0.15318849682807922
856.97669999953359 -0.81667071580886841 0.63305771350860596 0.4908357560634613 0.1833748072385788 -1.452815055847168 0.40521273016929626 -0.43587967753410339 0.050180502235889435
967.6917000003159 -0.87127959728240967 0.66463112831115723 0.29566529393196106 0.18483485281467438 -1.2231439352035522 0.33145475387573242 -0.43141528964042664 0.041941691190004349
1087.5663000000641 -0.6793982982635498 0.6504167914390564 0.58574944734573364 0.12953567504882813 -1.0009807348251343 0.32026606798171997 -0.17898374795913696 -0.023219222202897072
1202.6908999998122 -0.81115752458572388 0.68035036325454712 0.22789222002029419 0.21336837112903595 -1.5595449209213257 0.50168764591217041 -0.4680006206035614 0.11844953149557114
1308.3096000002697 -0.73598456382751465 0.66190534830093384 0.38794264197349548 0.20808970928192139 -1.0904518365859985 0.40948855876922607 -0.43305790424346924 0.12098567932844162
1429.7138000000268 -0.52530491352081299 0.68609166145324707 0.29501041769981384 0.16551725566387177 -1.0487232208251953 0.49852368235588074 -0.31357532739639282 0.10931244492530823
1546.1705000009388 -0.075713515281677246 0.64275383949279785 0.81548947095870972 0.20079204440116882 -0.31491971015930176 0.37665697932243347 0.33321851491928101 0.12868651747703552
1662.37770000007 0.051698692142963409 0.45932561159133911 0.97686922550201416 0.14321801066398621 0.62397027015686035 0.49615579843521118 1.1999400854110718 0.047366518527269363
1786.3966999994591 0.32167813181877136 0.55601644515991211 1.3515181541442871 0.20277805626392365 1.2101638317108154 0.60897988080978394 2.2726404666900635 0.1341509222984314
1901.0203999998048 0.2395041286945343 0.52708560228347778 1.0637534856796265 0.2412826269865036 1.3225555419921875 0.52036452293395996 1.7131552696228027 0.17101433873176575
