63.738800019025803 -0.7145649790763855 0.72489362955093384 0.53963935375213623 0.73191350698471069 -0.64994531869888306 1.1099531650543213 0.57371139526367188 1.0982648134231567
149.87530000507832 -0.7029767632484436 0.73578709363937378 0.60033208131790161 0.70942294597625732 -0.62982678413391113 1.1177076101303101 0.65624040365219116 1.0723280906677246
236.23050001263618 -0.69841599464416504 0.72621285915374756 0.62807214260101318 0.70558738708496094 -0.60497897863388062 1.0951217412948608 0.72397375106811523 1.0793395042419434
326.77460001409054 -0.65646874904632568 0.73576617240905762 0.79153329133987427 0.67093288898468018 -0.55211466550827026 1.1012932062149048 0.88887959718704224 1.0544346570968628
418.88240000605583 -0.69894212484359741 0.73715591430664063 0.88381111621856689 0.62596666812896729 -0.59022647142410278 1.0869301557540894 1.0577715635299683 0.99590712785720825
506.69160002470016 -0.70338666439056396 0.73496508598327637 0.8965802788734436 0.51034611463546753 -0.67904472351074219 1.0133868455886841 1.0110163688659668 0.77758216857910156
597.14740002155304 -0.74027729034423828 0.6777728796005249 0.86063015460968018 0.41961240768432617 -0.89051669836044312 0.83563965559005737 0.91089969873428345 0.53179687261581421
685.39720000326633 -0.76634645462036133 0.70100533962249756 0.67125153541564941 0.29020616412162781 -1.1127879619598389 0.7469974160194397 0.37676823139190674 0.26711243391036987
780.75480000674725 -1.0986030101776123 0.75367212295532227 0.45420745015144348 0.16554169356822968 -1.7127629518508911 0.6499788761138916 -0.1499517410993576 0.087935492396354675
867.18179999291897 -0.64886957406997681 0.74449741840362549 0.23545238375663757 0.11004254966974258 -1.2605568170547485 0.55206388235092163 -0.723133385181427 -0.10117323696613312
957.33820001780987 -0.68342041969299316 0.75959688425064087 -0.091330558061599731 0.053934089839458466 -1.2951556444168091 0.56324541568756104 -0.97111219167709351 -0.07534586638212204
1047.4991000145674 -0.90091121196746826 0.76535212993621826 -0.02910374291241169 0.14258001744747162 -1.5459804534912109 0.56001901626586914 -1.1823173761367798 0.0052830181084573269
1137.9872000068426 -0.68584853410720825 0.79255729913711548 -0.21546974778175354 0.10747493058443069 -1.4008498191833496 0.53967255353927612 -1.0665146112442017 0.08470405638217926
1230.5716000050306 -0.77733403444290161 0.79392510652542114 -0.077427022159099579 0.14297625422477722 -1.5474852323532104 0.54331851005554199 -0.92738217115402222 0.049073774367570877
1322.3670000135899 -0.83470630645751953 0.78242665529251099 -0.035299487411975861 0.1079552173614502 -1.7298310995101929 0.52928578853607178 -1.0269733667373657 0.051510728895664215
1415.5120000094175 -0.54314196109771729 0.75811368227005005 0.5553475022315979 0.081448964774608612 -1.3730072975158691 0.49364212155342102 -0.3773638904094696 0.072575323283672333
1503.2046000063419 -0.2927435040473938 0.74983197450637817 0.34565985202789307 0.12733234465122223 -1.1099616289138794 0.54105615615844727 -0.66412287950515747 0.035089775919914246
1595.5706000179052 -0.093625016510486603 0.72346699237823486 0.79589909315109253 0.14378573000431061 -0.67593520879745483 0.41265606880187988 -0.22698737680912018 0.030050342902541161
1683.9843000173569 0.64072984457015991 0.60454177856445313 1.3872708082199097 0.16232790052890778 1.131747841835022 0.31051570177078247 1.4171427488327026 0.041793052107095718
1770.1615000218153 1.0093313455581665 0.55119103193283081 1.7208254337310791 0.16678020358085632 1.9948267936706543 0.37971752882003784 2.1100955009460449 0.058364905416965485
1864.5375999957323 1.1092822551727295 0.40416720509529114 2.0285868644714355 0.17905056476593018 2.7648630142211914 0.35189917683601379 2.8063986301422119 0.16008636355400085
1953.4910999983549 0.90092438459396362 0.40314435958862305 1.5255911350250244 0.22519458830356598 2.0762588977813721 0.39189288020133972 2.4634547233581543 0.21021158993244171
