2.8502000011503696 -0.74907118082046509 0.67753356695175171 0.60980057716369629 0.67795842885971069 -0.68615782260894775 1.0067141056060791 0.58168208599090576 1.0151666402816772
92.301599999889731 -0.74384158849716187 0.67708557844161987 0.60654199123382568 0.67320847511291504 -0.67764180898666382 1.0101491212844849 0.5849187970161438 1.0176949501037598
183.47000000067055 -0.73580622673034668 0.6765405535697937 0.61167806386947632 0.66277170181274414 -0.66887152194976807 1.0117074251174927 0.61369156837463379 1.0027059316635132
274.04299999773502 -0.765697181224823 0.67735660076141357 0.60813432931900024 0.66362720727920532 -0.69170528650283813 1.0113976001739502 0.61447477340698242 0.9990079402923584
360.79540000110865 -0.72414529323577881 0.68150091171264648 0.6476936936378479 0.65843421220779419 -0.6557658314704895 1.0146666765213013 0.65674835443496704 0.98842602968215942
450.36710000038147 -0.71227014064788818 0.67170864343643188 0.70342129468917847 0.65579056739807129 -0.63157451152801514 1.000873327255249 0.72486752271652222 0.9964262843132019
538.32670000009239 -0.75431925058364868 0.65846890211105347 0.75576096773147583 0.63660597801208496 -0.65908896923065186 0.98180270195007324 0.77208089828491211 0.97762423753738403
627.32279999926686 -0.73589593172073364 0.62691086530685425 0.75480914115905762 0.57036346197128296 -0.78383511304855347 0.92551726102828979 0.69971543550491333 0.88768655061721802
713.83819999918342 -0.54134571552276611 0.6309736967086792 0.68369048833847046 0.47441789507865906 -1.0341460704803467 0.77158117294311523 0.18549080193042755 0.63889968395233154
803.01419999822974 -0.58253473043441772 0.71731305122375488 0.47975596785545349 0.33249542117118835 -1.3267989158630371 0.68905675411224365 -0.42488661408424377 0.34233352541923523
889.26850000023842 -0.64441728591918945 0.70961880683898926 0.54623401165008545 0.20452909171581268 -1.4344691038131714 0.4589037299156189 -1.080256462097168 0.081807702779769897
970.90220000036061 -0.70829707384109497 0.72024804353713989 0.14480315148830414 0.18610446155071259 -1.6452697515487671 0.53935921192169189 -1.3604111671447754 0.095084309577941895
1055.7033999990672 -0.73170924186706543 0.73136675357818604 -0.085178382694721222 0.07268243283033371 -1.5561195611953735 0.51887971162796021 -1.2149784564971924 0.059603642672300339
1144.7276999987662 -0.87009680271148682 0.75961792469024658 -0.060825355350971222 0.08216443657875061 -1.635872483253479 0.52066445350646973 -1.1675198078155518 -0.038174521178007126
1228.7190000005066 -0.40499311685562134 0.73549634218215942 0.35786470770835876 0.075950339436531067 -1.2447588443756104 0.50586169958114624 -0.60164231061935425 -0.0032285675406455994
1327.3773999996483 -0.23707681894302368 0.74209415912628174 0.96216660737991333 0.20472848415374756 -1.2239335775375366 0.46397459506988525 0.065946914255619049 0.035997696220874786
1421.8720999993384 0.1570928543806076 0.62374246120452881 1.4803290367126465 0.035621024668216705 0.56461453437805176 0.41465398669242859 0.83021992444992065 -0.072537556290626526
1510.7129999995232 0.61547154188156128 0.49593847990036011 1.6413429975509644 0.17892791330814362 1.8308236598968506 0.49786657094955444 2.3844201564788818 0.081923432648181915
1599.7623000014573 0.62865328788757324 0.51899611949920654 1.5240786075592041 0.160467728972435 1.8595281839370728 0.45688971877098083 2.5041604042053223 0.12835779786109924
1685.736099999398 0.83385658264160156 0.49891865253448486 1.6967974901199341 0.17552363872528076 2.2499394416809082 0.43838882446289063 2.7578575611114502 0.10870820283889771
1773.0325000006706 0.63011443614959717 0.48253762722015381 1.4052252769470215 0.19494444131851196 1.9824948310852051 0.46702843904495239 2.3998258113861084 0.1002480611205101
1861.722500000149 0.54000997543334961 0.4780004620552063 1.3973888158798218 0.21622665226459503 1.9156532287597656 0.47170630097389221 2.4502050876617432 0.11526093631982803
1951.8679999988526 0.47700563073158264 0.49612125754356384 1.3006569147109985 0.23597460985183716 1.8735928535461426 0.49174901843070984 2.4148292541503906 0.13638210296630859
