18.821999998763204 -0.74573647975921631 0.728523850440979 0.59924596548080444 0.6735718846321106 -0.65189844369888306 1.1008628606796265 0.6034693717956543 1.0489885807037354
117.0396999977529 -0.71995145082473755 0.73419183492660522 0.62609106302261353 0.67957460880279541 -0.61474072933197021 1.0955041646957397 0.62479883432388306 1.0570353269577026
212.36979999952018 -0.68784379959106445 0.73346894979476929 0.6589851975440979 0.67824137210845947 -0.57846599817276001 1.0920314788818359 0.66061079502105713 1.0544792413711548
316.80409999936819 -0.67977195978164673 0.72619962692260742 0.68823140859603882 0.67748868465423584 -0.56312495470046997 1.0871430635452271 0.67358642816543579 1.0503648519515991
405.51720000058413 -0.73446041345596313 0.68510550260543823 0.71935176849365234 0.68025916814804077 -0.52480095624923706 1.0473630428314209 0.71950525045394897 1.02504563331604
503.3719999995082 -0.76958763599395752 0.65977668762207031 0.74023270606994629 0.63401591777801514 -0.57894998788833618 0.99769580364227295 0.75416278839111328 0.99084764719009399
596.3597999997437 -0.67773640155792236 0.61588770151138306 0.59954226016998291 0.50179910659790039 -0.78012782335281372 0.89218127727508545 0.40073704719543457 0.78986239433288574
684.58220000006258 -0.75280648469924927 0.61619365215301514 0.41746923327445984 0.43512177467346191 -1.1425416469573975 0.7948462963104248 -0.14135347306728363 0.63459116220474243
775.86029999889433 -0.79620563983917236 0.68021059036254883 -0.2627984881401062 0.31041163206100464 -1.3610519170761108 0.71337682008743286 -1.2644511461257935 0.44487872719764709
873.15060000121593 -0.72379165887832642 0.6531977653503418 -0.40257120132446289 0.23691999912261963 -1.5562496185302734 0.59244883060455322 -1.4642826318740845 0.27362364530563354
966.65770000033081 -0.66961890459060669 0.71811401844024658 -0.43785813450813293 0.18438215553760529 -1.5346927642822266 0.51787054538726807 -1.8096920251846313 0.094910405576229095
1058.9249000009149 -0.63564926385879517 0.78268933296203613 -0.56854730844497681 0.20959275960922241 -1.7868965864181519 0.57438284158706665 -1.879706859588623 0.11057395488023758
1156.6624999977648 -0.60480290651321411 0.78814816474914551 -0.70027858018875122 0.19545392692089081 -1.5844180583953857 0.64394241571426392 -1.8312605619430542 0.12456450611352921
1250.5416999980807 -0.78256595134735107 0.82696247100830078 -0.2231207937002182 0.18334555625915527 -2.3840043544769287 0.6641729474067688 -2.0688207149505615 0.13159576058387756
1337.622899999842 -0.7125515341758728 0.7857060432434082 -0.088479295372962952 0.15290261805057526 -1.9806028604507446 0.73787599802017212 -1.5416409969329834 0.18926554918289185
1428.2021999973804 -0.84939521551132202 0.80291640758514404 0.16127076745033264 0.14743882417678833 -2.2514448165893555 0.60417008399963379 -1.7681422233581543 0.15758052468299866
1527.6148999985307 -0.12922607362270355 0.74498832225799561 0.46614125370979309 0.13400290906429291 -0.67774039506912231 0.58776789903640747 -0.30392730236053467 0.039447635412216187
1616.9099999982864 0.54868036508560181 0.6524316668510437 1.1180167198181152 0.14306999742984772 2.1189448833465576 0.55042695999145508 1.6868778467178345 0.092028461396694183
1710.5743999984115 1.6640874147415161 0.52073848247528076 2.8558304309844971 0.14885669946670532 4.5048556327819824 0.46517318487167358 4.858701229095459 0.078275777399539948
1802.9508999995887 0.96451258659362793 0.46994996070861816 1.7097382545471191 0.1488117128610611 2.8267190456390381 0.44717937707901001 3.134692907333374 0.11157041788101196
1891.008299998939 1.2275912761688232 0.45400193333625793 1.8062411546707153 0.17762327194213867 3.503981351852417 0.45378959178924561 3.7080104351043701 0.13123108446598053
1988.7309999987483 4.834477424621582 0.46386447548866272 4.4088859558105469 0.15849800407886505 10.013576507568359 0.43312719464302063 9.4078035354614258 0.13961620628833771
