51.686199998483062 -0.75059026479721069 0.72598779201507568 0.59225195646286011 0.6680329442024231 -0.73317098617553711 1.0945045948028564 0.56773853302001953 1.0304328203201294
143.99840000085533 -0.75748223066329956 0.73242956399917603 0.57240039110183716 0.67431122064590454 -0.65243595838546753 1.0787148475646973 0.54675793647766113 1.0378073453903198
236.23290000110865 -0.72276705503463745 0.72688603401184082 0.5926244854927063 0.66086095571517944 -0.63949352502822876 1.0735024213790894 0.57058489322662354 1.0261058807373047
337.60840000025928 -0.74948656558990479 0.72068166732788086 0.64256054162979126 0.65761935710906982 -0.6428636908531189 1.0798006057739258 0.63277626037597656 1.0282143354415894
431.56730000115931 -0.79892700910568237 0.66654860973358154 0.72593611478805542 0.6615288257598877 -0.755199134349823 1.0576249361038208 0.73818302154541016 1.0347359180450439
525.43980000168085 -0.81902742385864258 0.64090853929519653 0.78147602081298828 0.62085974216461182 -0.86661136150360107 0.98260980844497681 0.79612815380096436 0.9906194806098938
615.56570000015199 -0.72877287864685059 0.61863172054290771 0.69245636463165283 0.5160822868347168 -1.0311622619628906 0.82746511697769165 0.53930658102035522 0.77990561723709106
708.14049999974668 -0.7052873969078064 0.63380509614944458 0.66144156455993652 0.39212492108345032 -1.2288810014724731 0.78411120176315308 0.1701592355966568 0.53226763010025024
804.09810000099242 -0.77249765396118164 0.69804447889328003 -0.029351739212870598 0.27035659551620483 -1.5452041625976563 0.67834657430648804 -0.67631369829177856 0.25288987159729004
892.86099999956787 -0.89307147264480591 0.67665177583694458 -0.19339688122272491 0.18147961795330048 -1.6410268545150757 0.59554636478424072 -0.94188195466995239 0.07923329621553421
985.19649999961257 -0.5955512523651123 0.71687161922454834 -0.51057255268096924 0.14351852238178253 -1.3973840475082397 0.61497640609741211 -1.7667254209518433 0.11171849817037582
1079.3329999987036 -0.46483170986175537 0.74256390333175659 -0.35712173581123352 0.15765312314033508 -1.5018279552459717 0.63113266229629517 -1.7563762664794922 0.11607645452022552
1175.6118999999017 -0.46978718042373657 0.79620361328125 -0.21181859076023102 0.1661490797996521 -1.3689342737197876 0.65392112731933594 -1.5165019035339355 0.12708698213100433
1274.1056999992579 -0.51341503858566284 0.81640529632568359 0.053829941898584366 0.20664973556995392 -1.5987824201583862 0.66896837949752808 -1.4184931516647339 0.20904327929019928
1367.6017999984324 -0.78285384178161621 0.8242185115814209 0.1601158082485199 0.14071004092693329 -1.9181644916534424 0.69473201036453247 -1.1113799810409546 0.16075977683067322
1465.228900000453 -0.56718039512634277 0.77736449241638184 0.21041235327720642 0.11607237905263901 -1.4473123550415039 0.62266552448272705 -1.0311025381088257 0.098645083606243134
1555.2861999999732 -0.19066688418388367 0.79016977548599243 0.48036828637123108 0.1513206958770752 -0.77308690547943115 0.57253223657608032 -0.25574532151222229 0.057382769882678986
1648.0557000003755 0.82954007387161255 0.63761961460113525 0.96610981225967407 0.15452148020267487 2.511134147644043 0.47105157375335693 1.6410576105117798 0.016853960230946541
1743.7162999995053 2.5274190902709961 0.46689909696578979 2.2900679111480713 0.072157859802246094 5.614189624786377 0.37840479612350464 4.7324042320251465 0.0026102024130523205
1831.6644999999553 2.7716915607452393 0.40941089391708374 2.2710559368133545 0.14852313697338104 5.7828383445739746 0.40392568707466125 5.3540310859680176 0.092537418007850647
1919.8923000004143 4.6886539459228516 0.42093312740325928 3.9870851039886475 0.20583333075046539 10.635680198669434 0.40993973612785339 10.352556228637695 0.14847880601882935
