88.818899998441339 -0.66646313667297363 0.69025725126266479 0.63856929540634155 0.66474372148513794 -0.62723302841186523 1.0513511896133423 0.65843462944030762 1.0138592720031738
187.9925999995321 -0.69243347644805908 0.6789054274559021 0.65371638536453247 0.66449743509292603 -0.65720146894454956 1.0293972492218018 0.66036128997802734 1.0145035982131958
286.30400000140071 -0.71498101949691772 0.65715473890304565 0.70190966129302979 0.63565742969512939 -0.66478365659713745 1.0118019580841064 0.67220777273178101 0.98803234100341797
389.28050000034273 -0.84360241889953613 0.62184673547744751 0.7887195348739624 0.64291810989379883 -0.70903599262237549 0.91683799028396606 0.61445832252502441 0.97172749042510986
487.58650000207126 -0.90957200527191162 0.57934725284576416 0.80479592084884644 0.60189521312713623 -0.7601737380027771 0.81662571430206299 0.3787512481212616 0.83534437417984009
586.57789999991655 -0.781791090965271 0.50219625234603882 0.83971619606018066 0.54456061124801636 -1.003339409828186 0.59648668766021729 0.12251649796962738 0.60546112060546875
690.3688999991864 -0.70129996538162231 0.53593003749847412 0.50823682546615601 0.44797709584236145 -1.0684576034545898 0.47247874736785889 -0.21785019338130951 0.36781075596809387
791.11920000053942 -0.83891767263412476 0.57326316833496094 0.22449935972690582 0.32596138119697571 -1.1348690986633301 0.3394559919834137 -0.79304373264312744 0.141741544008255
884.03470000065863 -0.7993701696395874 0.62268847227096558 0.23157738149166107 0.25473982095718384 -0.9739837646484375 0.4026445746421814 -0.4402233362197876 0.17532569169998169
986.46489999815822 -0.83170026540756226 0.63012582063674927 -0.21032214164733887 0.14365498721599579 -0.9663320779800415 0.48297977447509766 -0.51608926057815552 0.10664282739162445
1085.0849999971688 -0.81632870435714722 0.68819254636764526 -0.23932564258575439 0.12546755373477936 -0.66203898191452026 0.42276176810264587 -0.42797297239303589 0.067098908126354218
1187.4710999988019 -0.93288451433181763 0.70097935199737549 -0.32783421874046326 0.12948077917098999 -0.76513618230819702 0.39661353826522827 -0.4242909848690033 0.083014294505119324
1289.3912000004202 -0.83384370803833008 0.64814311265945435 -0.33260676264762878 0.13918733596801758 -1.2272875308990479 0.41105061769485474 -0.7970423698425293 0.0883898064494133
1389.4878000020981 -0.30774608254432678 0.65700727701187134 0.17002415657043457 0.14533501863479614 -0.85622978210449219 0.32504260540008545 -0.82406097650527954 0.085428826510906219
1493.9185999985784 0.00055639934726059437 0.59887319803237915 0.81450033187866211 0.12591028213500977 -0.26568150520324707 0.011605639010667801 -0.11347822844982147 0.053887028247117996
1589.4514999985695 0.14143510162830353 0.52841371297836304 0.9095534086227417 0.071695737540721893 0.58311444520950317 0.21400934457778931 0.27427980303764343 -0.021422307938337326
1687.8838999997824 0.77683651447296143 0.42790320515632629 1.8376048803329468 0.13867084681987762 2.1788060665130615 0.38685870170593262 2.9339170455932617 -0.00545906787738204
1786.5144000016153 0.68172883987426758 0.46839770674705505 1.604077935218811 0.17896974086761475 1.9113497734069824 0.43480226397514343 2.3528704643249512 0.076961517333984375
1882.9944999981672 0.81270444393157959 0.49566879868507385 1.7209172248840332 0.20042721927165985 2.1373236179351807 0.46240422129631042 2.5425565242767334 0.10450099408626556
1981.1487999986857 0.82170158624649048 0.4720226526260376 1.8565424680709839 0.20960257947444916 2.538844108581543 0.43897163867950439 2.9973838329315186 0.1306602954864502
