96.3125 -0.79099434614181519 0.67137748003005981 0.56784045696258545 0.65858787298202515 -0.68470543622970581 1.0247246026992798 0.58892101049423218 0.98706501722335815
200.25119999796152 -0.81817871332168579 0.66431128978729248 0.55290114879608154 0.65659832954406738 -0.68638759851455688 1.0119946002960205 0.60032415390014648 0.98349738121032715
309.29239999875426 -0.81443363428115845 0.65908819437026978 0.56542736291885376 0.65468549728393555 -0.68012315034866333 1.0036709308624268 0.60253947973251343 0.98716062307357788
407.00059999525547 -0.9688829779624939 0.59012889862060547 0.65968650579452515 0.59715759754180908 -0.73530954122543335 0.87497150897979736 0.56154918670654297 0.91344285011291504
504.8521999977529 -1.0701941251754761 0.5876157283782959 0.64927178621292114 0.59800726175308228 -0.81630802154541016 0.85472637414932251 0.50075429677963257 0.86367863416671753
598.12319999560714 -0.78413039445877075 0.52553343772888184 0.19705908000469208 0.39677366614341736 -0.98258084058761597 0.5114210844039917 -0.49540466070175171 0.41579848527908325
693.56739999353886 -0.95641136169433594 0.52359449863433838 0.031675584614276886 0.29405215382575989 -1.6923060417175293 0.46711573004722595 -0.94148510694503784 0.11217241734266281
790.8251999989152 -0.88073354959487915 0.56995218992233276 0.031928934156894684 0.15179333090782166 -1.5620033740997314 0.39020842313766479 -1.2061197757720947 0.10931919515132904
886.1925999969244 -0.95730471611022949 0.62892353534698486 0.0092821894213557243 0.13591757416725159 -1.6284544467926025 0.45588099956512451 -1.1791027784347534 0.11524723470211029
976.77909999713302 -0.7549588680267334 0.701374351978302 0.038050189614295959 0.13384705781936646 -1.4839919805526733 0.53140765428543091 -0.93833667039871216 0.14181739091873169
1072.5302999950945 -0.93578225374221802 0.71813797950744629 0.24269811809062958 0.12709692120552063 -1.9474717378616333 0.56520533561706543 -1.4058821201324463 0.18904705345630646
1174.5676999948919 -1.0719783306121826 0.74706876277923584 0.1997627317905426 0.12756489217281342 -2.415539026260376 0.61912840604782104 -1.6841669082641602 0.12761920690536499
1273.125 -0.64870983362197876 0.7635611891746521 0.47758933901786804 0.074448555707931519 -1.7468169927597046 0.31703272461891174 -1.365107536315918 0.10928426682949066
1372.0975999981165 0.11129841208457947 0.60125529766082764 1.5101585388183594 0.11491150408983231 0.24514733254909515 0.58564651012420654 0.62118673324584961 -0.01315648015588522
1473.7333000004292 0.98516273498535156 0.54513096809387207 1.7110259532928467 0.051994137465953827 2.2076084613800049 0.51308870315551758 1.728830099105835 -0.0049827508628368378
1572.1163999959826 1.6763660907745361 0.44710531830787659 2.4298450946807861 0.12994204461574554 3.7387325763702393 0.45559662580490112 3.6481368541717529 0.039728578180074692
1661.9931999966502 1.3725566864013672 0.42311045527458191 1.9428306818008423 0.24074514210224152 3.2096176147460938 0.42495813965797424 3.5566647052764893 0.18619930744171143
1774.3725999966264 1.5917326211929321 0.48428434133529663 1.6091275215148926 0.17985393106937408 3.7769713401794434 0.46800690889358521 3.2835688591003418 0.13055577874183655
1873.8550999984145 2.3347821235656738 0.49996387958526611 1.8393824100494385 0.17691808938980103 5.4658184051513672 0.50140589475631714 4.5317807197570801 0.14722707867622375
1974.7228999994695 5.1674904823303223 0.51254469156265259 4.2815852165222168 0.15919050574302673 10.794443130493164 0.48746007680892944 10.299656867980957 0.14171735942363739
