89.038900002837181 -0.74165904521942139 0.75938481092453003 0.557037353515625 0.7466355562210083 -0.75810307264328003 1.1527653932571411 0.63604432344436646 1.1930569410324097
232.22709999978542 -0.73707842826843262 0.75657171010971069 0.55794847011566162 0.72385114431381226 -0.738136887550354 1.1556963920593262 0.69594967365264893 1.1647096872329712
380.8754999935627 -0.70595216751098633 0.75956982374191284 0.63755035400390625 0.71901047229766846 -0.70009952783584595 1.1492288112640381 0.73674356937408447 1.1653302907943726
519.36200000345707 -0.7491489052772522 0.76505523920059204 0.80178964138031006 0.70449107885360718 -0.85948324203491211 1.1144771575927734 0.90694475173950195 1.1718959808349609
656.81350000202656 -0.85206592082977295 0.68774449825286865 0.83607757091522217 0.64457529783248901 -1.1515810489654541 1.0067750215530396 0.40571632981300354 0.94584500789642334
793.60939998924732 -0.84542220830917358 0.77166390419006348 0.45425751805305481 0.40027627348899841 -1.4603430032730103 0.74966621398925781 -0.44493329524993896 0.45080471038818359
936.89810000360012 -0.79001623392105103 0.78496968746185303 -0.017801025882363319 0.2605934739112854 -1.3891689777374268 0.59298831224441528 -0.63006716966629028 0.22680249810218811
1073.3827999979258 -0.79749530553817749 0.78137665987014771 0.12467999011278152 0.18302474915981293 -1.2932437658309937 0.55546122789382935 -1.1275449991226196 0.080936528742313385
1217.0072000026703 -0.70928120613098145 0.80616158246994019 -0.015221341513097286 0.20946222543716431 -1.0844458341598511 0.51088041067123413 -0.77294373512268066 0.093971177935600281
1351.6475000083447 -0.67854833602905273 0.81935584545135498 0.08933170884847641 0.20658552646636963 -1.0152723789215088 0.59896582365036011 -0.53140032291412354 0.099263638257980347
1500.3505000025034 -0.85494780540466309 0.81811696290969849 0.074569717049598694 0.19352801144123077 -1.1393975019454956 0.58625680208206177 -0.85866153240203857 0.16913779079914093
1638.0280999988317 -0.62489765882492065 0.77009904384613037 0.37245103716850281 0.20664010941982269 -1.2825641632080078 0.5437282919883728 -1.0184648036956787 0.10915357619524002
1779.9512000083923 -0.39623281359672546 0.68377357721328735 0.58096671104431152 0.18382759392261505 -0.96842926740646362 0.44592210650444031 -0.35390803217887878 0.005687810480594635
1920.887600004673 0.28204053640365601 0.59382081031799316 1.0018461942672729 0.14069706201553345 0.52255284786224365 0.37892448902130127 0.98349791765213013 0.016464263200759888
2056.6159000098705 0.58667320013046265 0.41447329521179199 1.4456783533096313 0.24409736692905426 2.3459644317626953 0.39525485038757324 2.4890108108520508 0.14335323870182037
2201.740700006485 0.81777149438858032 0.3760654628276825 1.606732964515686 0.31865027546882629 2.2672383785247803 0.26404452323913574 2.3138303756713867 0.49435603618621826
2341.1662000119686 1.0775817632675171 0.39315634965896606 1.9595644474029541 0.28095623850822449 2.5781421661376953 0.3307478129863739 2.5266191959381104 0.20446096360683441
2483.5330000072718 0.70347553491592407 0.40436694025993347 1.572395920753479 0.30556404590606689 2.0494372844696045 0.320405513048172 2.3752925395965576 0.51141959428787231
2635.5034999996424 0.74232965707778931 0.38193401694297791 1.5188983678817749 0.28917786478996277 2.0033571720123291 0.29648977518081665 2.0515096187591553 0.49498647451400757
2771.3180000036955 0.68164658546447754 0.38045158982276917 1.5026340484619141 0.29373851418495178 1.950486421585083 0.28585356473922729 2.3144416809082031 0.48196950554847717
2911.8015999943018 0.61989355087280273 0.38342532515525818 1.4438461065292358 0.27200931310653687 1.8266496658325195 0.30254450440406799 1.9416830539703369 0.49338036775588989
