45.111999999731779 -0.76299411058425903 0.72039401531219482 0.55395150184631348 0.69528347253799438 -0.65274232625961304 1.0746848583221436 0.5667387843132019 1.0601755380630493
133.91009999997914 -0.75721806287765503 0.72204136848449707 0.54375600814819336 0.69086843729019165 -0.64627951383590698 1.0751374959945679 0.5546148419380188 1.0502533912658691
223.54890000075102 -0.75450402498245239 0.72820442914962769 0.55369603633880615 0.69450736045837402 -0.63544368743896484 1.0820081233978271 0.57045513391494751 1.0630276203155518
317.49420000240207 -0.75944823026657104 0.72410750389099121 0.61598962545394897 0.69792711734771729 -0.63998454809188843 1.0760418176651001 0.66682720184326172 1.0654759407043457
409.42200000211596 -0.79629790782928467 0.68232285976409912 0.68067967891693115 0.6839250922203064 -0.61914271116256714 1.0551860332489014 0.75159108638763428 1.0468927621841431
505.43890000134706 -0.81210184097290039 0.67455565929412842 0.70041513442993164 0.6432005763053894 -0.60145378112792969 1.0408228635787964 0.71457290649414063 1.0081406831741333
598.47740000113845 -0.72155529260635376 0.59448832273483276 0.68294233083724976 0.51891863346099854 -1.0013394355773926 0.79813957214355469 0.38509055972099304 0.78695088624954224
694.09380000084639 -0.76552474498748779 0.60808795690536499 0.42132526636123657 0.456083744764328 -1.2165127992630005 0.73406684398651123 -0.082643471658229828 0.56610763072967529
782.55940000154078 -0.73463606834411621 0.64607995748519897 0.21048006415367126 0.35189065337181091 -1.4231314659118652 0.67874342203140259 -0.61072623729705811 0.41264986991882324
878.2010000012815 -0.80045789480209351 0.63708323240280151 -0.26092389225959778 0.22785943746566772 -1.6607843637466431 0.59048831462860107 -1.2609456777572632 0.22644677758216858
982.43090000003576 -0.98426961898803711 0.70666313171386719 -0.43323448300361633 0.19642756879329681 -1.9854254722595215 0.54727011919021606 -1.6366770267486572 0.1683754026889801
1082.8708000015467 -0.73640328645706177 0.70524442195892334 0.082925200462341309 0.16138182580471039 -1.6253280639648438 0.63721996545791626 -1.3047020435333252 0.16254022717475891
1178.0808000005782 -0.68484091758728027 0.74180740118026733 0.0070599443279206753 0.17188151180744171 -1.6964004039764404 0.70319736003875732 -1.2607769966125488 0.1840934157371521
1279.7173000015318 -0.35586103796958923 0.80952799320220947 0.14083680510520935 0.14050295948982239 -1.6476941108703613 0.73372632265090942 -1.416295051574707 0.18176077306270599
1382.3564999997616 0.094444818794727325 0.82970857620239258 0.79348862171173096 0.11866612732410431 -0.94061434268951416 0.64675736427307129 -0.71491003036499023 0.11264635622501373
1471.4783000014722 0.87785708904266357 0.67706984281539917 1.3684226274490356 0.092540048062801361 1.9245280027389526 0.5555310845375061 1.3500792980194092 0.072852805256843567
1564.6992000006139 1.5799154043197632 0.59016001224517822 1.5535972118377686 0.16581341624259949 3.4373927116394043 0.47716692090034485 2.904832124710083 0.023073958232998848
1658.2579999994487 1.6931647062301636 0.4434208869934082 2.0744850635528564 0.15703713893890381 3.8866667747497559 0.52123105525970459 3.9559304714202881 0.1367344856262207
1750.2362000010908 2.8707895278930664 0.37487694621086121 2.7011408805847168 0.1544845849275589 5.8658890724182129 0.43858641386032104 5.6498188972473145 0.11040700227022171
1842.1163999997079 2.5749948024749756 0.37784600257873535 1.8898528814315796 0.19852256774902344 5.3406891822814941 0.44138190150260925 4.6912813186645508 0.13227042555809021
1935.7179000023752 2.6609454154968262 0.37309014797210693 1.7660353183746338 0.20431017875671387 5.8023128509521484 0.44256877899169922 4.9097752571105957 0.11482361704111099
