51.488099999725819 -0.96838128566741943 0.67200076580047607 0.24130885303020477 0.21024408936500549 -1.7978843450546265 0.62290751934051514 -1.1663033962249756 0.20580326020717621
137.79549999907613 -0.94369852542877197 0.67041218280792236 -0.088472343981266022 0.21128328144550323 -1.7623422145843506 0.5905882716178894 -1.256412148475647 0.22070030868053436
235.36479999870062 -0.9710698127746582 0.66815358400344849 -0.05814114585518837 0.21302478015422821 -1.8283153772354126 0.61901092529296875 -1.1563782691955566 0.19592233002185822
338.89429999887943 -0.95883047580718994 0.66297197341918945 -0.0060804006643593311 0.19945691525936127 -1.8357000350952148 0.60857892036437988 -1.1881041526794434 0.19659942388534546
433.92919999733567 -0.99592244625091553 0.66382718086242676 0.0062354737892746925 0.20988795161247253 -1.8595540523529053 0.61337888240814209 -1.1942508220672607 0.22401264309883118
535.75010000169277 -0.97020089626312256 0.67101222276687622 0.029647758230566978 0.20341075956821442 -1.8462903499603271 0.61500793695449829 -1.2487328052520752 0.21766728162765503
630.63760000094771 -1.012310266494751 0.66375911235809326 0.020255917683243752 0.20688550174236298 -1.8817640542984009 0.60913318395614624 -1.1659932136535645 0.2134067565202713
734.99599999561906 -0.94422221183776855 0.66330611705780029 0.29688897728919983 0.27152726054191589 -1.8698394298553467 0.63132506608963013 -1.2277565002441406 0.20747654139995575
828.1140999943018 -0.89583778381347656 0.69847583770751953 0.35643306374549866 0.20368726551532745 -1.7616293430328369 0.80198574066162109 -1.3701571226119995 0.30658861994743347
920.14499999955297 -0.41451463103294373 0.65695160627365112 0.30330884456634521 0.18510706722736359 -0.60900008678436279 0.78855711221694946 -0.56155097484588623 0.18469178676605225
1016.0796999968588 -0.17468976974487305 0.66168051958084106 1.0414004325866699 0.16851352155208588 0.49276202917098999 0.76333373785018921 0.62373310327529907 0.19648385047912598
1114.0777000002563 0.35484656691551208 0.65630239248275757 1.1654795408248901 0.18590085208415985 2.0509486198425293 0.74677610397338867 1.7434769868850708 0.16443324089050293
1216.5646999999881 1.4860519170761108 0.55146968364715576 2.2647781372070313 0.19579651951789856 4.1334099769592285 0.6041443943977356 3.8859288692474365 0.16966083645820618
1307.0275999978185 1.5467654466629028 0.46152901649475098 1.7955994606018066 0.15777347981929779 3.7682960033416748 0.52900481224060059 4.0368685722351074 0.1405360996723175
1402.9188000001013 2.395277738571167 0.47243821620941162 2.9270882606506348 0.20293505489826202 7.0778117179870605 0.53913795948028564 6.548736572265625 0.20745281875133514
1499.8553999997675 1.9598309993743896 0.46870100498199463 2.9703428745269775 0.26852273941040039 6.3099250793457031 0.53414976596832275 5.8328542709350586 0.18353980779647827
1593.6560999974608 1.1773812770843506 0.48112437129020691 1.8088003396987915 0.29746413230895996 3.9372336864471436 0.54722028970718384 3.7956116199493408 0.21798352897167206
1679.6431999988854 1.0394349098205566 0.48364704847335815 2.1082727909088135 0.2161390483379364 3.9191310405731201 0.52830803394317627 4.0586991310119629 0.20529572665691376
1779.2305999994278 0.99306941032409668 0.4934937059879303 1.8979504108428955 0.22796212136745453 3.6022109985351563 0.55849778652191162 3.4923560619354248 0.18350483477115631
1883.5217000022531 1.0138962268829346 0.49992305040359497 1.3116555213928223 0.28611737489700317 3.2397632598876953 0.58004844188690186 3.0410552024841309 0.21281985938549042
1987.812199998647 0.76872217655181885 0.48884442448616028 1.4520752429962158 0.23940487205982208 3.00762939453125 0.55714350938796997 2.8630423545837402 0.2160189300775528
