7.520899998024106 -0.72251147031784058 0.67755448818206787 0.62207335233688354 0.68522107601165771 -0.68174546957015991 1.0354223251342773 0.65400141477584839 1.0247271060943604
92.479099998250604 -0.71201896667480469 0.67431998252868652 0.62255537509918213 0.67943668365478516 -0.68047744035720825 1.0342527627944946 0.6486656665802002 1.0140722990036011
179.52569999918342 -0.70400542020797729 0.6815609335899353 0.66050601005554199 0.66997039318084717 -0.67720222473144531 1.041077733039856 0.65944647789001465 0.99131214618682861
265.78579999879003 -0.68724799156188965 0.67704558372497559 0.74861180782318115 0.65539067983627319 -0.6421998143196106 1.0335818529129028 0.77394431829452515 1.0035678148269653
354.96609999798238 -0.72297781705856323 0.67278784513473511 0.80301588773727417 0.64350980520248413 -0.68887543678283691 1.0146594047546387 0.80496501922607422 1.0369188785552979
445.57739999704063 -0.74559402465820313 0.6223222017288208 0.88405007123947144 0.55814176797866821 -0.9072076678276062 0.89738249778747559 0.77807623147964478 0.88731831312179565
531.08049999736249 -0.72454649209976196 0.61603617668151855 0.94905984401702881 0.53873252868652344 -0.97450000047683716 0.85691851377487183 0.78430896997451782 0.86902326345443726
622.15609999932349 -0.60335367918014526 0.60289859771728516 0.5996551513671875 0.32643747329711914 -1.1655195951461792 0.67305415868759155 0.0041651781648397446 0.46788319945335388
708.2818999979645 -0.64735734462738037 0.65729743242263794 0.35233062505722046 0.25766560435295105 -1.5014699697494507 0.57477074861526489 -0.48409005999565125 0.32572081685066223
795.27190000005066 -0.49900820851325989 0.63730007410049438 0.11492543667554855 0.18486547470092773 -1.3697376251220703 0.4559166431427002 -0.79792255163192749 0.10616065561771393
876.20789999887347 -0.55917209386825562 0.67371618747711182 0.079977996647357941 0.12688253819942474 -1.3359006643295288 0.47115376591682434 -0.82026010751724243 0.037599697709083557
962.71489999815822 -0.60382217168807983 0.65333139896392822 0.048020787537097931 0.12033338099718094 -1.1968860626220703 0.4786338210105896 -0.80195707082748413 0.014850964769721031
1052.5780999977142 -0.42566114664077759 0.64158833026885986 0.38404750823974609 0.11493076384067535 -1.0897538661956787 0.45494034886360168 -0.31730148196220398 0.029725898057222366
1142.8688999991864 -0.25518697500228882 0.64580857753753662 0.78426110744476318 0.11270555108785629 -0.974834144115448 0.4317396879196167 -0.15365739166736603 -0.016497025266289711
1230.4717999994755 0.039613869041204453 0.6528288722038269 0.8076820969581604 0.064399152994155884 -0.87604457139968872 0.26325437426567078 -0.10050208121538162 -0.028065122663974762
1316.083599999547 0.57607269287109375 0.70767641067504883 1.3448456525802612 0.092412315309047699 0.42349013686180115 0.32563456892967224 0.53309482336044312 0.010595115832984447
1400.2262999992818 0.5270734429359436 0.48771730065345764 1.2650084495544434 0.11755002290010452 1.5656377077102661 0.42431730031967163 1.7944726943969727 0.065245114266872406
1485.7956999987364 0.80228102207183838 0.44217467308044434 1.7942577600479126 0.11697077006101608 2.1678409576416016 0.4504426121711731 2.6031513214111328 0.046526096761226654
1571.7527999989688 1.0257562398910522 0.43444359302520752 2.0084934234619141 0.14724272489547729 2.6713969707489014 0.48638558387756348 3.1248729228973389 0.10697008669376373
1658.0921999998391 1.1806895732879639 0.4183947741985321 1.7591053247451782 0.12118003517389297 2.9492595195770264 0.49988734722137451 2.9250576496124268 0.13300329446792603
1744.607899999246 1.1573610305786133 0.43621072173118591 1.6152405738830566 0.16093958914279938 3.1528313159942627 0.52500957250595093 3.1124138832092285 0.1449781060218811
1826.6627999991179 1.1025190353393555 0.44167381525039673 1.8183320760726929 0.16649609804153442 3.2906098365783691 0.52803850173950195 3.3761000633239746 0.13513530790805817
1914.4841999989003 0.97116357088088989 0.45039275288581848 1.6386123895645142 0.15644869208335876 2.8423764705657959 0.52386701107025146 2.9391815662384033 0.14611630141735077
