0.0 -0.69988411664962769 0.68354785442352295 0.64169102907180786 0.66575193405151367 -0.60475820302963257 1.0236363410949707 0.68032050132751465 0.9902336597442627
92.44980001449585 -0.69460231065750122 0.68739396333694458 0.62992846965789795 0.66278856992721558 -0.59758120775222778 1.0262632369995117 0.67980992794036865 0.97960984706878662
180.31609998643398 -0.71991032361984253 0.68959605693817139 0.69000166654586792 0.64966839551925659 -0.582660973072052 1.0138564109802246 0.81111210584640503 0.97499912977218628
272.41470001637936 -0.6881600022315979 0.6837727427482605 0.71313709020614624 0.6410067081451416 -0.52583909034729004 1.0193279981613159 0.88508206605911255 0.95362210273742676
359.52750000357628 -0.73341828584671021 0.67450040578842163 0.82281863689422607 0.60917752981185913 -0.46624872088432312 0.98715275526046753 1.0710502862930298 0.91406542062759399
446.46590001881123 -0.62955445051193237 0.64698070287704468 0.98847758769989014 0.52515387535095215 -0.27031078934669495 0.89290779829025269 1.2590067386627197 0.75719845294952393
537.86939999461174 -0.62701451778411865 0.64982712268829346 1.0119534730911255 0.4353272020816803 -0.28704825043678284 0.82042092084884644 1.3732653856277466 0.6219143271446228
624.308100014925 -0.62429052591323853 0.66057753562927246 0.92765235900878906 0.29619994759559631 -0.49070009589195251 0.58780962228775024 0.75992035865783691 0.30019521713256836
709.8592000156641 -0.64076226949691772 0.71399331092834473 0.86000072956085205 0.27530845999717712 -0.80991733074188232 0.51758331060409546 0.48589405417442322 0.12394088506698608
798.73460000753403 -0.71293634176254272 0.67764830589294434 0.489999920129776 0.14319533109664917 -1.0338531732559204 0.50865018367767334 -0.44387394189834595 0.018850915133953094
887.44610001146793 -0.67664974927902222 0.68784809112548828 0.18267703056335449 0.13823892176151276 -1.1201595067977905 0.46673980355262756 -0.70723503828048706 0.032277908176183701
973.9222000092268 -0.78653347492218018 0.70744812488555908 0.021452492102980614 0.11037574708461761 -1.2816444635391235 0.48761427402496338 -0.8507726788520813 0.01767243817448616
1064.5947000086308 -0.69867998361587524 0.70455241203308105 0.073859915137290955 0.11782072484493256 -1.195589542388916 0.48621588945388794 -1.0893938541412354 0.087817870080471039
1150.4659000039101 -0.61228394508361816 0.69271886348724365 -0.075811333954334259 0.10622189939022064 -1.1198611259460449 0.46903753280639648 -0.72146135568618774 0.066770657896995544
1239.5283000171185 -0.60457056760787964 0.68888825178146362 0.096734941005706787 0.10011067241430283 -1.1123282909393311 0.45592799782752991 -0.5960657000541687 0.049799423664808273
1329.2377000004053 -0.22714422643184662 0.70527136325836182 0.3047548234462738 0.1208675354719162 -0.90618735551834106 0.51043438911437988 -0.40182033181190491 0.065488837659358978
1416.6050999909639 -0.46397370100021362 0.61271107196807861 0.38038027286529541 0.10337420552968979 -0.67503339052200317 0.50449925661087036 -0.82454788684844971 0.099372804164886475
1506.0930000245571 -0.057727064937353134 0.64473479986190796 0.77611625194549561 0.080499351024627686 -0.011766114272177219 0.50304192304611206 -0.21615973114967346 0.016593821346759796
1597.7222000211477 0.53222751617431641 0.57901245355606079 1.0116400718688965 0.12289652228355408 1.5683268308639526 0.48824009299278259 1.0877772569656372 0.055970713496208191
1687.6526000052691 1.0952327251434326 0.52374285459518433 1.8620338439941406 0.13282033801078796 2.3404946327209473 0.4588889479637146 2.61185622215271 0.049792185425758362
1774.3929000049829 0.87670820951461792 0.4541836678981781 1.7731510400772095 0.15749169886112213 2.2257626056671143 0.52666091918945313 2.4746391773223877 0.085780069231987
1864.5615000128746 0.6383821964263916 0.45491567254066467 1.3292157649993896 0.20106220245361328 1.9495202302932739 0.52008098363876343 2.1051747798919678 0.10225000232458115
1954.9864000082016 0.65512055158615112 0.42315369844436646 1.4654468297958374 0.16446381807327271 2.0024774074554443 0.48764735460281372 2.1262953281402588 0.14023423194885254
