99.60219999961555 -0.70955830812454224 0.61410361528396606 0.82641088962554932 0.6302075982093811 -0.70589709281921387 0.98548805713653564 0.91183251142501831 1.0193915367126465
205.26490000076592 -0.67327195405960083 0.61468803882598877 0.82060468196868896 0.63540583848953247 -0.64841407537460327 0.98930627107620239 0.90727722644805908 1.0217659473419189
328.96719999983907 -0.65475386381149292 0.60647618770599365 0.8214566707611084 0.63503420352935791 -0.61108905076980591 0.98704373836517334 0.94682401418685913 1.0114380121231079
436.56349999923259 -0.66256505250930786 0.62451380491256714 0.87262672185897827 0.59971237182617188 -0.57050609588623047 0.99760991334915161 1.2400760650634766 0.98286199569702148
537.7788000004366 -0.76402229070663452 0.59213894605636597 1.0555591583251953 0.55922454595565796 -0.85965812206268311 0.98975604772567749 1.2646702527999878 0.94964122772216797
657.80410000029951 -0.75392454862594604 0.56687700748443604 0.96968358755111694 0.42258059978485107 -1.2719113826751709 0.84731268882751465 1.1791718006134033 0.71123588085174561
782.87060000002384 -0.72598081827163696 0.62052649259567261 1.0878551006317139 0.4019087553024292 -1.27012038230896 0.7031218409538269 0.76475620269775391 0.48046192526817322
901.74400000087917 -0.68999344110488892 0.68830841779708862 0.60147768259048462 0.25142571330070496 -1.1169388294219971 0.6104285717010498 0.057545509189367294 0.26920589804649353
1012.656799999997 -0.66149932146072388 0.63250988721847534 0.49686738848686218 0.15482029318809509 -1.3243042230606079 0.51442217826843262 -0.28211605548858643 0.031881019473075867
1127.7647000001743 -0.82164168357849121 0.67067885398864746 0.63587605953216553 0.1969476193189621 -1.2813339233398438 0.26794382929801941 -0.17080381512641907 0.0946149080991745
1245.0552000002936 -0.56503176689147949 0.64433270692825317 0.56023156642913818 0.15310493111610413 -0.97542625665664673 0.45069566369056702 -0.010664730332791805 0.028787132352590561
1358.1582000004128 -0.53684580326080322 0.65825396776199341 0.52562254667282104 0.13411468267440796 -0.97687757015228271 0.43814203143119812 -0.22389833629131317 0.017270179465413094
1470.0408000014722 -0.52271389961242676 0.67820882797241211 0.74099183082580566 0.18139125406742096 -1.2277110815048218 0.46004951000213623 0.27684739232063293 0.19679795205593109
1585.9189999997616 -0.13369305431842804 0.69842702150344849 0.780708909034729 0.1538032740354538 -1.0142662525177002 0.48455792665481567 0.37553587555885315 0.15816520154476166
1727.4046000000089 -0.12616699934005737 0.62461316585540771 0.97629064321517944 0.10835761576890945 0.33172020316123962 0.54034143686294556 0.76501035690307617 0.080464735627174377
1840.8079000003636 0.38308000564575195 0.57176071405410767 1.6522433757781982 0.12594304978847504 1.2734935283660889 0.61358022689819336 1.862341046333313 0.10643776506185532
1949.592699999921 0.34417170286178589 0.59249472618103027 1.6542099714279175 0.17516081035137177 1.2926915884017944 0.56214356422424316 2.6144518852233887 0.13366781175136566
