90.860999997705221 -0.72381269931793213 0.75482052564620972 0.59583675861358643 0.69241040945053101 -0.56774044036865234 1.1138948202133179 0.58651906251907349 1.057827353477478
184.50109999999404 -0.7143511176109314 0.75848639011383057 0.63509088754653931 0.67892509698867798 -0.5371549129486084 1.1033194065093994 0.64199841022491455 1.0634181499481201
289.09109999798238 -0.71295070648193359 0.72486406564712524 0.75500518083572388 0.6783440113067627 -0.54771941900253296 1.0497677326202393 0.85424870252609253 1.0600064992904663
387.23139999993145 -0.75326484441757202 0.67093616724014282 0.79410743713378906 0.63444298505783081 -0.57475554943084717 1.0090532302856445 0.91509699821472168 1.0011998414993286
484.29019999876618 -0.80760151147842407 0.65747153759002686 0.78450661897659302 0.6053617000579834 -0.65323138236999512 0.96017426252365112 0.83031415939331055 0.95176291465759277
576.58929999917746 -0.74576187133789063 0.6180083155632019 0.66852706670761108 0.52441030740737915 -0.93967688083648682 0.8398745059967041 0.57651048898696899 0.81674307584762573
669.28270000033081 -0.72112518548965454 0.65975302457809448 0.34018296003341675 0.38838636875152588 -1.311987042427063 0.74425244331359863 -0.18446710705757141 0.56243401765823364
763.82680000178516 -0.78388357162475586 0.65279322862625122 -0.38117384910583496 0.30990555882453918 -1.6274780035018921 0.63489168882369995 -1.4069365262985229 0.5474933385848999
861.17679999954998 -0.57768261432647705 0.72532784938812256 -0.58308911323547363 0.20828545093536377 -1.5643234252929688 0.57808971405029297 -1.7773169279098511 0.14521588385105133
959.97980000078678 -0.5512930154800415 0.74206191301345825 -0.55931216478347778 0.1972278505563736 -1.4342914819717407 0.63441348075866699 -1.6810612678527832 0.12227488309144974
1052.3541000001132 -0.71907234191894531 0.80445599555969238 -0.34638655185699463 0.2243385910987854 -1.8390631675720215 0.70726823806762695 -1.4226343631744385 0.15121152997016907
1151.7799999993294 -0.73333394527435303 0.81467193365097046 -0.1151815727353096 0.23666723072528839 -1.7660114765167236 0.71282434463500977 -1.588915228843689 0.21572679281234741
1248.6096000000834 -0.93924564123153687 0.81389236450195313 -0.023459358140826225 0.1445891261100769 -2.2058341503143311 0.71750253438949585 -1.7308650016784668 0.21022643148899078
1336.0169000010937 -0.63215392827987671 0.80687344074249268 0.013594381511211395 0.15916512906551361 -1.7941881418228149 0.69508624076843262 -1.4000375270843506 0.25202050805091858
1426.2540999986231 -0.3169822096824646 0.597617506980896 0.62428796291351318 0.12541118264198303 -0.37993764877319336 0.7624279260635376 -0.11092967540025711 0.062755219638347626
1524.4115999992937 0.10224419087171555 0.62303918600082397 1.2202882766723633 0.14986905455589294 0.91813600063323975 0.64027148485183716 0.65580874681472778 0.15640710294246674
1619.0900999996811 1.2197527885437012 0.53584599494934082 2.3492896556854248 0.13311812281608582 3.4781465530395508 0.49979260563850403 4.0918822288513184 0.1134117990732193
1713.3314000014216 1.0021240711212158 0.47153580188751221 2.0003447532653809 0.12292869389057159 2.9361517429351807 0.45313361287117004 3.6789495944976807 0.084735088050365448
1810.3091000001878 1.5838690996170044 0.4602753221988678 1.8838011026382446 0.15965846180915833 3.3703005313873291 0.43916702270507813 3.7286078929901123 0.12622003257274628
1903.9672999996692 2.2553441524505615 0.44118198752403259 2.2439804077148438 0.12060654163360596 4.946906566619873 0.44311341643333435 5.5245518684387207 0.12498675286769867
