74.565499999560416 -0.63578879833221436 0.50080186128616333 0.63016647100448608 0.46660315990447998 -0.46345308423042297 0.78080230951309204 0.68295401334762573 0.76046627759933472
169.92300000134856 -0.62343329191207886 0.4950605034828186 0.63479012250900269 0.46930304169654846 -0.76092594861984253 0.81310153007507324 0.68413054943084717 0.76686465740203857
270.18869999982417 -0.62752050161361694 0.50245320796966553 0.67289620637893677 0.47292977571487427 -0.73062926530838013 0.82272005081176758 0.7085726261138916 0.77146363258361816
372.29079999960959 -0.60312634706497192 0.49077314138412476 0.71270829439163208 0.46428573131561279 -0.4291229248046875 0.77107441425323486 0.76731187105178833 0.7668343186378479
475.03710000030696 -0.67839199304580688 0.46711623668670654 0.73718786239624023 0.44302284717559814 -0.69878268241882324 0.72446131706237793 0.66705024242401123 0.73874843120574951
578.46619999967515 -0.62322884798049927 0.41598308086395264 0.6554216742515564 0.4444010853767395 -0.87270629405975342 0.64340472221374512 0.38060417771339417 0.70697474479675293
675.06680000014603 -0.78369754552841187 0.50406622886657715 0.36705741286277771 0.25070744752883911 -1.2289122343063354 0.46612632274627686 0.069166623055934906 0.31444329023361206
777.3371000001207 -0.65782260894775391 0.45145136117935181 0.62105357646942139 0.1837809681892395 -0.96000385284423828 0.44140741229057312 -0.036840464919805527 0.17774787545204163
878.92080000042915 -0.95297485589981079 0.094594806432723999 0.36159265041351318 0.12493319809436798 -1.0581271648406982 0.082758143544197083 0.19180218875408173 0.047973323613405228
985.251600000076 -0.91961836814880371 0.46704438328742981 0.39911365509033203 0.11985212564468384 -1.0964441299438477 0.29135274887084961 0.052621111273765564 0.051234647631645203
1088.0585999991745 -0.95463913679122925 0.44949117302894592 0.56006592512130737 0.16124731302261353 -1.0245120525360107 0.43160918354988098 0.13334044814109802 0.072334997355937958
1185.1592000005767 -0.83069425821304321 0.4403654932975769 0.59409576654434204 0.10428459197282791 -0.98420417308807373 0.39963141083717346 0.17796666920185089 0.03685605525970459
1286.7525000004098 -0.76986193656921387 0.39293745160102844 0.52810710668563843 0.14816756546497345 -1.3111315965652466 0.21983642876148224 0.042182646691799164 0.061975635588169098
1388.6135999998078 -0.19383382797241211 0.45533132553100586 0.80190575122833252 0.13012774288654327 -1.2195292711257935 0.22083888947963715 0.46895435452461243 0.073101446032524109
1490.1526000006124 -0.083980299532413483 0.35447439551353455 1.1779118776321411 0.10619861632585526 0.98629611730575562 0.33682772517204285 0.81815743446350098 0.15157495439052582
1596.2663000002503 0.014538483694195747 0.32823294401168823 1.5162220001220703 0.14724774658679962 1.0782845020294189 0.34689447283744812 1.4729530811309814 0.12390990555286407
1693.1692000003532 0.21124894917011261 0.32986700534820557 1.3181326389312744 0.25312298536300659 1.0360468626022339 0.36715424060821533 2.093947172164917 0.21638807654380798
1795.2369999997318 0.19425520300865173 0.32225024700164795 1.2696195840835571 0.2689259946346283 1.2018024921417236 0.37109732627868652 2.0924887657165527 0.26814991235733032
1894.4895000001416 0.1800825446844101 0.32193633913993835 1.2517491579055786 0.28167161345481873 1.1054747104644775 0.37646928429603577 2.163550853729248 0.24117037653923035
1997.0849000010639 0.20799542963504791 0.31899404525756836 0.97889399528503418 0.2680894136428833 0.94607710838317871 0.36124175786972046 2.3603127002716064 0.21540077030658722
