29.075200000777841 -0.83738464117050171 0.47543409466743469 0.67710703611373901 0.4531140923500061 -0.86469072103500366 0.75079971551895142 0.59894680976867676 0.73209220170974731
126.67509999964386 -0.85235685110092163 0.46082392334938049 0.73180067539215088 0.43476104736328125 -0.82683658599853516 0.72018349170684814 0.66777968406677246 0.70392996072769165
235.33939999993891 -0.8474966287612915 0.47506576776504517 0.95397591590881348 0.45544055104255676 -0.81688487529754639 0.73828750848770142 0.90281593799591064 0.73202705383300781
340.10730000026524 -0.80959701538085938 0.48845607042312622 0.90196710824966431 0.44543361663818359 -0.77631938457489014 0.75313055515289307 1.0016895532608032 0.71173393726348877
441.3860999988392 -0.8844153881072998 0.47318470478057861 0.91979986429214478 0.434957355260849 -0.85360187292098999 0.72993761301040649 1.0214904546737671 0.70188534259796143
540.2121000001207 -0.6677137017250061 0.45399942994117737 0.98330163955688477 0.43891498446464539 -0.79765582084655762 0.74130147695541382 1.0615696907043457 0.71443229913711548
637.43470000009984 -0.71549063920974731 0.45136138796806335 0.96851342916488647 0.43011265993118286 -0.92632526159286499 0.7288672924041748 1.0979814529418945 0.71552044153213501
732.45369999948889 -0.6838841438293457 0.45759403705596924 0.86141079664230347 0.42918014526367188 -0.84111720323562622 0.69710493087768555 0.53965955972671509 0.67254889011383057
832.1211000001058 -0.7932695746421814 0.43150180578231812 0.52378553152084351 0.40945717692375183 -1.4932398796081543 0.59573537111282349 -0.0015655606985092163 0.62856853008270264
938.15439999941736 -0.74106639623641968 0.44652709364891052 0.30714511871337891 0.17230705916881561 -1.3357623815536499 0.42499265074729919 -0.14231319725513458 0.19326129555702209
1046.1507999999449 -0.5622323751449585 0.48420089483261108 0.35452729463577271 0.12586243450641632 -1.2441906929016113 0.24958410859107971 -0.18190202116966248 0.12873333692550659
1142.2484999997541 -0.72658795118331909 0.41427269577980042 0.012919503264129162 0.059696152806282043 -0.97657722234725952 0.28895246982574463 -0.16586215794086456 0.1149308979511261
1238.487199999392 -0.88986426591873169 0.41649362444877625 0.55588310956954956 0.10151971131563187 -1.0613851547241211 0.36794376373291016 0.047026384621858597 0.056388787925243378
1338.2100000008941 -0.96487563848495483 0.40367117524147034 0.53671377897262573 0.079645447432994843 -1.0701314210891724 0.37661701440811157 0.0385001040995121 0.036145173013210297
1439.9747000001371 -0.59497880935668945 0.42956241965293884 0.42311227321624756 0.082967847585678101 -0.95642375946044922 0.35787028074264526 0.094645678997039795 0.034829378128051758
1542.8805999998003 -1.1856018304824829 0.1509985625743866 0.81008094549179077 0.13324344158172607 -1.1194382905960083 0.18166996538639069 0.43006220459938049 0.079043738543987274
1640.2724000001326 -0.59850937128067017 0.30247440934181213 1.2224148511886597 0.15307372808456421 -0.1097458153963089 0.21936523914337158 0.53924775123596191 0.066661670804023743
1746.9210000000894 -0.099901922047138214 0.33221930265426636 1.1143743991851807 0.13093586266040802 0.76572209596633911 0.33536434173583984 1.1657387018203735 0.20406530797481537
1849.0460000000894 0.014470081776380539 0.33437037467956543 1.5842127799987793 0.18829913437366486 1.2185357809066772 0.38320872187614441 2.1774625778198242 0.16240990161895752
1948.7466000001878 0.14669345319271088 0.34613236784934998 0.99870496988296509 0.27757084369659424 0.56883233785629272 0.35465362668037415 1.2990261316299438 0.34574559330940247
