46.072599992156029 -0.60987353324890137 0.74571371078491211 0.58503061532974243 0.74736148118972778 -0.53562498092651367 1.1159520149230957 0.6399456262588501 1.1047842502593994
135.02440001070499 -0.58887696266174316 0.73236602544784546 0.6178092360496521 0.7345547080039978 -0.52086609601974487 1.1078712940216064 0.67553311586380005 1.0838056802749634
228.8572999984026 -0.6196628212928772 0.73128813505172729 0.64188820123672485 0.70373731851577759 -0.54671740531921387 1.0949342250823975 0.72094535827636719 1.0581358671188354
322.81360000371933 -0.6158788800239563 0.72327619791030884 0.82019710540771484 0.67155104875564575 -0.53049957752227783 1.075381875038147 0.9313928484916687 1.0539307594299316
411.05879999697208 -0.68785375356674194 0.73210567235946655 0.94348537921905518 0.61426615715026855 -0.53513091802597046 1.0605100393295288 1.2190145254135132 0.96660441160202026
502.83560000360012 -0.70593041181564331 0.73157405853271484 0.98079991340637207 0.5335049033164978 -0.54536372423171997 1.0075805187225342 1.2566630840301514 0.82516711950302124
588.5249999910593 -0.67540991306304932 0.69550579786300659 0.9056999683380127 0.40910628437995911 -0.65212064981460571 0.82960844039916992 1.0956095457077026 0.5672755241394043
678.33060000836849 -0.76236909627914429 0.75766474008560181 0.70451700687408447 0.32827123999595642 -1.0058197975158691 0.69990295171737671 0.3749750554561615 0.30344498157501221
763.80139999091625 -0.73497837781906128 0.74178731441497803 0.51298987865447998 0.16668367385864258 -1.2313112020492554 0.608806312084198 -0.070775389671325684 0.089265525341033936
853.69420000910759 -0.65799766778945923 0.73850727081298828 0.6060299277305603 0.11267387121915817 -1.4113731384277344 0.5426025390625 -0.47946831583976746 -0.012298245914280415
943.10519999265671 -0.68409073352813721 0.75459074974060059 0.07859513908624649 0.068259857594966888 -1.3072456121444702 0.52850013971328735 -0.77671259641647339 -0.095347695052623749
1034.1441999971867 -0.5998988151550293 0.7633478045463562 0.32419723272323608 0.080865591764450073 -1.2112883329391479 0.56253451108932495 -0.82477498054504395 -0.052255645394325256
1121.5283999890089 -0.41147887706756592 0.75178200006484985 0.20437963306903839 0.073744684457778931 -0.97641938924789429 0.577201247215271 -0.49022826552391052 -0.008341493085026741
1210.764200001955 -0.54590058326721191 0.76951605081558228 0.16195687651634216 0.086266152560710907 -1.3333511352539063 0.55089986324310303 -0.59438580274581909 0.0003514655982144177
1299.1462000012398 -0.34051364660263062 0.76063704490661621 0.21486969292163849 0.050266962498426437 -1.1331954002380371 0.54069387912750244 -0.54740190505981445 0.01376735046505928
1391.1872999966145 -0.27322950959205627 0.75509887933731079 0.44875121116638184 0.15465077757835388 -0.93257683515548706 0.58201712369918823 -0.30066236853599548 0.074655398726463318
1478.9321999996901 -0.15566191077232361 0.74605393409729004 0.47908040881156921 0.15284326672554016 -1.0020277500152588 0.51955437660217285 -0.38914629817008972 0.098636053502559662
1566.1195999830961 0.5019800066947937 0.63338959217071533 1.4312024116516113 0.091610580682754517 0.44105282425880432 0.54632449150085449 0.79771393537521362 0.033335782587528229
1655.6582999974489 0.67978715896606445 0.61630451679229736 1.30059814453125 0.18990571796894073 1.3109872341156006 0.44053143262863159 1.2306019067764282 0.072028122842311859
1746.8580999970436 0.79734349250793457 0.51479464769363403 1.3170058727264404 0.12207905203104019 1.9705328941345215 0.46375384926795959 2.1084063053131104 0.069479674100875854
1833.7469999939203 0.75150316953659058 0.4847235381603241 1.6945480108261108 0.15846984088420868 2.3360426425933838 0.48854109644889832 2.6527078151702881 0.13196708261966705
1920.8236999809742 0.63954728841781616 0.48108309507369995 1.6350343227386475 0.22130733728408813 1.920934796333313 0.52223497629165649 2.6024801731109619 0.12740752100944519
