73.356100000441074 -0.70309579372406006 0.72236758470535278 0.60333371162414551 0.68031901121139526 -0.69326519966125488 1.0584563016891479 0.56320333480834961 1.0736877918243408
167.26460000127554 -0.7259070873260498 0.72737336158752441 0.59950548410415649 0.68731659650802612 -0.72153991460800171 1.0599647760391235 0.56654196977615356 1.0739820003509521
269.15269999951124 -0.70985668897628784 0.71524852514266968 0.5905911922454834 0.6823500394821167 -0.70295292139053345 1.0583043098449707 0.55325043201446533 1.0759438276290894
365.83099999837577 -0.72536748647689819 0.72939926385879517 0.58404636383056641 0.68374538421630859 -0.71850341558456421 1.0689607858657837 0.54934340715408325 1.073334813117981
463.81170000135899 -0.72045820951461792 0.72191911935806274 0.57533681392669678 0.6843758225440979 -0.71185582876205444 1.0569988489151001 0.53781312704086304 1.0718610286712646
565.88000000081956 -0.70458543300628662 0.72096717357635498 0.59132909774780273 0.67833548784255981 -0.70417726039886475 1.0637589693069458 0.56007927656173706 1.0685973167419434
660.15499999932945 -0.74665755033493042 0.68619292974472046 0.67416459321975708 0.6738312840461731 -0.7007439136505127 1.0283790826797485 0.63892602920532227 1.0678697824478149
758.39470000006258 -0.75494426488876343 0.65823870897293091 0.71460825204849243 0.67461866140365601 -0.69257628917694092 1.0339326858520508 0.72845345735549927 1.0696544647216797
846.50439999997616 -0.65807497501373291 0.60954070091247559 0.71777313947677612 0.65260851383209229 -0.7855108380317688 0.89135563373565674 0.68938332796096802 1.0013357400894165
941.59439999982715 -0.62704885005950928 0.63449853658676147 0.51324033737182617 0.57687270641326904 -1.0007224082946777 0.79650086164474487 0.30635762214660645 0.85610228776931763
1038.1411999985576 -0.83541691303253174 0.66995388269424438 0.41027379035949707 0.44473350048065186 -1.6085261106491089 0.74380868673324585 -0.25483465194702148 0.70857441425323486
1137.4585000015795 -0.7400280237197876 0.67272734642028809 -0.43503320217132568 0.27052539587020874 -1.4831898212432861 0.58356446027755737 -1.5311779975891113 0.4412483274936676
1238.0331999994814 -0.8068695068359375 0.67451769113540649 -0.58566492795944214 0.17403924465179443 -1.7219969034194946 0.49504742026329041 -1.8322782516479492 0.14954793453216553
1329.5143999997526 -0.80333799123764038 0.70186394453048706 -0.60680574178695679 0.1313667893409729 -1.7731274366378784 0.4806780219078064 -2.0752811431884766 0.095605947077274323
1419.6570999994874 -0.55966818332672119 0.75432133674621582 -0.33193063735961914 0.16439849138259888 -1.3696177005767822 0.51625263690948486 -1.3462439775466919 0.092224881052970886
1509.093200000003 -0.42494246363639832 0.76333481073379517 -0.11909874528646469 0.13527074456214905 -1.3400675058364868 0.53836393356323242 -1.2250748872756958 0.084451302886009216
1610.494399998337 -0.51738524436950684 0.78847956657409668 -0.17071332037448883 0.15635642409324646 -1.4320336580276489 0.5940093994140625 -1.1728644371032715 0.10009512305259705
1709.6455000005662 -0.53858852386474609 0.81748270988464355 -0.11837571114301682 0.13110964000225067 -1.5480146408081055 0.62531012296676636 -1.1163502931594849 0.14007164537906647
1805.7431999985129 -0.42383590340614319 0.82528764009475708 0.35499468445777893 0.16663509607315063 -1.3607950210571289 0.67910832166671753 -0.84133100509643555 0.16598255932331085
1900.4898000005633 -0.17284421622753143 0.70603728294372559 0.54953914880752563 0.11048956215381622 -0.57362693548202515 0.61321908235549927 -0.63545584678649902 0.11403220146894455
1989.7867000009865 0.35051700472831726 0.6552281379699707 1.2565616369247437 0.091297231614589691 1.3128864765167236 0.59095555543899536 0.58146142959594727 0.04725797101855278
2086.4060999993235 0.87702298164367676 0.5102420449256897 1.4255051612854004 0.14658443629741669 2.6520602703094482 0.56518542766571045 2.8388855457305908 0.10249335318803787
2178.0214999988675 1.0309015512466431 0.44442600011825562 1.6917431354522705 0.11740806698799133 2.5602598190307617 0.51579755544662476 3.3369576930999756 0.088060133159160614
2273.659200001508 1.2033569812774658 0.41925939917564392 1.6263200044631958 0.097803749144077301 2.7820878028869629 0.42902299761772156 3.351543664932251 0.065892495214939117
2365.42679999955 2.7563285827636719 0.40386247634887695 1.6645631790161133 0.17838776111602783 5.3491520881652832 0.38144791126251221 4.7628951072692871 0.08796297013759613
2459.9207999985665 3.4177546501159668 0.38382330536842346 1.7806679010391235 0.23429654538631439 6.2956223487854004 0.35363525152206421 5.5498108863830566 0.14437676966190338
2552.6233999989927 6.4420685768127441 0.3693469762802124 3.6086516380310059 0.29250821471214294 12.659931182861328 0.34738042950630188 11.267978668212891 0.16653968393802643
2646.1694000009447 3.65134596824646 0.36301672458648682 1.9177666902542114 0.29248404502868652 7.3011298179626465 0.34569770097732544 5.3798398971557617 0.34436219930648804
2740.3416000008583 3.3716645240783691 0.37022691965103149 1.9898954629898071 0.29063931107521057 7.704552173614502 0.21614395081996918 4.9104523658752441 0.35009407997131348
2838.762800000608 3.7391514778137207 0.39687034487724304 2.1153883934020996 0.26223042607307434 7.4479842185974121 0.35678970813751221 5.1582441329956055 0.31521469354629517
2931.3745999988168 2.1135463714599609 0.38500690460205078 1.332061767578125 0.28174492716789246 4.5312504768371582 0.36238157749176025 3.2510015964508057 0.34286564588546753
