70.919599998742342 -0.7195085883140564 0.76096534729003906 0.60197216272354126 0.6751372218132019 -0.68054753541946411 1.1182397603988647 0.57895517349243164 1.0623766183853149
168.13129999861121 -0.70203566551208496 0.7419813871383667 0.60952079296112061 0.67891407012939453 -0.58361095190048218 1.11073899269104 0.61610233783721924 1.0597519874572754
267.77309999987483 -0.72056853771209717 0.71912413835525513 0.6528925895690918 0.68408203125 -0.60003018379211426 1.0915435552597046 0.69118142127990723 1.0750185251235962
351.96789999864995 -0.7908318042755127 0.65315085649490356 0.69084388017654419 0.68475300073623657 -0.68678605556488037 1.010068416595459 0.75588703155517578 1.0405339002609253
443.80789999850094 -0.84674638509750366 0.64030522108078003 0.66096293926239014 0.65162140130996704 -0.85598313808441162 0.957805335521698 0.72590970993041992 0.99581009149551392
538.65829999931157 -0.76793080568313599 0.61574769020080566 0.60574489831924438 0.61281043291091919 -0.93406742811203003 0.87288814783096313 0.47969937324523926 0.927024245262146
629.47659999877214 -0.78957396745681763 0.62948548793792725 0.34234336018562317 0.54697775840759277 -1.1771425008773804 0.82175779342651367 0.076224960386753082 0.77766162157058716
719.32949999906123 -0.8162539005279541 0.68238800764083862 -0.52416098117828369 0.23006191849708557 -1.5627766847610474 0.6443866491317749 -1.433167576789856 0.32613557577133179
810.67139999754727 -0.69596695899963379 0.69491726160049438 -0.65771663188934326 0.19388994574546814 -1.8024140596389771 0.54466784000396729 -1.7845972776412964 0.22992372512817383
903.79549999907613 -0.77050834894180298 0.72029119729995728 -0.827933669090271 0.20373709499835968 -1.9170191287994385 0.5612947940826416 -1.9948917627334595 0.18777775764465332
997.65969999693334 -0.85436022281646729 0.75254541635513306 -0.72597837448120117 0.19844818115234375 -1.8880715370178223 0.6556931734085083 -1.8286501169204712 0.15613953769207001
1093.2670999988914 -0.83757138252258301 0.7502751350402832 -0.17767125368118286 0.16442522406578064 -1.7886878252029419 0.64597779512405396 -1.2814595699310303 0.18138612806797028
1185.3795999977738 -0.71817678213119507 0.81360536813735962 -0.06710970401763916 0.18743756413459778 -1.6378632783889771 0.64679121971130371 -1.2062684297561646 0.23918212950229645
1278.7478999979794 -0.51790302991867065 0.79485392570495605 0.037923626601696014 0.20183651149272919 -1.387910008430481 0.66686296463012695 -1.1342505216598511 0.24768884479999542
1371.1448999978602 -0.22390791773796082 0.6605876088142395 1.0370149612426758 0.15800532698631287 0.38792398571968079 0.71135777235031128 0.52291369438171387 0.1414802223443985
1457.5406999979168 0.19479571282863617 0.67561697959899902 1.0296555757522583 0.1741737425327301 1.6476842164993286 0.67840451002120972 1.4275428056716919 0.13390691578388214
1561.2514999974519 0.62931251525878906 0.60027813911437988 1.846571683883667 0.16598115861415863 2.4862377643585205 0.59858864545822144 2.9590690135955811 0.11566044390201569
1653.0955999977887 0.63542670011520386 0.57881689071655273 1.5592222213745117 0.17918935418128967 2.0204410552978516 0.57781952619552612 2.5933926105499268 0.099862039089202881
1749.8951999992132 0.61086982488632202 0.52502214908599854 1.2020581960678101 0.2093082070350647 1.943109393119812 0.53927761316299438 2.4853212833404541 0.13469251990318298
1847.3476999998093 0.80763250589370728 0.5152353048324585 1.4894455671310425 0.21423666179180145 2.4795196056365967 0.54117381572723389 3.1605215072631836 0.14637281000614166
1949.1675999984145 0.85178941488265991 0.50985914468765259 1.6289541721343994 0.23081666231155396 2.7542176246643066 0.55131667852401733 3.4445455074310303 0.17608067393302917
