64.901599999517202 -0.73129880428314209 0.73028284311294556 0.57736200094223022 0.67573189735412598 -0.59946620464324951 1.0886664390563965 0.55244904756546021 1.0305390357971191
164.55399999953806 -0.70531690120697021 0.72415220737457275 0.60419625043869019 0.66547244787216187 -0.59850049018859863 1.0923000574111938 0.57870876789093018 1.028791069984436
263.39889999851584 -0.68113243579864502 0.71294683218002319 0.6920742392539978 0.67693614959716797 -0.59584975242614746 1.0767451524734497 0.70607167482376099 1.0550404787063599
367.37360000051558 -0.75010818243026733 0.68655967712402344 0.68938541412353516 0.68754857778549194 -0.66991835832595825 1.0452650785446167 0.72661817073822021 1.0660585165023804
460.97030000016093 -0.78475093841552734 0.65996509790420532 0.65041995048522949 0.68618535995483398 -0.83617395162582397 1.0016714334487915 0.66919106245040894 1.0160173177719116
555.35869999974966 -0.70812332630157471 0.61675196886062622 0.58143109083175659 0.59753602743148804 -0.99534821510314941 0.87646490335464478 0.40245988965034485 0.91436731815338135
652.94600000046194 -0.80058234930038452 0.65739172697067261 0.26921248435974121 0.42298522591590881 -1.3147914409637451 0.79598015546798706 -0.34695243835449219 0.67696642875671387
747.04480000026524 -0.83364760875701904 0.64930540323257446 -0.61106634140014648 0.44408455491065979 -1.6497445106506348 0.66075605154037476 -1.6290123462677002 0.62012815475463867
835.7422000002116 -0.65029847621917725 0.71935665607452393 -0.6932748556137085 0.19444102048873901 -1.5399656295776367 0.54226934909820557 -1.6060837507247925 0.19890695810317993
931.39220000058413 -0.82512402534484863 0.7497066855430603 -0.88058525323867798 0.18801817297935486 -1.7796933650970459 0.55869841575622559 -1.9529149532318115 0.10870518535375595
1027.1580999996513 -0.74150073528289795 0.75677800178527832 -0.65901786088943481 0.18416886031627655 -1.5135084390640259 0.61050611734390259 -1.5455591678619385 0.11374928802251816
1124.7696000002325 -0.68478447198867798 0.76855838298797607 -0.15418964624404907 0.15822137892246246 -1.4278360605239868 0.63201230764389038 -1.2113019227981567 0.12586753070354462
1220.5263000000268 -0.65422654151916504 0.80410313606262207 -0.022575877606868744 0.19583120942115784 -1.4943366050720215 0.65132147073745728 -1.0863567590713501 0.20127320289611816
1308.0990999992937 -0.50847756862640381 0.79537534713745117 0.12522462010383606 0.20295003056526184 -1.2061312198638916 0.64675235748291016 -0.93799978494644165 0.22028546035289764
1399.6730000004172 -0.48804435133934021 0.71078920364379883 0.60778683423995972 0.21403579413890839 -0.76760238409042358 0.65612560510635376 0.11288207769393921 0.10290844738483429
1495.9809000007808 0.19450391829013824 0.65830183029174805 1.2322813272476196 0.25031203031539917 1.5949186086654663 0.69970250129699707 1.5358148813247681 0.20132818818092346
1584.378999998793 0.63601869344711304 0.57307112216949463 1.6831740140914917 0.19548885524272919 2.22444748878479 0.5637279748916626 2.5460019111633301 0.17747583985328674
1674.3045999985188 0.67648249864578247 0.49750864505767822 1.7040866613388062 0.22254699468612671 2.0942363739013672 0.47533005475997925 2.8687665462493896 0.17820118367671967
1767.204299999401 0.84845507144927979 0.47606652975082397 1.4479732513427734 0.26917234063148499 2.090073823928833 0.46421089768409729 2.5183322429656982 0.16691888868808746
1857.2389000002295 0.97623974084854126 0.45409369468688965 1.3873492479324341 0.26289653778076172 2.4015853404998779 0.45812991261482239 2.7984514236450195 0.18702046573162079
1960.9736000001431 1.0680367946624756 0.47098848223686218 1.3889155387878418 0.3157559335231781 3.0037105083465576 0.46199938654899597 2.9397299289703369 0.34363400936126709
