40.160700000822544 -0.5797722339630127 0.4794718325138092 0.7444947361946106 0.46571311354637146 -0.44180110096931458 0.76311463117599487 0.73714661598205566 0.76814359426498413
140.38880000077188 -0.57924908399581909 0.4827953577041626 0.76321423053741455 0.46655967831611633 -0.45216140151023865 0.76442819833755493 0.76863193511962891 0.76450973749160767
235.66680000070482 -0.5827481746673584 0.48229297995567322 0.74442374706268311 0.46188527345657349 -0.44353368878364563 0.76342493295669556 0.75199788808822632 0.75659078359603882
338.70379999931902 -0.587837815284729 0.48703914880752563 0.75477129220962524 0.46521544456481934 -0.44734987616539001 0.76939034461975098 0.74312728643417358 0.75963377952575684
438.24510000087321 -0.59513765573501587 0.48298633098602295 0.74965882301330566 0.45861643552780151 -0.4672849178314209 0.76217186450958252 0.7784232497215271 0.75327897071838379
538.40719999931753 -0.55864119529724121 0.47721940279006958 0.79854953289031982 0.45553767681121826 -0.43692964315414429 0.76174896955490112 0.82754284143447876 0.74955868721008301
636.56640000082552 -0.58603078126907349 0.45197784900665283 0.7724076509475708 0.45589891076087952 -0.5166429877281189 0.76660478115081787 0.68534421920776367 0.74749398231506348
731.48779999930412 -0.70023882389068604 0.44405534863471985 0.62508088350296021 0.44318675994873047 -1.0366925001144409 0.65845400094985962 0.18231531977653503 0.67570024728775024
834.16949999984354 -0.6372532844543457 0.45811089873313904 0.51820510625839233 0.39947494864463806 -1.0522627830505371 0.58277368545532227 0.012375944294035435 0.49664202332496643
934.41250000055879 -1.0381985902786255 0.4594971239566803 0.34483879804611206 0.17770436406135559 -1.6296905279159546 0.33959844708442688 -0.41983097791671753 0.20872335135936737
1038.0813000006601 -0.88990873098373413 0.40558972954750061 0.02377760037779808 0.10864522308111191 -1.2130386829376221 0.31214603781700134 -0.035887338221073151 0.10705471783876419
1147.775100001134 -0.67006492614746094 0.4639703631401062 0.4165540337562561 0.11632621288299561 -0.73304980993270874 0.25769054889678955 -0.18445229530334473 0.066313572227954865
1283.2918999996036 -1.1292766332626343 0.41784802079200745 1.2752165794372559 0.10751588642597198 -1.1171544790267944 0.35804200172424316 0.29644328355789185 0.061604879796504974
1422.9511000001803 -1.0441994667053223 0.39571684598922729 0.69226765632629395 0.12633129954338074 -0.89262855052947998 0.42664796113967896 0.32976850867271423 0.030654016882181168
1526.8884000005201 -0.35387310385704041 0.46150693297386169 0.87022477388381958 0.09798557311296463 -1.5469428300857544 0.21854391694068909 0.46256652474403381 0.034459430724382401
1630.4185000006109 -0.39381691813468933 0.34493830800056458 0.93236154317855835 0.14244872331619263 -0.25234943628311157 0.39914631843566895 0.67122113704681396 0.11897825449705124
1724.6074999999255 0.047714695334434509 0.35641938447952271 0.9131157398223877 0.12601876258850098 0.58789390325546265 0.37858131527900696 1.6923859119415283 0.1414884477853775
1825.9917000001296 0.18047910928726196 0.36683309078216553 1.1641994714736938 0.27983248233795166 0.62348878383636475 0.36346632242202759 1.891182541847229 0.32588720321655273
1931.8784999996424 -0.064026392996311188 0.37967973947525024 1.0830709934234619 0.20001289248466492 0.49054679274559021 0.35631734132766724 2.2090578079223633 0.21504275500774384
