41.490600001066923 -0.77379894256591797 0.70938867330551147 0.55698263645172119 0.67165648937225342 -0.68285560607910156 1.0569272041320801 0.55676007270812988 1.0261679887771606
137.41600000113249 -0.77732688188552856 0.72947025299072266 0.5626760721206665 0.69046419858932495 -0.68496030569076538 1.0738193988800049 0.55727267265319824 1.0632108449935913
235.40200000070035 -0.75212854146957397 0.72728538513183594 0.59191048145294189 0.67811852693557739 -0.6304466724395752 1.0709121227264404 0.61565059423446655 1.0577144622802734
332.26029999926686 -0.70539844036102295 0.69555962085723877 0.74971365928649902 0.6544683575630188 -0.50360167026519775 1.0197666883468628 0.85702264308929443 1.0222756862640381
427.01839999854565 -0.73874425888061523 0.66631442308425903 0.76581043004989624 0.62816482782363892 -0.49269148707389832 0.98108935356140137 0.89690738916397095 0.9700932502746582
521.24940000101924 -0.74591273069381714 0.62400144338607788 0.73754280805587769 0.53008300065994263 -0.68212348222732544 0.92026585340499878 0.81791889667510986 0.8396725058555603
619.14369999989867 -0.71236974000930786 0.61313766241073608 0.60241413116455078 0.49760150909423828 -0.94980216026306152 0.84065467119216919 0.53008008003234863 0.73710989952087402
716.88130000047386 -0.6809772253036499 0.67882096767425537 -0.089555971324443817 0.23824496567249298 -1.3536556959152222 0.71439588069915771 -0.81311261653900146 0.27104443311691284
810.77029999904335 -0.70131975412368774 0.68562668561935425 -0.627605140209198 0.15183089673519135 -1.902355432510376 0.60805404186248779 -2.0679266452789307 0.15202455222606659
897.26920000091195 -0.45774930715560913 0.74132877588272095 -0.49242860078811646 0.13310688734054565 -1.5451937913894653 0.60626471042633057 -2.2795405387878418 0.076004683971405029
994.42940000072122 -0.25684556365013123 0.78948837518692017 -0.19889405369758606 0.14856535196304321 -1.5031218528747559 0.60260617733001709 -1.6500519514083862 0.032553542405366898
1089.003999998793 -0.31631225347518921 0.81040334701538086 -0.30679568648338318 0.14149807393550873 -1.4237655401229858 0.67644834518432617 -1.1459444761276245 0.060578152537345886
1190.0439999997616 -0.23299005627632141 0.83539021015167236 0.53377693891525269 0.16115270555019379 -1.1706935167312622 0.69062715768814087 -0.80682796239852905 0.13191469013690948
1283.6931999996305 0.14424121379852295 0.84504830837249756 1.176501989364624 0.11602160334587097 -1.2426537275314331 0.57538372278213501 -0.9597046971321106 0.16898125410079956
1371.6463999990374 0.54297208786010742 0.60235470533370972 1.2570242881774902 0.042867615818977356 1.1651018857955933 0.4954122006893158 0.57351392507553101 0.0037593813613057137
1465.8816999997944 1.4554179906845093 0.50517922639846802 1.7920230627059937 0.14381946623325348 3.3090376853942871 0.42233258485794067 3.1795992851257324 0.0012659464264288545
1559.9588000010699 1.7025443315505981 0.40047529339790344 2.2990150451660156 0.17807190120220184 3.9443917274475098 0.17718549072742462 4.1994051933288574 0.088935047388076782
1654.9046999998391 1.7274471521377563 0.37552735209465027 2.0428848266601563 0.35896351933479309 3.4214186668395996 0.32211846113204956 3.2297136783599854 0.21555697917938232
1745.829600000754 1.5365363359451294 0.44229051470756531 1.0544427633285522 0.38010916113853455 2.7133669853210449 0.40666341781616211 1.9972795248031616 0.30772274732589722
1840.0754000004381 2.4168968200683594 0.4717738926410675 1.0147676467895508 0.24280939996242523 4.2690601348876953 0.4478156566619873 2.9240546226501465 0.34678184986114502
1926.2881000004709 6.345548152923584 0.48305919766426086 1.6699137687683105 0.17943517863750458 12.123770713806152 0.46748408675193787 8.2056188583374023 0.34232887625694275
