60.369799997657537 -0.74715089797973633 0.64689987897872925 0.66008114814758301 0.65568673610687256 -0.74320518970489502 1.0037626028060913 0.69044649600982666 0.97109729051589966
148.81629999913275 -0.73348438739776611 0.64517819881439209 0.66421490907669067 0.65254777669906616 -0.72942805290222168 0.99885100126266479 0.68661081790924072 0.97481805086135864
234.57709999755025 -0.74063074588775635 0.64588594436645508 0.65438073873519897 0.65061497688293457 -0.73440408706665039 0.99815875291824341 0.69723910093307495 0.97790604829788208
322.93969999998808 -0.72931444644927979 0.64855122566223145 0.71590507030487061 0.63444751501083374 -0.71689701080322266 0.99615412950515747 0.74790775775909424 0.9494020938873291
410.07769999839365 -0.7171592116355896 0.65288406610488892 0.80004054307937622 0.64163452386856079 -0.69743859767913818 0.99104869365692139 0.8083459734916687 0.96146082878112793
492.19669999927282 -0.76443386077880859 0.63411766290664673 0.90690022706985474 0.61698740720748901 -0.74001884460449219 0.94791281223297119 0.85561716556549072 0.949382483959198
575.08169999718666 -0.79940730333328247 0.59221285581588745 0.90773206949234009 0.60426533222198486 -0.83114129304885864 0.8550490140914917 0.73500537872314453 0.92205482721328735
660.81760000064969 -0.79963004589080811 0.54139751195907593 0.9378618597984314 0.56773579120635986 -0.94432735443115234 0.79000985622406006 0.66873753070831299 0.80077958106994629
751.74279999919236 -0.66358369588851929 0.52234232425689697 0.65478456020355225 0.38665539026260376 -1.1484118700027466 0.60971176624298096 0.080325111746788025 0.45768281817436218
841.44020000100136 -0.64491093158721924 0.58050364255905151 0.2898135781288147 0.1902078241109848 -1.4358106851577759 0.49999368190765381 -0.83272302150726318 0.15670391917228699
928.3255999982357 -0.78996926546096802 0.61137932538986206 -0.22691091895103455 0.16675426065921783 -1.5041910409927368 0.39989146590232849 -1.1045405864715576 0.063716679811477661
1015.0019999984652 -0.76304221153259277 0.62536072731018066 -0.1304892897605896 0.16191479563713074 -1.3845474720001221 0.44872871041297913 -1.062856912612915 0.036806304007768631
1101.9987999983132 -0.76464390754699707 0.65820521116256714 -0.14986129105091095 0.16647502779960632 -1.3215280771255493 0.48032957315444946 -0.94926154613494873 0.067015469074249268
1191.5638999994844 -0.7282721996307373 0.68103426694869995 -0.23112110793590546 0.137960284948349 -1.3063869476318359 0.46867921948432922 -0.87614518404006958 0.045310374349355698
1278.4059999994934 -0.7763671875 0.69523781538009644 0.13014110922813416 0.13587382435798645 -1.5287071466445923 0.51536351442337036 -0.70849394798278809 0.077063575387001038
1367.11429999955 -0.41163557767868042 0.68264836072921753 0.58285188674926758 0.12562499940395355 -1.1710128784179688 0.51071250438690186 -0.28782647848129272 0.019793882966041565
1455.2436999995261 -0.067644864320755005 0.69057303667068481 0.68916338682174683 0.12863869965076447 -0.93708145618438721 0.42874398827552795 -0.41485458612442017 0.072000890970230103
1538.6185999978334 -0.13750812411308289 0.56856244802474976 1.0820218324661255 0.14417587220668793 0.026303432881832123 0.39787247776985168 0.20271281898021698 0.12015023827552795
1625.5754999984056 0.28182625770568848 0.58517050743103027 1.0900087356567383 0.17015744745731354 1.1660864353179932 0.59651428461074829 1.2563439607620239 0.14312043786048889
1714.8361999988556 0.33812546730041504 0.50258928537368774 1.4424176216125488 0.22747591137886047 1.5811300277709961 0.488078773021698 2.2720651626586914 0.19339855015277863
1802.1928999982774 0.5185050368309021 0.48917070031166077 1.9289880990982056 0.23370428383350372 1.7678772211074829 0.55565494298934937 3.147667407989502 0.2232852578163147
1887.3817999977618 0.68050003051757813 0.46198871731758118 2.0865383148193359 0.23117354512214661 1.8708279132843018 0.54305398464202881 3.4636645317077637 0.22355453670024872
1977.670399999246 0.44358474016189575 0.48276603221893311 1.5302718877792358 0.24149824678897858 1.4305068254470825 0.56198221445083618 2.5885508060455322 0.23488147556781769
