19.835099999792874 -0.55774545669555664 0.49526572227478027 0.75792241096496582 0.46417850255966187 -0.70681858062744141 0.80261963605880737 0.78612059354782104 0.75443071126937866
115.11770000029355 -0.54990798234939575 0.49411925673484802 0.74957925081253052 0.46208611130714417 -0.67398560047149658 0.80212795734405518 0.77351438999176025 0.75253081321716309
218.23830000031739 -0.56015944480895996 0.49768844246864319 0.76600110530853271 0.46304303407669067 -0.69183623790740967 0.80487930774688721 0.82340240478515625 0.75672686100006104
320.16440000012517 -0.5446656346321106 0.49489271640777588 0.76459789276123047 0.4692845344543457 -0.67997807264328003 0.79718136787414551 0.83759409189224243 0.75907355546951294
415.33780000079423 -0.57512950897216797 0.48257419466972351 0.78356915712356567 0.46047654747962952 -0.42780053615570068 0.75557059049606323 0.93959552049636841 0.75951308012008667
510.94430000148714 -0.62164825201034546 0.48566427826881409 0.82002288103103638 0.47559398412704468 -0.44418400526046753 0.76659643650054932 0.95062172412872314 0.77408677339553833
611.61650000046939 -0.66988247632980347 0.46882972121238708 0.77410316467285156 0.4667096734046936 -0.59834057092666626 0.76583331823348999 0.84800821542739868 0.76481962203979492
713.9945000000298 -0.72862476110458374 0.37995713949203491 0.44296318292617798 0.38839972019195557 -0.84203660488128662 0.49658751487731934 0.38165819644927979 0.64247685670852661
813.5738999992609 -0.71003907918930054 0.40513202548027039 0.45103967189788818 0.27330318093299866 -0.87282145023345947 0.47590619325637817 0.26708504557609558 0.34402599930763245
914.36920000053942 -0.89391076564788818 0.42433974146842957 0.28882145881652832 0.16334131360054016 -1.2918449640274048 0.29973018169403076 0.25170555710792542 0.092899501323699951
1015.8258000006899 -1.2361494302749634 0.47911664843559265 0.36080607771873474 0.13344298303127289 -1.6254321336746216 0.28750130534172058 0.054418288171291351 0.098272033035755157
1110.2038000011817 -1.0190701484680176 0.49521911144256592 0.41972935199737549 0.10169532895088196 -1.1639375686645508 0.21971884369850159 -0.26420691609382629 0.062232211232185364
1216.6076000016183 -1.1796265840530396 0.4818476140499115 0.7159392237663269 0.10790779441595078 -1.3022040128707886 0.2848726212978363 -0.25525557994842529 0.088557116687297821
1317.988799999468 -1.0507515668869019 0.43978434801101685 0.57708650827407837 0.20833204686641693 -1.3060404062271118 0.31702926754951477 0.090285666286945343 0.050666816532611847
1416.6490000002086 -0.45010456442832947 0.52254551649093628 0.56507593393325806 0.085213109850883484 -1.0325517654418945 0.19292163848876953 -0.20828525722026825 0.054095335304737091
1516.9913999997079 -0.10396386682987213 0.51372361183166504 1.1864705085754395 0.14392170310020447 -0.47246330976486206 0.436463862657547 0.7776416540145874 0.066647425293922424
1617.6160000003874 -0.18686816096305847 0.32840189337730408 1.2627513408660889 0.13620714843273163 0.93785130977630615 0.32531812787055969 1.3058527708053589 0.0095082232728600502
1716.4673000006005 0.22406952083110809 0.30758187174797058 1.7729328870773315 0.13530811667442322 1.2278918027877808 0.33575677871704102 2.0736627578735352 0.15645650029182434
1816.1980999996886 0.27726095914840698 0.31979739665985107 1.4405636787414551 0.17877492308616638 0.77531015872955322 0.30808347463607788 2.0884771347045898 0.24121026694774628
1919.3144000004977 0.27468025684356689 0.34260490536689758 1.5011606216430664 0.17091436684131622 1.2727146148681641 0.37060213088989258 2.1227068901062012 0.3092520534992218
