58.768999999389052 -0.77334100008010864 0.67896926403045654 0.58766686916351318 0.70590263605117798 -0.71359860897064209 1.0766416788101196 0.58517676591873169 1.0879427194595337
162.25500000081956 -0.77007424831390381 0.68625980615615845 0.59233874082565308 0.71470963954925537 -0.7187269926071167 1.0891356468200684 0.59737694263458252 1.0884288549423218
248.94079999811947 -0.78427451848983765 0.6857486367225647 0.58884215354919434 0.70732885599136353 -0.72569394111633301 1.0814497470855713 0.58877938985824585 1.0815843343734741
348.77360000088811 -0.78489160537719727 0.68523985147476196 0.59348952770233154 0.68277591466903687 -0.7112012505531311 1.0790402889251709 0.58966493606567383 1.0710186958312988
445.18730000033975 -0.79483634233474731 0.67353951930999756 0.60324972867965698 0.67227709293365479 -0.69071841239929199 1.0630362033843994 0.64922535419464111 1.0485615730285645
533.94689999893308 -0.77227747440338135 0.67119663953781128 0.78125238418579102 0.64800411462783813 -0.57328915596008301 0.96773278713226318 0.96750235557556152 0.97012531757354736
628.41789999976754 -0.8173213005065918 0.64577764272689819 0.82494735717773438 0.58903247117996216 -0.61718326807022095 0.91146349906921387 1.0314573049545288 0.92736166715621948
725.45559999905527 -0.73355710506439209 0.58233809471130371 0.83310800790786743 0.48399299383163452 -0.68847984075546265 0.77373248338699341 1.0115276575088501 0.78333550691604614
818.11039999872446 -0.73212349414825439 0.60554414987564087 0.30131432414054871 0.17638473212718964 -1.2601985931396484 0.50551140308380127 -0.066651076078414917 0.13687238097190857
912.92439999990165 -1.0043408870697021 0.65339374542236328 -0.01347708236426115 0.14580535888671875 -1.6044505834579468 0.4630761444568634 -1.0361213684082031 0.024064037948846817
1008.263900000602 -0.8072509765625 0.65867578983306885 -0.39125829935073853 0.078591525554656982 -1.6926426887512207 0.43761554360389709 -1.7633347511291504 0.020955132320523262
1108.8288000002503 -0.46414697170257568 0.73174029588699341 -0.051887169480323792 0.12443758547306061 -1.2262864112854004 0.4945768415927887 -1.1363602876663208 0.062533669173717499
1192.432400001213 -0.53438884019851685 0.80323874950408936 -0.46191039681434631 0.12035997956991196 -1.2950618267059326 0.57885909080505371 -1.1233958005905151 0.11409449577331543
1279.4834000002593 -0.50621867179870605 0.83824872970581055 -0.036240439862012863 0.12246877700090408 -1.4686131477355957 0.61563706398010254 -1.3516722917556763 0.15560445189476013
1375.7270999997854 -0.33094644546508789 0.79912060499191284 0.11057230830192566 0.12131906300783157 -1.4562036991119385 0.63044387102127075 -0.80120182037353516 0.15084536373615265
1469.7676999997348 -0.024408670142292976 0.72082602977752686 0.90762156248092651 0.0199698805809021 0.20033921301364899 0.67665696144104004 -0.36987736821174622 0.016815442591905594
1563.1901999991387 0.87407314777374268 0.53792667388916016 1.0717754364013672 0.004652116447687149 2.140192985534668 0.35687375068664551 1.3513962030410767 0.047056853771209717
1655.4921000003815 1.4793035984039307 0.40080353617668152 1.3365826606750488 0.11292567104101181 3.12619948387146 0.37566986680030823 2.6809399127960205 -0.055592123419046402
1752.3618000000715 1.8543707132339478 0.35253345966339111 1.9856765270233154 0.12098869681358337 4.3520016670227051 0.15745632350444794 4.3093180656433105 0.02428090013563633
1848.6085000000894 2.1591780185699463 0.39330282807350159 2.4601705074310303 0.0961470827460289 5.0244898796081543 0.38725587725639343 4.6502618789672852 -0.0014561699936166406
1946.2690999992192 2.3665535449981689 0.39792454242706299 2.9248921871185303 0.068618364632129669 5.4879608154296875 0.40183365345001221 4.8684291839599609 -0.02482009120285511
