5.3225999996066093 -0.78245878219604492 0.74521470069885254 0.52456063032150269 0.6782415509223938 -0.70245218276977539 1.1111998558044434 0.56582826375961304 1.0183944702148438
102.51299999840558 -0.79024875164031982 0.74771523475646973 0.54061269760131836 0.66940385103225708 -0.61811590194702148 1.0781320333480835 0.5710374116897583 1.0250856876373291
206.65650000050664 -0.75681662559509277 0.73832625150680542 0.60491138696670532 0.67386287450790405 -0.60263270139694214 1.0628694295883179 0.61264413595199585 1.032723069190979
305.82369999960065 -0.77123558521270752 0.69717502593994141 0.65785163640975952 0.6662520170211792 -0.61924457550048828 1.0400015115737915 0.66717475652694702 1.0211111307144165
405.35920000076294 -0.75699269771575928 0.68635255098342896 0.70654022693634033 0.66176313161849976 -0.51610159873962402 1.0175126791000366 0.69574207067489624 1.0236682891845703
498.89659999869764 -0.72778910398483276 0.65926510095596313 0.6647723913192749 0.64330762624740601 -0.68196392059326172 0.96417629718780518 0.44514140486717224 0.96131396293640137
597.34750000014901 -0.71818286180496216 0.62243980169296265 0.44240805506706238 0.47001945972442627 -1.1234557628631592 0.82788628339767456 -0.063354842364788055 0.72181838750839233
696.34549999982119 -0.41664519906044006 0.63650816679000854 0.077618964016437531 0.36533185839653015 -1.1182832717895508 0.7517242431640625 -0.99050861597061157 0.63586539030075073
790.27210000157356 -0.4432314932346344 0.64370214939117432 -0.27318811416625977 0.16028259694576263 -1.780023455619812 0.40696617960929871 -1.6972997188568115 0.26489153504371643
887.55780000053346 -0.64036303758621216 0.75552266836166382 -0.51348918676376343 0.13617344200611115 -2.1660261154174805 0.43723228573799133 -2.0999913215637207 0.2864307165145874
983.19359999895096 -0.58530068397521973 0.70163720846176147 -0.35747924447059631 0.1469225138425827 -1.6069177389144897 0.60930842161178589 -1.6354975700378418 0.11389558017253876
1081.4967000000179 -0.60186570882797241 0.79543739557266235 -0.27926838397979736 0.12546634674072266 -1.716823935508728 0.72126233577728271 -1.5330111980438232 0.12135568261146545
1176.8624000009149 -0.68560284376144409 0.85734492540359497 0.10554859787225723 0.11472249031066895 -2.2653923034667969 0.7302480936050415 -1.9042391777038574 0.14821241796016693
1276.4725999999791 -0.56125468015670776 0.81862473487854004 -0.16664020717144012 0.15053306519985199 -2.37375807762146 0.79313284158706665 -2.2878975868225098 0.1689193993806839
1384.3224999997765 -0.071460522711277008 0.82820737361907959 0.63778752088546753 0.16733133792877197 -1.2717235088348389 0.56075698137283325 -0.7235100269317627 0.15157212316989899
1480.8804000001401 0.14559777081012726 0.68963062763214111 1.5463411808013916 0.19231803715229034 0.70108383893966675 0.65402144193649292 0.98976296186447144 0.10034441947937012
1575.382500000298 1.4735603332519531 0.62684261798858643 2.5366833209991455 0.16033223271369934 4.4437494277954102 0.53467994928359985 4.4895920753479004 0.10058397054672241
1670.4330000001937 1.3944560289382935 0.51512300968170166 1.7531272172927856 0.17153935134410858 3.4485805034637451 0.50054460763931274 3.3015170097351074 0.12199898809194565
1762.406799999997 3.3255150318145752 0.49710321426391602 1.961605429649353 0.21392291784286499 6.0534706115722656 0.45501193404197693 4.4268226623535156 0.28310161828994751
1863.0018000006676 2.6313989162445068 0.49804788827896118 0.93824869394302368 0.16370008885860443 4.6815524101257324 0.44101631641387939 4.4233345985412598 0.15370187163352966
1950.65710000135 2.4046626091003418 0.50431537628173828 -0.048718217760324478 0.17023487389087677 5.1693229675292969 0.43136423826217651 4.9255833625793457 0.14781259000301361
