88.346699999645352 -0.78362572193145752 0.6438363790512085 0.55718165636062622 0.63959378004074097 -0.69690960645675659 0.95926469564437866 0.60569494962692261 0.9419894814491272
189.78360000066459 -0.79757273197174072 0.66002023220062256 0.55892372131347656 0.62690204381942749 -0.70911788940429688 0.96789133548736572 0.59956961870193481 0.94826000928878784
299.04019999690354 -0.77472525835037231 0.66700392961502075 0.60317552089691162 0.62416499853134155 -0.69441717863082886 0.96433621644973755 0.58132535219192505 0.95255094766616821
403.37329999729991 -0.854900062084198 0.61515712738037109 0.62213385105133057 0.6269037127494812 -0.73621177673339844 0.89330422878265381 0.48303204774856567 0.93470597267150879
503.53919999860227 -0.87937682867050171 0.60729676485061646 0.6604195237159729 0.65299278497695923 -0.76301920413970947 0.8772013783454895 0.38529136776924133 0.91872024536132813
603.8084999974817 -0.78141677379608154 0.51915466785430908 0.77556765079498291 0.61170613765716553 -0.93154400587081909 0.63477158546447754 0.095801755785942078 0.6865963339805603
708.5570000000298 -0.65707474946975708 0.56103110313415527 0.614116370677948 0.60856795310974121 -1.070096492767334 0.59786593914031982 -0.19232018291950226 0.5247495174407959
810.00310000032187 -0.58392453193664551 0.61879467964172363 0.33367836475372314 0.49503642320632935 -0.88649231195449829 0.4352593719959259 -0.34036445617675781 0.23028486967086792
918.27719999849796 -0.80042743682861328 0.61386120319366455 0.056711882352828979 0.40103641152381897 -1.115678071975708 0.4271492063999176 -0.70877665281295776 0.17287470400333405
1023.2011999990791 -0.69190990924835205 0.65024113655090332 -0.065297544002532959 0.22361381351947784 -0.75988239049911499 0.43740451335906982 -0.63742548227310181 0.16568054258823395
1129.9581999983639 -0.80567258596420288 0.6007879376411438 -0.65706241130828857 0.1742318868637085 -1.0128833055496216 0.54899805784225464 -0.84837514162063599 0.18777838349342346
1230.3544999975711 -1.1007815599441528 0.61367571353912354 -0.46510389447212219 0.1433015912771225 -1.4566482305526733 0.37514606118202209 -0.94214391708374023 0.10641440004110336
1333.4334999993443 -1.2066560983657837 0.58577054738998413 -0.43366727232933044 0.13894097506999969 -1.7241617441177368 0.35779359936714172 -1.3595017194747925 0.093662604689598083
1435.0319999996573 -0.96502667665481567 0.55981343984603882 -0.27370712161064148 0.08741363137960434 -1.7712463140487671 0.30932924151420593 -1.4677382707595825 0.00065183482365682721
1535.6782999988645 -0.38204792141914368 0.59595721960067749 0.33784827589988708 0.094042345881462097 -0.53461825847625732 0.31411999464035034 -0.68806976079940796 -0.0054311910644173622
1642.0202000010759 0.14943690598011017 0.43710401654243469 1.0913453102111816 0.14435583353042603 0.72925847768783569 0.31017151474952698 1.0442279577255249 0.054001849144697189
1741.7305999994278 0.5963064432144165 0.44248777627944946 1.5670642852783203 0.072501353919506073 1.7631646394729614 0.43509760499000549 2.2283852100372314 -0.064161054790019989
1839.8684999998659 0.72093832492828369 0.49525374174118042 1.6980764865875244 0.10888519883155823 2.0166952610015869 0.44577711820602417 2.4036517143249512 0.0054515106603503227
1943.3149999994785 0.67042142152786255 0.48431751132011414 1.7502881288528442 0.15122245252132416 2.1950802803039551 0.47467711567878723 2.6957504749298096 0.06169673427939415
