69.191799998283386 -0.68565034866333008 0.67083138227462769 0.58338230848312378 0.66770339012145996 -0.67685395479202271 1.0059453248977661 0.56976670026779175 1.0152438879013062
171.4541999977082 -0.68791168928146362 0.67569375038146973 0.59136301279067993 0.67438459396362305 -0.67227941751480103 1.0142784118652344 0.5915067195892334 1.0146398544311523
268.19719999842346 -0.6891593337059021 0.67978483438491821 0.59871822595596313 0.66941267251968384 -0.65105742216110229 1.0439035892486572 0.58821672201156616 1.0158473253250122
366.87599999643862 -0.66729503870010376 0.68268245458602905 0.61390548944473267 0.66953808069229126 -0.645732581615448 1.0240284204483032 0.63006269931793213 1.0147709846496582
466.27019999921322 -0.68465465307235718 0.68141019344329834 0.6729203462600708 0.64139878749847412 -0.65008610486984253 1.0189846754074097 0.66916066408157349 0.9956134557723999
566.70569999888539 -0.72920918464660645 0.65015178918838501 0.72065013647079468 0.64867955446243286 -0.69346398115158081 0.98535311222076416 0.683887779712677 0.99352222681045532
665.92269999906421 -0.77823370695114136 0.56178951263427734 0.72821420431137085 0.62576550245285034 -0.88892972469329834 0.79015547037124634 0.33201742172241211 0.90639835596084595
763.77309999614954 -0.77301859855651855 0.54349493980407715 0.65447354316711426 0.5757366418838501 -1.1137109994888306 0.67709928750991821 0.040921371430158615 0.76592338085174561
862.16799999959767 -0.66465562582015991 0.63649505376815796 0.53370922803878784 0.47985655069351196 -1.2029199600219727 0.58091998100280762 -0.3471752405166626 0.51873546838760376
959.56919999606907 -0.77323424816131592 0.60803884267807007 -0.19580258429050446 0.23203997313976288 -1.0971511602401733 0.39392182230949402 -0.86761939525604248 0.12149122357368469
1057.4362999964505 -0.86038774251937866 0.60317468643188477 -0.29280078411102295 0.22316612303256989 -1.2314220666885376 0.37553238868713379 -0.94239377975463867 0.12874396145343781
1159.7006999999285 -0.83721613883972168 0.61291486024856567 -0.24282440543174744 0.099593140184879303 -1.0910220146179199 0.41863805055618286 -0.80681973695755005 0.06335439532995224
1256.7460999973118 -0.83147114515304565 0.64918667078018188 -0.26997879147529602 0.11979453265666962 -0.7300335168838501 0.38777589797973633 -0.61955904960632324 0.080532118678092957
1361.9284000005573 -0.80450987815856934 0.62472116947174072 -0.028379548341035843 0.07931586354970932 -1.3757306337356567 0.39422300457954407 -0.95538288354873657 0.080152601003646851
1467.7869999986142 -0.36049142479896545 0.62783348560333252 0.44291907548904419 0.077195920050144196 -0.99114990234375 0.39219939708709717 -0.76545125246047974 0.025909285992383957
1570.3003999982029 0.057438284158706665 0.53271418809890747 0.86349737644195557 -0.062885619699954987 0.043894995003938675 0.24089992046356201 0.26404079794883728 -0.092681258916854858
1665.9204999972135 0.35411480069160461 0.41092044115066528 1.8079882860183716 -0.061836175620555878 1.6830922365188599 0.30927449464797974 2.0751481056213379 -0.15517120063304901
1768.4530999977142 0.70648592710494995 0.41575318574905396 1.7412014007568359 0.021715715527534485 1.8914817571640015 0.37050884962081909 2.4292690753936768 -0.091034121811389923
1865.550499998033 0.91538995504379272 0.45283558964729309 2.0288538932800293 0.13052493333816528 2.6000146865844727 0.40355685353279114 2.8348062038421631 0.010260362178087234
1964.3687999993563 0.69193679094314575 0.44166332483291626 1.7411032915115356 0.14066815376281738 2.242351770401001 0.42496854066848755 2.6282711029052734 0.023791179060935974
