77.794000001624227 -0.70950067043304443 0.75538963079452515 0.60426616668701172 0.70652657747268677 -0.60145634412765503 1.1088577508926392 0.60017788410186768 1.0600366592407227
172.65690000168979 -0.7152174711227417 0.75323694944381714 0.616904616355896 0.71113830804824829 -0.59583151340484619 1.1183121204376221 0.61249226331710815 1.068115234375
272.26330000162125 -0.6858028769493103 0.75538039207458496 0.64331847429275513 0.70333659648895264 -0.58889526128768921 1.1358699798583984 0.64890885353088379 1.065356969833374
363.8642000015825 -0.69087338447570801 0.75890296697616577 0.6815497875213623 0.68088018894195557 -0.57747447490692139 1.1286722421646118 0.71556073427200317 1.0446330308914185
456.85010000132024 -0.59971147775650024 0.7124103307723999 0.8416021466255188 0.64796847105026245 -0.38147255778312683 1.0664713382720947 0.95725882053375244 1.0015873908996582
555.02160000242293 -0.58713787794113159 0.67768341302871704 0.90392154455184937 0.61463314294815063 -0.35515469312667847 1.006577730178833 1.0793262720108032 0.96066546440124512
643.79470000229776 -0.53153020143508911 0.68529725074768066 0.84054851531982422 0.49279481172561646 -0.28160831332206726 0.92316395044326782 0.95078688859939575 0.80521893501281738
746.14100000075996 -0.45534342527389526 0.64574140310287476 0.64021092653274536 0.27272722125053406 -0.71676623821258545 0.75598108768463135 0.1788468211889267 0.42739853262901306
839.06550000049174 -0.44479766488075256 0.72439342737197876 0.36014837026596069 0.2772178053855896 -0.97814536094665527 0.74116915464401245 -0.32551345229148865 0.15565702319145203
937.84420000016689 -0.51118189096450806 0.75579261779785156 -0.072602070868015289 0.22109393775463104 -1.318365216255188 0.76306235790252686 -1.2047523260116577 0.30607566237449646
1030.0271000023931 -0.31551593542098999 0.81022757291793823 -0.088333137333393097 0.15690705180168152 -1.4239497184753418 0.64222228527069092 -1.3387830257415771 0.14910890161991119
1126.3497000001371 -0.31262484192848206 0.84373098611831665 0.01460699737071991 0.17174267768859863 -1.2175970077514648 0.68735992908477783 -0.99446350336074829 0.14902548491954803
1222.7222000025213 -0.34669366478919983 0.83968400955200195 0.36791771650314331 0.16867050528526306 -1.3014023303985596 0.69681042432785034 -0.79585832357406616 0.19011038541793823
1313.0210000015795 -0.022115429863333702 0.85754239559173584 0.93554157018661499 0.13907249271869659 -0.82591331005096436 0.63610714673995972 -0.023310605436563492 0.083215169608592987
1407.4291000012308 -0.10822653025388718 0.77516025304794312 1.0239315032958984 0.17293211817741394 -0.25466826558113098 0.50708836317062378 0.27138498425483704 0.1086202934384346
1496.6066000014544 0.36755448579788208 0.74303561449050903 2.0255300998687744 0.13007347285747528 1.0282776355743408 0.64170956611633301 1.199164867401123 0.11357563734054565
1584.172000002116 1.0937610864639282 0.57821142673492432 1.9037785530090332 0.17650710046291351 3.2322044372558594 0.62555909156799316 3.4480202198028564 0.14106281101703644
1671.6854000017047 0.99284505844116211 0.47159621119499207 1.7187579870223999 0.15588045120239258 2.5872719287872314 0.54764044284820557 2.9072103500366211 0.15062907338142395
1765.6999000012875 1.1971662044525146 0.43958833813667297 1.3694771528244019 0.16237214207649231 2.8681063652038574 0.51643723249435425 2.762488842010498 0.13339869678020477
1863.0812999997288 1.7178845405578613 0.42801710963249207 1.7914589643478394 0.17918185889720917 3.7581231594085693 0.48542839288711548 3.5692291259765625 0.1412925124168396
1955.8119000010192 2.2499780654907227 0.43306753039360046 2.6357934474945068 0.15309102833271027 6.1444230079650879 0.46177035570144653 5.8796930313110352 0.10928192734718323
2054.491700001061 5.7911868095397949 0.43256035447120667 5.1874146461486816 0.17540746927261353 15.165644645690918 0.47065949440002441 13.820334434509277 0.11524298787117004
2152.5251000020653 37.617145538330078 0.43584150075912476 39.640705108642578 0.19491587579250336 107.57911682128906 0.47699850797653198 105.73426818847656 0.12940919399261475
2251.0678000003099 2.61983323097229 0.43319204449653625 2.6709563732147217 0.19736616313457489 7.3166532516479492 0.47618129849433899 6.938840389251709 0.13932360708713531
2336.1469000000507 4.1701812744140625 0.43227741122245789 4.0592575073242188 0.19458886981010437 11.149102210998535 0.47734180092811584 10.581311225891113 0.13020294904708862
2426.4379000011832 3.8097248077392578 0.43684577941894531 3.7587876319885254 0.20646490156650543 10.692461967468262 0.47647890448570251 10.186737060546875 0.13745421171188354
2519.1026000026613 2.9868507385253906 0.43118509650230408 2.8344898223876953 0.19437626004219055 8.1122732162475586 0.48696544766426086 7.5201282501220703 0.13339675962924957
2614.3466000016779 4.6850576400756836 0.43682631850242615 4.3565244674682617 0.20374391973018646 13.128147125244141 0.48189762234687805 12.059360504150391 0.13329356908798218
2705.6608000006527 3.7505555152893066 0.43628686666488647 3.6032209396362305 0.19906805455684662 10.55024242401123 0.48515206575393677 9.7625360488891602 0.13077382743358612
2793.0664000008255 7.0370912551879883 0.43247324228286743 6.5947198867797852 0.19378465414047241 20.359121322631836 0.48309260606765747 18.447170257568359 0.11807375401258469
2887.4575000014156 5.2093749046325684 0.43269571661949158 4.7525973320007324 0.19220395386219025 15.126463890075684 0.4868074357509613 13.80465030670166 0.12684132158756256
2995.4844000004232 8.4483442306518555 0.43725448846817017 7.8739032745361328 0.18946316838264465 25.205968856811523 0.49218738079071045 22.806564331054688 0.11611369997262955
