0.0 -0.76303505897521973 0.72579503059387207 0.56308698654174805 0.66751337051391602 -0.72735148668289185 1.0975871086120605 0.56061446666717529 1.0287574529647827
100.69209999777377 -0.74347203969955444 0.7307855486869812 0.56104916334152222 0.67037683725357056 -0.6380162239074707 1.0884096622467041 0.56900298595428467 1.0246669054031372
190.5563999991864 -0.74236994981765747 0.72213590145111084 0.60315489768981934 0.67293941974639893 -0.62931710481643677 1.0890785455703735 0.61339491605758667 1.0463743209838867
286.77999999932945 -0.76379483938217163 0.68187481164932251 0.67800742387771606 0.64818131923675537 -0.63099426031112671 1.037259578704834 0.68319296836853027 1.0244358777999878
389.79889999702573 -0.80662685632705688 0.63812237977981567 0.66434580087661743 0.61948245763778687 -0.7832905650138855 0.95149195194244385 0.60802215337753296 0.97823220491409302
481.51209999993443 -0.70865887403488159 0.6046144962310791 0.6488301157951355 0.57728081941604614 -0.87471121549606323 0.85201770067214966 0.39515456557273865 0.89122253656387329
582.73980000056326 -0.68271392583847046 0.63029742240905762 0.27354475855827332 0.40350311994552612 -1.1965553760528564 0.72898656129837036 -0.36013546586036682 0.57444226741790771
675.20219999924302 -0.83914792537689209 0.70503532886505127 -0.26661893725395203 0.25030657649040222 -1.5525339841842651 0.66556495428085327 -1.2412214279174805 0.30702877044677734
767.41579999960959 -0.68713164329528809 0.68272346258163452 -0.47124770283699036 0.18792711198329926 -1.6017924547195435 0.53151780366897583 -1.6199452877044678 0.114923395216465
861.37309999763966 -0.7896762490272522 0.72672462463378906 -0.51224029064178467 0.21188592910766602 -1.6286455392837524 0.53736579418182373 -1.6359628438949585 0.046456653624773026
959.27519999817014 -0.74308484792709351 0.73791813850402832 -0.34288445115089417 0.19790251553058624 -1.6426191329956055 0.58272784948348999 -1.5399302244186401 0.070624589920043945
1058.5566999986768 -0.93622511625289917 0.79136073589324951 -0.15119567513465881 0.15416775643825531 -1.9866803884506226 0.66766071319580078 -1.5723539590835571 0.13095510005950928
1148.0273000001907 -0.61166632175445557 0.82217007875442505 0.23565669357776642 0.18464724719524384 -1.5520014762878418 0.6393272876739502 -1.1899236440658569 0.23438432812690735
1244.7667000014335 -0.3424656093120575 0.7407994270324707 0.48135495185852051 0.18577679991722107 -0.98650658130645752 0.6265220046043396 -0.020956769585609436 0.083079919219017029
1336.5448000002652 0.073660485446453094 0.68698632717132568 1.230363130569458 0.12405353784561157 0.87957054376602173 0.66683006286621094 0.60144191980361938 0.13274355232715607
1428.2342999987304 0.86996865272521973 0.6745598316192627 1.9793654680252075 0.18990927934646606 3.1627357006072998 0.5807071328163147 3.2910058498382568 0.097269825637340546
1516.03579999879 1.3347306251525879 0.52397274971008301 1.5846753120422363 0.2194809764623642 3.3843851089477539 0.48939985036849976 2.889063835144043 0.16496825218200684
1602.4645999986678 1.4836187362670898 0.44970056414604187 1.608498215675354 0.24890054762363434 3.6916854381561279 0.4283885657787323 2.8749616146087646 0.27309760451316833
1693.4189999997616 2.0191171169281006 0.44566446542739868 1.6212913990020752 0.47702863812446594 4.9115233421325684 0.47666764259338379 3.3993189334869385 0.37786185741424561
1790.9415000006557 1.9064756631851196 0.46355223655700684 1.313012957572937 0.45265048742294312 4.9219799041748047 0.49817287921905518 3.012967586517334 0.37926322221755981
1882.742800001055 16.597570419311523 0.51519757509231567 8.8776874542236328 0.458781898021698 38.291839599609375 0.51770257949829102 21.074365615844727 0.4043232798576355
1979.6838000006974 4.3884897232055664 0.5159757137298584 1.7857437133789063 0.43609631061553955 9.7278852462768555 0.51237666606903076 5.2711982727050781 0.37415161728858948
