4.0884999930858612 -0.66192030906677246 0.73312008380889893 0.56928336620330811 0.70013326406478882 -0.5947796106338501 1.0947399139404297 0.643035888671875 1.043164849281311
99.839699998497963 -0.6210169792175293 0.72824627161026001 0.7517886757850647 0.67934346199035645 -0.53279268741607666 1.0798912048339844 0.88610184192657471 1.0618619918823242
191.52569998800755 -0.55472874641418457 0.74200010299682617 0.84592711925506592 0.63347643613815308 -0.41690760850906372 1.0902959108352661 1.1081727743148804 0.97909826040267944
283.61959999799728 -0.59317725896835327 0.7756723165512085 0.9716494083404541 0.59362709522247314 -0.37007266283035278 1.1306860446929932 1.3384357690811157 0.93878751993179321
371.62880000472069 -0.4938322901725769 0.74836635589599609 0.93493670225143433 0.42956092953681946 -0.29727616906166077 1.0144577026367188 1.2293568849563599 0.63929915428161621
464.20370000600815 -0.48267409205436707 0.76402705907821655 1.0183025598526001 0.37272122502326965 -0.3336201012134552 1.006014347076416 1.1247847080230713 0.47069349884986877
552.42059999704361 -0.48230060935020447 0.76749211549758911 0.87010234594345093 0.23710751533508301 -0.66873162984848022 0.75187146663665771 0.52745002508163452 0.22746148705482483
640.63329999148846 -0.62411850690841675 0.78449797630310059 0.76022642850875854 0.16027279198169708 -1.1039782762527466 0.72779184579849243 0.19329652190208435 0.12507827579975128
730.33849999308586 -0.52847766876220703 0.80676698684692383 0.14713184535503387 0.025114515796303749 -1.2779332399368286 0.63071256875991821 -0.45656061172485352 -0.06713414192199707
816.35249999165535 -0.62838071584701538 0.80208826065063477 -0.01304908748716116 0.034777950495481491 -1.3056966066360474 0.62678253650665283 -1.0008889436721802 -0.07133561372756958
904.04590000212193 -0.55712902545928955 0.78225767612457275 -0.026563957333564758 0.026151681318879128 -1.367426872253418 0.60103756189346313 -1.2338670492172241 0.022155139595270157
990.55640000104904 -0.44919061660766602 0.80587184429168701 0.091736361384391785 0.02260303869843483 -1.3253973722457886 0.54277229309082031 -0.90192824602127075 -0.03527093306183815
1081.1615999937057 -0.55210447311401367 0.81295329332351685 0.017339956015348434 0.035967022180557251 -1.3059474229812622 0.57169955968856812 -0.62305700778961182 0.020071899518370628
1168.7472999840975 -0.55633640289306641 0.80187010765075684 0.10692662000656128 0.056259442120790482 -1.3203346729278564 0.57637941837310791 -0.60996359586715698 -0.052472669631242752
1258.5503000020981 -0.45570126175880432 0.78959941864013672 0.14598287642002106 0.043277628719806671 -1.2416388988494873 0.56864839792251587 -0.53117048740386963 -0.047610234469175339
1347.0474999845028 -0.4020131528377533 0.77507537603378296 0.50666910409927368 0.11851043254137039 -1.1469247341156006 0.57351326942443848 -0.43060120940208435 0.043645549565553665
1438.30759999156 -0.14381489157676697 0.74861317873001099 0.71840441226959229 0.12995566427707672 -0.93475502729415894 0.57835543155670166 -0.3787044882774353 0.010172761045396328
1526.9943999946117 0.034799970686435699 0.70919859409332275 0.75580215454101563 -0.0052374675869941711 -0.95991379022598267 0.3667641282081604 -0.30922871828079224 -0.1543021947145462
1613.6116999983788 -0.11241879314184189 0.58638209104537964 1.2614840269088745 -0.10750275850296021 -0.28442367911338806 0.19344088435173035 0.35664418339729309 -0.33375853300094604
1701.7749000042677 0.61736440658569336 0.60800844430923462 1.1354457139968872 0.15204437077045441 1.018770694732666 0.34675595164299011 1.0830851793289185 -0.03330138698220253
1789.7163999974728 0.9062686562538147 0.5470966100692749 1.3156259059906006 0.2892383337020874 1.65308678150177 0.35899168252944946 1.710892915725708 0.045621853321790695
1884.6417999863625 0.98602193593978882 0.42076191306114197 1.7602202892303467 0.20466753840446472 2.6802618503570557 0.37394517660140991 2.7789571285247803 0.19207341969013214
1977.3267999887466 0.87169486284255981 0.39540919661521912 1.6420542001724243 0.21163617074489594 2.5522732734680176 0.35746040940284729 2.5841381549835205 0.19988876581192017
