68.630300004035234 -0.76727795600891113 0.67407006025314331 0.55916678905487061 0.67513746023178101 -0.69233465194702148 1.0106781721115112 0.48505362868309021 1.0115193128585815
173.41180000081658 -0.77330034971237183 0.67620253562927246 0.54875725507736206 0.67658752202987671 -0.68932527303695679 1.015597939491272 0.4750138521194458 1.0130108594894409
267.27250000461936 -0.77721554040908813 0.66413122415542603 0.56972378492355347 0.6641431450843811 -0.68877047300338745 1.0075594186782837 0.51259559392929077 0.99498182535171509
366.16019999980927 -0.77703994512557983 0.65437227487564087 0.61131024360656738 0.65479254722595215 -0.67598694562911987 0.99038159847259521 0.56399631500244141 0.99307996034622192
464.68710000440478 -0.80811512470245361 0.6237642765045166 0.66289979219436646 0.62487739324569702 -0.67990875244140625 0.93702572584152222 0.57911348342895508 0.95272374153137207
570.43640000373125 -0.99922579526901245 0.55931723117828369 0.56496703624725342 0.55037879943847656 -0.85524863004684448 0.80723029375076294 0.32225343585014343 0.77201110124588013
663.36580000072718 -0.94321483373641968 0.54353272914886475 0.49361169338226318 0.47368046641349792 -1.14589524269104 0.69974470138549805 -0.089350089430809021 0.63780170679092407
762.14630000293255 -0.81045109033584595 0.59940844774246216 -0.027222698554396629 0.27961665391921997 -1.2823238372802734 0.48613187670707703 -0.91064810752868652 0.13448135554790497
858.38619999960065 -0.91063547134399414 0.61453104019165039 -0.062479984015226364 0.17120365798473358 -1.6777162551879883 0.40535464882850647 -1.2732336521148682 0.09245319664478302
956.26390000060201 -0.75460618734359741 0.66793668270111084 -0.0062607536092400551 0.1247176006436348 -1.2961248159408569 0.48692929744720459 -1.0000342130661011 0.12869183719158173
1054.6244999989867 -0.78287655115127563 0.67547667026519775 0.16358521580696106 0.080912403762340546 -1.3475364446640015 0.46259662508964539 -0.98640674352645874 0.1224256232380867
1153.5623999983072 -0.90347981452941895 0.72624510526657104 0.12284795194864273 0.1407005786895752 -2.0846662521362305 0.54987615346908569 -1.2899677753448486 0.14273099601268768
1255.394999999553 -1.061125636100769 0.75754672288894653 0.23873960971832275 0.13518497347831726 -2.4206588268280029 0.58135443925857544 -1.6473041772842407 0.13235281407833099
1353.0576000027359 -0.95618367195129395 0.7233126163482666 0.17418305575847626 0.13609141111373901 -2.259340763092041 0.6011892557144165 -1.6030168533325195 0.11914437264204025
1451.2197999991477 -0.34995883703231812 0.70899754762649536 0.66157108545303345 0.13589994609355927 -0.81168663501739502 0.66116976737976074 -0.37296423316001892 0.08589627593755722
1544.3952000029385 0.46336746215820313 0.64926499128341675 1.0324980020523071 0.1981322169303894 1.4833033084869385 0.55899256467819214 1.1727075576782227 0.072335056960582733
1641.6868000030518 1.0117014646530151 0.50641566514968872 1.6318423748016357 0.13794384896755219 2.6514720916748047 0.45775917172431946 2.450336217880249 0.0058017484843730927
1739.5726000033319 1.679216742515564 0.44094693660736084 2.1831812858581543 0.20487076044082642 3.9478850364685059 0.41773846745491028 3.8611588478088379 0.12595655024051666
1835.4775000028312 1.7941105365753174 0.50318139791488647 1.5831533670425415 0.16918168962001801 3.5633499622344971 0.47327232360839844 3.2474486827850342 0.10932862758636475
1929.6230000033975 2.6076328754425049 0.51266461610794067 2.3063931465148926 0.19212615489959717 5.6184959411621094 0.48842161893844604 4.9973411560058594 0.14039036631584167
