71.839899998158216 -0.59787684679031372 0.71767896413803101 0.74278140068054199 0.72524648904800415 -0.51237809658050537 1.098253607749939 0.56225347518920898 1.0756800174713135
162.27720000222325 -0.65267473459243774 0.69718903303146362 0.71051621437072754 0.73443979024887085 -0.5581093430519104 1.0728589296340942 0.51133114099502563 1.0749162435531616
254.03869999945161 -0.72298765182495117 0.61846762895584106 0.6530030369758606 0.67936557531356812 -0.83875584602355957 0.96230995655059814 0.32988452911376953 0.98282372951507568
347.01029999926686 -0.8015102744102478 0.62347406148910522 0.45354697108268738 0.69365358352661133 -1.0410069227218628 0.92427706718444824 -0.075415149331092834 0.96212047338485718
445.73969999700785 -0.85536444187164307 0.58592778444290161 0.056074179708957672 0.61411046981811523 -1.2146706581115723 0.80519634485244751 -0.83065539598464966 0.78531008958816528
530.47580000013113 -1.0860426425933838 0.49368530511856079 -0.6469380259513855 0.4076668918132782 -1.7389870882034302 0.56832516193389893 -1.7828769683837891 0.5170280933380127
625.75350000336766 -0.99503123760223389 0.51839059591293335 -0.84674811363220215 0.28664177656173706 -2.2036764621734619 0.40458819270133972 -2.2570128440856934 0.24108909070491791
721.95960000157356 -0.98716247081756592 0.48983556032180786 -0.75617003440856934 0.24364323914051056 -2.0823068618774414 0.30052193999290466 -1.8427894115447998 0.19488130509853363
817.90069999918342 -0.99233895540237427 0.59861564636230469 -0.51540356874465942 0.21230362355709076 -2.094510555267334 0.26998445391654968 -1.6821810007095337 0.10757282376289368
917.1875 -1.0208370685577393 0.56180822849273682 -0.094973810017108917 0.17033948004245758 -1.972522497177124 0.31830474734306335 -1.2824028730392456 0.088544450700283051
1016.1571000032128 -1.0118359327316284 0.60477817058563232 -0.038028102368116379 0.16637861728668213 -1.7627419233322144 0.42469280958175659 -1.1204843521118164 0.071206651628017426
1108.4704999998212 -0.50537210702896118 0.74853754043579102 0.71695488691329956 0.16333469748497009 -1.6299315690994263 0.73563158512115479 -0.45439741015434265 0.1140226423740387
1204.1090999990702 -0.30375996232032776 0.70721864700317383 0.41055431962013245 0.16475936770439148 -0.96156120300292969 0.6711198091506958 -0.27910381555557251 0.13822087645530701
1299.7606000043452 -0.26146438717842102 0.74086266756057739 0.60653549432754517 0.13024017214775085 -0.1886209100484848 0.77006202936172485 -0.062859505414962769 -0.015332967042922974
1394.9385000020266 1.1451742649078369 0.5512201189994812 2.2888872623443604 0.10032569617033005 3.1675126552581787 0.64944469928741455 3.6064190864562988 0.0842023566365242
1487.2648999989033 0.92457330226898193 0.5763975977897644 1.7402876615524292 0.13869962096214294 2.7835261821746826 0.69198286533355713 3.2320375442504883 0.11388876289129257
1588.4809000007808 0.85419762134552002 0.56559854745864868 1.7514381408691406 0.1751062273979187 2.6922070980072021 0.6592525839805603 3.158289909362793 0.11448202282190323
1689.0698000006378 1.184184193611145 0.59024053812026978 1.8159698247909546 0.15814466774463654 3.111534595489502 0.5819321870803833 3.3607568740844727 0.1193617507815361
1778.9066000021994 1.1938900947570801 0.55254733562469482 1.747137188911438 0.13992771506309509 3.0676188468933105 0.53413772583007813 3.3023927211761475 0.10046444833278656
1876.2497000023723 1.2446721792221069 0.55926042795181274 2.0060906410217285 0.16229602694511414 3.5803616046905518 0.55980402231216431 3.7062301635742188 0.12690387666225433
1970.2086999975145 0.9925457239151001 0.55469357967376709 1.6416195631027222 0.17155088484287262 2.9886937141418457 0.58730506896972656 3.0810799598693848 0.1334473192691803
