27.149699999019504 -0.76742023229598999 0.76536846160888672 0.55096060037612915 0.6937706470489502 -0.63700020313262939 1.1061451435089111 0.54402697086334229 1.0555402040481567
124.27659999765456 -0.75604915618896484 0.76949262619018555 0.56871879100799561 0.69402766227722168 -0.61122995615005493 1.1086961030960083 0.56531965732574463 1.063912034034729
223.77359999902546 -0.75026947259902954 0.75189918279647827 0.58243668079376221 0.67484420537948608 -0.58785927295684814 1.0924980640411377 0.6164209246635437 1.063362717628479
318.569699998945 -0.7392578125 0.70273107290267944 0.74881875514984131 0.65888446569442749 -0.57140421867370605 1.047655463218689 0.85369622707366943 1.0414761304855347
410.88599999807775 -0.80193239450454712 0.66305834054946899 0.76896065473556519 0.64495837688446045 -0.51801824569702148 1.0050327777862549 0.89271396398544312 1.014370322227478
509.46079999953508 -0.72432607412338257 0.61556810140609741 0.65602540969848633 0.57984822988510132 -0.74517077207565308 0.88711190223693848 0.75877320766448975 0.87767308950424194
606.17079999856651 -0.76142424345016479 0.62465006113052368 0.50354045629501343 0.55091577768325806 -1.0248178243637085 0.84134942293167114 0.44878938794136047 0.81291532516479492
702.372299997136 -0.71216636896133423 0.68467646837234497 -0.19655346870422363 0.26552000641822815 -1.4135092496871948 0.70860028266906738 -1.1560302972793579 0.44141235947608948
802.30659999884665 -0.68549841642379761 0.71551448106765747 -0.46031656861305237 0.199410080909729 -1.7863752841949463 0.58069616556167603 -1.7412266731262207 0.20165318250656128
893.34919999912381 -0.53682613372802734 0.76113194227218628 -0.49480652809143066 0.163739413022995 -1.4077943563461304 0.63691693544387817 -1.8901025056838989 0.10749366879463196
985.58459999971092 -0.41435563564300537 0.7966618537902832 -0.3281368613243103 0.18842042982578278 -1.2425292730331421 0.656017005443573 -1.5122700929641724 0.10418380051851273
1086.0733999982476 -0.63435453176498413 0.82102519273757935 -0.026725966483354568 0.23315487802028656 -1.5986729860305786 0.67079246044158936 -1.2958258390426636 0.17609785497188568
1185.8574999999255 -0.82047146558761597 0.83822023868560791 -0.25924578309059143 0.20024234056472778 -1.7618112564086914 0.71217834949493408 -1.2169382572174072 0.16882815957069397
1279.4688999988139 -0.62452375888824463 0.83325809240341187 0.36636844277381897 0.19396711885929108 -1.7535327672958374 0.63840568065643311 -1.325323224067688 0.23186655342578888
1371.986599996686 -0.42549148201942444 0.6922420859336853 0.5955202579498291 0.20089496672153473 -0.8870055079460144 0.59456837177276611 -0.10025633871555328 0.085285887122154236
1460.8707999996841 0.20173165202140808 0.63869112730026245 1.0941134691238403 0.18791095912456512 1.3125163316726685 0.60433787107467651 1.1951005458831787 0.089485786855220795
1557.3107999991626 0.57179343700408936 0.60542899370193481 1.673244833946228 0.15001359581947327 2.4475307464599609 0.59026724100112915 2.7443351745605469 0.086653240025043488
1654.0203999988735 0.92049801349639893 0.5208020806312561 1.8482481241226196 0.18390333652496338 2.6632344722747803 0.54270321130752563 3.2578747272491455 0.14992451667785645
1747.5458999983966 0.89616686105728149 0.48727357387542725 1.3631203174591064 0.2567850649356842 2.2417757511138916 0.49533399939537048 2.1855285167694092 0.30128222703933716
1840.4352999981493 0.97576308250427246 0.48129081726074219 1.4739924669265747 0.35115066170692444 2.7508978843688965 0.49087512493133545 2.5245957374572754 0.3834511935710907
1927.7175999972969 1.4892362356185913 0.47578582167625427 1.6984366178512573 0.37891075015068054 4.2105598449707031 0.50565624237060547 3.4206528663635254 0.40686020255088806
