105.00259999930859 -0.76734381914138794 0.69316035509109497 0.56349515914916992 0.68478894233703613 -0.70747888088226318 1.0407871007919312 0.49589568376541138 1.0336599349975586
208.13679999858141 -0.77690190076828003 0.69454276561737061 0.55851256847381592 0.68339478969573975 -0.71268188953399658 1.0470952987670898 0.49892464280128479 1.0338082313537598
307.94150000065565 -0.76537925004959106 0.69521355628967285 0.5755000114440918 0.68327498435974121 -0.687305748462677 1.0443087816238403 0.52289563417434692 1.0274362564086914
409.91419999673963 -0.77595657110214233 0.67678117752075195 0.5979267954826355 0.67959129810333252 -0.66853117942810059 1.0118694305419922 0.56381827592849731 1.016559362411499
506.75209999829531 -0.83693176507949829 0.61619001626968384 0.70565605163574219 0.61084449291229248 -0.6545708179473877 0.92429661750793457 0.62811732292175293 0.95006781816482544
605.96629999950528 -0.93605732917785645 0.61956828832626343 0.68016207218170166 0.53746461868286133 -0.72545725107192993 0.8698236346244812 0.5494353175163269 0.80935555696487427
707.96969999745488 -0.63834869861602783 0.57042545080184937 0.47769597172737122 0.34877881407737732 -1.0176938772201538 0.64081704616546631 0.17375786602497101 0.37980121374130249
803.57459999993443 -0.96602392196655273 0.59367924928665161 0.011694102548062801 0.31442567706108093 -1.6140398979187012 0.50113111734390259 -0.83674567937850952 0.12831495702266693
903.5379999987781 -0.96937423944473267 0.62637549638748169 0.02133132703602314 0.13614527881145477 -1.7165827751159668 0.47236210107803345 -1.3117908239364624 0.11299840360879898
993.52630000188947 -1.0501880645751953 0.64820504188537598 -0.0048588146455585957 0.16778361797332764 -1.9890111684799194 0.52110922336578369 -1.3079893589019775 0.11207853257656097
1094.4588000029325 -1.0741801261901855 0.68722939491271973 0.11210966855287552 0.14299555122852325 -2.0972683429718018 0.56078082323074341 -1.4240354299545288 0.11227049678564072
1191.6165000014007 -1.1361262798309326 0.70655608177185059 0.17111648619174957 0.13071045279502869 -2.325239896774292 0.5662611722946167 -1.5518207550048828 0.11685191094875336
1297.8480000011623 -1.2240873575210571 0.72274249792098999 0.28134757280349731 0.12978440523147583 -2.6079726219177246 0.57484918832778931 -1.7861326932907104 0.14336048066616058
1398.0814999975264 -0.81932151317596436 0.70095491409301758 0.42862769961357117 0.11233745515346527 -2.1137552261352539 0.58188867568969727 -0.6875298023223877 0.10892448574304581
1496.4891999997199 -0.39719852805137634 0.68082249164581299 0.80215233564376831 0.1684299111366272 -0.94265979528427124 0.64789438247680664 -0.098794989287853241 0.11241593956947327
1602.7527999989688 0.68730425834655762 0.60412412881851196 1.4104378223419189 0.13542014360427856 2.1363651752471924 0.61034458875656128 1.9341760873794556 0.0062092500738799572
1697.0150999985635 1.4601969718933105 0.44454288482666016 1.9639396667480469 0.18928632140159607 3.2319939136505127 0.43214896321296692 3.0386703014373779 0.089415550231933594
1788.7049000002444 1.7314952611923218 0.44410881400108337 2.1698107719421387 0.21556270122528076 4.005363941192627 0.41265019774436951 3.8564982414245605 0.14326021075248718
1889.7578999996185 1.9184061288833618 0.43703460693359375 2.5464444160461426 0.15715932846069336 5.1295499801635742 0.41961780190467834 4.8957843780517578 0.16786615550518036
1984.5571999996901 3.4732568264007568 0.44791662693023682 4.3048152923583984 0.19036455452442169 9.7738447189331055 0.46083515882492065 8.3497848510742188 0.17825111746788025
