26.128900000825524 -0.74103128910064697 0.77021735906600952 0.58341747522354126 0.70242118835449219 -0.66102045774459839 1.1122832298278809 0.5774417519569397 1.0766574144363403
123.11630000174046 -0.7316320538520813 0.75624513626098633 0.59026181697845459 0.69181710481643677 -0.65356165170669556 1.0988352298736572 0.6018749475479126 1.0675667524337769
223.91400000080466 -0.75512760877609253 0.73581451177597046 0.58172589540481567 0.69275081157684326 -0.64335334300994873 1.0932773351669312 0.56795698404312134 1.0584284067153931
317.4922000002116 -0.74641728401184082 0.72522467374801636 0.6578071117401123 0.6898924708366394 -0.60278242826461792 1.0944128036499023 0.661720871925354 1.0472232103347778
420.93140000104904 -0.86506253480911255 0.6777578592300415 0.72779417037963867 0.689677894115448 -0.64660805463790894 1.0218167304992676 0.78461050987243652 1.0667275190353394
521.48660000227392 -0.85308480262756348 0.63923949003219604 0.69656336307525635 0.63200217485427856 -0.73535573482513428 0.94554364681243896 0.72610503435134888 0.97356384992599487
624.03480000048876 -0.72888278961181641 0.55980736017227173 0.48608991503715515 0.51436883211135864 -1.0509612560272217 0.70727288722991943 0.22892892360687256 0.76748365163803101
722.07480000145733 -0.8518364429473877 0.6581529974937439 0.0067553082481026649 0.31416979432106018 -1.4145469665527344 0.54971462488174438 -1.324154257774353 0.47451150417327881
815.44380000047386 -0.85244071483612061 0.66787058115005493 -0.37702098488807678 0.19414430856704712 -1.5420132875442505 0.4355950653553009 -1.4908983707427979 0.052681185305118561
912.29990000091493 -1.0662851333618164 0.69873511791229248 -0.44321185350418091 0.18172635138034821 -1.7964707612991333 0.44896793365478516 -1.6353491544723511 0.0065707862377166748
1007.6550000011921 -0.66910213232040405 0.74771630764007568 0.30227011442184448 0.16281358897686005 -1.4529061317443848 0.53527474403381348 -0.71165519952774048 0.094290904700756073
1113.4946999996901 -0.25412490963935852 0.79083925485610962 0.64444130659103394 0.14541409909725189 -0.78066951036453247 0.53170275688171387 -0.1649143248796463 0.084575533866882324
1216.3198000006378 0.43979427218437195 0.64456164836883545 1.5790764093399048 0.074756205081939697 0.98557078838348389 0.52232778072357178 0.97894251346588135 0.060386497527360916
1307.3850000016391 0.79647457599639893 0.62620598077774048 1.2026609182357788 0.13822177052497864 2.1180813312530518 0.52076876163482666 1.9423413276672363 -0.012045251205563545
1398.4461000002921 0.93347936868667603 0.44869476556777954 1.7900716066360474 0.1686570793390274 2.605334997177124 0.47143468260765076 3.1043226718902588 0.093991570174694061
1489.1655000001192 0.89094424247741699 0.43138787150382996 1.6629600524902344 0.16657322645187378 2.4529256820678711 0.46276301145553589 2.8683309555053711 0.085168242454528809
1600.2143000010401 0.89990490674972534 0.43578845262527466 1.5605094432830811 0.19156432151794434 2.4942412376403809 0.44957262277603149 2.7771768569946289 0.075331784784793854
1700.2763999998569 0.90941357612609863 0.43268921971321106 1.5489428043365479 0.19630827009677887 2.6030144691467285 0.44131851196289063 2.837714672088623 0.077795907855033875
1789.3662000000477 1.0240477323532104 0.4361114501953125 1.6501882076263428 0.1947561651468277 2.776644229888916 0.46035704016685486 3.0271639823913574 0.072894543409347534
1882.1284999996424 0.92498910427093506 0.44241401553153992 1.4925103187561035 0.23232552409172058 2.6082453727722168 0.45614331960678101 2.8377707004547119 0.084680616855621338
1978.4184000007808 0.91719573736190796 0.43655318021774292 1.4256502389907837 0.21703360974788666 2.5621137619018555 0.45867621898651123 2.7728860378265381 0.084446921944618225
