77.188400000333786 -0.7702033519744873 0.78119289875030518 0.74231523275375366 0.79498797655105591 -0.82250124216079712 1.1773413419723511 0.70291340351104736 1.2240492105484009
212.96209999918938 -0.803009033203125 0.77725452184677124 0.70357358455657959 0.80122089385986328 -0.84775704145431519 1.1762838363647461 0.64856535196304321 1.2361704111099243
345.78740000724792 -0.79371553659439087 0.77720707654953003 0.70454311370849609 0.78803402185440063 -0.81714063882827759 1.1694803237915039 0.6887969970703125 1.2169311046600342
485.6022000014782 -0.70310801267623901 0.78133517503738403 0.83006411790847778 0.77621036767959595 -0.72668492794036865 1.1845780611038208 0.8411603569984436 1.2184556722640991
619.02860000729561 -0.79139238595962524 0.76089596748352051 0.82140785455703735 0.71088814735412598 -0.86398559808731079 1.0814158916473389 0.7712981104850769 1.1219351291656494
758.7069000005722 -0.61707693338394165 0.665130615234375 0.95570880174636841 0.54570388793945313 -0.96426481008529663 0.87020683288574219 0.46413648128509521 0.83736401796340942
895.00730000436306 -0.71030670404434204 0.75747209787368774 0.62243980169296265 0.38047021627426147 -1.298310399055481 0.65363329648971558 -0.29771077632904053 0.4001162052154541
1031.0154999941587 -0.93956339359283447 0.79019373655319214 -0.003735717386007309 0.26442497968673706 -1.3412462472915649 0.54395490884780884 -0.99040907621383667 0.13785497844219208
1168.4995999932289 -1.0462099313735962 0.75188684463500977 0.031833149492740631 0.25286698341369629 -1.2876672744750977 0.53206330537796021 -1.2012825012207031 0.05368022620677948
1303.7325999885798 -0.84994041919708252 0.76771783828735352 -0.0041218488477170467 0.19959618151187897 -1.1093897819519043 0.49168747663497925 -0.74757963418960571 0.13373039662837982
1440.3833999931812 -0.86872166395187378 0.76984947919845581 -0.031758185476064682 0.18299691379070282 -1.2521059513092041 0.54264277219772339 -0.69775527715682983 0.13735102117061615
1578.5405000001192 -1.0515604019165039 0.78577369451522827 -0.024622416123747826 0.22055448591709137 -1.4351179599761963 0.50971567630767822 -0.96056896448135376 0.14690782129764557
1719.3180999904871 -0.61993992328643799 0.73044204711914063 0.47228699922561646 0.23655755817890167 -1.0699537992477417 0.5082663893699646 0.21214424073696136 0.14636144042015076
1858.5525000095367 -0.072728268802165985 0.68418627977371216 0.98860377073287964 0.13609877228736877 -0.4568178653717041 0.35286250710487366 0.54223674535751343 0.023925835266709328
1995.7125999927521 0.098266296088695526 0.57300937175750732 0.97083330154418945 0.18997099995613098 0.46357563138008118 0.39125540852546692 1.0943295955657959 0.081899657845497131
2138.7725000083447 0.72768503427505493 0.42731556296348572 1.5447593927383423 0.29473811388015747 1.734700083732605 0.5274549126625061 1.9568513631820679 0.51594674587249756
2276.8394000083208 0.71600252389907837 0.43541991710662842 2.0286970138549805 0.30403992533683777 2.1398994922637939 0.44971799850463867 2.5488045215606689 0.52594554424285889
2414.386000007391 0.64059406518936157 0.41601553559303284 1.6263513565063477 0.3156437873840332 1.835512638092041 0.41133540868759155 2.3359575271606445 0.51944804191589355
2548.1650000065565 0.76924341917037964 0.41381219029426575 1.8330082893371582 0.3080170750617981 2.0286829471588135 0.45266622304916382 2.5352582931518555 0.35902377963066101
2688.0914999991655 0.68614774942398071 0.41603916883468628 1.8558011054992676 0.31011921167373657 2.1128926277160645 0.37168452143669128 2.596379280090332 0.35806593298912048
2821.6389999985695 0.75821024179458618 0.41264277696609497 1.8170342445373535 0.30531445145606995 2.1476325988769531 0.33128923177719116 2.3423805236816406 0.39649349451065063
2960.8872999995947 0.68796247243881226 0.41245582699775696 1.5328129529953003 0.30490192770957947 1.8713831901550293 0.34636396169662476 2.1034402847290039 0.38511407375335693
