50.54559999704361 -0.76362138986587524 0.7852938175201416 0.6499025821685791 0.75025802850723267 -0.87567627429962158 1.1614600419998169 0.72528535127639771 1.1737620830535889
190.96379998326302 -0.84852463006973267 0.75908833742141724 0.65178436040878296 0.74447554349899292 -0.85103607177734375 1.1536271572113037 0.74607640504837036 1.16729736328125
324.91009999811649 -0.84390640258789063 0.75433862209320068 0.66343486309051514 0.74636131525039673 -0.82589423656463623 1.1589391231536865 0.74371111392974854 1.1785866022109985
458.70260000228882 -0.74775934219360352 0.78486603498458862 0.67708921432495117 0.72782599925994873 -0.82502186298370361 1.1541965007781982 0.82321536540985107 1.1418474912643433
593.17530000209808 -0.84639763832092285 0.75475305318832397 0.81368231773376465 0.66882669925689697 -0.73404586315155029 1.1120359897613525 1.007006049156189 1.0731011629104614
730.73730000853539 -0.86279451847076416 0.56449061632156372 0.97926223278045654 0.46846380829811096 -0.96776944398880005 0.70781338214874268 0.81889784336090088 0.6949080228805542
871.82919999957085 -1.136560320854187 0.6091265082359314 0.85332792997360229 0.31120041012763977 -1.2847081422805786 0.49693113565444946 -0.0098277553915977478 0.28271347284317017
1004.5403999984264 -1.0496351718902588 0.67018920183181763 0.37808090448379517 0.26434573531150818 -1.4836239814758301 0.4222663938999176 -0.79227942228317261 0.10513611137866974
1139.479699999094 -1.4698367118835449 0.74228078126907349 0.18600623309612274 0.22696647047996521 -1.8123441934585571 0.53259646892547607 -1.5569605827331543 0.23149500787258148
1279.8505000025034 -1.0305197238922119 0.75232326984405518 -0.039945028722286224 0.21478486061096191 -1.3625231981277466 0.51152908802032471 -0.46765983104705811 0.088442444801330566
1418.5116999894381 -0.98639512062072754 0.74284958839416504 0.0032240387517958879 0.16782061755657196 -1.1926871538162231 0.53875464200973511 -0.34618934988975525 0.08524293452501297
1558.0436999946833 -0.97405505180358887 0.74054771661758423 0.088250890374183655 0.20011954009532928 -1.3275401592254639 0.54510104656219482 -0.44256985187530518 0.1057504415512085
1696.2876999974251 -0.72128975391387939 0.69090133905410767 0.7002493143081665 0.21430908143520355 -1.3371020555496216 0.46408370137214661 0.24797895550727844 0.074305705726146698
1835.9757000058889 0.27686962485313416 0.67249786853790283 1.553923487663269 0.11351975798606873 -0.56971144676208496 0.36707916855812073 0.74294042587280273 0.055398959666490555
1967.6441999971867 0.44848600029945374 0.4991145133972168 1.1821198463439941 0.24894741177558899 1.3232145309448242 0.42786505818367004 1.590056300163269 0.070517316460609436
2104.5306999981403 0.75050246715545654 0.41072008013725281 1.4065017700195313 0.28685986995697021 1.9282063245773315 0.50762546062469482 2.2150857448577881 0.19904203712940216
2234.5613000094891 0.73791873455047607 0.40820348262786865 1.7451305389404297 0.31364798545837402 1.9136749505996704 0.43757328391075134 2.4745223522186279 0.34412586688995361
2380.9853999912739 0.70746397972106934 0.38180345296859741 1.5200178623199463 0.30291730165481567 1.9485899209976196 0.37746608257293701 1.9757015705108643 0.33377298712730408
2517.91400000453 0.74174082279205322 0.37488266825675964 1.5894460678100586 0.2960914671421051 2.0300929546356201 0.35753268003463745 2.0446796417236328 0.34292557835578918
2655.4870000034571 0.33330905437469482 0.40005412697792053 1.4930603504180908 0.29862388968467712 1.9695338010787964 0.35054004192352295 1.9273984432220459 0.34888213872909546
2792.0200999975204 0.67625027894973755 0.36860936880111694 1.4325664043426514 0.28671088814735413 1.9063247442245483 0.38179090619087219 1.921319842338562 0.30928143858909607
2925.7923000007868 0.80440008640289307 0.43957972526550293 1.4863348007202148 0.28345933556556702 2.074228048324585 0.5476531982421875 2.0817792415618896 0.29735243320465088
