14.663200002163649 -0.68451792001724243 0.74420255422592163 0.62864077091217041 0.70609956979751587 -0.60109692811965942 1.1043190956115723 0.61493599414825439 1.0709275007247925
115.89039999991655 -0.66980856657028198 0.75131291151046753 0.63501781225204468 0.70682203769683838 -0.58247476816177368 1.1180386543273926 0.62051761150360107 1.0801365375518799
208.1009000018239 -0.65181392431259155 0.75860846042633057 0.65397465229034424 0.70705956220626831 -0.54029941558837891 1.1323602199554443 0.65297269821166992 1.0692694187164307
303.26340000145137 -0.63136476278305054 0.73469102382659912 0.70714819431304932 0.69821113348007202 -0.50339233875274658 1.1185314655303955 0.78166729211807251 1.063302755355835
398.99290000274777 -0.63681322336196899 0.6876559853553772 0.77317124605178833 0.67795026302337646 -0.37760207056999207 1.0595889091491699 0.91122841835021973 1.006991982460022
495.4147000014782 -0.60149312019348145 0.68769216537475586 0.78991365432739258 0.56619167327880859 -0.35784682631492615 0.9390181303024292 0.89060109853744507 0.88710373640060425
587.75830000266433 -0.62123656272888184 0.64974886178970337 0.74167180061340332 0.48682042956352234 -0.53644770383834839 0.85310471057891846 0.78740799427032471 0.78245347738265991
684.66290000267327 -0.44427260756492615 0.68039536476135254 0.56707990169525146 0.2723197340965271 -0.82107830047607422 0.70020192861557007 0.099068813025951385 0.36355948448181152
777.58520000055432 -0.46271499991416931 0.74662423133850098 -0.10564631223678589 0.21993103623390198 -1.2698720693588257 0.75332897901535034 -1.1758041381835938 0.29661068320274353
870.22529999911785 -0.37937504053115845 0.7795746922492981 -0.19402557611465454 0.13908098638057709 -1.5881147384643555 0.61834067106246948 -1.7199164628982544 0.13026063144207001
956.21890000253916 -0.32010364532470703 0.81620436906814575 -0.088690444827079773 0.15999864041805267 -1.12352454662323 0.66342705488204956 -1.5189938545227051 0.15351732075214386
1049.6468000002205 -0.27716469764709473 0.8465455174446106 0.091574020683765411 0.17506279051303864 -1.1409687995910645 0.7125280499458313 -0.9635777473449707 0.10926716774702072
1145.382500000298 -0.292591392993927 0.81691265106201172 0.6710163950920105 0.1799723207950592 -1.1921825408935547 0.67298251390457153 -0.56636369228363037 0.18048276007175446
1234.4758999999613 -0.36555102467536926 0.83563292026519775 0.34699442982673645 0.16811846196651459 -1.1411545276641846 0.68646419048309326 -0.40902644395828247 0.19782766699790955
1323.9598999992013 -0.19517065584659576 0.83806771039962769 0.68912321329116821 0.13479325175285339 -0.78401839733123779 0.57641178369522095 -0.147845059633255 0.095056734979152679
1420.883800001815 -0.10927180200815201 0.75577563047409058 1.0204143524169922 0.14907225966453552 -0.21069929003715515 0.51367205381393433 0.24441935122013092 0.088251486420631409
1507.6141000017524 0.9444459080696106 0.68581527471542358 1.6823160648345947 0.19086571037769318 3.3929076194763184 0.6339537501335144 3.1429755687713623 0.086638756096363068
1604.3994999993593 0.86827242374420166 0.5611271858215332 1.6655553579330444 0.1329948902130127 2.9787321090698242 0.6064639687538147 3.2728087902069092 0.090205259621143341
1700.2224000021815 0.98902612924575806 0.47279870510101318 1.4265117645263672 0.12654155492782593 2.6177997589111328 0.5327756404876709 2.9122395515441895 0.099222615361213684
1789.4729000013322 0.98832041025161743 0.43503612279891968 1.3333768844604492 0.1512543112039566 2.4560723304748535 0.47636339068412781 2.7674484252929688 0.096026889979839325
1883.5843000002205 1.2400443553924561 0.43684446811676025 1.3701295852661133 0.19219852983951569 3.1691665649414063 0.46655529737472534 3.2725424766540527 0.11495067179203033
1979.9527000002563 1.6146639585494995 0.43613100051879883 1.6436018943786621 0.17857782542705536 4.5444107055664063 0.48051536083221436 4.5334658622741699 0.11591210961341858
2073.1403999999166 2.7776768207550049 0.44737988710403442 3.1234200000762939 0.21100518107414246 9.3679351806640625 0.49087065458297729 9.0736303329467773 0.14125129580497742
2164.8906000014395 1.688441276550293 0.44190055131912231 1.8093036413192749 0.19785588979721069 5.9041824340820313 0.48876273632049561 5.6780881881713867 0.12850731611251831
2263.4996000025421 1.9522351026535034 0.44801503419876099 2.1585702896118164 0.20936809480190277 6.5057826042175293 0.48902580142021179 6.3366122245788574 0.13443779945373535
2361.8732999991626 1.3265384435653687 0.43689277768135071 1.5502134561538696 0.20246279239654541 4.5877485275268555 0.48135221004486084 4.497398853302002 0.12931084632873535
2457.3258999995887 1.7475160360336304 0.4415748119354248 1.9404796361923218 0.19562451541423798 5.6539597511291504 0.48410347104072571 5.5215554237365723 0.1271156370639801
2557.48560000211 1.6797806024551392 0.43909457325935364 1.8716962337493896 0.1911376565694809 5.6169872283935547 0.48145735263824463 5.4063830375671387 0.1227511391043663
2657.1848000027239 1.5940389633178711 0.44797691702842712 1.9317728281021118 0.21651799976825714 5.725761890411377 0.48668131232261658 5.482630729675293 0.1452658474445343
2750.3023000005633 1.2360744476318359 0.4383033812046051 1.4118726253509521 0.20392923057079315 4.3234257698059082 0.48228472471237183 4.1650395393371582 0.14025366306304932
2845.8840000014752 1.5650002956390381 0.43820732831954956 1.8731149435043335 0.21681526303291321 5.2604317665100098 0.48941764235496521 5.1920795440673828 0.15573590993881226
2939.6890000030398 1.3701001405715942 0.43604937195777893 1.6445338726043701 0.21105632185935974 4.8957681655883789 0.48706480860710144 4.7954230308532715 0.15139251947402954
