35.310199998319149 -0.95911192893981934 0.70148992538452148 0.35674399137496948 0.24592451751232147 -1.8231099843978882 0.54696685075759888 -0.64733684062957764 0.18222637474536896
135.56890000402927 -0.9692118763923645 0.69845110177993774 0.16405707597732544 0.21102666854858398 -1.8887604475021362 0.57588452100753784 -0.76986896991729736 0.16568875312805176
246.29279999807477 -0.99613642692565918 0.68873590230941772 0.18064911663532257 0.19376999139785767 -1.9262309074401855 0.65252768993377686 -0.69939196109771729 0.14067186415195465
342.49419999867678 -0.93353068828582764 0.72091144323348999 0.034430257976055145 0.1618150919675827 -1.9177101850509644 0.67976981401443481 -0.84569293260574341 0.11191306263208389
432.07340000197291 -0.89312452077865601 0.66852599382400513 0.10508645325899124 0.16010667383670807 -1.9620369672775269 0.66498792171478271 -0.69682437181472778 0.081681206822395325
523.81329999864101 -1.0945403575897217 0.71025049686431885 -0.15704834461212158 0.15626949071884155 -2.322399377822876 0.68023240566253662 -0.83526015281677246 0.11661875247955322
623.01119999960065 -1.0125627517700195 0.75280237197875977 0.13423912227153778 0.18546199798583984 -2.0788593292236328 0.69286346435546875 -0.80335801839828491 0.19501155614852905
713.16560000181198 -0.52512705326080322 0.76224410533905029 0.62356448173522949 0.18394568562507629 -1.3335961103439331 0.75916796922683716 -0.13866424560546875 0.14134567975997925
812.99430000036955 -0.18560731410980225 0.78042608499526978 1.0680125951766968 0.18893039226531982 -0.71191930770874023 0.77473241090774536 0.73864525556564331 0.059837162494659424
912.86809999868274 0.89614129066467285 0.59717917442321777 1.5915446281433105 0.16176497936248779 2.1584084033966064 0.61805301904678345 2.2820439338684082 0.073904179036617279
1001.1317999996245 1.2058676481246948 0.56949877738952637 1.8660416603088379 0.14694930613040924 3.1586887836456299 0.56829583644866943 3.2189261913299561 0.049315284937620163
1098.368299998343 1.121030330657959 0.56965410709381104 1.8660358190536499 0.15621064603328705 3.0763025283813477 0.53769892454147339 2.9603509902954102 0.073981009423732758
1194.547000002116 1.0834057331085205 0.55523109436035156 1.435550332069397 0.14913670718669891 2.7796726226806641 0.50148892402648926 2.7183561325073242 0.067950017750263214
1282.0916000045836 1.2008209228515625 0.52899479866027832 1.650219202041626 0.14377129077911377 3.4139413833618164 0.51231741905212402 3.1771483421325684 0.083454549312591553
1381.9244999997318 1.4011789560317993 0.51199030876159668 1.8441731929779053 0.14263984560966492 4.042027473449707 0.49460256099700928 3.7544302940368652 0.095457389950752258
1479.9521000012755 1.4718596935272217 0.51054376363754272 2.3715741634368896 0.14545044302940369 4.3488755226135254 0.49223875999450684 4.2355632781982422 0.10746347159147263
1576.6026999987662 1.1372270584106445 0.51539319753646851 2.033555269241333 0.161617711186409 3.482792854309082 0.48805582523345947 3.5415821075439453 0.11491391807794571
1664.9957000017166 1.0084290504455566 0.51762211322784424 1.804320216178894 0.16855286061763763 3.1992487907409668 0.53579115867614746 3.104283332824707 0.12599381804466248
1768.4171000011265 0.99905312061309814 0.52073067426681519 1.8081589937210083 0.17010162770748138 3.1564993858337402 0.51719820499420166 3.096876859664917 0.11642604321241379
1868.7258000001311 0.90518563985824585 0.52585333585739136 1.615131139755249 0.17043511569499969 3.0253641605377197 0.52481412887573242 2.9772124290466309 0.12044759094715118
1968.7647000029683 0.92662090063095093 0.53983819484710693 1.6328167915344238 0.19074742496013641 3.1019370555877686 0.5412631630897522 3.0286364555358887 0.13692010939121246
