57.035599999129772 -0.81375163793563843 0.65594214200973511 0.56901806592941284 0.69019633531570435 -0.78787773847579956 0.99768185615539551 0.48607230186462402 1.0169830322265625
158.1929999999702 -0.81537020206451416 0.65396791696548462 0.57287883758544922 0.68901240825653076 -0.78882652521133423 0.99706268310546875 0.50267362594604492 1.0151132345199585
258.09630000218749 -0.81235772371292114 0.65841615200042725 0.57056808471679688 0.68995636701583862 -0.77877837419509888 1.0049581527709961 0.49510285258293152 1.0199216604232788
360.49399999901652 -0.81852692365646362 0.65724903345108032 0.57235783338546753 0.68403953313827515 -0.77501475811004639 0.99825167655944824 0.50660878419876099 1.007074236869812
468.15560000017285 -0.82134681940078735 0.65623730421066284 0.58881080150604248 0.66848641633987427 -0.76930665969848633 1.0054188966751099 0.53334158658981323 0.99836188554763794
573.32759999856353 -0.83400052785873413 0.63353645801544189 0.62704163789749146 0.65499931573867798 -0.76908546686172485 0.96588051319122314 0.61244493722915649 0.99049347639083862
673.88920000195503 -0.7784695029258728 0.58209580183029175 0.59999543428421021 0.59343701601028442 -0.85940998792648315 0.8662760853767395 0.50619500875473022 0.92891424894332886
773.29109999909997 -0.56065773963928223 0.65481370687484741 0.28466343879699707 0.41436308622360229 -1.0592795610427856 0.6646457314491272 -0.50993818044662476 0.6248401403427124
865.79699999839067 -0.82441467046737671 0.61535197496414185 -0.17247800529003143 0.38989031314849854 -1.7257051467895508 0.57162654399871826 -0.97073155641555786 0.41190585494041443
960.18109999969602 -0.81812536716461182 0.6365211009979248 -0.16830314695835114 0.27415961027145386 -1.5970430374145508 0.41400650143623352 -1.3359811305999756 0.17906820774078369
1055.6931999959052 -0.79468297958374023 0.69463104009628296 -0.02806178480386734 0.20194832980632782 -1.486027717590332 0.52022182941436768 -1.1614582538604736 0.14423716068267822
1150.7798000015318 -0.6602325439453125 0.69740122556686401 0.067545898258686066 0.12348610907793045 -1.3004657030105591 0.52728432416915894 -0.91884118318557739 0.12131033837795258
1246.1433000005782 -0.77683359384536743 0.71779245138168335 0.24203328788280487 0.15291562676429749 -1.7130513191223145 0.56245529651641846 -0.94023054838180542 0.14857451617717743
1341.1554000005126 -1.0563459396362305 0.74659979343414307 0.35701566934585571 0.18247690796852112 -2.2235176563262939 0.55482089519500732 -1.5110656023025513 0.18621888756752014
1436.4086000025272 -1.0474412441253662 0.69774031639099121 -0.16574622690677643 0.13030652701854706 -2.0273642539978027 0.60114169120788574 -1.6836004257202148 0.17291958630084991
1531.2883999980986 -0.80008959770202637 0.72759681940078735 0.26042625308036804 0.14770808815956116 -1.6946576833724976 0.6203998327255249 -1.2997012138366699 0.1815541535615921
1629.0364000014961 0.43950730562210083 0.66540300846099854 1.2431454658508301 0.12056782096624374 1.2307659387588501 0.57121211290359497 1.0333660840988159 0.26410675048828125
1723.2117999978364 1.2047473192214966 0.54252278804779053 1.4373660087585449 0.15414813160896301 2.5313484668731689 0.41499975323677063 2.1653685569763184 0.05202832818031311
1820.9424999989569 1.3400691747665405 0.45315831899642944 1.639370322227478 0.23709011077880859 3.3811564445495605 0.44382426142692566 3.0428197383880615 0.18065869808197021
1915.541700001806 1.5064271688461304 0.49262580275535583 1.3827817440032959 0.21576102077960968 3.7466742992401123 0.4726530909538269 3.1372101306915283 0.16682183742523193
2008.9451000019908 2.9530482292175293 0.52227026224136353 2.821805477142334 0.21169863641262054 7.1039848327636719 0.50760865211486816 5.4665136337280273 0.20476324856281281
