18.979800000786781 -0.65367245674133301 0.60317909717559814 0.83105713129043579 0.64372521638870239 -0.56655389070510864 1.0001463890075684 0.87997877597808838 1.0223088264465332
139.60990000050515 -0.66265463829040527 0.6113775372505188 0.78026580810546875 0.63707202672958374 -0.54994106292724609 0.99820727109909058 0.85941904783248901 1.021000862121582
263.73199999984354 -0.66436213254928589 0.62923687696456909 0.78355276584625244 0.63673752546310425 -0.52936851978302002 1.0068310499191284 0.86224353313446045 1.0234837532043457
388.51889999955893 -0.68956714868545532 0.63506388664245605 0.79864197969436646 0.62797641754150391 -0.55672889947891235 1.0149034261703491 1.0565617084503174 1.0229235887527466
516.75180000066757 -0.71157628297805786 0.62905663251876831 0.81675237417221069 0.64231604337692261 -0.59021604061126709 1.0046945810317993 1.1291729211807251 1.0061094760894775
626.93790000118315 -0.85665005445480347 0.58836978673934937 1.0464396476745605 0.51113122701644897 -0.95698767900466919 0.92906534671783447 1.2839741706848145 0.87311840057373047
743.05910000018775 -0.66130679845809937 0.63100075721740723 0.48811879754066467 0.51866191625595093 -1.1852455139160156 0.71336817741394043 0.42522543668746948 0.57917439937591553
864.58730000071228 -0.6456790566444397 0.67491281032562256 0.46911609172821045 0.28747811913490295 -1.4366405010223389 0.61528694629669189 -0.023306822404265404 0.27768656611442566
986.14250000100583 -0.86591273546218872 0.62033486366271973 0.26809802651405334 0.18533942103385925 -1.260001540184021 0.30293640494346619 -0.36486917734146118 0.093257591128349304
1094.3864000011235 -0.87486672401428223 0.66226118803024292 0.29000228643417358 0.19516487419605255 -1.2205291986465454 0.35336616635322571 -0.30569690465927124 0.093976140022277832
1221.5923999994993 -0.95221346616744995 0.67903047800064087 0.43199372291564941 0.17831060290336609 -1.2614514827728271 0.51728469133377075 -0.25724858045578003 0.087680637836456299
1330.3859999999404 -0.78425216674804688 0.65087389945983887 0.38389107584953308 0.19105462729930878 -1.2124249935150146 0.39988422393798828 -0.37044936418533325 0.11438167840242386
1438.7608000002801 -0.55485039949417114 0.67938816547393799 0.43726131319999695 0.1821303516626358 -1.2853043079376221 0.38232982158660889 -0.26889947056770325 0.1032199040055275
1562.582499999553 -0.060592133551836014 0.57857251167297363 0.72946357727050781 0.187051922082901 -0.15585522353649139 0.37940391898155212 0.52361232042312622 0.091103039681911469
1684.3361000008881 -0.023193344473838806 0.4757111668586731 1.0633906126022339 0.18883003294467926 0.50297999382019043 0.44358205795288086 1.232380747795105 0.10604172199964523
1790.8334000008181 0.21979358792304993 0.51252686977386475 1.3437737226486206 0.27693629264831543 0.99281919002532959 0.57156682014465332 1.906035304069519 0.19015611708164215
1910.4454000014812 0.2625526487827301 0.49686971306800842 1.388070821762085 0.39075598120689392 1.1951498985290527 0.47508755326271057 1.7519562244415283 0.31526264548301697
