27.095199996605515 -0.69913971424102783 0.67932146787643433 0.63316357135772705 0.66177833080291748 -0.68234622478485107 1.0343447923660278 0.63195312023162842 1.0144772529602051
132.6644999999553 -0.70770150423049927 0.67624944448471069 0.64636445045471191 0.6637803316116333 -0.69356369972229004 1.0275133848190308 0.64171051979064941 1.0179452896118164
229.47309999912977 -0.77422606945037842 0.65997934341430664 0.69985437393188477 0.64992606639862061 -0.72637009620666504 1.0001336336135864 0.68918293714523315 1.0203132629394531
332.04680000059307 -0.88758420944213867 0.61522668600082397 0.70843958854675293 0.64546287059783936 -0.71640181541442871 0.91945528984069824 0.67318499088287354 0.99930083751678467
432.3183999992907 -1.0029956102371216 0.53911876678466797 0.69517886638641357 0.63553237915039063 -0.80796808004379272 0.8033139705657959 0.53328293561935425 0.97453081607818604
531.05399999953806 -1.2016162872314453 0.40508395433425903 0.7190169095993042 0.542205810546875 -1.1112396717071533 0.61925077438354492 0.19088838994503021 0.7106744647026062
632.65229999832809 -1.2134438753128052 0.4446856677532196 0.48441120982170105 0.44603213667869568 -1.4224026203155518 0.4975285530090332 -0.43197309970855713 0.39122492074966431
730.0527999997139 -0.93841159343719482 0.47284385561943054 0.2063218355178833 0.31896546483039856 -1.2757433652877808 0.28498855233192444 -0.888397216796875 0.11300718784332275
824.89779999665916 -1.3116663694381714 0.51281768083572388 -0.25843986868858337 0.19465619325637817 -1.5381678342819214 0.26763719320297241 -1.0839662551879883 0.054866146296262741
927.25939999893308 -1.202839732170105 0.5446816086769104 -0.2338060736656189 0.14656314253807068 -1.4744429588317871 0.27887585759162903 -0.97818994522094727 0.040502268821001053
1030.0206999983639 -1.1662061214447021 0.55614942312240601 -0.31964907050132751 0.11577969789505005 -1.4633769989013672 0.27813154458999634 -0.97730779647827148 0.026782464236021042
1134.9711999967694 -1.1215001344680786 0.5707128643989563 -0.38501006364822388 0.09680444747209549 -1.4134018421173096 0.30751633644104004 -0.96456676721572876 0.042213551700115204
1236.0162000004202 -1.0504425764083862 0.60867810249328613 -0.40639451146125793 0.086880519986152649 -1.4799642562866211 0.3544849157333374 -1.1250119209289551 0.041816107928752899
1338.3009999990463 -1.0578765869140625 0.62832295894622803 -0.36328902840614319 0.085146546363830566 -1.5176600217819214 0.37125590443611145 -1.1590777635574341 0.020603103563189507
1438.464199995622 -0.83930468559265137 0.60762262344360352 -0.057233434170484543 0.088665232062339783 -1.4151648283004761 0.41524946689605713 -1.0857689380645752 0.029778299853205681
1540.9577999990433 -0.67261672019958496 0.61396580934524536 0.23358476161956787 0.10928602516651154 -1.325342059135437 0.42092674970626831 -0.87281543016433716 0.036622624844312668
1636.4565999973565 -0.2294115424156189 0.59963810443878174 1.0237947702407837 0.062259946018457413 -0.10703424364328384 0.52676582336425781 0.5262412428855896 -0.028269395232200623
1733.9970999974757 0.1917269229888916 0.53157985210418701 1.1261318922042847 0.14000411331653595 0.66101956367492676 0.47907915711402893 1.3406180143356323 0.030373608693480492
1833.9698999971151 0.33370798826217651 0.50965547561645508 1.6935032606124878 0.13304215669631958 1.5397346019744873 0.47998437285423279 2.3597838878631592 -0.00023245197371579707
1933.1385999973863 0.49315288662910461 0.48187944293022156 1.7927087545394897 0.14173188805580139 1.9562064409255981 0.47509253025054932 2.5627546310424805 0.072006739675998688
