0.0 -0.65319430828094482 0.89538151025772095 0.53945136070251465 0.92482554912567139 -0.74854326248168945 1.3459738492965698 0.78771662712097168 1.3368585109710693
82.507699999958277 -0.65047299861907959 0.89462250471115112 0.52557390928268433 0.92150133848190308 -0.72141355276107788 1.3326358795166016 0.79114317893981934 1.3250234127044678
170.08329999819398 -0.68535870313644409 0.88913518190383911 0.49828040599822998 0.91728466749191284 -0.75704485177993774 1.3363838195800781 0.78547501564025879 1.327386736869812
258.69739999622107 -0.68198883533477783 0.88838773965835571 0.54925781488418579 0.91769570112228394 -0.70701944828033447 1.3076388835906982 0.80021136999130249 1.3245447874069214
340.84399999678135 -0.7069237232208252 0.8900679349899292 0.53815853595733643 0.90949934720993042 -0.69262361526489258 1.2990137338638306 0.76972520351409912 1.3171210289001465
426.85989999771118 -0.71762269735336304 0.92322254180908203 0.47823813557624817 0.86353832483291626 -0.71740806102752686 1.3904287815093994 0.73738348484039307 1.2839339971542358
514.4028999991715 -0.67704105377197266 0.87604266405105591 0.75658243894577026 0.87652933597564697 -0.66091614961624146 1.3670969009399414 0.75702172517776489 1.3205147981643677
602.95450000092387 -0.66626608371734619 0.8711511492729187 0.82514774799346924 0.90468406677246094 -0.64999532699584961 1.4034528732299805 0.75614166259765625 1.3642951250076294
692.77859999611974 -0.68178355693817139 0.90435129404067993 0.78949427604675293 0.89529603719711304 -0.61588954925537109 1.4236938953399658 0.76313233375549316 1.3771845102310181
777.29329999908805 -0.53686773777008057 1.0181045532226563 0.69021350145339966 0.93173837661743164 -0.71413367986679077 1.2088923454284668 0.50215047597885132 1.2101296186447144
858.42299999669194 -0.7471422553062439 0.85137969255447388 0.75975906848907471 0.92065137624740601 -0.66782623529434204 1.0563102960586548 0.87969022989273071 1.1935769319534302
941.8175999969244 -0.66500788927078247 0.93488430976867676 0.57770359516143799 0.94517457485198975 -0.6065593957901001 1.1136161088943481 0.64959716796875 1.0715665817260742
1048.7748999968171 -0.50587308406829834 1.0295474529266357 0.55993270874023438 0.94896692037582397 -0.70735210180282593 1.3832751512527466 0.87502527236938477 1.1886467933654785
1134.4527999982238 -0.76604235172271729 1.0414780378341675 0.62930220365524292 1.0522130727767944 -0.82868748903274536 1.5703725814819336 0.87889355421066284 1.6376075744628906
1217.7588999979198 -0.81451845169067383 0.98966819047927856 0.68787699937820435 1.0249338150024414 -1.0352567434310913 1.5453355312347412 0.92528694868087769 1.5430281162261963
1300.611400000751 -0.62733536958694458 0.84634977579116821 0.83427608013153076 0.95618802309036255 -1.4399229288101196 1.2441325187683105 1.2729734182357788 1.4105325937271118
1383.4906999953091 -0.95950621366500854 0.87241756916046143 0.81588065624237061 0.80790627002716064 -1.206872820854187 0.96490621566772461 1.1905127763748169 0.92691493034362793
1468.9483999982476 -1.0589709281921387 0.61795949935913086 1.038872241973877 0.61976832151412964 -1.3761662244796753 0.69417953491210938 1.2741464376449585 0.67951124906539917
1556.7042999975383 -1.097232460975647 0.56332969665527344 1.027737021446228 0.60696738958358765 -1.3970332145690918 0.64088356494903564 1.3297306299209595 0.69658446311950684
1643.1140999980271 -1.104479193687439 0.59525805711746216 1.0779711008071899 0.62287062406539917 -1.3920818567276001 0.63928890228271484 1.3221472501754761 0.71217292547225952
1727.675999995321 -1.0818755626678467 0.63725239038467407 0.82139062881469727 0.62399750947952271 -1.3867058753967285 0.76243811845779419 1.3845781087875366 0.70715397596359253
1811.6032999977469 -0.83316141366958618 0.63945960998535156 0.82277637720108032 0.62390005588531494 -1.4038184881210327 0.76904916763305664 1.4171719551086426 0.71437668800354004
1894.3638999983668 -1.0653995275497437 0.64741218090057373 0.83361124992370605 0.62147867679595947 -1.3932414054870605 0.76891648769378662 1.4173249006271362 0.70513933897018433
1991.8077000007033 -1.0636104345321655 0.65626198053359985 0.79020488262176514 0.62351858615875244 -1.3994922637939453 0.77092677354812622 1.3578251600265503 0.70328426361083984
