34.438599998131394 -0.69128942489624023 0.67835777997970581 0.63395828008651733 0.64851778745651245 -0.66010242700576782 1.011192798614502 0.64449715614318848 0.99006891250610352
144.82399999722838 -0.69569200277328491 0.67018663883209229 0.61279851198196411 0.64798855781555176 -0.66707795858383179 1.0096330642700195 0.627280592918396 0.98651063442230225
242.775599995628 -0.68720769882202148 0.68803179264068604 0.62360078096389771 0.65594345331192017 -0.63347232341766357 1.0470379590988159 0.64305204153060913 0.99342548847198486
349.40359999611974 -0.68856155872344971 0.67971223592758179 0.60810905694961548 0.6435239315032959 -0.6557890772819519 1.0346026420593262 0.6355779767036438 0.98851722478866577
455.22819999791682 -0.7112080454826355 0.67281234264373779 0.62921380996704102 0.63819587230682373 -0.68615776300430298 1.0380101203918457 0.65874677896499634 0.99533456563949585
560.36609999835491 -0.7608637809753418 0.64842259883880615 0.66860884428024292 0.61052310466766357 -0.7858659029006958 1.0107688903808594 0.69278627634048462 0.96853619813919067
661.83939999900758 -0.74145495891571045 0.60855543613433838 0.62719464302062988 0.58626377582550049 -0.7741590142250061 0.95666676759719849 0.64664357900619507 0.93031805753707886
763.9290999956429 -0.78211581707000732 0.60482668876647949 0.57688111066818237 0.56093424558639526 -0.70646065473556519 0.92517948150634766 0.71686232089996338 0.83661520481109619
862.91449999623001 -0.75843268632888794 0.5454288125038147 0.54304832220077515 0.50347864627838135 -0.6709519624710083 0.76609891653060913 0.65830039978027344 0.69640016555786133
965.18939999490976 -0.66108769178390503 0.67369812726974487 0.44505193829536438 0.59318876266479492 -0.62826251983642578 0.7607036828994751 0.48716080188751221 0.7180018424987793
1063.3808999974281 -0.68087351322174072 0.61254441738128662 0.46807810664176941 0.66118878126144409 -0.58069473505020142 0.82936358451843262 0.41907903552055359 0.93872320652008057
1163.3349999990314 -0.72267484664916992 0.67162668704986572 0.53840410709381104 0.67308694124221802 -0.73111182451248169 0.99149215221405029 0.61660635471343994 0.96746212244033813
1262.1099999975413 -0.77655506134033203 0.75008648633956909 0.66615104675292969 0.75832259654998779 -0.94185340404510498 1.2048200368881226 0.88357216119766235 1.1622515916824341
1362.6423999965191 -0.82471942901611328 0.65506511926651001 0.75719636678695679 0.64637315273284912 -0.91463470458984375 0.93577104806900024 1.0664941072463989 0.90983963012695313
1461.9223999958485 -0.79837644100189209 0.66852807998657227 0.73951274156570435 0.57793730497360229 -0.77092862129211426 0.99399131536483765 0.94278723001480103 0.71527069807052612
1564.4158999975771 -0.85037469863891602 0.54107600450515747 0.73224371671676636 0.54510599374771118 -0.82828104496002197 0.37827947735786438 0.84598088264465332 0.31200295686721802
1669.0734999943525 -0.94460070133209229 0.52653461694717407 0.80935174226760864 0.51196587085723877 -0.88733220100402832 0.40469279885292053 0.92265015840530396 0.30782273411750793
1771.9509999975562 -0.88742822408676147 0.59297358989715576 0.76773887872695923 0.49802365899085999 -0.81837910413742065 0.48408156633377075 0.75181114673614502 0.31408566236495972
1881.1360999979079 -0.93308407068252563 0.59901553392410278 0.75628852844238281 0.49231210350990295 -0.8487694263458252 0.48503369092941284 0.7507285475730896 0.33190864324569702
1986.6845999974757 -0.92820709943771362 0.60789138078689575 0.76894658803939819 0.49564766883850098 -0.84613579511642456 0.49130630493164063 0.86311483383178711 0.30320635437965393
