12.393200000748038 -0.54119068384170532 0.46374881267547607 0.71458739042282104 0.42940092086791992 -0.43327257037162781 0.71956491470336914 0.74840021133422852 0.6396942138671875
131.21330000087619 -0.53016459941864014 0.4517979621887207 0.75738430023193359 0.4374353289604187 -0.43961641192436218 0.71023452281951904 0.89078152179718018 0.67726731300354004
245.47789999935776 -0.53491556644439697 0.4587567150592804 0.72350972890853882 0.43352285027503967 -0.43866094946861267 0.71632784605026245 0.87889772653579712 0.66787201166152954
358.90819999948144 -0.59504568576812744 0.47518190741539001 0.70396769046783447 0.44062197208404541 -0.49483782052993774 0.73538422584533691 0.87545663118362427 0.69439268112182617
487.64079999923706 -0.48925209045410156 0.47395968437194824 0.72160208225250244 0.4353296160697937 -0.43920695781707764 0.7382735013961792 0.88388228416442871 0.67595088481903076
597.79650000017136 -0.439949631690979 0.46886232495307922 0.71033501625061035 0.43509480357170105 -0.90345859527587891 0.74275851249694824 0.84399914741516113 0.67230004072189331
712.02900000009686 -0.48189890384674072 0.47195518016815186 0.70695662498474121 0.43489605188369751 -0.89497673511505127 0.74500447511672974 0.83298754692077637 0.67455911636352539
830.0359999993816 -0.54931545257568359 0.46938076615333557 0.68305069208145142 0.43457746505737305 -0.47261354327201843 0.72905081510543823 0.85193794965744019 0.66608530282974243
945.51919999998063 -0.70271354913711548 0.45648175477981567 0.5148388147354126 0.43603265285491943 -0.64649707078933716 0.71532672643661499 0.70677989721298218 0.67036378383636475
1058.6833000006154 -0.66457283496856689 0.43197011947631836 0.54648923873901367 0.41964736580848694 -0.43708768486976624 0.66807019710540771 0.6587786078453064 0.64073485136032104
1186.8345999997109 -0.62687879800796509 0.42821598052978516 0.8358917236328125 0.45097020268440247 -0.79106795787811279 0.65743559598922729 0.6114952564239502 0.60264909267425537
1305.0418999996036 -0.5927463173866272 0.39711278676986694 0.77472203969955444 0.46443840861320496 -0.58967733383178711 0.58555257320404053 0.59458357095718384 0.66691809892654419
1423.7778000002727 -0.67784488201141357 0.40695548057556152 0.80695688724517822 0.48233449459075928 -0.71360152959823608 0.61256080865859985 0.5533299446105957 0.69310480356216431
1537.9620000002906 -0.60769689083099365 0.48956552147865295 0.65580672025680542 0.44701135158538818 -0.45432665944099426 0.74065560102462769 0.63331669569015503 0.66065263748168945
1646.8479000004008 -0.75156587362289429 0.51415115594863892 0.85514199733734131 0.45781084895133972 -0.77891576290130615 0.81525051593780518 1.2127317190170288 0.70136016607284546
1757.9024000000209 -0.69224447011947632 0.45264676213264465 0.79118949174880981 0.41822618246078491 -0.68758368492126465 0.70036107301712036 1.1625308990478516 0.59523266553878784
1881.8861000007018 -0.90334314107894897 0.34383615851402283 1.0927013158798218 0.36519011855125427 -1.0620343685150146 0.33088305592536926 1.0970021486282349 0.31023389101028442
1991.6264000004157 -0.80755257606506348 0.31098645925521851 1.1885679960250854 0.33251306414604187 -1.223180890083313 0.23463939130306244 1.2588903903961182 0.24117206037044525
