73.07490000128746 -0.79152661561965942 0.65939337015151978 0.55299884080886841 0.63775527477264404 -0.72195780277252197 0.97799360752105713 0.60941833257675171 0.95680123567581177
169.98679999820888 -0.77958029508590698 0.65762966871261597 0.55214118957519531 0.63248682022094727 -0.70452743768692017 0.97645360231399536 0.60087192058563232 0.94800353050231934
265.94510000012815 -0.73563480377197266 0.67356371879577637 0.55666589736938477 0.638863205909729 -0.70172798633575439 0.98685234785079956 0.61686378717422485 0.95625782012939453
371.21130000054836 -0.71184486150741577 0.66389501094818115 0.55638980865478516 0.64057326316833496 -0.67180907726287842 0.97752547264099121 0.60090696811676025 0.95490103960037231
471.39120000228286 -0.74183380603790283 0.66775095462799072 0.55440217256546021 0.63057923316955566 -0.69428783655166626 0.9779210090637207 0.60337692499160767 0.9526563286781311
575.41569999791682 -0.73787796497344971 0.62777918577194214 0.55274033546447754 0.60911881923675537 -0.76117098331451416 0.96986985206604004 0.59601175785064697 0.9311487078666687
680.89119999855757 -0.67693692445755005 0.5813712477684021 0.58096516132354736 0.57539820671081543 -0.71919876337051392 0.88622128963470459 0.61407488584518433 0.89023494720458984
789.45009999908507 -0.66921830177307129 0.54826855659484863 0.53087759017944336 0.52435362339019775 -0.61216330528259277 0.79544377326965332 0.5888095498085022 0.78351974487304688
895.02809999883175 -0.63900715112686157 0.60107237100601196 0.61748379468917847 0.56114345788955688 -0.62767350673675537 0.7400093674659729 0.58934164047241211 0.70912694931030273
991.46729999966919 -0.6588594913482666 0.61962234973907471 0.66337347030639648 0.54876089096069336 -0.61904537677764893 0.69026505947113037 0.55686444044113159 0.71709448099136353
1095.9736999999732 -0.65071326494216919 0.55655664205551147 0.48005983233451843 0.52122402191162109 -0.61884182691574097 0.76490002870559692 0.57875686883926392 0.73466020822525024
1195.7070999983698 -0.76824027299880981 0.62915718555450439 0.63791817426681519 0.64228934049606323 -0.83004456758499146 0.9752156138420105 0.68768441677093506 0.96819746494293213
1295.1342000029981 -0.85172939300537109 0.69470864534378052 0.66721469163894653 0.75742548704147339 -1.0114759206771851 1.1072481870651245 0.90140557289123535 1.1533091068267822
1393.4133000001311 -0.92439949512481689 0.62249773740768433 0.76816725730895996 0.66209042072296143 -1.1531549692153931 0.95626455545425415 1.1640762090682983 1.0439649820327759
1492.2381999995559 -1.04740309715271 0.55111944675445557 0.80090862512588501 0.51991766691207886 -1.2430636882781982 0.70832610130310059 1.1283491849899292 0.65073728561401367
1593.6363999992609 -1.0278512239456177 0.43846970796585083 0.86160951852798462 0.42752924561500549 -1.2758004665374756 0.4860694408416748 1.0922493934631348 0.30064144730567932
1696.1502999980003 -1.12125563621521 0.420289546251297 0.7919464111328125 0.40744194388389587 -1.2993104457855225 0.42713257670402527 1.0838789939880371 0.33060833811759949
1800.545700000599 -1.1800335645675659 0.39449793100357056 0.82587248086929321 0.39475688338279724 -1.3181238174438477 0.42006456851959229 1.1091712713241577 0.32456651329994202
1907.9523000009358 -1.1452106237411499 0.40480750799179077 0.79981791973114014 0.38951459527015686 -1.3298394680023193 0.41059800982475281 1.097077488899231 0.31624189019203186
