84.853699998930097 -0.89653193950653076 0.67163342237472534 0.4079817533493042 0.68535923957824707 -0.86313527822494507 0.9995691180229187 0.39918947219848633 1.0062268972396851
191.50459999963641 -0.85030579566955566 0.67265403270721436 0.45578461885452271 0.67814069986343384 -0.82204872369766235 0.99666744470596313 0.45200803875923157 0.99909508228302002
294.23150000162423 -0.779244065284729 0.67625617980957031 0.48478686809539795 0.67610591650009155 -0.7440454363822937 0.99042260646820068 0.48112982511520386 0.99375218152999878
397.72540000081062 -0.75207227468490601 0.67444944381713867 0.52237790822982788 0.67689692974090576 -0.72921878099441528 0.98669683933258057 0.52267009019851685 0.99246305227279663
502.40090000070632 -0.75989353656768799 0.67610615491867065 0.55020958185195923 0.65139889717102051 -0.74463695287704468 0.98584514856338501 0.57247990369796753 0.97831612825393677
601.52069999836385 -0.77616959810256958 0.64351284503936768 0.5596655011177063 0.64157944917678833 -0.87311339378356934 0.95676493644714355 0.67490524053573608 0.95525574684143066
702.96050000190735 -0.79359853267669678 0.58890062570571899 0.63494998216629028 0.61179906129837036 -1.1522883176803589 0.82912182807922363 1.0503112077713013 0.82668691873550415
802.75650000013411 -0.86255669593811035 0.61021310091018677 0.73480701446533203 0.62244313955307007 -1.5619146823883057 0.70859867334365845 1.3736851215362549 0.74603950977325439
906.57800000347197 -0.92585062980651855 0.59984743595123291 0.78928995132446289 0.60428136587142944 -1.7206834554672241 0.60898768901824951 1.6183631420135498 0.63458770513534546
1004.5856000017375 -1.0046676397323608 0.59875446557998657 0.78075772523880005 0.6065678596496582 -1.7077845335006714 0.52194535732269287 1.5479545593261719 0.5490182638168335
1100.5697000026703 -1.0561943054199219 0.59557592868804932 0.88555443286895752 0.61101651191711426 -1.7451750040054321 0.5006142258644104 1.6755133867263794 0.53712618350982666
1197.4227000027895 -1.1007274389266968 0.59090077877044678 0.96706551313400269 0.59809225797653198 -1.8283785581588745 0.49526187777519226 1.8303122520446777 0.54450762271881104
1298.982100000605 -0.99123597145080566 0.57137775421142578 1.0192543268203735 0.58616405725479126 -1.6936163902282715 0.49883836507797241 1.925006628036499 0.56573706865310669
1397.3114000018686 -0.95450371503829956 0.55682915449142456 1.0087685585021973 0.56564140319824219 -1.5413343906402588 0.48888233304023743 1.8912801742553711 0.554465651512146
1503.4120000004768 -0.8258553147315979 0.53335112333297729 0.84947562217712402 0.54806160926818848 -1.0895406007766724 0.5337446928024292 1.3862177133560181 0.56633096933364868
1605.4699999988079 -0.7809215784072876 0.60766446590423584 0.72630959749221802 0.54293656349182129 -0.6571386456489563 0.56522530317306519 1.021915078163147 0.58419030904769897
1708.0839000009 -0.67926090955734253 0.5893978476524353 0.69667863845825195 0.52519023418426514 -0.42678156495094299 0.62709665298461914 0.59619623422622681 0.62336122989654541
1804.0997000019997 -0.67551314830780029 0.58282458782196045 0.73283511400222778 0.57597345113754272 -0.18698258697986603 0.59465992450714111 0.54925632476806641 0.59344953298568726
1905.4732000008225 -0.65417671203613281 0.57190263271331787 0.66967636346817017 0.56991863250732422 -0.22749361395835876 0.59061682224273682 0.54472333192825317 0.5912596583366394
2004.0467999987304 -0.66255033016204834 0.57054394483566284 0.68950635194778442 0.57745850086212158 -0.23869624733924866 0.59935569763183594 0.5939444899559021 0.60171198844909668
