84.0304000005126 -0.74113219976425171 0.674793541431427 0.568195641040802 0.67191487550735474 -0.68625009059906006 1.0106325149536133 0.57863211631774902 1.0026204586029053
191.11670000292361 -0.7311633825302124 0.66906023025512695 0.56059670448303223 0.67195594310760498 -0.67222380638122559 0.99533200263977051 0.57384496927261353 0.99350631237030029
292.08379999920726 -0.70889973640441895 0.6647498607635498 0.57111120223999023 0.67503488063812256 -0.66150760650634766 0.99498933553695679 0.56854391098022461 0.9982801079750061
395.59559999778867 -0.71640616655349731 0.66630488634109497 0.55992960929870605 0.66461968421936035 -0.65554928779602051 1.0007504224777222 0.58577555418014526 0.99482709169387817
496.07500000111759 -0.69543951749801636 0.65699911117553711 0.57756292819976807 0.66049736738204956 -0.717754065990448 1.0002881288528442 0.69140827655792236 1.0008862018585205
600.23879999853671 -0.67438298463821411 0.63702851533889771 0.60687059164047241 0.64891225099563599 -0.79956644773483276 0.97278797626495361 0.83396130800247192 0.97048795223236084
693.04870000109076 -0.67724317312240601 0.60961359739303589 0.60660254955291748 0.61002594232559204 -1.0588858127593994 0.8921474814414978 1.0511100292205811 0.88991475105285645
791.73949999921024 -0.73160839080810547 0.62514340877532959 0.68632662296295166 0.63476359844207764 -1.2020902633666992 0.82741796970367432 1.2990400791168213 0.9040374755859375
891.57249999977648 -0.78946965932846069 0.66831207275390625 0.78720748424530029 0.65899109840393066 -1.5618231296539307 0.71628677845001221 1.5386064052581787 0.75262200832366943
997.4748999979347 -0.78396058082580566 0.66336965560913086 0.77495455741882324 0.6568145751953125 -1.5687645673751831 0.69719529151916504 1.6200908422470093 0.73865240812301636
1104.9368000011891 -0.83279752731323242 0.69362461566925049 0.88117146492004395 0.66562366485595703 -1.5898101329803467 0.65986675024032593 1.6858265399932861 0.68770194053649902
1205.1480000000447 -0.8712344765663147 0.70041459798812866 0.91614735126495361 0.66698139905929565 -1.6406630277633667 0.65857309103012085 1.7182267904281616 0.68871140480041504
1306.1723999977112 -0.94134277105331421 0.70167487859725952 1.024571418762207 0.6732792854309082 -1.7023359537124634 0.65423554182052612 1.9103904962539673 0.70514267683029175
1404.4046000000089 -0.87061780691146851 0.6988670825958252 0.94731414318084717 0.66952270269393921 -1.5314706563949585 0.64940410852432251 1.7746530771255493 0.70607036352157593
1501.648199999705 -0.89413511753082275 0.6452210545539856 0.89024591445922852 0.67343807220458984 -1.2846542596817017 0.67732912302017212 1.6457231044769287 0.73722106218338013
1603.2097000014037 -0.81007248163223267 0.63894897699356079 0.80123358964920044 0.67178899049758911 -1.0638898611068726 0.66870719194412231 1.4260624647140503 0.7309688925743103
1702.3560000024736 -0.82540524005889893 0.59371906518936157 0.67119485139846802 0.63404345512390137 -0.76398283243179321 0.67177480459213257 0.98785889148712158 0.69580572843551636
1802.2194999996573 -0.79961681365966797 0.58502960205078125 0.60436904430389404 0.62631094455718994 -0.6067962646484375 0.66420376300811768 0.84293407201766968 0.66970378160476685
1898.2551000025123 -0.76705944538116455 0.59983766078948975 0.67817896604537964 0.58372014760971069 -0.54597097635269165 0.66759616136550903 0.64819937944412231 0.67242944240570068
1998.6237000022084 -0.75880736112594604 0.61828291416168213 0.67647689580917358 0.57560902833938599 -0.44919487833976746 0.68498629331588745 0.62698155641555786 0.68404746055603027
