90.804100001230836 -0.69471710920333862 0.67705130577087402 0.65788596868515015 0.68885064125061035 -0.65436947345733643 1.0615620613098145 0.6843075156211853 1.0362671613693237
194.56060000322759 -0.69901227951049805 0.66952931880950928 0.65986502170562744 0.68284332752227783 -0.66348063945770264 1.0551360845565796 0.68771982192993164 1.0293490886688232
295.10930000431836 -0.70786917209625244 0.67426532506942749 0.6432843804359436 0.69245278835296631 -0.6857985258102417 1.058391809463501 0.66235578060150146 1.0429625511169434
393.55540000274777 -0.70182090997695923 0.67294871807098389 0.65527445077896118 0.68296986818313599 -0.67809075117111206 1.0563831329345703 0.68439620733261108 1.0383545160293579
495.65070000290871 -0.7085951566696167 0.66451960802078247 0.64011526107788086 0.68821531534194946 -0.70572459697723389 1.0441465377807617 0.6622004508972168 1.0303522348403931
594.87200000137091 -0.70719325542449951 0.66732746362686157 0.66331261396408081 0.68124675750732422 -0.71318823099136353 1.0482022762298584 0.66206687688827515 1.0345901250839233
696.24520000256598 -0.69324815273284912 0.62053453922271729 0.67421764135360718 0.61460959911346436 -0.71393769979476929 0.9883953332901001 0.68162941932678223 0.97740143537521362
790.49370000138879 -0.68667328357696533 0.57520121335983276 0.72813296318054199 0.57402515411376953 -0.69220465421676636 0.89843672513961792 0.74485260248184204 0.8965492844581604
885.8794000018388 -0.62536978721618652 0.60159128904342651 0.65704518556594849 0.51280832290649414 -0.45218744874000549 0.84503835439682007 0.78953075408935547 0.68944573402404785
990.73940000496805 -0.49320480227470398 0.65610760450363159 0.52615475654602051 0.57727193832397461 -0.5383644700050354 1.0404523611068726 0.60503590106964111 0.66433042287826538
1086.4634000007063 -0.55074894428253174 0.65779441595077515 0.44432798027992249 0.58484512567520142 -0.49430510401725769 1.0216941833496094 0.29934865236282349 0.73159980773925781
1178.8983000032604 -0.60082328319549561 0.65008872747421265 0.58750325441360474 0.52242779731750488 -0.57800817489624023 0.84495604038238525 0.66916084289550781 0.71889275312423706
1279.9398000016809 -0.71571993827819824 0.65587741136550903 0.6751980185508728 0.65442711114883423 -0.76192629337310791 1.0125535726547241 0.79169780015945435 0.99633955955505371
1384.2165000047535 -0.82842111587524414 0.73792284727096558 0.77555125951766968 0.74439609050750732 -0.99491477012634277 1.1575440168380737 1.0648369789123535 1.1407514810562134
1484.2921000011265 -0.83514106273651123 0.66210442781448364 0.82012051343917847 0.69368201494216919 -1.0144815444946289 0.9520757794380188 1.1537171602249146 1.0394423007965088
1587.4929000008851 -0.91735202074050903 0.69065403938293457 0.81195461750030518 0.58273005485534668 -0.85308307409286499 0.65941911935806274 1.0464634895324707 0.70369768142700195
1687.103400003165 -0.85141974687576294 0.48394227027893066 0.83899682760238647 0.54607617855072021 -0.85176765918731689 0.41015654802322388 0.93838727474212646 0.4017951488494873
1792.2062000017613 -0.89203643798828125 0.48391476273536682 0.88518393039703369 0.54628932476043701 -0.86157095432281494 0.41888511180877686 0.99561572074890137 0.40085813403129578
1893.0552000030875 -0.9072115421295166 0.49555504322052002 0.86929696798324585 0.54448455572128296 -0.83311712741851807 0.42176893353462219 0.98996198177337646 0.40178966522216797
1990.7908000014722 -0.89915913343429565 0.51394176483154297 0.85785388946533203 0.5237354040145874 -0.84949731826782227 0.43342417478561401 0.99782311916351318 0.39474818110466003
