64.752399999648333 -0.60251140594482422 0.87659746408462524 0.56604760885238647 0.95007318258285522 -0.69696521759033203 1.3372589349746704 0.56803983449935913 1.4679555892944336
152.51390000060201 -0.61092787981033325 0.89548742771148682 0.55270934104919434 0.96905702352523804 -0.68668091297149658 1.3426798582077026 0.53656518459320068 1.4979153871536255
238.64690000191331 -0.85623311996459961 0.92505025863647461 0.58502674102783203 0.94965666532516479 -0.72254043817520142 1.3874808549880981 0.76657146215438843 1.3650343418121338
326.36999999731779 -0.65952283143997192 0.87254023551940918 0.6006237268447876 0.92450809478759766 -0.75490593910217285 1.328718900680542 0.77063983678817749 1.3328206539154053
417.65369999781251 -0.72593677043914795 0.86022794246673584 0.58543223142623901 0.88118672370910645 -0.76676982641220093 1.275229811668396 0.76712173223495483 1.3041535615921021
503.87539999932051 -0.68499964475631714 0.84720820188522339 0.52109163999557495 0.84236651659011841 -0.77802598476409912 1.274727463722229 0.73368406295776367 1.2833724021911621
591.65810000151396 -0.55152261257171631 0.83691239356994629 0.49704724550247192 0.7926710844039917 -0.64284968376159668 1.0716539621353149 0.70694965124130249 1.2257887125015259
674.21379999816418 -0.61440503597259521 0.86061161756515503 0.47319602966308594 0.82473576068878174 -0.90707236528396606 1.0978850126266479 0.64310473203659058 1.2448794841766357
767.35649999976158 -0.90662950277328491 0.84294861555099487 0.42328470945358276 0.83164411783218384 -0.85037016868591309 1.3107608556747437 0.7277950644493103 1.2550088167190552
851.46319999918342 -0.76932239532470703 0.90111202001571655 0.58758383989334106 0.91490632295608521 -0.9055517315864563 1.3607125282287598 0.93412339687347412 1.3285077810287476
950.84059999883175 -0.81949901580810547 0.86919683218002319 0.6245037317276001 0.94222533702850342 -1.0930856466293335 1.3153098821640015 0.98617219924926758 1.4764997959136963
1041.2554999999702 -0.92629426717758179 0.76612097024917603 0.7406122088432312 0.78200006484985352 -1.0721045732498169 1.286536693572998 1.2050000429153442 1.2977578639984131
1126.1413999982178 -0.95329278707504272 0.74316030740737915 0.96025437116622925 0.69287073612213135 -1.0800918340682983 0.92036110162734985 0.87925422191619873 0.71641451120376587
1213.168299999088 -0.9754260778427124 0.64486432075500488 1.0291997194290161 0.62150382995605469 -1.4353882074356079 0.68218660354614258 1.1130095720291138 0.46639424562454224
1297.467399995774 -1.1072814464569092 0.65290099382400513 1.0215444564819336 0.65280258655548096 -1.5534089803695679 0.65305066108703613 1.1515293121337891 0.48949754238128662
1379.4219999983907 -1.05174720287323 0.65738570690155029 1.1531981229782104 0.6429705023765564 -1.4998583793640137 0.66955846548080444 1.2081836462020874 0.49099183082580566
1469.1482999995351 -0.94101607799530029 0.62034839391708374 0.99402028322219849 0.60873252153396606 -1.4663032293319702 0.69541728496551514 1.1202492713928223 0.47706791758537292
1555.1750000007451 -1.200858473777771 0.63127905130386353 0.99728548526763916 0.59882646799087524 -1.1407757997512817 0.67542672157287598 1.1371163129806519 0.50153368711471558
1637.5817999988794 -1.042708158493042 0.64893114566802979 0.86449408531188965 0.60712850093841553 -1.4096739292144775 0.64719682931900024 0.99662625789642334 0.52357840538024902
1720.854399997741 -1.1110042333602905 0.60607725381851196 0.86159342527389526 0.54021108150482178 -1.5209536552429199 0.60023486614227295 1.0773415565490723 0.49876829981803894
1812.6741999983788 -1.2490729093551636 0.61994099617004395 0.96714097261428833 0.52433651685714722 -1.5691802501678467 0.58234119415283203 1.1714940071105957 0.5030742883682251
1909.9675999991596 -1.187744140625 0.61107558012008667 1.0992741584777832 0.56736135482788086 -1.4223048686981201 0.56300020217895508 1.2323235273361206 0.51817655563354492
1996.0873999968171 -1.1756263971328735 0.60865646600723267 0.91270893812179565 0.56435227394104004 -1.3120665550231934 0.57863891124725342 1.1570566892623901 0.51947236061096191
