66.278899997472763 -0.7669677734375 0.63505470752716064 0.54002535343170166 0.66803020238876343 -0.70275866985321045 1.0080382823944092 0.50677502155303955 0.99672466516494751
154.17149999924004 -0.77789181470870972 0.64141660928726196 0.54973137378692627 0.67323923110961914 -0.71326673030853271 1.0256576538085938 0.50839740037918091 1.0089521408081055
242.69969999976456 -0.78393822908401489 0.64032846689224243 0.53223186731338501 0.67188155651092529 -0.71708422899246216 1.0201857089996338 0.49255537986755371 1.0063940286636353
326.31119999848306 -0.74623680114746094 0.630146324634552 0.57609266042709351 0.66354519128799438 -0.67924070358276367 1.0082820653915405 0.53284227848052979 0.99545478820800781
418.9482999984175 -0.7823789119720459 0.63338059186935425 0.54358094930648804 0.66545724868774414 -0.71915191411972046 1.0133066177368164 0.4985729455947876 0.99807190895080566
508.34869999811053 -0.76992392539978027 0.64139598608016968 0.55937910079956055 0.66682088375091553 -0.72619503736495972 1.0165361166000366 0.51803493499755859 0.99624168872833252
599.15149999968708 -0.76307213306427002 0.66892111301422119 0.60649281740188599 0.65718865394592285 -0.73376083374023438 1.0129826068878174 0.61098062992095947 0.99195724725723267
688.08839999884367 -0.85037767887115479 0.64710867404937744 0.55707782506942749 0.61755704879760742 -0.83697521686553955 0.95719677209854126 0.64796608686447144 0.9254792332649231
780.79819999821484 -0.83589881658554077 0.65598636865615845 0.66384351253509521 0.61463487148284912 -0.82331156730651855 0.97040742635726929 0.82346063852310181 0.90733587741851807
869.51679999940097 -0.68428248167037964 0.5689697265625 0.68805843591690063 0.50359982252120972 -0.70212382078170776 0.84933632612228394 0.8699459433555603 0.78581506013870239
958.59039999730885 -0.70106756687164307 0.61881840229034424 0.65971541404724121 0.48891600966453552 -0.63452845811843872 0.81599962711334229 0.78574442863464355 0.69144856929779053
1050.6147999987006 -0.68347251415252686 0.59346991777420044 0.59547799825668335 0.4525182843208313 -0.41967195272445679 0.65284520387649536 0.6286855936050415 0.56329536437988281
1140.9122999999672 -0.69628608226776123 0.61046719551086426 0.58363056182861328 0.54546171426773071 -0.58681672811508179 0.72580593824386597 0.60414320230484009 0.60761040449142456
1232.3892999980599 -0.87595212459564209 0.60319727659225464 0.51849526166915894 0.60094785690307617 -0.88038796186447144 0.90729457139968872 0.5811697244644165 0.81179946660995483
1317.7587999980897 -0.88737303018569946 0.69506651163101196 0.55259579420089722 0.73960989713668823 -1.0255045890808105 1.0691050291061401 0.72648447751998901 1.0915480852127075
1406.808999998495 -1.0175696611404419 0.65905171632766724 0.6047440767288208 0.68396526575088501 -1.2098301649093628 1.0618383884429932 0.88440179824829102 1.0419480800628662
1494.1459999997169 -0.98671251535415649 0.47967064380645752 0.63164979219436646 0.50721979141235352 -1.1652935743331909 0.57930666208267212 0.83572196960449219 0.61594235897064209
1582.4798999987543 -1.0881646871566772 0.54047238826751709 0.68707561492919922 0.55585873126983643 -1.2351206541061401 0.47170111536979675 0.69108504056930542 0.4943714439868927
1669.6945999991149 -1.0509113073348999 0.53271055221557617 0.65204238891601563 0.55052423477172852 -1.1724101305007935 0.45486530661582947 0.71376776695251465 0.46896845102310181
1760.0636999979615 -1.0373979806900024 0.53332096338272095 0.65277141332626343 0.56001198291778564 -1.146506667137146 0.45547434687614441 0.69701683521270752 0.48495212197303772
1848.2250999994576 -0.95672428607940674 0.51766949892044067 0.66594797372817993 0.56154119968414307 -1.0838857889175415 0.50202733278274536 0.768329918384552 0.53334641456604004
1936.9199999999255 -0.92714226245880127 0.50645774602890015 0.65280616283416748 0.56629413366317749 -1.0753813982009888 0.52401620149612427 0.75861585140228271 0.54554200172424316
