138.30360000021756 -0.67607933282852173 0.49610051512718201 0.59898537397384644 0.46147093176841736 -0.75435149669647217 0.81586945056915283 0.59748953580856323 0.75070559978485107
284.46540000010282 -0.58607745170593262 0.49975636601448059 0.68086820840835571 0.4572373628616333 -0.51513200998306274 0.78183156251907349 0.70580035448074341 0.74682813882827759
430.65379999950528 -0.64224380254745483 0.46809080243110657 0.69246959686279297 0.46389007568359375 -0.63065338134765625 0.77229654788970947 0.75175732374191284 0.75747650861740112
576.60930000059307 -0.7056574821472168 0.43493777513504028 0.68178427219390869 0.45487204194068909 -0.72070246934890747 0.74042129516601563 0.7750164270401001 0.7355913519859314
723.7862999998033 -0.77292287349700928 0.40553584694862366 0.47826078534126282 0.43150019645690918 -0.78052562475204468 0.65596586465835571 0.61189448833465576 0.66357624530792236
869.94299999903888 -0.81635278463363647 0.35518172383308411 0.31345224380493164 0.43037936091423035 -0.77628779411315918 0.59842342138290405 0.38770002126693726 0.60692936182022095
1013.1753000002354 -0.84397804737091064 0.39643663167953491 0.3331153392791748 0.42916208505630493 -0.82553988695144653 0.62363028526306152 0.44796803593635559 0.60478895902633667
1169.365899999626 -0.81711745262145996 0.47088447213172913 0.51091688871383667 0.46990707516670227 -0.81579804420471191 0.74633699655532837 0.67344379425048828 0.73756372928619385
1313.331999999471 -0.88799726963043213 0.49410772323608398 0.85743832588195801 0.53058695793151855 -1.1276381015777588 0.79775148630142212 1.1422243118286133 0.84247773885726929
1454.5831999992952 -0.9298025369644165 0.36426204442977905 0.75412219762802124 0.30167511105537415 -0.8039209246635437 0.27925422787666321 0.88452786207199097 0.30347520112991333
1605.2719000000507 -0.74005717039108276 0.31681525707244873 0.70158666372299194 0.28172457218170166 -0.85363143682479858 0.29352626204490662 0.89156395196914673 0.2565440833568573
1749.717399998568 -0.79217284917831421 0.31433838605880737 0.76020306348800659 0.27581855654716492 -0.88784092664718628 0.27686184644699097 0.93598651885986328 0.25183096528053284
1892.6574999997392 -0.77962291240692139 0.33253559470176697 0.75038343667984009 0.27771475911140442 -0.85835427045822144 0.29635405540466309 0.94194918870925903 0.25667345523834229
