75.338299999944866 -0.91726911067962646 0.69113963842391968 0.70935773849487305 0.6973034143447876 -0.97747611999511719 1.0823959112167358 0.77581363916397095 1.0836929082870483
190.42659999895841 -0.94226366281509399 0.68683445453643799 0.69326388835906982 0.69968527555465698 -1.006680965423584 1.0770758390426636 0.77888625860214233 1.0885829925537109
305.84139999933541 -0.94129818677902222 0.69874060153961182 0.64216667413711548 0.708393394947052 -0.98965418338775635 1.0891393423080444 0.75724756717681885 1.0880317687988281
429.80960000026971 -0.92632597684860229 0.68850159645080566 0.63368171453475952 0.69723355770111084 -1.0197693109512329 1.0764006376266479 0.71814209222793579 1.0913574695587158
557.56499999947846 -0.85000717639923096 0.69556683301925659 0.63250035047531128 0.69648599624633789 -0.91737306118011475 1.0807520151138306 0.78699934482574463 1.0576043128967285
679.87289999891073 -0.7858622670173645 0.63840025663375854 0.63021045923233032 0.6431422233581543 -0.9084128737449646 1.0125468969345093 0.82297992706298828 0.98665797710418701
802.80379999987781 -0.80643868446350098 0.62399077415466309 0.59642738103866577 0.57300949096679688 -0.86391210556030273 0.97762233018875122 0.78751826286315918 0.88106894493103027
920.34759999997914 -0.80741679668426514 0.65251404047012329 0.65755367279052734 0.57879984378814697 -0.72867363691329956 0.98808008432388306 0.77188968658447266 0.86421078443527222
1049.3024999992922 -0.79171949625015259 0.69047105312347412 0.59904688596725464 0.61325687170028687 -0.86462098360061646 1.0934063196182251 0.87596064805984497 0.88950085639953613
1173.9778999993578 -0.93432748317718506 0.76950925588607788 0.68041062355041504 0.71373862028121948 -0.64455658197402954 1.1539744138717651 1.0743409395217896 1.0797175168991089
1297.7998999999836 -0.76862192153930664 0.69016677141189575 0.85601651668548584 0.77181762456893921 -0.93501132726669312 1.2065886259078979 1.1695525646209717 1.173803448677063
1405.5531999999657 -1.1834203004837036 0.5297696590423584 0.83744770288467407 0.54404348134994507 -1.3666681051254272 0.70169669389724731 1.2478741407394409 0.75927948951721191
1509.1595000000671 -1.3165709972381592 0.56069296598434448 0.99736237525939941 0.50695443153381348 -1.3754560947418213 0.59984439611434937 1.2235397100448608 0.57337939739227295
1624.9945000000298 -0.96834838390350342 0.48100042343139648 0.99950635433197021 0.55950623750686646 -1.4145691394805908 0.4399750828742981 1.060664176940918 0.50855070352554321
1732.5417999997735 -0.9894707202911377 0.445383220911026 0.92038768529891968 0.500069260597229 -1.4210842847824097 0.38872978091239929 0.8279186487197876 0.48517799377441406
1847.7783000003546 -0.96282106637954712 0.48920145630836487 0.94567561149597168 0.51954466104507446 -1.3012076616287231 0.42996504902839661 0.93636238574981689 0.53029787540435791
1964.586299999617 -0.91432124376296997 0.48503246903419495 0.90584957599639893 0.5073094367980957 -1.2376289367675781 0.43435671925544739 0.95909494161605835 0.53377336263656616
