74.885899998247623 -0.80089712142944336 0.66232866048812866 0.55485039949417114 0.65584897994995117 -0.72502398490905762 1.0406041145324707 0.58121693134307861 0.98594498634338379
168.20480000041425 -0.78457283973693848 0.66053110361099243 0.55287629365921021 0.65333640575408936 -0.7101704478263855 1.0380400419235229 0.59182924032211304 0.97648906707763672
257.11989999935031 -0.79092025756835938 0.65468305349349976 0.54448705911636353 0.656624436378479 -0.72157341241836548 1.0352581739425659 0.56400406360626221 0.98277968168258667
345.6283999979496 -0.77268481254577637 0.64646279811859131 0.53796195983886719 0.65990298986434937 -0.7424507737159729 1.0184265375137329 0.55198657512664795 0.98323065042495728
436.77639999985695 -0.76775664091110229 0.63047093152999878 0.52083516120910645 0.62301301956176758 -0.75549578666687012 0.99647283554077148 0.55079770088195801 0.94715595245361328
527.0667000003159 -0.81442683935165405 0.67826074361801147 0.55045849084854126 0.62136256694793701 -0.74149525165557861 1.0089544057846069 0.59790629148483276 0.95402270555496216
613.7740999981761 -0.82744592428207397 0.66628724336624146 0.61419528722763062 0.60876667499542236 -0.78604555130004883 0.97264319658279419 0.69588041305541992 0.94173026084899902
701.34750000014901 -0.90489959716796875 0.61110728979110718 0.62286502122879028 0.55162250995635986 -0.84260904788970947 0.88995867967605591 0.78954946994781494 0.85102790594100952
788.26439999975264 -0.86387485265731812 0.57622390985488892 0.60217493772506714 0.51704150438308716 -0.72776627540588379 0.82195329666137695 0.75276190042495728 0.80728894472122192
875.09259999729693 -0.76543670892715454 0.53993701934814453 0.54275840520858765 0.44629600644111633 -0.59681087732315063 0.68766635656356812 0.62510824203491211 0.60074269771575928
966.58770000003278 -0.77278387546539307 0.57194960117340088 0.54230934381484985 0.55260443687438965 -0.58848410844802856 0.70458501577377319 0.55007725954055786 0.63062882423400879
1058.3643999993801 -0.88704407215118408 0.55776417255401611 0.47227334976196289 0.58880221843719482 -0.77115964889526367 0.73633790016174316 0.5100129246711731 0.67495441436767578
1150.3027999997139 -0.90640133619308472 0.60706204175949097 0.59959244728088379 0.58242982625961304 -0.96911466121673584 0.84815371036529541 0.67976605892181396 0.78876990079879761
1243.6777999997139 -0.83329790830612183 0.7003408670425415 0.62582921981811523 0.6623084545135498 -0.97445201873779297 1.0344746112823486 0.80481380224227905 0.96845579147338867
1335.0866999998689 -0.96720153093338013 0.65624219179153442 0.69247853755950928 0.68078601360321045 -1.0609153509140015 0.99116337299346924 0.91830837726593018 0.97192102670669556
1423.4253000002354 -0.95078593492507935 0.49301517009735107 0.61267733573913574 0.53171789646148682 -1.0648543834686279 0.60910725593566895 0.8054203987121582 0.65959084033966064
1514.3479999992996 -0.96088159084320068 0.4797634482383728 0.75009989738464355 0.59542948007583618 -1.0620641708374023 0.51537162065505981 0.75576794147491455 0.47530272603034973
1602.5329999979585 -1.0097252130508423 0.47008761763572693 0.68453198671340942 0.58871984481811523 -1.0936179161071777 0.481364905834198 0.65107488632202148 0.45700645446777344
1691.4951999988407 -0.97651970386505127 0.47570964694023132 0.69212603569030762 0.60717982053756714 -1.0670855045318604 0.50697386264801025 0.70026510953903198 0.50197809934616089
1782.3920999988914 -0.94232833385467529 0.47642421722412109 0.66122967004776001 0.60698544979095459 -1.067696213722229 0.52618932723999023 0.76041758060455322 0.49746179580688477
1869.2254000008106 -0.93477189540863037 0.49971276521682739 0.69281381368637085 0.60233932733535767 -1.0365546941757202 0.55311703681945801 0.74154353141784668 0.50115585327148438
1957.9495000001043 -0.90675610303878784 0.4911438524723053 0.69354838132858276 0.59578704833984375 -1.0128682851791382 0.54671448469161987 0.7625383734703064 0.49635487794876099
