90.775100000202656 -0.68215340375900269 0.47096183896064758 0.50418931245803833 0.4227922260761261 -0.65321362018585205 0.73811495304107666 0.61133849620819092 0.60601097345352173
209.75989999994636 -0.57119423151016235 0.4757114052772522 0.67898225784301758 0.42291876673698425 -0.92207235097885132 0.75735574960708618 0.97144961357116699 0.67280113697052002
309.82479999959469 -0.5384945273399353 0.46551471948623657 0.67038273811340332 0.42004066705703735 -0.90877234935760498 0.73678320646286011 0.78873181343078613 0.59986019134521484
417.61530000064522 -0.44591057300567627 0.4724937379360199 0.67877495288848877 0.41640987992286682 -0.42796939611434937 0.73318541049957275 0.77348381280899048 0.5919109582901001
522.82679999992251 -0.71843254566192627 0.4621177613735199 0.46589887142181396 0.42904317378997803 -0.73568320274353027 0.72540116310119629 0.59621256589889526 0.64294910430908203
637.3617000002414 -0.77367675304412842 0.41794544458389282 0.44046086072921753 0.42169389128684998 -0.81190085411071777 0.63718134164810181 0.89190900325775146 0.6057121753692627
752.54679999966174 -0.78072202205657959 0.4063422679901123 0.46365106105804443 0.45051670074462891 -1.2355455160140991 0.56088000535964966 1.2368957996368408 0.55121767520904541
866.17509999964386 -0.71548253297805786 0.40539038181304932 0.66308319568634033 0.44761520624160767 -0.95052075386047363 0.50333160161972046 1.0806115865707397 0.45158663392066956
974.53140000067651 -0.88910937309265137 0.40978413820266724 0.62570720911026001 0.43647497892379761 -1.1033304929733276 0.4964849054813385 1.22806715965271 0.44716975092887878
1080.076400000602 -0.92268329858779907 0.40613043308258057 0.68116474151611328 0.44536268711090088 -1.2977603673934937 0.49704596400260925 1.3737119436264038 0.4505845308303833
1202.9499999992549 -0.96855729818344116 0.41847848892211914 0.76017493009567261 0.44964724779129028 -1.4075508117675781 0.45660054683685303 1.2613871097564697 0.42569738626480103
1320.9365999996662 -0.70703715085983276 0.41890904307365417 0.97587716579437256 0.456307053565979 -0.7522728443145752 0.4895135760307312 1.3232769966125488 0.45681852102279663
1435.571600000374 -0.91466361284255981 0.41883912682533264 0.55969589948654175 0.4577251672744751 -0.78991031646728516 0.37033858895301819 0.72914087772369385 0.46240976452827454
1538.1989000011235 -0.58753073215484619 0.42865914106369019 0.75535804033279419 0.41798743605613708 -0.47212305665016174 0.43413180112838745 0.81577175855636597 0.46290072798728943
1648.2406999999657 -0.50071960687637329 0.41478449106216431 0.67205709218978882 0.41238445043563843 -0.4350658655166626 0.42062225937843323 0.52661424875259399 0.44331741333007813
1759.127100000158 -0.4746997058391571 0.41940417885780334 0.65774011611938477 0.42528250813484192 -0.44853457808494568 0.42702972888946533 0.51863789558410645 0.44391602277755737
1873.4697000002488 -0.86662667989730835 0.40842339396476746 0.66343116760253906 0.4183419942855835 -0.48880907893180847 0.43045380711555481 0.5930556058883667 0.44654533267021179
1978.7672999994829 -0.4924444854259491 0.41691336035728455 0.68146002292633057 0.41209766268730164 -0.47742259502410889 0.43051904439926147 0.6060747504234314 0.43673864006996155
