53.547299998812377 -0.39322343468666077 0.46182382106781006 0.70306456089019775 0.41373792290687561 -0.85615473985671997 0.72507619857788086 0.75862026214599609 0.58079886436462402
171.25539999827743 -0.37766498327255249 0.45168128609657288 0.67550456523895264 0.41056892275810242 -0.87259531021118164 0.70329451560974121 0.75041067600250244 0.5839046835899353
288.38999999966472 -0.44476798176765442 0.468252032995224 0.71253490447998047 0.42243853211402893 -0.93352103233337402 0.72810596227645874 0.71894371509552002 0.62881952524185181
403.46380000002682 -0.35492947697639465 0.47078084945678711 0.66775333881378174 0.41328966617584229 -0.81224250793457031 0.72257208824157715 0.73016774654388428 0.58995521068572998
518.39419999904931 -0.56815463304519653 0.46001261472702026 0.65186220407485962 0.42248326539993286 -0.99443703889846802 0.7036704421043396 0.75386863946914673 0.64228814840316772
639.52719999849796 -0.58304101228713989 0.44056755304336548 0.55348354578018188 0.42286854982376099 -0.50644713640213013 0.65283840894699097 0.91229462623596191 0.60830062627792358
750.6910999994725 -0.73643660545349121 0.39241713285446167 0.47319424152374268 0.45338490605354309 -0.76268857717514038 0.50746583938598633 1.084190845489502 0.55663591623306274
866.71909999847412 -0.84629327058792114 0.40007281303405762 0.55397915840148926 0.45943483710289001 -1.0230094194412231 0.4655492901802063 1.0283257961273193 0.48523575067520142
962.17079999949783 -0.9427979588508606 0.42556071281433105 0.61648392677307129 0.44961586594581604 -1.4699610471725464 0.43837922811508179 1.2468200922012329 0.44070696830749512
1067.9455999992788 -0.89108222723007202 0.41952395439147949 0.65544420480728149 0.45361971855163574 -1.470095157623291 0.4538600742816925 1.3235929012298584 0.45994743704795837
1182.5778999989852 -1.0934792757034302 0.43329417705535889 0.69965183734893799 0.46004101634025574 -1.3566508293151855 0.43471011519432068 1.4308323860168457 0.46078950166702271
1289.7795999990776 -0.87713158130645752 0.40481743216514587 0.70502454042434692 0.45048084855079651 -0.98277819156646729 0.47204431891441345 1.3127255439758301 0.46769240498542786
1400.4887999985367 -0.9602164626121521 0.38595655560493469 0.55251306295394897 0.45105805993080139 -0.95743060111999512 0.3866066038608551 0.80102592706680298 0.47020888328552246
1514.4283999977633 -0.64998340606689453 0.40814408659934998 0.72017711400985718 0.41885694861412048 -0.46991688013076782 0.4395889937877655 0.84656137228012085 0.43370980024337769
1615.7726999986917 -0.7750428318977356 0.41841843724250793 0.72755688428878784 0.4446779191493988 -0.22771549224853516 0.4998328685760498 0.69180512428283691 0.47628390789031982
1725.0041999984533 -0.50956064462661743 0.40893524885177612 0.69099867343902588 0.4203411340713501 -0.22432622313499451 0.48103567957878113 0.56688451766967773 0.45087376236915588
1834.4819999998435 -0.52342784404754639 0.42469996213912964 0.67872655391693115 0.41000336408615112 -0.40194761753082275 0.44402509927749634 0.5585816502571106 0.44817289710044861
1945.9420999996364 -0.53529512882232666 0.43692204356193542 0.65243136882781982 0.42546042799949646 -0.41761106252670288 0.45683705806732178 0.53512442111968994 0.45904159545898438
