17.257099999114871 -0.66334068775177002 0.60578805208206177 0.83115744590759277 0.66271018981933594 -0.70367789268493652 1.0105587244033813 0.88013368844985962 1.0527253150939941
135.56189999915659 -0.77108722925186157 0.61970722675323486 0.70246529579162598 0.67873907089233398 -0.82295912504196167 1.0053820610046387 0.71074944734573364 1.0609632730484009
249.21549999993294 -0.65768736600875854 0.60337096452713013 0.82874214649200439 0.66788166761398315 -0.67926114797592163 1.0082557201385498 0.84637439250946045 1.0563637018203735
361.50349999964237 -0.56424260139465332 0.60636639595031738 0.6629941463470459 0.67141926288604736 -0.64471429586410522 1.0178378820419312 0.77524185180664063 1.027329683303833
478.33829999994487 -0.59983915090560913 0.60861706733703613 0.60826027393341064 0.65735876560211182 -0.84385901689529419 1.010563850402832 0.87617087364196777 0.99985265731811523
593.73519999906421 -0.56203341484069824 0.61171191930770874 0.66923332214355469 0.66858935356140137 -1.1024739742279053 0.87890803813934326 1.2635477781295776 0.8252214789390564
711.74979999940842 -0.63316822052001953 0.67976438999176025 0.71325969696044922 0.62660682201385498 -1.3232990503311157 0.81983953714370728 1.5091120004653931 0.77368658781051636
821.79789999872446 -0.80420154333114624 0.65465110540390015 0.76093226671218872 0.6268761157989502 -1.6139004230499268 0.65189331769943237 1.6833871603012085 0.63667535781860352
939.13179999962449 -0.97337168455123901 0.66028815507888794 0.91221529245376587 0.63113886117935181 -1.738587498664856 0.61491870880126953 1.6957324743270874 0.61472755670547485
1051.4481999985874 -0.97257214784622192 0.64695906639099121 0.9522358775138855 0.63383626937866211 -1.6872801780700684 0.61122041940689087 1.8296700716018677 0.67086261510848999
1164.4165999982506 -0.9366295337677002 0.63931262493133545 0.97821712493896484 0.63267296552658081 -1.4717960357666016 0.62148928642272949 1.8892216682434082 0.68385124206542969
1281.9165999991819 -0.77831512689590454 0.60515886545181274 0.97659474611282349 0.61624437570571899 -1.2070808410644531 0.61580753326416016 1.5065200328826904 0.67811000347137451
1395.2885999996215 -0.78864890336990356 0.5602831244468689 0.82365942001342773 0.59475737810134888 -0.7985871434211731 0.63995838165283203 1.1412534713745117 0.66468989849090576
1494.9195999987423 -0.73279577493667603 0.55418300628662109 0.62346994876861572 0.58480715751647949 -0.45612978935241699 0.62702792882919312 0.77318519353866577 0.64858275651931763
1601.5523999994621 -0.79336720705032349 0.54929929971694946 0.7082589864730835 0.5254090428352356 -0.37494596838951111 0.63154304027557373 0.76984184980392456 0.61962890625
1704.2909999992698 -0.93081724643707275 0.56889712810516357 0.61050909757614136 0.58097654581069946 -0.46831649541854858 0.63098633289337158 0.64896398782730103 0.63382667303085327
1820.4418999990448 -0.95860183238983154 0.56707763671875 0.58762073516845703 0.58451598882675171 -0.45569074153900146 0.63250589370727539 0.64877212047576904 0.6316952109336853
1931.2658999999985 -0.93854749202728271 0.55835872888565063 0.7024577260017395 0.51391452550888062 -0.4637337327003479 0.62497580051422119 0.65692603588104248 0.62202727794647217
