92.565299997106194 -0.71884447336196899 0.65644538402557373 0.58247184753417969 0.62142521142959595 -0.68511587381362915 0.9712141752243042 0.61769181489944458 0.95029258728027344
194.60609999857843 -0.71528840065002441 0.66181546449661255 0.57732540369033813 0.62375259399414063 -0.6912156343460083 0.96758311986923218 0.61482334136962891 0.95359700918197632
298.02839999832213 -0.72783190011978149 0.64360970258712769 0.61969369649887085 0.61730444431304932 -0.79417145252227783 0.99791425466537476 0.65198212862014771 0.95006519556045532
397.99089999683201 -0.71204257011413574 0.60018599033355713 0.67304927110671997 0.60543286800384521 -0.80800932645797729 0.93761348724365234 0.68703275918960571 0.92874705791473389
495.71799999848008 -0.72176206111907959 0.61253547668457031 0.68412673473358154 0.58694541454315186 -0.77779752016067505 0.91404086351394653 0.71599149703979492 0.9125983715057373
598.58549999818206 -0.66173052787780762 0.56455898284912109 0.67543840408325195 0.54101091623306274 -0.59662753343582153 0.81179016828536987 0.782947838306427 0.82110738754272461
693.7303999979049 -0.6452784538269043 0.55862659215927124 0.66723442077636719 0.47725263237953186 -0.6347205638885498 0.75303471088409424 0.79388236999511719 0.69005388021469116
794.04699999652803 -0.59441655874252319 0.62276220321655273 0.565357506275177 0.43070992827415466 -0.57631766796112061 0.59513860940933228 0.62007927894592285 0.53337371349334717
892.63499999791384 -0.63211297988891602 0.64538383483886719 0.61957818269729614 0.47394570708274841 -0.45176410675048828 0.71373367309570313 0.68740373849868774 0.58275550603866577
992.39929999783635 -0.63616824150085449 0.59781461954116821 0.5979352593421936 0.53332287073135376 -0.60475242137908936 0.88867282867431641 0.74023264646530151 0.76789790391921997
1095.8785999976099 -0.69133669137954712 0.66205805540084839 0.67504286766052246 0.61458033323287964 -0.7631906270980835 1.0330888032913208 0.82304000854492188 0.9454185962677002
1191.2229999992996 -0.84888917207717896 0.71168386936187744 0.83574920892715454 0.70627510547637939 -1.0924971103668213 1.0984330177307129 1.2397627830505371 1.0991702079772949
1290.7045999970287 -0.82516300678253174 0.62078827619552612 0.82515114545822144 0.64018112421035767 -1.0773811340332031 0.89570552110671997 1.1772900819778442 0.88896685838699341
1386.1919999998063 -1.1125674247741699 0.57408004999160767 1.0325222015380859 0.57119894027709961 -1.2896455526351929 0.5387880802154541 1.2741806507110596 0.56217324733734131
1486.9410999994725 -0.93775522708892822 0.45963183045387268 0.92469185590744019 0.46757397055625916 -1.2275924682617188 0.39118719100952148 1.228899359703064 0.35703656077384949
1589.1646999977529 -1.0374290943145752 0.42178219556808472 0.89340901374816895 0.44339969754219055 -1.3097903728485107 0.3635687530040741 1.221838116645813 0.31014791131019592
1688.2540999986231 -0.98503017425537109 0.41189712285995483 0.89381599426269531 0.43178823590278625 -1.2912806272506714 0.39166340231895447 1.2665293216705322 0.31556022167205811
1782.4146999977529 -0.97378116846084595 0.41004279255867004 0.88209325075149536 0.43258866667747498 -1.2617479562759399 0.40375491976737976 1.2613945007324219 0.3211040198802948
1881.8505999967456 -0.97679311037063599 0.41241776943206787 0.86366385221481323 0.43292471766471863 -1.263585090637207 0.40224090218544006 1.2384369373321533 0.32191964983940125
1977.9310999978334 -0.98319047689437866 0.40625238418579102 0.85537070035934448 0.43300196528434753 -1.2768493890762329 0.40302720665931702 1.2115404605865479 0.32489731907844543
