3.8272999990731478 -0.69103342294692993 0.65898549556732178 0.50640052556991577 0.6469075083732605 -0.65691530704498291 0.9721602201461792 0.55090701580047607 0.98100435733795166
107.50480000115931 -0.69897478818893433 0.65679967403411865 0.51676648855209351 0.63841468095779419 -0.67277985811233521 0.96839487552642822 0.55096310377120972 0.96154522895812988
205.63929999805987 -0.70555323362350464 0.65921419858932495 0.54362988471984863 0.62780320644378662 -0.67474567890167236 0.97743356227874756 0.59092408418655396 0.95835989713668823
307.43230000138283 -0.73081856966018677 0.66063028573989868 0.57373160123825073 0.62946778535842896 -0.73575317859649658 0.97584980726242065 0.67925834655761719 0.9487040638923645
404.49869999848306 -0.74252557754516602 0.60325562953948975 0.55197036266326904 0.60292506217956543 -1.1190047264099121 0.88083690404891968 0.99783414602279663 0.79664754867553711
503.70199999958277 -0.78315675258636475 0.62210643291473389 0.60912877321243286 0.62653613090515137 -1.2900296449661255 0.79954123497009277 1.2377028465270996 0.74841487407684326
607.07120000012219 -0.78659695386886597 0.62491333484649658 0.68431955575942993 0.62098574638366699 -1.4576427936553955 0.74006658792495728 1.3363304138183594 0.71754610538482666
707.29450000077486 -0.86784762144088745 0.63827806711196899 0.78823632001876831 0.61415129899978638 -1.6635470390319824 0.63585108518600464 1.5885487794876099 0.64751332998275757
811.59270000085235 -0.92861342430114746 0.65034228563308716 0.89693218469619751 0.61826306581497192 -1.7659348249435425 0.58846604824066162 1.7444860935211182 0.61663162708282471
921.44370000064373 -0.94925326108932495 0.6372990608215332 0.94947218894958496 0.61009764671325684 -1.6681307554244995 0.57927584648132324 1.8711483478546143 0.59769028425216675
1021.999599998817 -0.96399116516113281 0.62853527069091797 0.9482429027557373 0.60733872652053833 -1.6094354391098022 0.58087247610092163 1.892291784286499 0.60428518056869507
1121.7367999982089 -0.87717121839523315 0.62378638982772827 0.85185015201568604 0.60861718654632568 -1.3925061225891113 0.58904767036437988 1.6790926456451416 0.62595462799072266
1220.7587999980897 -0.78779703378677368 0.59849148988723755 0.72220742702484131 0.58881294727325439 -0.84449350833892822 0.58984369039535522 1.1472729444503784 0.63387340307235718
1321.3510999996215 -0.87201178073883057 0.58860909938812256 0.67556679248809814 0.59975570440292358 -0.7500072717666626 0.60670369863510132 1.0056949853897095 0.62202930450439453
1423.5206000003964 -0.80258363485336304 0.59056359529495239 0.67573195695877075 0.55125463008880615 -0.40728878974914551 0.621826171875 0.78053915500640869 0.61218523979187012
1527.7122999988496 -0.67896521091461182 0.60366624593734741 0.68146300315856934 0.60300362110137939 -0.31222429871559143 0.63143765926361084 0.68593758344650269 0.64697885513305664
1624.963399996981 -0.64502441883087158 0.59750610589981079 0.66907781362533569 0.59647411108016968 -0.089721366763114929 0.61424523591995239 0.66386634111404419 0.61151337623596191
1723.93589999713 -0.61500203609466553 0.60494858026504517 0.64710921049118042 0.60386544466018677 -0.073351316154003143 0.63067126274108887 0.63898658752441406 0.61259162425994873
1820.043799996376 -0.62540715932846069 0.60162192583084106 0.6680142879486084 0.60976922512054443 -0.073847010731697083 0.63487643003463745 0.66565966606140137 0.62701475620269775
1918.2182999979705 -0.62040567398071289 0.59897875785827637 0.67266499996185303 0.60765230655670166 -0.11936582624912262 0.63680893182754517 0.68373167514801025 0.6430821418762207
