28.825600000098348 -0.63268762826919556 0.47315031290054321 0.63826000690460205 0.43137532472610474 -0.5192791223526001 0.73549437522888184 0.75082260370254517 0.6483989953994751
139.01420000102371 -0.60190653800964355 0.47183910012245178 0.66397130489349365 0.4318697452545166 -0.50447601079940796 0.73391318321228027 0.76036792993545532 0.65124481916427612
250.538200000301 -0.59969246387481689 0.4790283739566803 0.62915706634521484 0.42743194103240967 -0.47118675708770752 0.74325317144393921 0.71770799160003662 0.63320547342300415
362.08170000184327 -0.6059114933013916 0.45683503150939941 0.61802065372467041 0.42826235294342041 -0.51532167196273804 0.71225792169570923 0.76069259643554688 0.6486702561378479
472.74650000035763 -0.74129796028137207 0.440227210521698 0.51229572296142578 0.42801189422607422 -0.46040123701095581 0.6682625412940979 0.64485335350036621 0.65252095460891724
588.78760000038892 -0.65950226783752441 0.43673291802406311 0.51744747161865234 0.43496894836425781 -0.85190397500991821 0.66940057277679443 0.63114917278289795 0.62844455242156982
703.10680000018328 -0.7042539119720459 0.42736917734146118 0.86426609754562378 0.45258679986000061 -0.74683821201324463 0.6270025372505188 0.69569462537765503 0.66649770736694336
815.96600000094622 -0.69696670770645142 0.43130475282669067 0.84609216451644897 0.44601517915725708 -0.85852348804473877 0.62349891662597656 0.69264501333236694 0.63131552934646606
921.17409999947995 -0.66193503141403198 0.48670998215675354 0.69128262996673584 0.42938891053199768 -0.52737933397293091 0.75644874572753906 0.86295396089553833 0.6454889178276062
1027.0882000010461 -0.66801512241363525 0.46661058068275452 0.87047910690307617 0.4462982714176178 -0.71502554416656494 0.72939246892929077 1.2327909469604492 0.68293142318725586
1129.1899999994785 -0.60041093826293945 0.42537757754325867 0.83069109916687012 0.39604839682579041 -0.93990296125411987 0.67200744152069092 1.2448297739028931 0.53668057918548584
1229.4745000004768 -0.75203037261962891 0.29357060790061951 1.0618706941604614 0.31323963403701782 -0.99536317586898804 0.26940059661865234 1.0313625335693359 0.22080545127391815
1346.6047000000253 -1.058627724647522 0.27846527099609375 1.0737028121948242 0.29430863261222839 -0.93260359764099121 0.25871238112449646 0.97895920276641846 0.18284864723682404
1445.922800000757 -1.6464897394180298 0.28166848421096802 1.6375672817230225 0.30938777327537537 -1.3920220136642456 0.25591707229614258 1.543682336807251 0.20561970770359039
1558.1990999998525 -0.97913706302642822 0.29720509052276611 1.6591503620147705 0.31068530678749084 -1.3583517074584961 0.25663787126541138 1.5176489353179932 0.21428446471691132
1662.116200000979 -0.97539925575256348 0.29326459765434265 1.7750051021575928 0.32543560862541199 -1.3785532712936401 0.26060906052589417 1.5826793909072876 0.2159578949213028
1793.8753000004217 -1.0232998132705688 0.29262980818748474 1.7576503753662109 0.32125809788703918 -1.4361441135406494 0.26146167516708374 1.592039942741394 0.22491158545017242
1905.3837999999523 -0.96750706434249878 0.28691825270652771 1.7428126335144043 0.31984508037567139 -1.3409901857376099 0.26364010572433472 1.5123995542526245 0.22477012872695923
