54.151000000536442 -0.66131860017776489 0.49755570292472839 0.81750363111495972 0.47750747203826904 -0.81740587949752808 0.79611998796463013 0.76757168769836426 0.77403110265731812
159.29250000137836 -0.51952099800109863 0.50339579582214355 0.71381324529647827 0.48227730393409729 -0.64717990159988403 0.8034435510635376 0.66766607761383057 0.7801971435546875
270.27730000112206 -0.53986626863479614 0.50256192684173584 0.72686117887496948 0.47798129916191101 -0.68623566627502441 0.80061084032058716 0.70781171321868896 0.77497601509094238
376.41630000155419 -0.53528279066085815 0.49763509631156921 0.72414255142211914 0.4792843759059906 -0.68921595811843872 0.79620718955993652 0.70228856801986694 0.78053253889083862
478.79270000010729 -0.55373692512512207 0.49934437870979309 0.72419631481170654 0.48477035760879517 -0.69699686765670776 0.8018110990524292 0.68470138311386108 0.78462964296340942
573.41660000011325 -0.64149028062820435 0.50239139795303345 0.63391107320785522 0.48234102129936218 -0.59412509202957153 0.77228689193725586 0.62033820152282715 0.78371119499206543
679.50730000063777 -0.54163533449172974 0.47290408611297607 0.70107299089431763 0.46600553393363953 -0.52549415826797485 0.76667547225952148 0.74181419610977173 0.7597014307975769
786.86450000107288 -0.63472938537597656 0.47189393639564514 0.71898043155670166 0.48449516296386719 -0.75314575433731079 0.7435651421546936 0.96640670299530029 0.75904554128646851
890.43690000101924 -0.79703289270401001 0.48398321866989136 0.68523848056793213 0.48715713620185852 -0.97799360752105713 0.71652275323867798 0.99565476179122925 0.72642499208450317
1000.8504000008106 -0.84411537647247314 0.47255563735961914 0.66288363933563232 0.48517295718193054 -1.3251862525939941 0.66149759292602539 1.1908379793167114 0.66470897197723389
1103.1725000012666 -0.6627466082572937 0.47530665993690491 0.79580432176589966 0.49755826592445374 -1.284467339515686 0.5906251072883606 1.4683117866516113 0.59316170215606689
1219.4920000005513 -0.86741185188293457 0.44808268547058105 0.77506577968597412 0.50444018840789795 -1.4186668395996094 0.48255276679992676 1.5301088094711304 0.50891518592834473
1329.9775000009686 -0.87497663497924805 0.44849717617034912 0.76905113458633423 0.49606612324714661 -1.4520525932312012 0.44238534569740295 1.4283179044723511 0.50021547079086304
1433.1773000005633 -1.0685999393463135 0.46019494533538818 0.80038911104202271 0.48646378517150879 -1.4102609157562256 0.40699803829193115 1.348027229309082 0.51124322414398193
1536.5006000008434 -0.89390683174133301 0.46522402763366699 0.72909295558929443 0.46124765276908875 -1.0536563396453857 0.38314953446388245 1.0734617710113525 0.48491311073303223
1644.9045000011101 -0.75780165195465088 0.44388866424560547 0.7667737603187561 0.44995343685150146 -0.89954453706741333 0.36238551139831543 0.8918381929397583 0.48005986213684082
1741.0704000014812 -0.67186880111694336 0.42882055044174194 0.71625787019729614 0.44908806681632996 -0.48702335357666016 0.42722639441490173 0.78657525777816772 0.4406072199344635
1843.133300001733 -0.68656027317047119 0.46202945709228516 0.77352225780487061 0.48328238725662231 -0.47611287236213684 0.42613580822944641 0.53895658254623413 0.43455815315246582
1947.6838000006974 -0.64831924438476563 0.4648410975933075 0.71321535110473633 0.48759159445762634 -0.3279062807559967 0.4092535674571991 0.53780114650726318 0.42792508006095886
