60.213800000026822 -0.57947432994842529 0.59933829307556152 0.68019163608551025 0.68493735790252686 -0.62063312530517578 1.0066443681716919 0.72724181413650513 1.0424541234970093
175.98570000007749 -0.74538391828536987 0.62400591373443604 0.64845442771911621 0.69077014923095703 -0.75806689262390137 1.0250216722488403 0.72433727979660034 1.042385458946228
294.39059999957681 -0.74658703804016113 0.61955922842025757 0.72998785972595215 0.67909759283065796 -0.78946167230606079 1.0157307386398315 0.77491879463195801 1.0380698442459106
404.24309999961406 -0.78134262561798096 0.62102770805358887 0.70914715528488159 0.66981089115142822 -0.86901164054870605 1.0188244581222534 0.7835533618927002 1.0327075719833374
517.1703000003472 -0.77454853057861328 0.622367262840271 0.7009088397026062 0.67157977819442749 -0.92534524202346802 0.9987139105796814 0.79770290851593018 1.03380286693573
634.05200000014156 -0.83309507369995117 0.64746493101119995 0.6842041015625 0.66442781686782837 -0.96037858724594116 1.0472496747970581 0.79370021820068359 1.0176278352737427
753.06450000032783 -0.78460592031478882 0.63412928581237793 0.55795156955718994 0.59837275743484497 -0.64751070737838745 0.79200345277786255 0.75223994255065918 0.89832222461700439
873.63310000021011 -0.77028745412826538 0.65424001216888428 0.57483476400375366 0.57366621494293213 -0.70668262243270874 0.78299605846405029 0.87847846746444702 0.83476191759109497
1007.4809000007808 -0.76733857393264771 0.6676410436630249 0.6486440896987915 0.57550203800201416 -0.73164874315261841 0.85166120529174805 0.89015859365463257 0.85354053974151611
1131.1269000004977 -0.97512727975845337 0.71369946002960205 0.72110724449157715 0.68805325031280518 -1.0527217388153076 1.10304856300354 1.029258131980896 1.0278425216674805
1248.5862000007182 -0.74863964319229126 0.69454443454742432 0.80891686677932739 0.75735145807266235 -0.92305809259414673 1.1646368503570557 1.2222925424575806 1.2171335220336914
1366.4231000002474 -0.82784456014633179 0.60069453716278076 0.91311490535736084 0.59182333946228027 -1.3137578964233398 0.96640312671661377 1.3468338251113892 0.97296363115310669
1495.1574000008404 -1.3004645109176636 0.46650475263595581 0.80778056383132935 0.4836527407169342 -1.3179447650909424 0.40620735287666321 0.95545309782028198 0.41448032855987549
1600.3260000003502 -0.98309260606765747 0.4223095178604126 0.81697142124176025 0.5014464259147644 -1.2350668907165527 0.37557259202003479 0.93946176767349243 0.41151300072669983
1715.2992000002414 -0.89023876190185547 0.42989489436149597 0.94302791357040405 0.53501731157302856 -1.1837588548660278 0.36055338382720947 1.0174497365951538 0.42175143957138062
1834.2522000009194 -0.98631685972213745 0.42168572545051575 1.0193102359771729 0.54991602897644043 -1.1574310064315796 0.42032963037490845 1.0570851564407349 0.44290784001350403
1949.150399999693 -0.87978333234786987 0.41302689909934998 0.92221981287002563 0.53884190320968628 -1.0857139825820923 0.43420863151550293 1.1106681823730469 0.45612481236457825
