68.774599999189377 -0.69511508941650391 0.89082306623458862 0.6194952130317688 0.95438861846923828 -0.78527826070785522 1.3491348028182983 0.74863290786743164 1.4441485404968262
150.82469999417663 -0.95713222026824951 0.91177481412887573 0.63709241151809692 0.97294580936431885 -0.82284712791442871 1.3512459993362427 0.72005665302276611 1.473702073097229
236.59810000285506 -0.97301602363586426 0.90271532535552979 0.62107926607131958 0.9760814905166626 -0.8315047025680542 1.3376890420913696 0.72736489772796631 1.4699651002883911
322.55259999632835 -0.97282224893569946 0.90275198221206665 0.60294342041015625 0.9488404393196106 -0.82349556684494019 1.3426691293716431 0.73599320650100708 1.4503377676010132
410.71289999783039 -0.68017637729644775 0.88552361726760864 0.65058654546737671 0.95159459114074707 -0.78822571039199829 1.3444887399673462 0.71133893728256226 1.4549345970153809
495.29720000177622 -0.68168151378631592 0.88769304752349854 0.5604405403137207 0.90787196159362793 -0.75997477769851685 1.3366963863372803 0.79618942737579346 1.3355411291122437
576.29710000008345 -0.68011820316314697 0.87829351425170898 0.63549971580505371 0.8957136869430542 -0.73914092779159546 1.301288366317749 0.87759155035018921 1.3165358304977417
664.85249999910593 -0.81838846206665039 0.82756656408309937 0.682575523853302 0.8802914023399353 -0.75452059507369995 1.2718628644943237 0.82622504234313965 1.3048743009567261
776.49679999798536 -0.53028696775436401 0.86483359336853027 0.54606884717941284 0.81662631034851074 -0.97794032096862793 1.0161349773406982 0.8388410210609436 1.1986678838729858
863.4070999994874 -0.85544854402542114 0.8083946704864502 0.58490872383117676 0.77377772331237793 -0.61301231384277344 1.1810727119445801 0.68441915512084961 1.1310684680938721
950.02539999783039 -0.85494494438171387 0.80161291360855103 0.49217483401298523 0.77311307191848755 -0.61856657266616821 1.100347638130188 0.73253393173217773 1.129854679107666
1031.5108999982476 -0.57021158933639526 0.89679259061813354 0.54635095596313477 0.81035113334655762 -0.90482932329177856 1.1328150033950806 0.85310584306716919 1.2288054227828979
1115.3249000012875 -0.69193035364151001 0.87206941843032837 0.658191978931427 0.90189498662948608 -0.85206770896911621 1.3289252519607544 1.0781760215759277 1.2988885641098022
1201.5599000006914 -0.77455127239227295 0.87783730030059814 0.70292949676513672 0.93736016750335693 -1.0774180889129639 1.3257161378860474 1.1090470552444458 1.4521899223327637
1288.9202000014484 -0.84864777326583862 0.78129810094833374 0.88862264156341553 0.80597084760665894 -1.2432870864868164 1.2955541610717773 1.1424832344055176 1.043853759765625
1379.2883999980986 -1.1103115081787109 0.88249915838241577 0.98916929960250854 0.64891088008880615 -1.2128807306289673 0.87151449918746948 0.90825903415679932 0.68577414751052856
1470.771899998188 -0.90640074014663696 0.73288697004318237 0.87674844264984131 0.65545922517776489 -1.1096171140670776 0.52157628536224365 1.1805720329284668 0.49051252007484436
1554.3788999952376 -0.90022116899490356 0.70829534530639648 1.0387053489685059 0.6590161919593811 -0.89085572957992554 0.53709995746612549 1.3367373943328857 0.4873795211315155
1638.5833999961615 -1.1361967325210571 0.70860004425048828 1.1319527626037598 0.56995028257369995 -1.2803925275802612 0.54517441987991333 1.2471582889556885 0.42960876226425171
1731.4309000000358 -1.2281728982925415 0.70787894725799561 1.1733146905899048 0.58983635902404785 -1.5320905447006226 0.63024455308914185 1.3766777515411377 0.5151105523109436
1814.1052000001073 -1.0908814668655396 0.67517483234405518 1.0559453964233398 0.58911871910095215 -1.4200866222381592 0.67953741550445557 1.2517637014389038 0.49895346164703369
1901.6546999998391 -1.0329357385635376 0.63069862127304077 1.2543377876281738 0.63040578365325928 -1.5009117126464844 0.69120806455612183 1.2242143154144287 0.56102281808853149
1982.5790999978781 -1.0167697668075562 0.5970771312713623 1.1810381412506104 0.60238641500473022 -1.5323693752288818 0.6754944920539856 1.3921159505844116 0.52874130010604858
