28.313099997118115 -0.70131164789199829 0.67275106906890869 0.65723890066146851 0.6817670464515686 -0.66872811317443848 1.0538266897201538 0.6374739408493042 1.0352163314819336
129.69899999722838 -0.72903931140899658 0.68927645683288574 0.67682850360870361 0.67793357372283936 -0.67990201711654663 1.0588533878326416 0.64589476585388184 1.0341830253601074
229.28089999780059 -0.72890889644622803 0.67902964353561401 0.6785246729850769 0.68073564767837524 -0.69775521755218506 1.0508224964141846 0.65471953153610229 1.0355557203292847
327.27949999831617 -0.72573298215866089 0.65822398662567139 0.68721276521682739 0.65785402059555054 -0.73988419771194458 1.0364035367965698 0.65580755472183228 1.0305620431900024
425.05330000072718 -0.6969224214553833 0.63788098096847534 0.66946917772293091 0.60975790023803711 -0.7308465838432312 0.99174225330352783 0.67281252145767212 0.96789753437042236
526.83579999953508 -0.68603527545928955 0.59496921300888062 0.7156226634979248 0.58112579584121704 -0.68294441699981689 0.9313921332359314 0.74545419216156006 0.92281621694564819
622.11680000089109 -0.54770451784133911 0.61994153261184692 0.66360795497894287 0.5184866189956665 -0.54122269153594971 0.8018607497215271 0.76399797201156616 0.79566854238510132
718.87299999967217 -0.50067603588104248 0.64849454164505005 0.5445634126663208 0.53440141677856445 -0.44738805294036865 0.99340009689331055 0.64109736680984497 0.65130424499511719
818.87430000118911 -0.49574708938598633 0.64395231008529663 0.48405957221984863 0.57317310571670532 -0.33970680832862854 0.98184406757354736 0.24301746487617493 0.84940826892852783
924.24730000086129 -0.53030437231063843 0.60106831789016724 0.45871168375015259 0.54466640949249268 -0.53712385892868042 0.82411760091781616 0.25943851470947266 0.72559130191802979
1025.054999999702 -0.72950601577758789 0.66193652153015137 0.55419677495956421 0.56367343664169312 -0.59046000242233276 0.87405610084533691 0.72273635864257813 0.79784822463989258
1130.1370999980718 -0.82708042860031128 0.68108886480331421 0.64847242832183838 0.69037735462188721 -0.97894161939620972 1.0543808937072754 0.81647926568984985 1.1144654750823975
1229.1994000002742 -0.88163816928863525 0.69928872585296631 0.74118846654891968 0.71962612867355347 -1.224186897277832 1.1263055801391602 1.0424016714096069 1.1219769716262817
1326.8273000009358 -0.85549640655517578 0.58267456293106079 0.73927843570709229 0.64036756753921509 -1.0711934566497803 0.86440008878707886 1.0948759317398071 0.9967162013053894
1440.3673999998719 -0.99556827545166016 0.5828813910484314 0.82614982128143311 0.60081148147583008 -0.93999356031417847 0.50326246023178101 0.92183750867843628 0.49922984838485718
1540.4071999993175 -0.82814514636993408 0.45871728658676147 0.79509258270263672 0.53071331977844238 -0.85374671220779419 0.41796112060546875 0.82517969608306885 0.38290178775787354
1644.8983999975026 -0.90478414297103882 0.46546855568885803 0.8448631763458252 0.50874513387680054 -0.89288288354873657 0.4112280011177063 0.92173999547958374 0.34612464904785156
1741.5116999987513 -0.9232822060585022 0.48862910270690918 0.8448060154914856 0.509818434715271 -0.97382426261901855 0.44445303082466125 0.96802228689193726 0.37867659330368042
1839.4409999977797 -0.880870521068573 0.49582704901695251 0.88860821723937988 0.52431827783584595 -0.94451302289962769 0.47764101624488831 1.0013155937194824 0.37463206052780151
1942.4514999985695 -0.89710992574691772 0.51732063293457031 0.88402324914932251 0.51713031530380249 -0.97523438930511475 0.50342237949371338 1.0132334232330322 0.41381162405014038
