37.908099999651313 -0.69782370328903198 0.66211175918579102 0.60626834630966187 0.65908122062683105 -0.68639039993286133 1.0368000268936157 0.63810443878173828 1.0080016851425171
138.48979999683797 -0.67889463901519775 0.66745710372924805 0.60037589073181152 0.65521198511123657 -0.67567992210388184 1.0394302606582642 0.63427191972732544 1.0070514678955078
239.52389999851584 -0.68504375219345093 0.66540795564651489 0.59866511821746826 0.65460407733917236 -0.70433789491653442 1.026486873626709 0.64233309030532837 1.0056396722793579
337.20379999652505 -0.70892781019210815 0.63554871082305908 0.62699741125106812 0.63058090209960938 -0.95560222864151001 0.96764218807220459 0.99743455648422241 0.95482796430587769
437.31649999879301 -0.75052207708358765 0.59354174137115479 0.64868748188018799 0.61465120315551758 -1.2679883241653442 0.84235697984695435 1.1997604370117188 0.88169306516647339
536.83949999883771 -0.81917595863342285 0.62507295608520508 0.84079408645629883 0.65932142734527588 -1.5155837535858154 0.76884007453918457 1.6062712669372559 0.7627144455909729
637.02639999985695 -0.85761433839797974 0.64652127027511597 0.8556978702545166 0.62836766242980957 -1.5940176248550415 0.69801831245422363 1.6788501739501953 0.6798134446144104
735.94519999995828 -0.93459045886993408 0.6699063777923584 0.89070916175842285 0.61196446418762207 -1.6910728216171265 0.65062457323074341 1.8125393390655518 0.62745559215545654
828.77649999782443 -0.95629006624221802 0.67925173044204712 0.95830625295639038 0.63201528787612915 -1.7177215814590454 0.62359988689422607 1.8029526472091675 0.59448802471160889
927.0641999989748 -0.94022560119628906 0.68335247039794922 0.9682391881942749 0.66186463832855225 -1.6654868125915527 0.61719131469726563 1.8483157157897949 0.61978936195373535
1024.3934999965131 -0.93637233972549438 0.67976033687591553 0.92982971668243408 0.66755634546279907 -1.6225110292434692 0.6182982325553894 1.7955104112625122 0.62458288669586182
1121.6875999998301 -0.93018275499343872 0.66994309425354004 0.9022601842880249 0.67196619510650635 -1.5480135679244995 0.61223936080932617 1.6998984813690186 0.67641639709472656
1220.1063999962062 -0.9431653618812561 0.65572541952133179 0.8414035439491272 0.67090439796447754 -1.4203065633773804 0.63786685466766357 1.6143996715545654 0.68121147155761719
1322.0304999984801 -0.88117802143096924 0.62494838237762451 0.75223803520202637 0.6657901406288147 -1.0870387554168701 0.63285243511199951 1.1965905427932739 0.67914688587188721
1426.7199000008404 -0.84793716669082642 0.59492617845535278 0.66236859560012817 0.6280902624130249 -0.79309624433517456 0.63373017311096191 0.93789064884185791 0.66264456510543823
1532.314099997282 -0.83459287881851196 0.59136515855789185 0.65456962585449219 0.58426445722579956 -0.58947473764419556 0.64185106754302979 0.70340263843536377 0.64630019664764404
1640.9603000003844 -0.79106318950653076 0.59965389966964722 0.65464973449707031 0.62950974702835083 -0.57178765535354614 0.65449386835098267 0.62115418910980225 0.63513010740280151
1739.0020000003278 -0.7822996973991394 0.59528112411499023 0.66318029165267944 0.56647759675979614 -0.55976331233978271 0.66019749641418457 0.51530098915100098 0.6565556526184082
1842.0552999991924 -0.75109773874282837 0.60310399532318115 0.62916231155395508 0.56347411870956421 -0.53062522411346436 0.66523057222366333 0.49377092719078064 0.6521802544593811
1940.6318999994546 -0.7446826696395874 0.59255897998809814 0.68207055330276489 0.57062619924545288 -0.53330141305923462 0.6680138111114502 0.54168707132339478 0.65746712684631348
