91.389699999243021 -0.50822746753692627 0.46791395545005798 0.70702666044235229 0.42449051141738892 -0.96372604370117188 0.74722522497177124 0.78427523374557495 0.62731671333312988
206.74419999867678 -0.59845536947250366 0.45841404795646667 0.70214664936065674 0.41823416948318481 -0.46726077795028687 0.71920973062515259 0.78568637371063232 0.62807625532150269
313.37370000034571 -0.58560687303543091 0.4583289623260498 0.71958035230636597 0.42763110995292664 -0.48014429211616516 0.71525746583938599 0.86027806997299194 0.65016418695449829
432.91009999997914 -0.60746133327484131 0.46236985921859741 0.67771995067596436 0.42561876773834229 -0.50884133577346802 0.72870653867721558 0.81628561019897461 0.65345662832260132
552.53619999904186 -0.71431726217269897 0.43726232647895813 0.52380567789077759 0.42417892813682556 -0.50428980588912964 0.67465823888778687 0.65744537115097046 0.65480458736419678
663.62069999985397 -0.68253618478775024 0.42739835381507874 0.51526898145675659 0.42003002762794495 -0.56292343139648438 0.68581509590148926 0.62812536954879761 0.62552690505981445
770.59190000034869 -0.65000063180923462 0.42750117182731628 0.88960403203964233 0.45244446396827698 -0.43267619609832764 0.64957070350646973 0.73954159021377563 0.65078204870223999
877.15340000018477 -0.67461395263671875 0.38884881138801575 0.88827747106552124 0.43944692611694336 -0.69845020771026611 0.59671473503112793 0.66602742671966553 0.65800893306732178
991.39429999981076 -0.67483645677566528 0.4525952935218811 0.77028042078018188 0.4958137571811676 -0.78344517946243286 0.68232995271682739 0.49699693918228149 0.69297587871551514
1099.0886999992654 -0.58471721410751343 0.46270826458930969 0.56096398830413818 0.4137747585773468 -0.46319752931594849 0.71368944644927979 0.72962278127670288 0.56496661901473999
1208.0750000001863 -0.78620749711990356 0.500538170337677 0.95126348733901978 0.45319351553916931 -0.82027691602706909 0.79685455560684204 1.2814099788665771 0.67290198802947998
1318.6547999987379 -0.65048080682754517 0.38349580764770508 0.89331197738647461 0.37949833273887634 -0.65919381380081177 0.61575472354888916 1.2520084381103516 0.48542070388793945
1427.3140999991447 -0.82750165462493896 0.37524881958961487 0.96609914302825928 0.41826492547988892 -1.1242727041244507 0.45842468738555908 0.96939462423324585 0.39204549789428711
1536.8686999995261 -0.81668496131896973 0.34302252531051636 1.069902777671814 0.37877145409584045 -0.88125193119049072 0.36714780330657959 0.97815585136413574 0.3477577269077301
1639.1459999987856 -0.75453412532806396 0.32906123995780945 1.0161259174346924 0.39070293307304382 -0.84055536985397339 0.3587353527545929 0.92101538181304932 0.35641363263130188
1758.6279999995604 -0.76525932550430298 0.33942499756813049 0.98052734136581421 0.39792001247406006 -0.81965899467468262 0.35628515481948853 0.92517745494842529 0.36467346549034119
1862.878200000152 -0.93556463718414307 0.34958317875862122 0.99783676862716675 0.39147943258285522 -0.82625287771224976 0.35592454671859741 0.94553190469741821 0.36443081498146057
1971.3168999999762 -0.68380320072174072 0.33804675936698914 1.0172374248504639 0.39287474751472473 -0.7696269154548645 0.35241600871086121 0.91284662485122681 0.36073008179664612
