26.383599998429418 -0.42200428247451782 0.47654646635055542 0.67350310087203979 0.42512503266334534 -0.90303921699523926 0.74163144826889038 0.75396126508712769 0.64486104249954224
137.1302999984473 -0.41471382975578308 0.46707376837730408 0.68459171056747437 0.42482659220695496 -0.97252565622329712 0.74451905488967896 0.80505502223968506 0.6548505425453186
254.78149999957532 -0.43212884664535522 0.46922257542610168 0.63000947237014771 0.42565956711769104 -0.95761185884475708 0.73931306600570679 0.78219938278198242 0.65407329797744751
365.92579999938607 -0.45732772350311279 0.4693305492401123 0.68239676952362061 0.42866930365562439 -0.92192018032073975 0.74782353639602661 0.88794195652008057 0.66911011934280396
471.03219999931753 -0.49271747469902039 0.48196119070053101 0.70317506790161133 0.4422183632850647 -0.44274508953094482 0.74503040313720703 0.96154290437698364 0.68128567934036255
582.66779999993742 -0.55532670021057129 0.47065654397010803 0.50839769840240479 0.4414985179901123 -0.65791410207748413 0.722881019115448 0.70704156160354614 0.68103337287902832
695.68409999925643 -0.67055946588516235 0.44279727339744568 0.49586674571037292 0.42698848247528076 -0.49061071872711182 0.67639082670211792 0.64455300569534302 0.64575904607772827
810.78799999970943 -0.70280575752258301 0.4338606595993042 0.48561882972717285 0.42074969410896301 -0.40034604072570801 0.67525655031204224 0.54327428340911865 0.62929517030715942
923.68539999891073 -0.65224975347518921 0.41866686940193176 0.4900306761264801 0.43065789341926575 -0.75010550022125244 0.6661868691444397 0.52981680631637573 0.64904201030731201
1038.5761999990791 -0.60711878538131714 0.39346477389335632 0.85045444965362549 0.44357919692993164 -0.60476779937744141 0.60986000299453735 0.66095066070556641 0.65153127908706665
1146.1331999981776 -0.65304571390151978 0.40709245204925537 0.83666139841079712 0.46077826619148254 -0.66611623764038086 0.60739010572433472 0.60038578510284424 0.66682130098342896
1271.0611999994144 -0.67766034603118896 0.42910802364349365 0.77579605579376221 0.45473453402519226 -0.7622525691986084 0.63592886924743652 0.57030558586120605 0.63420021533966064
1376.7326999986544 -0.64660340547561646 0.51053100824356079 0.58310025930404663 0.46261653304100037 -0.76497894525527954 0.80446553230285645 0.83128035068511963 0.72238075733184814
1488.7358999988064 -0.61416423320770264 0.4895092248916626 0.74714428186416626 0.43507274985313416 -0.71972507238388062 0.79102915525436401 1.1221095323562622 0.66549527645111084
1596.5407999986783 -0.8056943416595459 0.419149249792099 0.98048216104507446 0.43175747990608215 -0.75080418586730957 0.49140486121177673 0.92245638370513916 0.38299307227134705
1714.3515999987721 -0.8421097993850708 0.31531527638435364 0.96535247564315796 0.35772624611854553 -0.98680239915847778 0.36166286468505859 0.88114190101623535 0.31768611073493958
1826.7535999985412 -0.8545117974281311 0.33029085397720337 1.241868257522583 0.37811416387557983 -1.0692692995071411 0.27216202020645142 1.020295262336731 0.32751378417015076
1936.1817999985069 -0.91474968194961548 0.33111238479614258 1.2220147848129272 0.34516650438308716 -1.0781838893890381 0.28298673033714294 1.0065290927886963 0.31656426191329956
