40.145100000314415 -0.64131325483322144 0.50336450338363647 0.62403935194015503 0.48333334922790527 -0.74927735328674316 0.80262809991836548 0.54182225465774536 0.783366858959198
140.27419999986887 -0.63670367002487183 0.50181013345718384 0.6222875714302063 0.47851717472076416 -0.77416086196899414 0.80613547563552856 0.57388317584991455 0.77784818410873413
242.85859999991953 -0.64081019163131714 0.50481677055358887 0.61947059631347656 0.48745641112327576 -0.79087412357330322 0.80697518587112427 0.57984447479248047 0.79343312978744507
347.93919999990612 -0.63943028450012207 0.4992632269859314 0.63729441165924072 0.49482303857803345 -0.46823644638061523 0.76950961351394653 0.55834674835205078 0.80704343318939209
452.35740000009537 -0.64892715215682983 0.49369010329246521 0.61202269792556763 0.48466125130653381 -0.47514578700065613 0.76752257347106934 0.55419051647186279 0.78714746236801147
559.83200000040233 -0.64817404747009277 0.49569588899612427 0.62469333410263062 0.49197015166282654 -0.47681105136871338 0.7736891508102417 0.58548390865325928 0.78431648015975952
667.73469999991357 -0.74889689683914185 0.47127217054367065 0.57251667976379395 0.48086026310920715 -0.82488179206848145 0.76147812604904175 0.76988482475280762 0.76085537672042847
770.95490000024438 -0.85362982749938965 0.4900633692741394 0.58059567213058472 0.47849580645561218 -0.98106998205184937 0.71905010938644409 0.91711187362670898 0.70341116189956665
863.83549999911338 -0.78947287797927856 0.46911567449569702 0.64203989505767822 0.50457179546356201 -1.1498755216598511 0.67539393901824951 1.1909191608428955 0.64010435342788696
970.13340000063181 -0.84497129917144775 0.47789976000785828 0.63727396726608276 0.5026664137840271 -1.3268109560012817 0.63735145330429077 1.2215378284454346 0.61949706077575684
1074.5944999996573 -0.84295612573623657 0.47505766153335571 0.68513268232345581 0.50865435600280762 -1.2464562654495239 0.57149147987365723 1.4323176145553589 0.55110317468643188
1181.2059000004083 -0.76876688003540039 0.46487537026405334 0.70395356416702271 0.51366269588470459 -1.4179913997650146 0.52224647998809814 1.455949068069458 0.52281802892684937
1296.0970999998972 -0.89326322078704834 0.46350458264350891 0.74796867370605469 0.49713462591171265 -1.4457972049713135 0.47032526135444641 1.4832791090011597 0.51868706941604614
1412.4025000007823 -1.0439685583114624 0.5005987286567688 0.72566229104995728 0.47664421796798706 -1.2036275863647461 0.44053900241851807 1.2912642955780029 0.53823584318161011
1520.1334000006318 -0.75968945026397705 0.42774307727813721 0.5771719217300415 0.46081215143203735 -0.7631828784942627 0.42235171794891357 0.85263758897781372 0.50264072418212891
1637.0252999998629 -0.8553958535194397 0.46099570393562317 0.48860266804695129 0.45565047860145569 -0.56715738773345947 0.48672023415565491 0.72086071968078613 0.49541434645652771
1738.9722000006586 -0.85595017671585083 0.45068538188934326 0.58734196424484253 0.4581429660320282 -0.515980064868927 0.46192783117294312 0.63546431064605713 0.47342994809150696
1846.4263000003994 -0.68954658508300781 0.46261432766914368 0.67919003963470459 0.49047356843948364 -0.47084861993789673 0.44656112790107727 0.55456972122192383 0.48854094743728638
1957.4764000000432 -0.62759345769882202 0.46831953525543213 0.6402314305305481 0.49803972244262695 -0.57421332597732544 0.44467341899871826 0.56330764293670654 0.48958206176757813
