70.725599998608232 -0.74411690235137939 0.64998811483383179 0.59559834003448486 0.61879444122314453 -0.66693437099456787 0.96445924043655396 0.58854466676712036 0.93496036529541016
170.1706000007689 -0.74570292234420776 0.63762122392654419 0.61567556858062744 0.62537866830825806 -0.67067962884902954 0.95352387428283691 0.61239850521087646 0.93637245893478394
272.05360000021756 -0.7511897087097168 0.64132237434387207 0.60843706130981445 0.62934339046478271 -0.6754111647605896 0.9585273265838623 0.60181963443756104 0.93404340744018555
376.47700000181794 -0.74552077054977417 0.6468956470489502 0.58699625730514526 0.63329875469207764 -0.66562765836715698 0.96510112285614014 0.58079618215560913 0.94019907712936401
479.10510000027716 -0.72833526134490967 0.65723979473114014 0.58236891031265259 0.63220751285552979 -0.70830744504928589 0.9529273509979248 0.64588940143585205 0.94217073917388916
583.61220000125468 -0.81757009029388428 0.59942626953125 0.66944211721420288 0.61734867095947266 -0.9332008957862854 0.88640260696411133 0.92479944229125977 0.87917995452880859
682.18930000066757 -0.78350037336349487 0.57768946886062622 0.70033401250839233 0.60811412334442139 -1.1986179351806641 0.74476176500320435 1.2480181455612183 0.72516918182373047
788.06039999984205 -0.87529438734054565 0.59084945917129517 0.75382274389266968 0.58024770021438599 -1.6028726100921631 0.63649153709411621 1.5973303318023682 0.64070391654968262
894.78010000102222 -0.99531751871109009 0.59329771995544434 0.83217334747314453 0.58739781379699707 -1.6840862035751343 0.52345675230026245 1.5189954042434692 0.5281253457069397
995.00060000084341 -1.0621145963668823 0.57915633916854858 0.93641775846481323 0.5871967077255249 -1.7409137487411499 0.47404462099075317 1.590962290763855 0.48631775379180908
1099.0610999986529 -1.1095421314239502 0.57446807622909546 1.0127865076065063 0.57996273040771484 -1.8671540021896362 0.47688183188438416 1.8347328901290894 0.48667430877685547
1195.5209999997169 -1.0376436710357666 0.57607954740524292 1.0328292846679688 0.58646714687347412 -1.7841724157333374 0.50131136178970337 1.9742070436477661 0.52502936124801636
1294.5185000002384 -1.0021452903747559 0.57129794359207153 1.0000003576278687 0.58040726184844971 -1.6329914331436157 0.52703851461410522 1.9513598680496216 0.54074007272720337
1394.6015000026673 -0.92513114213943481 0.56300413608551025 0.87007766962051392 0.58706057071685791 -1.4100157022476196 0.53731429576873779 1.6491960287094116 0.57784014940261841
1493.7154999990016 -0.79198712110519409 0.54722929000854492 0.71313714981079102 0.56893450021743774 -0.90966200828552246 0.53444063663482666 1.2173569202423096 0.57892918586730957
1599.1323999986053 -0.82487553358078003 0.5793912410736084 0.55955618619918823 0.55432283878326416 -0.69687753915786743 0.58142298460006714 0.8094172477722168 0.55977606773376465
1706.121799999848 -0.77916204929351807 0.54683232307434082 0.61454439163208008 0.50927942991256714 -0.59474247694015503 0.57168471813201904 0.57607549428939819 0.60469818115234375
1804.0742000006139 -0.77544927597045898 0.55766218900680542 0.67147505283355713 0.5203368067741394 -0.51617980003356934 0.56582182645797729 0.57239526510238647 0.59021741151809692
1903.4243999999017 -0.76956111192703247 0.54620629549026489 0.65333670377731323 0.52603822946548462 -0.47512367367744446 0.55679196119308472 0.55153000354766846 0.59322017431259155
