40.133899999782443 -0.79355859756469727 0.63764452934265137 0.514839768409729 0.67831069231033325 -0.71231114864349365 1.0053977966308594 0.45817428827285767 1.0069893598556519
131.78969999961555 -0.79878228902816772 0.64028269052505493 0.51394087076187134 0.67958927154541016 -0.71977770328521729 1.0017749071121216 0.4592587947845459 0.99926644563674927
219.39029999822378 -0.77668583393096924 0.64607954025268555 0.5299561619758606 0.67779505252838135 -0.6910860538482666 1.0080616474151611 0.46013429760932922 1.0013052225112915
309.66369999945164 -0.78448396921157837 0.64248943328857422 0.5386616587638855 0.6824832558631897 -0.68574619293212891 1.0075690746307373 0.46208006143569946 1.0025619268417358
400.95299999974668 -0.76769560575485229 0.64767307043075562 0.56290072202682495 0.67936629056930542 -0.65029633045196533 1.0161958932876587 0.50585991144180298 1.0061181783676147
489.55119999870658 -0.76179724931716919 0.64557331800460815 0.54974740743637085 0.68102145195007324 -0.65817290544509888 1.0094679594039917 0.46869608759880066 1.0057621002197266
577.23619999922812 -0.77823668718338013 0.63865929841995239 0.54499870538711548 0.62119311094284058 -0.71854788064956665 0.99773520231246948 0.55909222364425659 0.9381982684135437
666.72039999999106 -0.8215404748916626 0.64073216915130615 0.57411420345306396 0.62841314077377319 -0.74267065525054932 1.0021332502365112 0.61838608980178833 0.9402310848236084
756.37419999949634 -0.85171276330947876 0.66548734903335571 0.64775127172470093 0.63839846849441528 -0.77216947078704834 1.0161558389663696 0.66577494144439697 0.97004663944244385
847.25859999842942 -0.87241095304489136 0.65020179748535156 0.63198405504226685 0.62742990255355835 -0.84156548976898193 0.96391719579696655 0.6944270133972168 0.9730495810508728
936.7837999984622 -0.86393117904663086 0.62960213422775269 0.67022043466567993 0.59484410285949707 -0.84581869840621948 0.94931262731552124 0.80194234848022461 0.93038499355316162
1035.7028999999166 -0.78976613283157349 0.55869555473327637 0.59276920557022095 0.50834399461746216 -0.80327653884887695 0.81113690137863159 0.72473049163818359 0.79381763935089111
1125.3092999979854 -0.7618558406829834 0.57932251691818237 0.58333033323287964 0.47337818145751953 -0.68459463119506836 0.74287736415863037 0.63542395830154419 0.67510539293289185
1213.4412999991328 -0.66983300447463989 0.56610143184661865 0.51704782247543335 0.56560450792312622 -0.51822412014007568 0.66937345266342163 0.53973180055618286 0.58674967288970947
1302.8799999989569 -0.70178413391113281 0.54112637042999268 0.47952362895011902 0.59418535232543945 -0.56606918573379517 0.64225023984909058 0.4840625524520874 0.58434426784515381
1392.3216000013053 -0.81475085020065308 0.65208852291107178 0.60003042221069336 0.58089745044708252 -0.82502090930938721 0.9592931866645813 0.71346402168273926 0.82537055015563965
1483.2636999990791 -0.83674240112304688 0.73404884338378906 0.66620039939880371 0.71788883209228516 -0.90398132801055908 1.1250482797622681 0.82501840591430664 1.0507160425186157
1566.6880999989808 -0.917153000831604 0.67793393135070801 0.66636067628860474 0.7206728458404541 -1.0234992504119873 1.1031420230865479 0.8782004714012146 1.0644841194152832
1654.7286999989301 -0.97088402509689331 0.49441581964492798 0.70217549800872803 0.5237274169921875 -1.2227991819381714 0.6782647967338562 0.85681486129760742 0.68670272827148438
1744.027499999851 -0.8826332688331604 0.4400230348110199 0.73378258943557739 0.55219054222106934 -1.0408563613891602 0.54724407196044922 0.73943853378295898 0.66176259517669678
1831.3836000002921 -0.89320939779281616 0.49191594123840332 0.69613385200500488 0.50100374221801758 -1.0075689554214478 0.50710052251815796 0.62124514579772949 0.5626671314239502
1918.5307999998331 -0.84155571460723877 0.51905274391174316 0.63322854042053223 0.50583863258361816 -0.92903554439544678 0.52590209245681763 0.58916777372360229 0.56625950336456299
