116.59559999965131 -0.64810854196548462 0.63341248035430908 0.69486278295516968 0.66861307621002197 -0.52997612953186035 1.0260418653488159 0.70665508508682251 1.0429762601852417
237.4808999998495 -0.62776899337768555 0.63404190540313721 0.65876865386962891 0.68018853664398193 -0.49254727363586426 1.0314230918884277 0.72601962089538574 1.0561121702194214
364.98390000034124 -0.71933507919311523 0.61119729280471802 0.66825145483016968 0.6721993088722229 -0.63166600465774536 1.0074934959411621 0.72087270021438599 1.0429708957672119
507.59439999982715 -0.75284993648529053 0.59053605794906616 0.70218509435653687 0.62381160259246826 -0.79502439498901367 0.97255569696426392 0.86705100536346436 0.9700549840927124
625.33880000002682 -0.65683954954147339 0.6030653715133667 0.6842462420463562 0.62540662288665771 -1.1380774974822998 0.82527589797973633 1.3066128492355347 0.83833098411560059
746.26659999974072 -0.63172447681427002 0.63595092296600342 0.80458146333694458 0.63911324739456177 -1.1995449066162109 0.71240270137786865 1.4021027088165283 0.71980088949203491
875.51909999921918 -0.92920100688934326 0.64709001779556274 0.89877158403396606 0.64989358186721802 -1.7440671920776367 0.68738383054733276 1.9590088129043579 0.67074710130691528
995.15670000016689 -1.1096473932266235 0.67292195558547974 0.84229856729507446 0.64016669988632202 -1.9449801445007324 0.65850430727005005 1.8005025386810303 0.67896252870559692
1130.4333999985829 -0.98143178224563599 0.69109141826629639 1.1108365058898926 0.68543654680252075 -1.5299195051193237 0.63727563619613647 1.7998838424682617 0.67564666271209717
1252.7831999994814 -0.94891613721847534 0.65197974443435669 0.93976509571075439 0.66895002126693726 -1.2997287511825562 0.60866671800613403 1.8824558258056641 0.66804051399230957
1366.4258000003174 -0.97664743661880493 0.57593226432800293 0.94685077667236328 0.61418342590332031 -1.2765504121780396 0.56073451042175293 1.5867047309875488 0.69569981098175049
1491.9310999987647 -1.0216237306594849 0.55933737754821777 0.78454875946044922 0.5486297607421875 -0.48178625106811523 0.6291273832321167 1.1034018993377686 0.70356285572052002
1625.3074999991804 -0.89738929271697998 0.53914916515350342 0.91514664888381958 0.5982816219329834 -0.42796698212623596 0.58217525482177734 0.86985534429550171 0.67755234241485596
1748.4165000002831 -0.83506923913955688 0.56220078468322754 0.87401187419891357 0.61762827634811401 -0.15796475112438202 0.63832861185073853 0.68084877729415894 0.64969056844711304
1870.8832999998704 -0.7696833610534668 0.55065774917602539 0.65468353033065796 0.55077701807022095 -0.1547943502664566 0.6249881386756897 0.65401482582092285 0.62305361032485962
