58.94310000166297 -0.69282525777816772 0.66749429702758789 0.53984701633453369 0.66133660078048706 -0.65117853879928589 0.98076009750366211 0.54144889116287231 0.98426365852355957
164.34439999982715 -0.68877291679382324 0.67196011543273926 0.54595726728439331 0.66737878322601318 -0.65351170301437378 0.98663526773452759 0.54100722074508667 0.98365050554275513
263.52299999818206 -0.69069766998291016 0.67031127214431763 0.55314671993255615 0.66822558641433716 -0.65580266714096069 0.98800671100616455 0.55743104219436646 0.98947381973266602
363.43080000020564 -0.67083972692489624 0.66791689395904541 0.55735349655151367 0.66542708873748779 -0.6273883581161499 0.98917502164840698 0.55920398235321045 0.98601549863815308
461.88539999723434 -0.68737226724624634 0.66845905780792236 0.55823749303817749 0.66363966464996338 -0.65204757452011108 0.98969197273254395 0.56559717655181885 0.98842757940292358
569.85440000146627 -0.7012181282043457 0.67404508590698242 0.54212307929992676 0.67310059070587158 -0.66271495819091797 0.99418944120407104 0.53848588466644287 0.98852056264877319
674.3847000002861 -0.70995688438415527 0.6749686598777771 0.5583491325378418 0.66318005323410034 -0.66501063108444214 0.99067777395248413 0.56952649354934692 0.98234748840332031
778.42439999803901 -0.74881690740585327 0.66457104682922363 0.56294679641723633 0.67216956615447998 -0.69722980260848999 0.9957396388053894 0.57398957014083862 0.99719423055648804
880.05169999785721 -0.73024803400039673 0.59109479188919067 0.56347006559371948 0.62382465600967407 -0.87496578693389893 0.88536173105239868 0.90687334537506104 0.91833698749542236
980.913200000301 -0.75762230157852173 0.58809232711791992 0.58245176076889038 0.62095242738723755 -1.1786782741546631 0.8156091570854187 1.1357481479644775 0.84233397245407104
1084.0151000004262 -0.82721680402755737 0.63292157649993896 0.6096310019493103 0.63034635782241821 -1.4602022171020508 0.71276974678039551 1.3637908697128296 0.75712889432907104
1186.8548000007868 -0.85417437553405762 0.67512738704681396 0.72187399864196777 0.63900226354598999 -1.5782825946807861 0.61244630813598633 1.5170093774795532 0.65827202796936035
1285.692299997434 -0.88167262077331543 0.69612234830856323 0.77879476547241211 0.66730219125747681 -1.5634196996688843 0.61670982837677002 1.5539702177047729 0.64151632785797119
1384.9250000007451 -0.92336815595626831 0.70531344413757324 0.90014219284057617 0.66671222448348999 -1.6119481325149536 0.60967040061950684 1.5995069742202759 0.60642725229263306
1486.303200000897 -0.91517508029937744 0.69920527935028076 0.89734846353530884 0.64854711294174194 -1.5761487483978271 0.61501544713973999 1.7388783693313599 0.62187439203262329
1585.9650999996811 -0.86253523826599121 0.70005565881729126 0.94097834825515747 0.68665498495101929 -1.4749269485473633 0.62636399269104004 1.7853471040725708 0.66776406764984131
1684.3075000010431 -0.84073835611343384 0.65839129686355591 0.89208143949508667 0.66481208801269531 -1.2078920602798462 0.65754622220993042 1.6748003959655762 0.6879504919052124
1789.2205999996513 -0.77640503644943237 0.63676398992538452 0.83844536542892456 0.6602398157119751 -0.99238377809524536 0.63431656360626221 1.3491811752319336 0.68171054124832153
1890.563599999994 -0.80790537595748901 0.59826350212097168 0.72500646114349365 0.63664883375167847 -0.72413754463195801 0.62536895275115967 0.97913306951522827 0.67487281560897827
1996.8494000006467 -0.82167768478393555 0.59814256429672241 0.70066648721694946 0.56364530324935913 -0.5208665132522583 0.64999097585678101 0.69533318281173706 0.66583919525146484
