39.068800000473857 -0.71131062507629395 0.61785674095153809 0.79147803783416748 0.64272391796112061 -0.59165900945663452 0.99577969312667847 0.88971972465515137 1.0275003910064697
159.79540000017732 -0.67116290330886841 0.60741692781448364 0.799457848072052 0.63524478673934937 -0.55852359533309937 0.98610645532608032 0.90232521295547485 1.0235646963119507
284.8332000002265 -0.68161243200302124 0.60748565196990967 0.79446107149124146 0.64412909746170044 -0.60072261095046997 0.97540706396102905 0.89720034599304199 1.0367339849472046
402.86760000139475 -0.78946793079376221 0.57300752401351929 0.75716608762741089 0.61642611026763916 -0.80464571714401245 0.95560765266418457 0.915802001953125 1.0160362720489502
521.73440000042319 -0.79153382778167725 0.59136158227920532 0.75578522682189941 0.6208183765411377 -0.82065743207931519 0.98484915494918823 0.88749080896377563 0.99399149417877197
651.14240000024438 -0.81694817543029785 0.58715593814849854 0.67118602991104126 0.58120620250701904 -0.85450977087020874 0.96154779195785522 0.78018027544021606 0.90270358324050903
770.13710000086576 -0.66897010803222656 0.53456765413284302 0.68186062574386597 0.50428974628448486 -0.6276174783706665 0.76339340209960938 0.78324627876281738 0.77520042657852173
884.26640000008047 -0.8897702693939209 0.54262858629226685 0.50130414962768555 0.45339888334274292 -0.73970997333526611 0.76421147584915161 0.66151291131973267 0.62095791101455688
997.87509999983013 -0.82730966806411743 0.6071476936340332 0.50812268257141113 0.48648595809936523 -0.76967471837997437 0.87283074855804443 0.69349837303161621 0.70245635509490967
1120.8683000002056 -0.98864644765853882 0.65332973003387451 0.56732219457626343 0.62331622838973999 -0.7973441481590271 0.98896193504333496 0.78909212350845337 0.92300736904144287
1236.9041000008583 -1.0623668432235718 0.67492473125457764 0.7966454029083252 0.71196609735488892 -0.88675075769424438 1.0482741594314575 1.1580240726470947 1.1144005060195923
1357.9696000004187 -1.0655781030654907 0.60510373115539551 0.92476546764373779 0.64060193300247192 -1.1483968496322632 0.95971775054931641 1.386817455291748 1.0040022134780884
1487.3383000008762 -1.3132601976394653 0.4994170069694519 0.80877554416656494 0.46461567282676697 -1.0090221166610718 0.38350409269332886 1.0564250946044922 0.45940878987312317
1604.6146999998018 -0.82560831308364868 0.39533087611198425 0.58176326751708984 0.45334532856941223 -0.98859888315200806 0.38943403959274292 0.64536058902740479 0.37222513556480408
1709.7346999999136 -0.85484069585800171 0.4125610888004303 0.62699341773986816 0.45956870913505554 -0.94844502210617065 0.39377725124359131 0.68849319219589233 0.37652024626731873
1837.6991000007838 -0.83749890327453613 0.41218370199203491 0.90346598625183105 0.46573635935783386 -0.93742191791534424 0.39016124606132507 0.73973321914672852 0.38256147503852844
1954.1513999998569 -0.92298245429992676 0.4546358585357666 0.81639128923416138 0.44840013980865479 -0.90433531999588013 0.4095606803894043 0.73920798301696777 0.38874191045761108
