92.72440000064671 -0.69093787670135498 0.65298968553543091 0.55043148994445801 0.64728236198425293 -0.64738088846206665 0.97797417640686035 0.55641531944274902 0.97429507970809937
196.75989999808371 -0.70009005069732666 0.65492266416549683 0.54946804046630859 0.64718055725097656 -0.65689355134963989 0.9746355414390564 0.57012349367141724 0.97240173816680908
297.69779999926686 -0.73672151565551758 0.63500839471817017 0.58033806085586548 0.63333553075790405 -0.84738785028457642 0.97458350658416748 0.64619934558868408 0.95323282480239868
403.64379999786615 -0.76395022869110107 0.61604386568069458 0.58279550075531006 0.62682253122329712 -1.0068662166595459 0.92522215843200684 0.87325245141983032 0.89885294437408447
502.92530000023538 -0.81821894645690918 0.59767872095108032 0.71028769016265869 0.61139976978302002 -1.4209667444229126 0.76101410388946533 1.1949001550674438 0.80384558439254761
599.18199999816716 -0.88925397396087646 0.60617071390151978 0.73893821239471436 0.62174868583679199 -1.5586637258529663 0.68794482946395874 1.3456403017044067 0.7537880539894104
703.18649999797344 -0.93285888433456421 0.60420018434524536 0.80410087108612061 0.62042391300201416 -1.6469272375106812 0.6350712776184082 1.6352912187576294 0.69113749265670776
805.16859999857843 -1.0062705278396606 0.60783958435058594 0.91358959674835205 0.61628693342208862 -1.7614036798477173 0.56888741254806519 1.7707315683364868 0.64973568916320801
900.48359999991953 -0.95276510715484619 0.60717928409576416 0.92543357610702515 0.60930424928665161 -1.6660951375961304 0.56369000673294067 1.8179718255996704 0.63925743103027344
998.96150000020862 -0.97914350032806396 0.60022968053817749 0.93725275993347168 0.60474890470504761 -1.6700677871704102 0.56361502408981323 1.8142529726028442 0.63444840908050537
1102.1542999986559 -0.85069447755813599 0.55269074440002441 0.83928889036178589 0.58715170621871948 -1.1679363250732422 0.5251699686050415 1.4711039066314697 0.58086740970611572
1200.0212999973446 -0.71969443559646606 0.55016756057739258 0.80768388509750366 0.57988697290420532 -1.0533117055892944 0.52776318788528442 1.2749663591384888 0.59682190418243408
1299.9705999977887 -0.75418710708618164 0.63704609870910645 0.65142029523849487 0.57304060459136963 -0.6688765287399292 0.59416407346725464 0.89156121015548706 0.56976032257080078
1401.4684999994934 -0.72904354333877563 0.63019567728042603 0.70344328880310059 0.58454620838165283 -0.65154236555099487 0.56447726488113403 0.63322079181671143 0.60905325412750244
1498.8603999968618 -0.65163296461105347 0.60313671827316284 0.64088302850723267 0.60958868265151978 -0.25078076124191284 0.60233312845230103 0.57737088203430176 0.59814876317977905
1591.7213999982923 -0.66221725940704346 0.59734624624252319 0.63709145784378052 0.59355026483535767 -0.33964812755584717 0.6012682318687439 0.49526229500770569 0.58304858207702637
1687.6928999982774 -0.69127506017684937 0.59535115957260132 0.64479392766952515 0.59583872556686401 -0.28681343793869019 0.61356514692306519 0.51487410068511963 0.59546959400177002
1786.610799998045 -0.68587476015090942 0.58521658182144165 0.64138799905776978 0.61285984516143799 -0.27488985657691956 0.62053048610687256 0.39040654897689819 0.59876590967178345
1885.3528999984264 -0.6748889684677124 0.5985335111618042 0.66888076066970825 0.60070812702178955 -0.29760119318962097 0.65909838676452637 0.5017625093460083 0.64054453372955322
1986.413699997589 -0.72100532054901123 0.62105309963226318 0.76777219772338867 0.61843687295913696 -0.35136580467224121 0.61222422122955322 0.61926555633544922 0.62769490480422974
