103.86149999964982 -0.56055670976638794 0.49935781955718994 0.69253307580947876 0.49046823382377625 -0.69306933879852295 0.81429201364517212 0.61027419567108154 0.79700767993927002
203.97740000020713 -0.55872851610183716 0.49937525391578674 0.69917196035385132 0.48485228419303894 -0.52349931001663208 0.76657122373580933 0.62395286560058594 0.78197377920150757
303.65170000027865 -0.56651896238327026 0.49183827638626099 0.70788896083831787 0.49419116973876953 -0.52700233459472656 0.76856487989425659 0.63098442554473877 0.7936168909072876
402.50900000054389 -0.67935580015182495 0.48349261283874512 0.58880549669265747 0.47364810109138489 -0.61722695827484131 0.77993255853652954 0.56725037097930908 0.78004831075668335
509.35400000028312 -0.67505401372909546 0.46976333856582642 0.60323637723922729 0.46606889367103577 -0.61681550741195679 0.75881499052047729 0.62021553516387939 0.77921676635742188
614.94640000071377 -0.72005867958068848 0.48044306039810181 0.58714437484741211 0.46412882208824158 -0.69476479291915894 0.78003740310668945 0.68545126914978027 0.77240794897079468
716.37759999930859 -0.75703561305999756 0.46119710803031921 0.61628997325897217 0.47845110297203064 -0.76419758796691895 0.74570161104202271 0.74974602460861206 0.77643221616744995
822.4964000005275 -0.7031329870223999 0.45113170146942139 0.49802574515342712 0.4560781717300415 -0.73462438583374023 0.71556246280670166 0.61628812551498413 0.69542872905731201
937.27200000081211 -0.74804848432540894 0.43068093061447144 0.44988709688186646 0.45055371522903442 -0.79622632265090942 0.68616950511932373 0.54479038715362549 0.66961580514907837
1037.2232999997213 -0.73049557209014893 0.44575744867324829 0.505756676197052 0.45909169316291809 -0.75858277082443237 0.71624696254730225 0.60650646686553955 0.68515282869338989
1143.4437999995425 -0.76953184604644775 0.46794185042381287 0.53927159309387207 0.47327551245689392 -0.77998709678649902 0.73915499448776245 0.66835147142410278 0.73355746269226074
1240.6080999998376 -0.76823359727859497 0.51932936906814575 0.91046279668807983 0.52891325950622559 -0.8378070592880249 0.83765119314193726 1.2224653959274292 0.8330075740814209
1342.9068999998271 -0.73751014471054077 0.471763014793396 0.87589132785797119 0.46613785624504089 -0.92871785163879395 0.74557334184646606 0.95488214492797852 0.69468182325363159
1448.9266000008211 -0.82630980014801025 0.39505723118782043 0.62116116285324097 0.36387240886688232 -0.77753931283950806 0.27296233177185059 0.89768379926681519 0.37408402562141418
1555.3635999998078 -0.83591544628143311 0.31222784519195557 0.65547412633895874 0.39144438505172729 -0.7901684045791626 0.28820896148681641 0.74449694156646729 0.30821323394775391
1660.7513999994844 -0.81333327293395996 0.3137030303478241 0.68613153696060181 0.40868368744850159 -0.93127566576004028 0.27318492531776428 0.77990823984146118 0.31369626522064209
1767.8055000007153 -0.82848250865936279 0.30303764343261719 0.70492464303970337 0.39563098549842834 -0.96693342924118042 0.2559167742729187 0.81923794746398926 0.3098461925983429
1876.0405999999493 -0.83503055572509766 0.30492910742759705 0.71198314428329468 0.39282315969467163 -0.89668905735015869 0.27180185914039612 0.8402826189994812 0.30759888887405396
1986.6121000004932 -0.73767310380935669 0.32932904362678528 0.74972307682037354 0.39972737431526184 -0.85274034738540649 0.27496117353439331 0.85964030027389526 0.31135794520378113
