3.4443999994546175 -0.53784859180450439 0.49103498458862305 0.69940155744552612 0.4260965883731842 -0.95436626672744751 0.77588677406311035 0.9749380350112915 0.66995501518249512
116.35639999993145 -0.51007646322250366 0.48792293667793274 0.71787214279174805 0.43840965628623962 -0.93621307611465454 0.77189737558364868 0.7989688515663147 0.60815143585205078
225.71149999927729 -0.56930315494537354 0.4839843213558197 0.69898736476898193 0.4297730028629303 -0.92407900094985962 0.75689935684204102 0.98757606744766235 0.66329854726791382
337.0550999995321 -0.55238437652587891 0.48078969120979309 0.68571382761001587 0.42456436157226563 -0.93236768245697021 0.76631802320480347 1.0077736377716064 0.65008020401000977
448.99260000046343 -0.54711019992828369 0.47762319445610046 0.70124787092208862 0.42119589447975159 -0.95911586284637451 0.76726305484771729 0.80923169851303101 0.5890204906463623
557.75769999902695 -0.55009442567825317 0.4616369903087616 0.65977686643600464 0.43127605319023132 -0.43146714568138123 0.7197425365447998 0.78945791721343994 0.64411288499832153
679.24149999953806 -0.80019462108612061 0.44678241014480591 0.50640600919723511 0.40858149528503418 -0.80957895517349243 0.70492839813232422 0.81279832124710083 0.5922694206237793
792.13109999988228 -0.79116678237915039 0.37435775995254517 0.51650744676589966 0.43106135725975037 -1.2111707925796509 0.50873261690139771 1.11944580078125 0.49500143527984619
904.06340000033379 -0.813529372215271 0.38710787892341614 0.62673002481460571 0.40192955732345581 -0.82600581645965576 0.43176212906837463 0.91812920570373535 0.41598355770111084
1016.754800000228 -0.88307833671569824 0.38431039452552795 0.94464755058288574 0.40289658308029175 -0.98648393154144287 0.38082426786422729 1.4419956207275391 0.37949144840240479
1123.9550000000745 -1.2813918590545654 0.3656693696975708 0.79641956090927124 0.39220064878463745 -1.6534359455108643 0.36023038625717163 0.96152245998382568 0.39965617656707764
1231.7445000000298 -1.305743932723999 0.37255975604057312 0.76843082904815674 0.40087845921516418 -1.7875694036483765 0.36819970607757568 0.96820634603500366 0.39215251803398132
1343.7930999994278 -1.3970071077346802 0.36802920699119568 0.89195060729980469 0.41161578893661499 -1.9146965742111206 0.37296798825263977 1.4620771408081055 0.41529130935668945
1444.8148999996483 -1.2567242383956909 0.36535894870758057 0.85871773958206177 0.41673818230628967 -1.6542736291885376 0.37422940135002136 1.387630820274353 0.39942991733551025
1551.8687000004575 -1.1054800748825073 0.37140807509422302 1.0570025444030762 0.42623910307884216 -1.0547701120376587 0.3190176784992218 1.4223448038101196 0.40895289182662964
1661.4901000000536 -1.0994210243225098 0.37978672981262207 0.65594464540481567 0.43416696786880493 -0.86799955368041992 0.32774814963340759 1.0041466951370239 0.40684664249420166
1776.0391000006348 -0.91366934776306152 0.41070771217346191 0.67962127923965454 0.45350801944732666 -0.7671130895614624 0.41592824459075928 0.72956067323684692 0.4029216468334198
1879.2934999996796 -0.73063719272613525 0.37575602531433105 0.60351890325546265 0.44893202185630798 -0.47524482011795044 0.44717550277709961 0.52605152130126953 0.47632351517677307
1986.2817000001669 -0.75429052114486694 0.37848299741744995 0.75776642560958862 0.42281797528266907 -0.49361872673034668 0.47810858488082886 0.64319843053817749 0.47190955281257629
