61.518799999728799 -0.78404265642166138 0.62279921770095825 0.68364006280899048 0.6737859845161438 -0.87767398357391357 1.0213819742202759 0.84071248769760132 1.0107376575469971
233.43549999967217 -0.77640467882156372 0.63463127613067627 0.66780382394790649 0.68477046489715576 -0.91083312034606934 1.012953519821167 0.77749615907669067 1.0373702049255371
420.21509999874979 -0.90043950080871582 0.6630585789680481 0.68011796474456787 0.67630213499069214 -0.97556430101394653 1.0422714948654175 0.79724645614624023 1.0333175659179688
612.55589999910444 -0.76296162605285645 0.63371831178665161 0.64717155694961548 0.63200604915618896 -0.87798655033111572 0.99673962593078613 0.87841665744781494 0.97731566429138184
805.00499999895692 -0.79636132717132568 0.61791861057281494 0.69788599014282227 0.55048811435699463 -0.72280013561248779 0.94245487451553345 0.90913355350494385 0.83905941247940063
998.03739999979734 -0.8041456937789917 0.65989029407501221 0.66236591339111328 0.54259997606277466 -0.73867905139923096 1.0017572641372681 0.8927798867225647 0.78382194042205811
1180.9298000000417 -0.71188908815383911 0.74214392900466919 0.65796166658401489 0.79923158884048462 -0.72478419542312622 1.1309272050857544 0.91747987270355225 1.2544469833374023
1364.5031000003219 -0.79979175329208374 0.62556570768356323 0.75848615169525146 0.62137091159820557 -1.1576801538467407 1.0284030437469482 1.0805729627609253 0.9391600489616394
1540.9075999995694 -1.2838103771209717 0.49409812688827515 0.74569088220596313 0.51692110300064087 -1.4834409952163696 0.39242169260978699 0.6378898024559021 0.36266776919364929
1685.0483999997377 -1.1690578460693359 0.4599776566028595 0.9004209041595459 0.50973427295684814 -1.2721319198608398 0.40255504846572876 0.97899883985519409 0.43216985464096069
1808.5389000000432 -1.0966157913208008 0.46543937921524048 0.79706203937530518 0.55455112457275391 -1.2759124040603638 0.38406819105148315 0.85646134614944458 0.43340668082237244
1920.8467999994755 -1.043992280960083 0.47289028763771057 0.78311246633529663 0.57326579093933105 -1.1722960472106934 0.42402130365371704 0.86252951622009277 0.44428578019142151
