57.600599999539554 -0.56045502424240112 0.49324509501457214 0.7136838436126709 0.46774068474769592 -0.71524220705032349 0.79985541105270386 0.69813013076782227 0.75263023376464844
163.50810000021011 -0.58528876304626465 0.48609974980354309 0.72463643550872803 0.47546777129173279 -0.53472626209259033 0.75652110576629639 0.6965259313583374 0.76676762104034424
270.73029999993742 -0.54879051446914673 0.49515581130981445 0.71239984035491943 0.46866521239280701 -0.497457355260849 0.76779025793075562 0.69452691078186035 0.75421154499053955
387.1363000003621 -0.56554305553436279 0.48899787664413452 0.71685117483139038 0.48085102438926697 -0.5126994252204895 0.76169055700302124 0.68382555246353149 0.77401906251907349
490.20420000050217 -0.57205206155776978 0.48908451199531555 0.70110881328582764 0.48041003942489624 -0.50335794687271118 0.76487445831298828 0.6510968804359436 0.77538019418716431
595.76600000075996 -0.56511992216110229 0.48232349753379822 0.68817132711410522 0.46660992503166199 -0.47985914349555969 0.77123898267745972 0.71392321586608887 0.76066076755523682
690.18800000008196 -0.6042407751083374 0.47382169961929321 0.683768630027771 0.4668736457824707 -0.58830052614212036 0.76150733232498169 0.73199087381362915 0.76575219631195068
805.46150000020862 -0.60283756256103516 0.45738837122917175 0.71823841333389282 0.47134649753570557 -0.62524759769439697 0.7449418306350708 0.81716054677963257 0.7588350772857666
910.34129999950528 -0.59656244516372681 0.46048033237457275 0.72934865951538086 0.46068301796913147 -0.61878567934036255 0.73563659191131592 0.83715492486953735 0.7336847186088562
1009.7346000000834 -0.67221254110336304 0.43157356977462769 0.54212677478790283 0.45451077818870544 -0.69366002082824707 0.68861967325210571 0.67804372310638428 0.68684786558151245
1121.5400999998674 -0.71677029132843018 0.44311743974685669 0.5390440821647644 0.46066051721572876 -0.76389902830123901 0.70944488048553467 0.68537724018096924 0.70082134008407593
1229.1532000005245 -0.69882172346115112 0.5130840539932251 0.75580018758773804 0.53298187255859375 -0.78724777698516846 0.80103570222854614 0.92962145805358887 0.85022777318954468
1332.288700000383 -0.83760589361190796 0.51602303981781006 0.80607247352600098 0.53269380331039429 -0.86389380693435669 0.79780328273773193 1.0571271181106567 0.86197906732559204
1438.852300000377 -0.78571957349777222 0.37086501717567444 0.66402661800384521 0.34227189421653748 -1.0473161935806274 0.50184130668640137 0.99601411819458008 0.49428066611289978
1540.7201000005007 -0.97630453109741211 0.3357178270816803 0.63212329149246216 0.35951238870620728 -0.93189829587936401 0.32123127579689026 0.78394538164138794 0.27229133248329163
1647.8269999995828 -0.96171444654464722 0.30765795707702637 0.69699549674987793 0.29883512854576111 -1.0179476737976074 0.24970810115337372 0.84476613998413086 0.22498200833797455
1759.7602000003681 -0.94428122043609619 0.30338877439498901 0.75650221109390259 0.30080577731132507 -1.0359196662902832 0.24003663659095764 0.8583681583404541 0.2207569032907486
1862.6828000005335 -0.91186726093292236 0.29602593183517456 0.70115566253662109 0.27822205424308777 -1.0095298290252686 0.23791350424289703 0.81252992153167725 0.2314923107624054
1969.8712999997661 -0.9614337682723999 0.29893326759338379 0.79082179069519043 0.26942378282546997 -1.0575103759765625 0.23553033173084259 0.90374898910522461 0.2340511828660965
