35.142099999822676 -0.58454054594039917 0.48006412386894226 0.68912613391876221 0.46071159839630127 -0.7785295844078064 0.79430896043777466 0.712482750415802 0.7575838565826416
139.26300000026822 -0.60184574127197266 0.48603075742721558 0.67593270540237427 0.45938432216644287 -0.59316527843475342 0.75437361001968384 0.71237796545028687 0.74872678518295288
244.72070000041276 -0.64031815528869629 0.49031591415405273 0.70467102527618408 0.4657476544380188 -0.597614586353302 0.76185327768325806 0.74896073341369629 0.75686615705490112
347.26820000074804 -0.60601329803466797 0.49091991782188416 0.70251590013504028 0.46798044443130493 -0.57685273885726929 0.76220411062240601 0.75888389348983765 0.76050651073455811
449.80719999969006 -0.61078923940658569 0.48156547546386719 0.69668591022491455 0.46776771545410156 -0.5756223201751709 0.75992041826248169 0.75030893087387085 0.75787776708602905
555.03589999955148 -0.60086220502853394 0.45682710409164429 0.69064038991928101 0.46532067656517029 -0.59571874141693115 0.76329606771469116 0.76165264844894409 0.75086694955825806
651.86660000123084 -0.61718124151229858 0.45869427919387817 0.73386895656585693 0.47603702545166016 -0.65854406356811523 0.73900747299194336 0.84378081560134888 0.76604241132736206
752.95510000083596 -0.63646930456161499 0.45476877689361572 0.71054720878601074 0.46578812599182129 -0.66982239484786987 0.73386335372924805 0.80367177724838257 0.75059986114501953
869.65220000036061 -0.72738903760910034 0.44020268321037292 0.58100956678390503 0.44997376203536987 -0.76020967960357666 0.71041256189346313 0.72350049018859863 0.70661741495132446
975.02280000131577 -0.71617764234542847 0.47389233112335205 0.63151979446411133 0.49495789408683777 -0.7896454930305481 0.73688328266143799 0.81806892156600952 0.78842699527740479
1078.8963000001386 -0.75830334424972534 0.53036230802536011 0.78121352195739746 0.53568381071090698 -0.95281463861465454 0.8527645468711853 1.1142014265060425 0.85545891523361206
1192.7964000003412 -0.78184366226196289 0.47362995147705078 0.69066494703292847 0.4634971022605896 -0.80753642320632935 0.74128168821334839 0.88382863998413086 0.6878928542137146
1299.7485000006855 -0.93708497285842896 0.38936161994934082 0.7728310227394104 0.29471015930175781 -0.80629831552505493 0.29163849353790283 0.96720665693283081 0.31042233109474182
1405.2878000009805 -0.8454621434211731 0.27640360593795776 0.65552628040313721 0.29197049140930176 -0.92871475219726563 0.20727640390396118 0.91082793474197388 0.10272800922393799
1505.2479000007734 -0.93874245882034302 0.28133824467658997 0.80665940046310425 0.26611331105232239 -1.1543326377868652 0.18449017405509949 0.73661905527114868 0.083571352064609528
1614.6461000004783 -0.8971976637840271 0.27682703733444214 0.78631705045700073 0.26932001113891602 -1.1154861450195313 0.19805061817169189 0.76378333568572998 0.082434333860874176
1727.2865000003949 -0.92409783601760864 0.28272730112075806 0.84998857975006104 0.29819399118423462 -1.1086541414260864 0.20778729021549225 0.83615422248840332 0.10821952670812607
1828.3735000006855 -0.86124980449676514 0.29064872860908508 0.82322263717651367 0.29079416394233704 -1.0370067358016968 0.21203035116195679 0.83495926856994629 0.15705502033233643
1940.9747000001371 -0.86244750022888184 0.29350370168685913 0.80756509304046631 0.2813962996006012 -1.0281753540039063 0.21659024059772491 0.79650217294692993 0.16290497779846191
