67.064899999648333 -0.74099260568618774 0.6237679123878479 0.73561376333236694 0.66299402713775635 -0.77077114582061768 1.024565577507019 0.77008718252182007 1.0393866300582886
191.73760000057518 -0.75177335739135742 0.62093961238861084 0.73133164644241333 0.66181349754333496 -0.78162825107574463 1.0184264183044434 0.74177348613739014 1.0392117500305176
312.3390999995172 -0.62422895431518555 0.62230491638183594 0.85878127813339233 0.65270763635635376 -0.63789075613021851 1.0247451066970825 0.92103511095046997 1.0282223224639893
445.98130000103265 -0.54507625102996826 0.61000818014144897 0.73765802383422852 0.65319395065307617 -0.62509506940841675 1.0098896026611328 0.80659371614456177 1.025263786315918
573.40929999947548 -0.55632674694061279 0.59345132112503052 0.65705609321594238 0.63634538650512695 -0.98715478181838989 0.93859285116195679 0.92933195829391479 0.90730911493301392
701.34899999946356 -0.59463107585906982 0.664958655834198 0.75668734312057495 0.63907688856124878 -1.1672406196594238 0.7854076623916626 1.4506876468658447 0.78369784355163574
835.1081999996677 -0.67802000045776367 0.65971910953521729 0.85353869199752808 0.61139249801635742 -1.3890367746353149 0.75688093900680542 1.6212918758392334 0.68407332897186279
956.74149999953806 -0.7553057074546814 0.64515328407287598 0.72710913419723511 0.61823707818984985 -1.4382314682006836 0.6469426155090332 1.7338541746139526 0.6284453272819519
1082.0706000002101 -0.8152000904083252 0.66645312309265137 0.7410927414894104 0.61603695154190063 -1.4434385299682617 0.63373023271560669 1.5164308547973633 0.65203237533569336
1211.8572999993339 -0.81715404987335205 0.65925949811935425 0.90620732307434082 0.64161235094070435 -1.3942151069641113 0.6248096227645874 1.8096323013305664 0.65462571382522583
1341.835199999623 -0.80178260803222656 0.65576553344726563 0.78575867414474487 0.61373263597488403 -1.3289088010787964 0.56905901432037354 1.7419660091400146 0.66740763187408447
1462.6911000004038 -0.84645307064056396 0.54898130893707275 0.86209475994110107 0.60485804080963135 -0.82909387350082397 0.55286002159118652 1.3043099641799927 0.66411787271499634
1576.9401999991387 -0.90709030628204346 0.54883134365081787 0.91171222925186157 0.53991955518722534 -0.5913206934928894 0.56926232576370239 0.92621558904647827 0.61335831880569458
1706.009600000456 -0.88110518455505371 0.56663841009140015 0.78975266218185425 0.49788248538970947 -0.43099790811538696 0.54916238784790039 0.80220574140548706 0.60564184188842773
1831.8223000001162 -0.75772607326507568 0.58012646436691284 0.53342479467391968 0.60328549146652222 -0.36861813068389893 0.60082322359085083 0.56665956974029541 0.63078016042709351
1962.6417000005022 -0.68339860439300537 0.56536471843719482 0.5136762261390686 0.58138012886047363 -0.23230607807636261 0.60267937183380127 0.61013901233673096 0.61130404472351074
