10.19340000115335 -0.74112004041671753 0.67852103710174561 0.62688088417053223 0.69239819049835205 -0.72286868095397949 1.0762315988540649 0.61463695764541626 1.0653904676437378
109.3785999994725 -0.72318792343139648 0.68010371923446655 0.63636726140975952 0.70365029573440552 -0.70586538314819336 1.0728194713592529 0.62050485610961914 1.0693657398223877
208.00499999895692 -0.71908265352249146 0.68306928873062134 0.62670254707336426 0.7014617919921875 -0.69770300388336182 1.0655523538589478 0.61800992488861084 1.06528639793396
312.18579999916255 -0.71217626333236694 0.68078607320785522 0.6278916597366333 0.6957169771194458 -0.68296819925308228 1.0692843198776245 0.61434030532836914 1.0633934736251831
409.10329999960959 -0.73857402801513672 0.67867249250411987 0.64476728439331055 0.69079619646072388 -0.69920998811721802 1.066131591796875 0.61692386865615845 1.0495240688323975
511.20390000008041 -0.75404804944992065 0.67201483249664307 0.65174233913421631 0.68402194976806641 -0.73259812593460083 1.0563355684280396 0.61809670925140381 1.0449448823928833
619.87609999999404 -0.74631446599960327 0.64306801557540894 0.67204487323760986 0.63614243268966675 -0.77041292190551758 0.99807196855545044 0.64031493663787842 1.0171253681182861
719.29070000164211 -0.7771075963973999 0.5990636944770813 0.6878473162651062 0.59685909748077393 -0.78308367729187012 0.93070942163467407 0.70261716842651367 0.93717825412750244
823.96020000241697 -0.80039757490158081 0.5637022852897644 0.56285035610198975 0.52470332384109497 -0.72740644216537476 0.78877562284469604 0.68236440420150757 0.76338863372802734
928.26659999974072 -0.70296889543533325 0.55819016695022583 0.51679319143295288 0.52188414335250854 -0.69149816036224365 0.64225238561630249 0.63546985387802124 0.72579687833786011
1027.8541000001132 -0.67259407043457031 0.60831266641616821 0.50708973407745361 0.60906606912612915 -0.63319820165634155 0.68630081415176392 0.57180416584014893 0.70949095487594604
1125.0666999984533 -0.71082675457000732 0.59918081760406494 0.56013393402099609 0.64005154371261597 -0.65633195638656616 0.81836754083633423 0.5452457070350647 0.74987256526947021
1226.610300000757 -0.75610524415969849 0.6360962986946106 0.57330960035324097 0.6233290433883667 -0.80124950408935547 0.98424041271209717 0.67889004945755005 0.92523163557052612
1325.9212999995798 -0.85671031475067139 0.71801543235778809 0.78531414270401001 0.73016989231109619 -1.106701135635376 1.1288565397262573 1.0406167507171631 1.1346937417984009
1426.4875000007451 -0.84945303201675415 0.64978009462356567 0.7881283164024353 0.68244266510009766 -1.0381984710693359 0.95400023460388184 1.2011798620223999 1.1647943258285522
1528.188599999994 -1.005659818649292 0.70230698585510254 0.9761883020401001 0.57909888029098511 -0.90148591995239258 0.60163009166717529 1.2848888635635376 0.69413948059082031
1629.7365999985486 -0.88902366161346436 0.47156354784965515 1.0776792764663696 0.48321303725242615 -0.86155647039413452 0.33873471617698669 1.3247601985931396 0.38984125852584839
1729.4885999988765 -0.94994944334030151 0.43329370021820068 0.90842831134796143 0.43057090044021606 -0.96487689018249512 0.42689186334609985 1.2224910259246826 0.38282686471939087
1831.0739999972284 -0.95286738872528076 0.43493202328681946 0.95435380935668945 0.43297010660171509 -0.98728340864181519 0.42490008473396301 1.264811635017395 0.38253608345985413
1930.593999998644 -0.98862862586975098 0.48006570339202881 0.93175691366195679 0.43481889367103577 -1.0040382146835327 0.45791745185852051 1.1962487697601318 0.39632043242454529
