55.207800000905991 -0.87627524137496948 0.90711557865142822 0.5816839337348938 0.90935653448104858 -0.75773531198501587 1.3315795660018921 0.80029696226119995 1.3194447755813599
141.14710000529885 -0.89145046472549438 0.95138341188430786 0.57935804128646851 0.94873642921447754 -0.74050319194793701 1.3836504220962524 0.82418763637542725 1.3756368160247803
226.55260000750422 -0.89446157217025757 0.94552195072174072 0.57818782329559326 0.99425816535949707 -0.72549307346343994 1.3987301588058472 0.83836716413497925 1.3880866765975952
309.0109000056982 -0.87589019536972046 0.90698069334030151 0.5363776683807373 0.91996145248413086 -0.72815924882888794 1.3326045274734497 0.7627418041229248 1.3188825845718384
392.40340000391006 -0.8319852352142334 0.91444993019104004 0.53569126129150391 0.8707878589630127 -0.69141644239425659 1.3548884391784668 0.75841683149337769 1.3048378229141235
484.79390000551939 -0.81029355525970459 0.83659332990646362 0.54478108882904053 0.86557459831237793 -0.7266116738319397 1.3247870206832886 0.76473766565322876 1.297034740447998
567.221700001508 -0.81702786684036255 0.84340274333953857 0.53938645124435425 0.87283968925476074 -0.73679524660110474 1.3239332437515259 0.81065672636032104 1.3050445318222046
650.35060000419617 -0.81457978487014771 0.86739224195480347 0.47683542966842651 0.86912018060684204 -0.89530718326568604 1.3438435792922974 0.82651567459106445 1.3039743900299072
731.61220000311732 -0.8257402777671814 0.88180363178253174 0.49112999439239502 0.89054501056671143 -0.79169541597366333 1.3572901487350464 0.85343992710113525 1.3125542402267456
814.88190000504255 -0.65672320127487183 0.92945998907089233 0.57434362173080444 0.94879806041717529 -0.83313393592834473 1.4231826066970825 0.90365904569625854 1.3488098382949829
900.16640000417829 -0.77169919013977051 0.90308684110641479 0.69323629140853882 0.91270393133163452 -1.0490362644195557 1.363308310508728 1.0649455785751343 1.4021686315536499
983.91770000383258 -0.81911510229110718 0.87750643491744995 0.74945145845413208 0.89388501644134521 -0.95645922422409058 1.3664035797119141 1.3760972023010254 1.3849908113479614
1069.8953000083566 -0.97515612840652466 0.78888392448425293 0.9012066125869751 0.73331242799758911 -1.1857787370681763 0.8960268497467041 1.3277864456176758 0.86597716808319092
1153.2401000037789 -1.3356651067733765 0.67032331228256226 1.0710642337799072 0.65842020511627197 -1.1542398929595947 0.46734511852264404 1.2219871282577515 0.58992302417755127
1239.6450000032783 -1.1121726036071777 0.631752610206604 1.2167482376098633 0.59475737810134888 -1.4651609659194946 0.50802737474441528 1.3355563879013062 0.56392073631286621
1323.5243000052869 -1.0383265018463135 0.62584692239761353 1.1628739833831787 0.60119074583053589 -1.5551902055740356 0.57808297872543335 1.26374351978302 0.56773871183395386
1409.1039000041783 -1.0842792987823486 0.64395684003829956 1.1926416158676147 0.57911908626556396 -1.0782091617584229 0.61447423696517944 1.3119778633117676 0.58576244115829468
1490.9397000037134 -1.0345093011856079 0.64815360307693481 1.2033243179321289 0.59450191259384155 -1.5299783945083618 0.67519479990005493 1.4800205230712891 0.60461920499801636
1575.3684000037611 -1.0840197801589966 0.65356320142745972 1.1878505945205688 0.59460121393203735 -1.0871254205703735 0.61359161138534546 1.4672356843948364 0.60756468772888184
1660.1658000014722 -1.1077994108200073 0.63122302293777466 1.1830397844314575 0.58569556474685669 -1.1173557043075562 0.59824162721633911 1.4876042604446411 0.59839409589767456
1741.6628000028431 -1.1368954181671143 0.61545693874359131 1.1286090612411499 0.57089328765869141 -1.6606209278106689 0.62674480676651001 1.4312902688980103 0.60016357898712158
1827.159000005573 -1.11885666847229 0.62316501140594482 1.0724931955337524 0.58692342042922974 -1.5775913000106812 0.62251269817352295 1.3183732032775879 0.58523929119110107
1909.5761000029743 -1.1745189428329468 0.62971663475036621 1.2049537897109985 0.58723163604736328 -1.6488924026489258 0.65134280920028687 1.5539265871047974 0.61062240600585938
1991.514699999243 -1.1446104049682617 0.61953341960906982 1.1400848627090454 0.58203792572021484 -1.041816234588623 0.61736214160919189 1.4124479293823242 0.59905821084976196
