112.00159999914467 -0.66256445646286011 0.62803477048873901 0.62329375743865967 0.66829103231430054 -0.65740352869033813 1.0247408151626587 0.68811774253845215 1.0375034809112549
239.09659999981523 -0.65602737665176392 0.61748570203781128 0.74788820743560791 0.68495368957519531 -0.64123111963272095 1.0174651145935059 0.89354538917541504 1.0306968688964844
373.24330000020564 -0.78120476007461548 0.63050508499145508 0.61804717779159546 0.69421523809432983 -0.77088707685470581 1.0278251171112061 0.78658515214920044 1.0381708145141602
511.69909999985248 -0.92394828796386719 0.63007080554962158 0.76961541175842285 0.66397446393966675 -1.0768883228302002 0.98823529481887817 0.92887365818023682 1.0564028024673462
642.3519999999553 -0.88147175312042236 0.62426143884658813 0.8648533821105957 0.64297330379486084 -1.1061649322509766 0.94835340976715088 1.250578761100769 0.92322289943695068
767.61599999945611 -0.78160786628723145 0.66717708110809326 0.9124530553817749 0.6797218918800354 -1.5149686336517334 0.78917968273162842 1.5286943912506104 0.74690645933151245
899.38949999958277 -0.76728302240371704 0.74375700950622559 0.92201179265975952 0.68609988689422607 -1.6514765024185181 0.72766458988189697 1.8328250646591187 0.70679759979248047
1034.3712999988347 -0.86647182703018188 0.77887928485870361 1.0203518867492676 0.69920921325683594 -1.8689315319061279 0.72721248865127563 1.9226120710372925 0.70858103036880493
1166.4710999997333 -0.87013602256774902 0.73407793045043945 1.1058382987976074 0.68697273731231689 -1.9527560472488403 0.69398313760757446 2.3034467697143555 0.69810652732849121
1273.2127000000328 -0.94671416282653809 0.7611769437789917 1.0262653827667236 0.70559722185134888 -1.9286996126174927 0.69006890058517456 2.203648567199707 0.72279727458953857
1379.5679999990389 -0.9643445611000061 0.70000964403152466 0.99807363748550415 0.67061865329742432 -1.1766297817230225 0.67228734493255615 2.0605041980743408 0.7233736515045166
1486.7945999996737 -0.93481630086898804 0.66234391927719116 1.0977901220321655 0.6506882905960083 -1.2170495986938477 0.6463470458984375 1.3227522373199463 0.70971810817718506
1596.205399999395 -0.98872768878936768 0.65994012355804443 0.63865911960601807 0.64958775043487549 -1.0065274238586426 0.66202080249786377 1.1272068023681641 0.7225182056427002
1697.098000000231 -0.70519989728927612 0.60410654544830322 0.73391175270080566 0.56091940402984619 -0.39077931642532349 0.67501366138458252 0.75999915599822998 0.70963811874389648
1810.4739999994636 -0.85404044389724731 0.60029858350753784 0.62768590450286865 0.5823327898979187 -0.36206895112991333 0.66354691982269287 0.63510209321975708 0.72519207000732422
1925.705399999395 -0.85725057125091553 0.59473985433578491 0.70099472999572754 0.60298877954483032 -0.42046961188316345 0.68703800439834595 0.63248419761657715 0.73898124694824219
