83.498199999332428 -0.61091697216033936 0.48268133401870728 0.66029274463653564 0.46442922949790955 -0.43543842434883118 0.76634550094604492 0.72909820079803467 0.76318776607513428
230.78279999922961 -0.6194801926612854 0.48383504152297974 0.65096849203109741 0.47509896755218506 -0.61683797836303711 0.76941424608230591 0.70212507247924805 0.77630233764648438
377.0534000005573 -0.60656845569610596 0.49075943231582642 0.70980900526046753 0.46926215291023254 -0.6136212944984436 0.77498072385787964 0.73768270015716553 0.77149713039398193
526.98610000032932 -0.6154753565788269 0.4684751033782959 0.68082702159881592 0.47125533223152161 -0.57338881492614746 0.7682420015335083 0.71026778221130371 0.76397538185119629
666.77159999869764 -0.82509016990661621 0.43311348557472229 0.57210254669189453 0.45082771778106689 -0.8330419659614563 0.72760379314422607 0.70411235094070435 0.70997977256774902
815.7031999998726 -0.79038232564926147 0.41443365812301636 0.4272770881652832 0.44258877635002136 -0.83299416303634644 0.67131966352462769 0.5158582329750061 0.66304707527160645
960.20529999909922 -0.89499545097351074 0.37604972720146179 0.35611709952354431 0.367998868227005 -0.92951613664627075 0.57939130067825317 0.41863411664962769 0.5189170241355896
1106.0336000001989 -0.93726861476898193 0.37834644317626953 0.42955330014228821 0.3902256190776825 -1.0023465156555176 0.57220494747161865 0.43955329060554504 0.53976386785507202
1254.9805000000633 -0.8019791841506958 0.5292050838470459 0.98686230182647705 0.53033041954040527 -1.0298432111740112 0.84219378232955933 1.2649384737014771 0.83238315582275391
1404.2651999997906 -0.76284646987915039 0.48105290532112122 0.93344306945800781 0.46795070171356201 -0.8578370213508606 0.74334210157394409 1.0496560335159302 0.69336068630218506
1544.269199999515 -0.90296089649200439 0.38954964280128479 0.75961273908615112 0.35970830917358398 -0.99498963356018066 0.34034162759780884 1.1715488433837891 0.36331889033317566
1690.6363000008278 -1.247810959815979 0.33349254727363586 1.1358345746994019 0.35638964176177979 -1.0849703550338745 0.30084642767906189 1.243256688117981 0.27641627192497253
1842.93079999974 -1.0737887620925903 0.34177431464195251 1.029668927192688 0.37448617815971375 -0.89380925893783569 0.30582520365715027 1.2113901376724243 0.30587270855903625
1993.854200000409 -0.97447460889816284 0.33466812968254089 1.0036032199859619 0.36074838042259216 -0.80387502908706665 0.29054835438728333 1.2458928823471069 0.31033101677894592
