76.691300000995398 -0.6139373779296875 0.90099805593490601 0.5946497917175293 0.93150532245635986 -0.716716468334198 1.3607370853424072 0.79882943630218506 1.3437579870223999
160.99540000036359 -0.85838133096694946 0.91709870100021362 0.60723286867141724 0.92022526264190674 -0.74850702285766602 1.3677777051925659 0.82404083013534546 1.34181809425354
249.02769999951124 -0.85524046421051025 0.9111899733543396 0.59486114978790283 0.92477351427078247 -0.73376226425170898 1.3609142303466797 0.83009207248687744 1.3297661542892456
357.1853999979794 -0.84362310171127319 0.91829085350036621 0.58787000179290771 0.94588905572891235 -0.72518199682235718 1.3557358980178833 0.7967185378074646 1.3379980325698853
442.68759999796748 -0.61821740865707397 0.88051360845565796 0.60011798143386841 0.9397200345993042 -0.72338956594467163 1.3321578502655029 0.84623396396636963 1.3334952592849731
526.10560000315309 -0.8642691969871521 0.90674543380737305 0.59924614429473877 0.93696355819702148 -0.72637379169464111 1.3464281558990479 0.83571749925613403 1.3337894678115845
607.32719999924302 -0.67207098007202148 0.90624940395355225 0.53687238693237305 0.93238836526870728 -0.77588629722595215 1.3691396713256836 0.79946553707122803 1.3458130359649658
691.62709999829531 -0.65681928396224976 0.90777921676635742 0.57092291116714478 0.94061464071273804 -0.76718580722808838 1.4205660820007324 0.89943963289260864 1.3553924560546875
776.41310000047088 -0.65429174900054932 0.90676766633987427 0.58242923021316528 0.96303486824035645 -0.74091535806655884 1.3825474977493286 0.79898583889007568 1.4691725969314575
857.22360000014305 -0.73683720827102661 0.89197671413421631 0.58566272258758545 0.93473732471466064 -0.855782151222229 1.377593994140625 0.92376017570495605 1.4622246026992798
943.75899999961257 -0.81000244617462158 0.86561626195907593 0.64041268825531006 0.94438058137893677 -0.9254535436630249 1.4082158803939819 0.99466562271118164 1.4951949119567871
1027.7467000037432 -0.8564612865447998 0.71192961931228638 0.85177618265151978 0.63887530565261841 -1.1584256887435913 0.86464297771453857 0.86500287055969238 0.53811043500900269
1111.9289999976754 -1.056072473526001 0.55805063247680664 0.84327620267868042 0.59514522552490234 -1.4569888114929199 0.46103569865226746 1.0322569608688354 0.36804363131523132
1197.0291000008583 -0.82054084539413452 0.57146811485290527 0.81739962100982666 0.54258912801742554 -0.99694913625717163 0.37136939167976379 0.84573757648468018 0.31730273365974426
1286.5720000006258 -0.82468879222869873 0.62696057558059692 0.91883420944213867 0.52597683668136597 -1.1001375913619995 0.40415686368942261 1.0539650917053223 0.34265562891960144
1372.0469999983907 -0.85507822036743164 0.61545032262802124 0.9454721212387085 0.5638042688369751 -1.218022346496582 0.47246357798576355 0.95858973264694214 0.35376629233360291
1456.5740000009537 -1.1569249629974365 0.52398395538330078 0.89746314287185669 0.54955196380615234 -0.94943046569824219 0.46591606736183167 0.99445593357086182 0.33780631422996521
1537.2386000007391 -0.81181126832962036 0.63759738206863403 0.92955052852630615 0.55953484773635864 -1.1288944482803345 0.46905180811882019 1.0099080801010132 0.34644091129302979
1621.6539000011981 -0.87504154443740845 0.61122018098831177 0.89198821783065796 0.56235945224761963 -1.146314263343811 0.44234007596969604 0.89997512102127075 0.32626712322235107
1706.4054999984801 -0.92696487903594971 0.67385387420654297 0.9710422158241272 0.56744915246963501 -1.0647200345993042 0.47406011819839478 0.98252612352371216 0.33221292495727539
1791.6529000028968 -1.0225073099136353 0.57092702388763428 1.0941598415374756 0.56743395328521729 -1.1485810279846191 0.48566243052482605 0.99853181838989258 0.32539549469947815
1875.8916000016034 -1.1461960077285767 0.54840701818466187 1.1018810272216797 0.56702530384063721 -0.97321903705596924 0.45355430245399475 0.93905836343765259 0.35627028346061707
1967.9886999987066 -1.1056345701217651 0.50900858640670776 0.8861536979675293 0.5978543758392334 -0.94622790813446045 0.47120797634124756 0.88516515493392944 0.41024321317672729
