104.15440000128001 -0.52225762605667114 0.48293605446815491 0.65099072456359863 0.41513612866401672 -0.94136440753936768 0.74567210674285889 0.8290938138961792 0.57713770866394043
213.87340000085533 -0.52305382490158081 0.47696349024772644 0.65840673446655273 0.41431000828742981 -0.91364961862564087 0.74652457237243652 0.84092879295349121 0.58202564716339111
326.94980000052601 -0.55777031183242798 0.47613045573234558 0.66527235507965088 0.41089701652526855 -0.93073821067810059 0.72953140735626221 0.77364259958267212 0.60491436719894409
440.47840000130236 -0.55818909406661987 0.47109496593475342 0.68015623092651367 0.41454669833183289 -0.94333666563034058 0.73073446750640869 0.7940596342086792 0.61659979820251465
556.63090000115335 -0.59735077619552612 0.4735240638256073 0.65927302837371826 0.43329295516014099 -0.92550623416900635 0.74051141738891602 0.83432281017303467 0.65477526187896729
671.68470000103116 -0.84184956550598145 0.42495515942573547 0.38876384496688843 0.43296757340431213 -0.75436186790466309 0.66119778156280518 0.84844273328781128 0.52528548240661621
788.29040000028908 -0.80953645706176758 0.39885658025741577 0.50010287761688232 0.45478066802024841 -1.0149633884429932 0.53771156072616577 1.097053050994873 0.51108700037002563
890.11240000091493 -0.81245565414428711 0.39144083857536316 0.63700991868972778 0.40906238555908203 -1.1132882833480835 0.46191897988319397 1.1004122495651245 0.4253595769405365
994.87310000136495 -1.1180894374847412 0.39047849178314209 0.72315460443496704 0.40842843055725098 -1.3426662683486938 0.38219836354255676 0.99239587783813477 0.4076981246471405
1106.9038000013679 -1.1999055147171021 0.36227577924728394 0.82163482904434204 0.41102811694145203 -1.8235325813293457 0.36416256427764893 1.229067325592041 0.41078779101371765
1217.7807000009343 -0.99462670087814331 0.37538254261016846 0.87282067537307739 0.41485610604286194 -1.8764296770095825 0.35480844974517822 1.2894810438156128 0.38058337569236755
1323.3817000007257 -1.3309037685394287 0.37333887815475464 0.83022046089172363 0.42117908596992493 -1.625641942024231 0.39439466595649719 1.3476047515869141 0.4103635847568512
1432.7652000011876 -0.92655110359191895 0.36122438311576843 1.0266708135604858 0.43457520008087158 -1.1954852342605591 0.35830432176589966 1.5446077585220337 0.43889960646629333
1542.317300000228 -0.76301366090774536 0.38239973783493042 0.93016982078552246 0.41640660166740417 -0.66931098699569702 0.3362114429473877 1.435975193977356 0.43012535572052002
1649.0189000014216 -0.95350790023803711 0.40763616561889648 0.56020998954772949 0.44191929697990417 -0.70106261968612671 0.4214271605014801 0.78839749097824097 0.48464745283126831
1766.4310000007972 -0.57335788011550903 0.40801349282264709 0.67717033624649048 0.45047035813331604 -0.3979681134223938 0.43742451071739197 0.56442046165466309 0.48200803995132446
1864.2614000011235 -0.53455221652984619 0.41851761937141418 0.64065700769424438 0.42596817016601563 -0.39505156874656677 0.47402262687683105 0.56440359354019165 0.45982667803764343
1971.4283000007272 -0.54343855381011963 0.41806134581565857 0.69993311166763306 0.41739177703857422 -0.39888626337051392 0.47140827775001526 0.65847522020339966 0.45867407321929932
