75.446500001475215 -0.73555433750152588 0.63644862174987793 0.72569096088409424 0.68901729583740234 -0.83911776542663574 1.0287469625473022 0.78099095821380615 1.0453381538391113
192.45610000099987 -0.76681715250015259 0.63983786106109619 0.73750221729278564 0.68399769067764282 -0.7932429313659668 1.0376542806625366 0.79667955636978149 1.0464329719543457
310.52450000215322 -0.77439737319946289 0.64699137210845947 0.70136123895645142 0.68612110614776611 -0.80346375703811646 1.0467554330825806 0.76709276437759399 1.0498225688934326
435.88910000119358 -0.76198196411132813 0.64590257406234741 0.71918362379074097 0.70030993223190308 -0.79927986860275269 1.0499618053436279 0.76421052217483521 1.0666321516036987
553.40590000152588 -0.76120227575302124 0.64308148622512817 0.72640609741210938 0.69370836019515991 -0.88455307483673096 1.0402213335037231 0.7727540135383606 1.0646930932998657
665.33330000191927 -0.78935492038726807 0.6328970193862915 0.73277729749679565 0.68807435035705566 -0.78194248676300049 1.0402714014053345 0.83503848314285278 1.0528461933135986
786.31130000110716 -0.80526119470596313 0.62630820274353027 0.71978986263275146 0.68148118257522583 -0.87251389026641846 1.0214606523513794 0.81055968999862671 1.0391989946365356
903.91300000064075 -0.84684145450592041 0.65802258253097534 0.65238660573959351 0.6615254282951355 -0.93285703659057617 1.0329436063766479 0.79282331466674805 1.0119495391845703
1034.8212999999523 -0.85936069488525391 0.65793853998184204 0.57075321674346924 0.63331323862075806 -0.93277531862258911 1.0281827449798584 0.74400299787521362 0.9680059552192688
1148.4353000009432 -0.8670390248298645 0.65771365165710449 0.53028184175491333 0.55558806657791138 -0.7107318639755249 0.77558255195617676 0.79918599128723145 0.82683950662612915
1263.6174000008032 -0.85369724035263062 0.63316458463668823 0.56563699245452881 0.54710346460342407 -0.80617135763168335 0.88153254985809326 0.78355276584625244 0.81733685731887817
1385.1496000019833 -0.97772443294525146 0.70213568210601807 0.52128356695175171 0.59095913171768188 -1.0119156837463379 1.0839464664459229 0.77419215440750122 0.89345884323120117
1498.990100000985 -1.1977136135101318 0.69846469163894653 0.93486589193344116 0.79839932918548584 -0.95610725879669189 1.0684036016464233 1.1677299737930298 1.2398681640625
1622.989600000903 -0.90249752998352051 0.64115571975708008 0.90096324682235718 0.70204728841781616 -0.96134227514266968 1.0611343383789063 1.2377029657363892 1.0942330360412598
1743.4303000001237 -1.1741272211074829 0.59578454494476318 0.92617088556289673 0.47809171676635742 -1.3383513689041138 0.61718297004699707 1.4048147201538086 0.60976630449295044
1864.8725000005215 -0.70677781105041504 0.38499194383621216 0.70489132404327393 0.39376187324523926 -0.96734488010406494 0.30360859632492065 0.97468674182891846 0.27324992418289185
1985.8595000011846 -1.1141359806060791 0.36322012543678284 0.82335829734802246 0.41772374510765076 -1.1073093414306641 0.32774239778518677 0.74732458591461182 0.269357830286026
