77.016199998557568 -0.94164228439331055 0.87896239757537842 0.60009890794754028 0.9469875693321228 -0.81495040655136108 1.3361315727233887 0.75255775451660156 1.4383437633514404
168.08449999988079 -0.66974872350692749 0.86431175470352173 0.57526141405105591 0.91216093301773071 -0.78246045112609863 1.3135945796966553 0.83034801483154297 1.3313165903091431
251.66950000077486 -0.64721781015396118 0.86822640895843506 0.57953912019729614 0.91221165657043457 -0.76876586675643921 1.3360843658447266 0.80665081739425659 1.324000358581543
334.1478000022471 -0.68846613168716431 0.87656170129776001 0.55881261825561523 0.90253084897994995 -0.79372870922088623 1.3641848564147949 0.80013394355773926 1.3195203542709351
418.6900000013411 -0.65648776292800903 0.87423282861709595 0.58939623832702637 0.88384771347045898 -0.76639479398727417 1.3401573896408081 0.77150684595108032 1.3092564344406128
501.66459999978542 -0.82064354419708252 0.8201262354850769 0.57881653308868408 0.81529664993286133 -0.78123211860656738 1.262202262878418 0.75120198726654053 1.264789342880249
587.81789999827743 -0.88948220014572144 0.87001550197601318 0.55781716108322144 0.79896020889282227 -0.89621466398239136 1.2623742818832397 0.6537972092628479 1.2429606914520264
675.8179999999702 -0.84974318742752075 0.84890812635421753 0.49771133065223694 0.83733677864074707 -0.92298102378845215 1.2473496198654175 0.52912050485610962 1.2243853807449341
755.72280000150204 -0.90583419799804688 0.86167705059051514 0.45931592583656311 0.82030403614044189 -0.81223511695861816 1.2765461206436157 0.71729791164398193 1.2352184057235718
840.63080000132322 -0.70093804597854614 0.91600555181503296 0.56780189275741577 0.96299242973327637 -0.84883785247802734 1.3816105127334595 0.86255449056625366 1.4673024415969849
924.00050000101328 -0.81589537858963013 0.82936513423919678 0.69696569442749023 0.86014151573181152 -1.1246814727783203 1.2978659868240356 1.0090123414993286 1.3233715295791626
1011.5390000008047 -1.1381951570510864 0.82686358690261841 0.71769148111343384 0.70497775077819824 -1.3354794979095459 0.87335032224655151 0.80860394239425659 0.62511658668518066
1098.0580000020564 -1.2270601987838745 0.580436110496521 1.1263813972473145 0.64090341329574585 -1.4315732717514038 0.49339452385902405 1.179203987121582 0.47394260764122009
1184.6470999978483 -1.1489880084991455 0.54688304662704468 1.020016074180603 0.58283358812332153 -0.91868430376052856 0.4265541136264801 1.2362749576568604 0.4220433235168457
1271.4464999996126 -1.1820821762084961 0.58501982688903809 1.059730052947998 0.57694149017333984 -1.0863144397735596 0.50581854581832886 1.3414657115936279 0.41601100564002991
1351.9802000001073 -0.86853492259979248 0.54034709930419922 0.98213988542556763 0.59485912322998047 -1.1255308389663696 0.4634973406791687 1.1799488067626953 0.44314709305763245
1440.8590999990702 -0.72334122657775879 0.57657122611999512 0.99169766902923584 0.61311739683151245 -1.0910851955413818 0.49142089486122131 1.1800515651702881 0.45375937223434448
1530.4106999970973 -0.68206477165222168 0.54562419652938843 0.95166712999343872 0.62707340717315674 -1.050707221031189 0.44670408964157104 1.1519649028778076 0.47000843286514282
1616.7956000007689 -0.76299864053726196 0.51257485151290894 0.78976947069168091 0.66947406530380249 -1.0290409326553345 0.45868098735809326 0.96646803617477417 0.49112555384635925
1702.9054000005126 -1.0360540151596069 0.53671455383300781 0.89336901903152466 0.6205323338508606 -1.1819491386413574 0.47398054599761963 1.0950026512145996 0.4569021463394165
1784.5582999996841 -0.62752383947372437 0.6080431342124939 0.8091316819190979 0.69688260555267334 -0.9460565447807312 0.53380429744720459 1.0333309173583984 0.50964534282684326
1868.1585999988019 -0.72147238254547119 0.55474883317947388 0.9757733941078186 0.62444043159484863 -0.98086577653884888 0.49818700551986694 1.0988519191741943 0.45549270510673523
1951.0888999998569 -1.0745195150375366 0.51549226045608521 1.0381932258605957 0.60842609405517578 -1.1642081737518311 0.47929728031158447 1.1289514303207397 0.48093503713607788
