20.467800000682473 -0.7248414158821106 0.67611384391784668 0.54879540205001831 0.67808550596237183 -0.66901183128356934 1.0162791013717651 0.5758482813835144 1.0294668674468994
128.35119999945164 -0.71778100728988647 0.67486494779586792 0.5628732442855835 0.67738485336303711 -0.66068381071090698 1.0173649787902832 0.58094561100006104 1.0248821973800659
234.74629999883473 -0.71284013986587524 0.67469209432601929 0.54660695791244507 0.67579048871994019 -0.64835339784622192 1.016181468963623 0.57096570730209351 1.0270955562591553
331.40869999863207 -0.69795024394989014 0.67392081022262573 0.58279293775558472 0.67254191637039185 -0.65150743722915649 1.0205892324447632 0.60559535026550293 1.0205380916595459
437.03659999743104 -0.6821330189704895 0.67203891277313232 0.59106916189193726 0.66115093231201172 -0.64997059106826782 1.0310920476913452 0.62933635711669922 1.0098090171813965
537.30059999972582 -0.72619271278381348 0.64212161302566528 0.62040674686431885 0.63847452402114868 -0.77747207880020142 0.99439972639083862 0.74520164728164673 0.97532349824905396
641.33780000172555 -0.75639480352401733 0.62780678272247314 0.63003545999526978 0.62301677465438843 -0.9048008918762207 0.94400781393051147 1.0142991542816162 0.9182707667350769
740.02180000022054 -0.7519194483757019 0.61518079042434692 0.68781524896621704 0.63383382558822632 -1.1547058820724487 0.87812626361846924 1.2756640911102295 0.89708191156387329
841.23319999873638 -0.81970429420471191 0.64073443412780762 0.80565088987350464 0.66383552551269531 -1.446832537651062 0.79345595836639404 1.5605318546295166 0.79132461547851563
943.18429999984801 -0.83709490299224854 0.67301827669143677 0.8666616678237915 0.663604736328125 -1.572490930557251 0.75911557674407959 1.7046679258346558 0.73447853326797485
1041.7607999984175 -0.86376655101776123 0.68374067544937134 0.88458693027496338 0.65366876125335693 -1.5698329210281372 0.73601597547531128 1.69419264793396 0.69796162843704224
1150.7869000025094 -0.85361146926879883 0.69580823183059692 0.97190499305725098 0.65115255117416382 -1.6415548324584961 0.70929616689682007 1.873549222946167 0.68704146146774292
1254.7662999983877 -0.88951826095581055 0.69138586521148682 1.0378758907318115 0.67395204305648804 -1.6258069276809692 0.69919800758361816 1.9844679832458496 0.69649201631546021
1355.9037999995053 -0.8641660213470459 0.6714787483215332 0.95314007997512817 0.66913318634033203 -1.5316603183746338 0.67407792806625366 1.8170162439346313 0.71525692939758301
1452.7166000008583 -0.87103813886642456 0.6364138126373291 0.91900390386581421 0.66359883546829224 -1.2071404457092285 0.67786163091659546 1.6891046762466431 0.73943066596984863
1554.8371999990195 -0.83111363649368286 0.63203722238540649 0.82224833965301514 0.65495514869689941 -1.0832765102386475 0.65724724531173706 1.4093296527862549 0.7212597131729126
1653.7863999977708 -0.83015912771224976 0.59762287139892578 0.67641693353652954 0.6450921893119812 -0.77393430471420288 0.66830986738204956 0.93017846345901489 0.68708783388137817
1754.6024999991059 -0.78354960680007935 0.60153943300247192 0.59331250190734863 0.61224287748336792 -0.59962004423141479 0.66942858695983887 0.76347285509109497 0.66289544105529785
1856.1157999988645 -0.74248349666595459 0.6117439866065979 0.59719425439834595 0.58526724576950073 -0.51427465677261353 0.67226284742355347 0.48710986971855164 0.68653643131256104
1957.1546000000089 -0.78274750709533691 0.60817992687225342 0.57109051942825317 0.55866062641143799 -0.48629385232925415 0.6748700737953186 0.4739624559879303 0.66896921396255493
