33.397499999031425 -0.77576833963394165 0.64744621515274048 0.52873003482818604 0.66937345266342163 -0.72983169555664063 1.0311894416809082 0.51853853464126587 0.99955761432647705
119.05579999834299 -0.78172802925109863 0.64331328868865967 0.5292707085609436 0.66325837373733521 -0.72423350811004639 1.0210350751876831 0.5070044994354248 0.99417543411254883
207.32459999993443 -0.76767140626907349 0.64902299642562866 0.53030061721801758 0.66845011711120605 -0.7150760293006897 1.0305190086364746 0.51600855588912964 0.99826717376708984
296.60149999894202 -0.77683120965957642 0.65072715282440186 0.53862869739532471 0.66957592964172363 -0.72594058513641357 1.0356751680374146 0.51768577098846436 1.005500316619873
388.52549999952316 -0.76494365930557251 0.64938992261886597 0.53884518146514893 0.67436164617538452 -0.7191893458366394 1.0322694778442383 0.50904715061187744 1.0061033964157104
477.57539999857545 -0.79334759712219238 0.6403583288192749 0.53259354829788208 0.66387605667114258 -0.73493629693984985 1.0238382816314697 0.49463996291160583 0.99699729681015015
564.74589999951422 -0.8355567455291748 0.66976618766784668 0.56212186813354492 0.62920033931732178 -0.76837772130966187 1.0155576467514038 0.58718043565750122 0.96086287498474121
652.12980000115931 -0.8821682333946228 0.67315739393234253 0.59385836124420166 0.6428760290145874 -0.84445470571517944 0.97994434833526611 0.67033201456069946 0.9851154088973999
740.60439999960363 -0.85595548152923584 0.64337176084518433 0.63635134696960449 0.59017282724380493 -0.82390516996383667 0.94257301092147827 0.80442750453948975 0.89099425077438354
830.96059999801219 -0.83678668737411499 0.61604326963424683 0.68314319849014282 0.56035137176513672 -0.80962890386581421 0.90471553802490234 0.82526588439941406 0.83742070198059082
921.42080000042915 -0.8055497407913208 0.57294553518295288 0.56668883562088013 0.51589971780776978 -0.82369828224182129 0.82660478353500366 0.67741847038269043 0.77097785472869873
1007.3164999987929 -0.76021111011505127 0.55156880617141724 0.59032410383224487 0.45859017968177795 -0.73247247934341431 0.77036756277084351 0.60582154989242554 0.6423107385635376
1095.9114999994636 -0.7716335654258728 0.55780661106109619 0.54828280210494995 0.4879608154296875 -0.75090771913528442 0.78186947107315063 0.55392712354660034 0.64471036195755005
1185.4040999989957 -0.84358572959899902 0.62434577941894531 0.61263489723205566 0.57632392644882202 -0.86440879106521606 0.92672055959701538 0.70285016298294067 0.77461129426956177
1274.8901999983937 -0.83730989694595337 0.68705421686172485 0.56551402807235718 0.68314492702484131 -0.95295757055282593 1.0567003488540649 0.7024955153465271 1.00044846534729
1363.8293999992311 -0.94167667627334595 0.66397941112518311 0.6521037220954895 0.71967893838882446 -1.1446273326873779 1.0767073631286621 0.82863414287567139 1.0778999328613281
1455.5319999996573 -0.9523652195930481 0.55465972423553467 0.60331606864929199 0.57582128047943115 -1.1951634883880615 0.81641495227813721 0.85927397012710571 0.8136867880821228
1544.3745999988168 -0.96609389781951904 0.53862255811691284 0.67396509647369385 0.57861888408660889 -1.0859419107437134 0.56390666961669922 0.66461867094039917 0.54805266857147217
1635.270300000906 -0.8967469334602356 0.49464508891105652 0.7393646240234375 0.55927908420562744 -1.0360252857208252 0.47034710645675659 0.7148059606552124 0.45424631237983704
1725.1445000004023 -0.92028820514678955 0.53027206659317017 0.73975157737731934 0.58357512950897217 -1.021458625793457 0.47235921025276184 0.70306956768035889 0.46301189064979553
1816.7388999983668 -0.84252607822418213 0.50917208194732666 0.67157602310180664 0.58787912130355835 -0.9595024585723877 0.48971837759017944 0.7295231819152832 0.49311608076095581
1903.3945999983698 -0.80183148384094238 0.51194131374359131 0.6430279016494751 0.56851434707641602 -0.86599624156951904 0.52263247966766357 0.73907053470611572 0.55464226007461548
1992.7615999989212 -0.78769481182098389 0.52365648746490479 0.66078370809555054 0.54198098182678223 -0.87128084897994995 0.53045797348022461 0.79704010486602783 0.58399504423141479
