52.643500000238419 -0.64485818147659302 0.9289887547492981 0.56415891647338867 0.94379627704620361 -0.6608385443687439 1.3767029047012329 0.64722824096679688 1.3770999908447266
137.38670000061393 -0.65634709596633911 0.91454452276229858 0.57364219427108765 0.94527864456176758 -0.67685788869857788 1.3388439416885376 0.67006313800811768 1.3840312957763672
222.14629999920726 -0.70888423919677734 0.92978501319885254 0.53936856985092163 0.93356585502624512 -0.71441978216171265 1.3862031698226929 0.52746349573135376 1.4477810859680176
305.39479999989271 -0.68592900037765503 0.8805156946182251 0.74455326795578003 0.90170609951019287 -0.67087244987487793 1.3655267953872681 0.73888957500457764 1.3404242992401123
387.20360000059009 -0.66307759284973145 0.88733428716659546 0.77847099304199219 0.91018092632293701 -0.6396525502204895 1.4458324909210205 0.71485656499862671 1.3654263019561768
472.64219999685884 -0.55962914228439331 1.0106785297393799 0.75926679372787476 0.92914718389511108 -0.64826887845993042 1.4092470407485962 0.70140248537063599 1.4080592393875122
555.35630000010133 -0.53663820028305054 1.0378454923629761 0.72501784563064575 0.84398716688156128 -0.65041941404342651 1.0712840557098389 0.63937383890151978 1.2351251840591431
641.478900000453 -0.62932711839675903 0.84328645467758179 0.77433991432189941 0.91289669275283813 -0.66558724641799927 1.1088869571685791 0.72703737020492554 1.1834248304367065
737.5346999950707 -0.66461271047592163 0.93271332979202271 0.61467736959457397 0.93107503652572632 -0.68013030290603638 1.3188925981521606 0.72774380445480347 1.2867329120635986
834.8403999991715 -0.53048121929168701 1.0756813287734985 0.77151393890380859 0.97456055879592896 -0.7478136420249939 1.370720386505127 0.62644940614700317 1.1653201580047607
919.80439999327064 -0.72721487283706665 0.97996264696121216 0.65146350860595703 0.97402715682983398 -0.78013509511947632 1.459108829498291 0.61167967319488525 1.3165562152862549
1003.4499000012875 -0.91553616523742676 0.92606985569000244 0.69964873790740967 0.98684084415435791 -1.0667245388031006 1.4726434946060181 0.99812769889831543 1.5160764455795288
1088.8443999961019 -1.0151000022888184 0.93047583103179932 0.82963287830352783 0.87584930658340454 -1.3830068111419678 1.4344847202301025 1.4117952585220337 1.2875900268554688
1170.0069999992847 -1.0516328811645508 0.6962772011756897 1.0158027410507202 0.68391352891921997 -1.2527860403060913 0.50371617078781128 1.2636595964431763 0.46439409255981445
1256.8487999998033 -1.0730903148651123 0.64100605249404907 1.2523753643035889 0.62230074405670166 -1.3783367872238159 0.46210557222366333 1.2995306253433228 0.44947808980941772
1341.3077999986708 -1.2564767599105835 0.65663772821426392 1.1574702262878418 0.62048590183258057 -1.3153272867202759 0.47285699844360352 1.2434941530227661 0.48798456788063049
1426.2850999981165 -1.1505240201950073 0.66628450155258179 1.189072847366333 0.62799274921417236 -1.1948897838592529 0.4277026355266571 1.1699146032333374 0.43193262815475464
1508.1592999957502 -1.1324424743652344 0.68316948413848877 1.1201313734054565 0.63398051261901855 -1.195476770401001 0.4750535786151886 1.2530112266540527 0.51415091753005981
1595.312999997288 -1.2553067207336426 0.68280673027038574 1.2548371553421021 0.63308483362197876 -1.2494320869445801 0.46037790179252625 1.2575995922088623 0.47318607568740845
1677.9934000000358 -1.2019325494766235 0.69461995363235474 1.1932569742202759 0.64388436079025269 -1.2227743864059448 0.46482741832733154 1.3414453268051147 0.52513086795806885
1759.4267999976873 -1.1778895854949951 0.70655137300491333 1.1030737161636353 0.64593207836151123 -1.2061554193496704 0.47521746158599854 1.193547248840332 0.5125543475151062
1840.8621000014246 -1.2616983652114868 0.69782698154449463 1.1295679807662964 0.64039301872253418 -1.2565449476242065 0.44889986515045166 1.2910369634628296 0.51852291822433472
1921.7077999934554 -1.2414603233337402 0.68080043792724609 1.1086413860321045 0.63681656122207642 -1.2269712686538696 0.46318674087524414 1.1905701160430908 0.4986424446105957
2004.9364999979734 -1.1754066944122314 0.68954372406005859 1.1384563446044922 0.65916609764099121 -1.344983696937561 0.45699548721313477 1.2057884931564331 0.49190369248390198
