40.630899999290705 -0.72280359268188477 0.64931780099868774 0.53399497270584106 0.64853733777999878 -0.66238301992416382 0.95617449283599854 0.54411697387695313 0.93902188539505005
142.19349999725819 -0.77942562103271484 0.64438289403915405 0.552387535572052 0.64809781312942505 -0.72192984819412231 0.9541131854057312 0.58525747060775757 0.94107061624526978
242.47989999875426 -0.76586782932281494 0.65738558769226074 0.56737536191940308 0.64696627855300903 -0.7144932746887207 0.97290056943893433 0.58740901947021484 0.94557249546051025
342.74649999849498 -0.71731531620025635 0.65883737802505493 0.58265537023544312 0.62809622287750244 -0.71317553520202637 0.96247225999832153 0.60927993059158325 0.94017881155014038
447.61009999737144 -0.7348065972328186 0.65464931726455688 0.59986978769302368 0.61660772562026978 -0.71370714902877808 0.95403581857681274 0.63110798597335815 0.9320710301399231
551.81389999575913 -0.7428818941116333 0.59358000755310059 0.62067919969558716 0.60879021883010864 -0.80628365278244019 0.94337272644042969 0.62849730253219604 0.93467587232589722
657.33249999955297 -0.75533026456832886 0.58611470460891724 0.64820802211761475 0.56388550996780396 -0.82052958011627197 0.89042115211486816 0.7470557689666748 0.88310521841049194
761.41269999742508 -0.74189186096191406 0.54975908994674683 0.65986627340316772 0.52624988555908203 -0.7195127010345459 0.81124436855316162 0.73536902666091919 0.80330556631088257
862.50109999813139 -0.72088706493377686 0.57172054052352905 0.62468147277832031 0.45146766304969788 -0.67876702547073364 0.76742488145828247 0.73914974927902222 0.63809090852737427
959.14149999991059 -0.70296478271484375 0.57554471492767334 0.56351608037948608 0.43618112802505493 -0.73018527030944824 0.70561790466308594 0.59603399038314819 0.54939085245132446
1059.2589999996126 -0.70972722768783569 0.5558093786239624 0.58485740423202515 0.47911202907562256 -0.74109411239624023 0.71589726209640503 0.58087080717086792 0.61812686920166016
1176.0466999970376 -0.79177409410476685 0.56117326021194458 0.60929936170578003 0.53547251224517822 -0.80471241474151611 0.82889974117279053 0.65086072683334351 0.77512860298156738
1275.85899999924 -0.85048097372055054 0.72955822944641113 0.69377630949020386 0.68737596273422241 -0.95725613832473755 1.0785801410675049 0.87028360366821289 1.0588750839233398
1374.8485999982804 -0.81651824712753296 0.67302447557449341 0.68392115831375122 0.65340393781661987 -0.94501173496246338 0.96312618255615234 0.99398136138916016 1.0368906259536743
1470.3016999978572 -0.8967706561088562 0.57217448949813843 1.0013793706893921 0.53643834590911865 -0.95357078313827515 0.69959616661071777 1.0947732925415039 0.688590407371521
1572.1854999996722 -0.88459688425064087 0.45452544093132019 0.8735501766204834 0.45383548736572266 -0.78842133283615112 0.38493236899375916 1.0761069059371948 0.50629091262817383
1671.7906999997795 -0.84823489189147949 0.41890901327133179 0.76508927345275879 0.39074498414993286 -0.83949834108352661 0.31787654757499695 0.96951866149902344 0.35800179839134216
1769.6097999997437 -0.83302289247512817 0.3908444344997406 0.75172567367553711 0.41503721475601196 -0.87743675708770752 0.31253105401992798 0.96444129943847656 0.32888525724411011
1871.8913999963552 -0.89073598384857178 0.38181582093238831 0.76892471313476563 0.40969288349151611 -0.90930658578872681 0.30160161852836609 0.98020756244659424 0.32664468884468079
1972.6595999989659 -0.85669010877609253 0.39605951309204102 0.74108785390853882 0.40989193320274353 -0.89386487007141113 0.30161839723587036 0.95014679431915283 0.32193946838378906
