27.906099997460842 -0.71998041868209839 0.65553909540176392 0.6379513144493103 0.69349771738052368 -0.72816020250320435 1.0401294231414795 0.64129132032394409 1.039155125617981
135.64079999923706 -0.73308867216110229 0.66068953275680542 0.64359140396118164 0.70067065954208374 -0.73083937168121338 1.0544041395187378 0.6512492299079895 1.0577377080917358
236.74509999901056 -0.72080862522125244 0.65895533561706543 0.64228403568267822 0.68797320127487183 -0.71911120414733887 1.0459222793579102 0.64559978246688843 1.0356764793395996
336.75309999845922 -0.71624821424484253 0.65701323747634888 0.6448405385017395 0.69187361001968384 -0.7082754373550415 1.0428045988082886 0.64658373594284058 1.0418375730514526
438.72680000029504 -0.69627737998962402 0.64081287384033203 0.68752634525299072 0.64514791965484619 -0.74400323629379272 0.99875146150588989 0.666534423828125 0.99708467721939087
542.2554999999702 -0.69643676280975342 0.6104433536529541 0.69783657789230347 0.61387169361114502 -0.72957247495651245 0.95254206657409668 0.68872249126434326 0.97401350736618042
637.02529999986291 -0.68903809785842896 0.5908544659614563 0.67762064933776855 0.56825506687164307 -0.62345731258392334 0.87090951204299927 0.75525695085525513 0.83804500102996826
735.06669999845326 -0.59953272342681885 0.61752170324325562 0.61408424377441406 0.51798903942108154 -0.60388398170471191 0.74831295013427734 0.72911518812179565 0.76921796798706055
837.32210000045598 -0.5513533353805542 0.68076932430267334 0.54630821943283081 0.51091480255126953 -0.47661018371582031 0.68875133991241455 0.6583523154258728 0.61732053756713867
933.73100000061095 -0.59730386734008789 0.67110294103622437 0.50490391254425049 0.5460391640663147 -0.57441234588623047 0.74938607215881348 0.56147199869155884 0.57342743873596191
1030.1390999983996 -0.67556023597717285 0.62538754940032959 0.54536652565002441 0.51273107528686523 -0.58878201246261597 0.88661772012710571 0.65869385004043579 0.69506657123565674
1128.6015000008047 -0.70851701498031616 0.72427427768707275 0.66854393482208252 0.69426953792572021 -0.84025698900222778 1.1099766492843628 0.80873996019363403 1.0478544235229492
1229.1847999989986 -0.77420121431350708 0.73420578241348267 0.72412121295928955 0.744945228099823 -1.0164386034011841 1.1790719032287598 1.0058069229125977 1.1359961032867432
1327.3377999980003 -0.82918596267700195 0.6198996901512146 0.76457446813583374 0.65465784072875977 -1.0620319843292236 0.91196876764297485 1.1122381687164307 0.97330248355865479
1425.6442999988794 -0.96063321828842163 0.66680586338043213 0.7590368390083313 0.60168099403381348 -1.0607743263244629 0.68500363826751709 1.0416462421417236 0.7028852105140686
1531.0592000000179 -1.0589594841003418 0.57752114534378052 0.72310709953308105 0.57074594497680664 -1.073994517326355 0.52270704507827759 0.94486337900161743 0.54331088066101074
1630.7266000006348 -0.9054713249206543 0.47991633415222168 0.77795583009719849 0.54214900732040405 -0.9931187629699707 0.45358684659004211 0.87978482246398926 0.43912333250045776
1729.9097999986261 -0.92586302757263184 0.51217663288116455 0.79243952035903931 0.52145200967788696 -0.96032750606536865 0.46343177556991577 0.76893174648284912 0.38381427526473999
1833.3420999981463 -0.94823914766311646 0.510120689868927 0.78878384828567505 0.5524442195892334 -0.98400372266769409 0.49449735879898071 0.79418188333511353 0.39027586579322815
1932.8193000014871 -0.94841426610946655 0.49457326531410217 0.8264043927192688 0.488922119140625 -1.0317124128341675 0.48700433969497681 0.84340542554855347 0.3874809741973877
