77.796099999919534 -0.59891259670257568 0.61655211448669434 0.79231899976730347 0.67907202243804932 -0.43551337718963623 0.97420138120651245 0.81479388475418091 1.0289379358291626
210.56669999938458 -0.66249829530715942 0.60517770051956177 0.82295280694961548 0.66765326261520386 -0.48732811212539673 0.96250975131988525 0.85750478506088257 1.0320985317230225
343.35900000017136 -0.71272218227386475 0.5838545560836792 0.83365833759307861 0.67383193969726563 -0.58960628509521484 0.9463469386100769 0.86186152696609497 1.0407147407531738
472.17750000022352 -0.79933518171310425 0.55062508583068848 0.81550139188766479 0.60916560888290405 -1.1193461418151855 0.85132664442062378 0.99934297800064087 0.94125348329544067
601.0207000002265 -0.71785449981689453 0.58192324638366699 0.81641340255737305 0.62489897012710571 -1.1307625770568848 0.76506906747817993 1.4046708345413208 0.82969021797180176
739.13100000005215 -1.0090545415878296 0.59597355127334595 0.76062065362930298 0.65116524696350098 -1.5099103450775146 0.72554147243499756 1.1870189905166626 0.71465599536895752
863.8105999995023 -0.75435858964920044 0.70100116729736328 0.83221298456192017 0.66545146703720093 -1.6444144248962402 0.66942572593688965 1.6377309560775757 0.67449855804443359
978.86159999947995 -0.83934849500656128 0.73717314004898071 0.95742446184158325 0.6735798716545105 -1.7736084461212158 0.68641549348831177 1.5379003286361694 0.68243968486785889
1096.0076999999583 -0.91598498821258545 0.74793916940689087 1.0806134939193726 0.67942315340042114 -2.0302507877349854 0.71122622489929199 2.2228069305419922 0.70381379127502441
1217.6250000009313 -0.99038207530975342 0.74071311950683594 1.0560637712478638 0.70619499683380127 -2.038466215133667 0.72315675020217896 2.2625129222869873 0.71092706918716431
1341.6338999997824 -0.85222947597503662 0.7250746488571167 1.268285870552063 0.7225949764251709 -1.6782938241958618 0.67744040489196777 2.2201035022735596 0.74246931076049805
1471.2964000003412 -0.85864204168319702 0.65418797731399536 0.84819954633712769 0.70005303621292114 -1.4634214639663696 0.6702691912651062 1.6565055847167969 0.754039466381073
1596.818900000304 -0.86699509620666504 0.61532074213027954 0.68228554725646973 0.65076148509979248 -0.79753124713897705 0.66380089521408081 1.1288833618164063 0.72935420274734497
1710.5090999994427 -0.79931902885437012 0.59150940179824829 0.88420772552490234 0.59335571527481079 -0.3875134289264679 0.6363939642906189 0.9923667311668396 0.74923074245452881
1832.9774000002071 -0.89208704233169556 0.58565318584442139 0.83612388372421265 0.64857161045074463 -0.37086045742034912 0.65738791227340698 0.8898540735244751 0.69930702447891235
1968.4457000000402 -0.90031230449676514 0.58534002304077148 0.71494954824447632 0.64361441135406494 -0.3811238706111908 0.64580333232879639 0.64179712533950806 0.68296802043914795
