5.4563999995589256 -0.7586057186126709 0.6765558123588562 0.57519680261611938 0.69738930463790894 -0.776561439037323 1.0863915681838989 0.65211129188537598 1.0449700355529785
106.75180000066757 -0.76363188028335571 0.66466253995895386 0.58952176570892334 0.68843066692352295 -0.76802581548690796 1.060795783996582 0.64678943157196045 1.0416640043258667
205.17380000092089 -0.75525397062301636 0.64860725402832031 0.58691138029098511 0.66381204128265381 -0.77117758989334106 1.0493869781494141 0.61414021253585815 1.0094484090805054
304.88480000197887 -0.75532197952270508 0.64265841245651245 0.57217663526535034 0.65599739551544189 -0.78356587886810303 1.0357793569564819 0.58143717050552368 0.99447792768478394
407.67920000106096 -0.75451701879501343 0.65427720546722412 0.57481831312179565 0.65588879585266113 -0.75572323799133301 1.0417325496673584 0.58525699377059937 0.99661511182785034
514.09419999830425 -0.76774811744689941 0.65732890367507935 0.57700622081756592 0.65631103515625 -0.78952854871749878 1.0405621528625488 0.60322493314743042 0.99146461486816406
623.40019999817014 -0.75194549560546875 0.64725691080093384 0.59557777643203735 0.6619608998298645 -0.84541434049606323 1.0152839422225952 0.70846998691558838 1.0146980285644531
723.22269999980927 -0.76495343446731567 0.62228429317474365 0.5940125584602356 0.63543081283569336 -1.0759233236312866 0.94123619794845581 1.0373811721801758 0.93787902593612671
826.74230000004172 -0.847878098487854 0.62078642845153809 0.69349581003189087 0.62068545818328857 -1.5183088779449463 0.76600402593612671 1.488314151763916 0.76832962036132813
926.03299999795854 -0.88324260711669922 0.64642095565795898 0.80131345987319946 0.6399422287940979 -1.6339043378829956 0.72439837455749512 1.6106053590774536 0.73088711500167847
1027.6489000003785 -0.92302316427230835 0.67310905456542969 0.7989993691444397 0.62596309185028076 -1.662987232208252 0.6297992467880249 1.610098123550415 0.67058479785919189
1129.3721999991685 -0.95053869485855103 0.6831403374671936 0.89937645196914673 0.65153801441192627 -1.6754475831985474 0.62088394165039063 1.690468430519104 0.63573539257049561
1228.7185999974608 -0.95129537582397461 0.6826816201210022 0.9501003623008728 0.64146453142166138 -1.6608649492263794 0.60500991344451904 1.7992901802062988 0.61465239524841309
1326.2604000009596 -0.91692918539047241 0.68043094873428345 0.95206111669540405 0.65179252624511719 -1.56354820728302 0.6043962836265564 1.8239339590072632 0.61421537399291992
1427.1169000007212 -0.90886479616165161 0.67721796035766602 0.92293334007263184 0.66859441995620728 -1.4588227272033691 0.60329669713973999 1.7435452938079834 0.64793521165847778
1528.3351999986917 -0.87054556608200073 0.64669597148895264 0.85672158002853394 0.65285009145736694 -1.1481128931045532 0.58966243267059326 1.4847830533981323 0.63810610771179199
1640.7323000002652 -0.86059808731079102 0.66596609354019165 0.73010069131851196 0.63249808549880981 -0.81358277797698975 0.62826651334762573 1.1081863641738892 0.63998740911483765
1739.413200000301 -0.90753650665283203 0.59765702486038208 0.61459708213806152 0.6076505184173584 -0.58178961277008057 0.61744880676269531 0.74917769432067871 0.64008378982543945
1842.6963999997824 -0.82223325967788696 0.58172863721847534 0.61399871110916138 0.55592900514602661 -0.50646156072616577 0.6358376145362854 0.63625836372375488 0.62987315654754639
1944.354699999094 -0.83089363574981689 0.60288655757904053 0.64560651779174805 0.58501583337783813 -0.41198053956031799 0.64284062385559082 0.50156539678573608 0.68054163455963135
