0.0 -0.72842144966125488 0.64638501405715942 0.5973626971244812 0.62385421991348267 -0.62969392538070679 0.98627549409866333 0.56941765546798706 0.96387624740600586
101.91610000096262 -0.70746290683746338 0.64736282825469971 0.59930145740509033 0.63194930553436279 -0.62457001209259033 0.97850632667541504 0.58022624254226685 0.97012710571289063
196.28250000067055 -0.71542513370513916 0.65738421678543091 0.59732085466384888 0.62853509187698364 -0.62616711854934692 0.98703157901763916 0.58055353164672852 0.96573466062545776
293.24980000033975 -0.65721112489700317 0.66397547721862793 0.60419213771820068 0.62769293785095215 -0.62362813949584961 0.97554290294647217 0.59373748302459717 0.96384996175765991
391.91830000095069 -0.73665380477905273 0.66076451539993286 0.57634389400482178 0.63981097936630249 -0.65416401624679565 0.98588305711746216 0.57849413156509399 0.97150552272796631
495.68709999881685 -0.71635490655899048 0.6620756983757019 0.59503012895584106 0.63413941860198975 -0.67720061540603638 0.96818190813064575 0.61882990598678589 0.95333421230316162
592.2069000005722 -0.80525273084640503 0.6473621129989624 0.63719183206558228 0.62928563356399536 -0.80702382326126099 0.95012426376342773 0.77791756391525269 0.93090325593948364
690.60319999977946 -0.84911197423934937 0.58929473161697388 0.71356445550918579 0.60421735048294067 -0.99658763408660889 0.86938947439193726 0.99954378604888916 0.83836275339126587
792.96000000089407 -0.94285476207733154 0.59803497791290283 0.7857927680015564 0.58650094270706177 -1.5216524600982666 0.74817019701004028 1.4315849542617798 0.69598531723022461
889.42439999803901 -0.99584865570068359 0.57940590381622314 0.8128352165222168 0.5708467960357666 -1.689995288848877 0.61940640211105347 1.6654444932937622 0.58778202533721924
986.60800000093877 -1.0329818725585938 0.57776510715484619 0.88108289241790771 0.55765211582183838 -1.8384990692138672 0.50374984741210938 1.6599760055541992 0.49799153208732605
1089.0352000016719 -1.0640560388565063 0.57482296228408813 0.95539951324462891 0.57229715585708618 -1.7697310447692871 0.48928803205490112 1.6653828620910645 0.48551931977272034
1189.2533999979496 -1.0502103567123413 0.5825190544128418 0.96736031770706177 0.57271158695220947 -1.7421160936355591 0.49966731667518616 1.7568017244338989 0.49371331930160522
1287.9566000029445 -0.98043155670166016 0.58464509248733521 1.0103135108947754 0.57997864484786987 -1.712654709815979 0.52609926462173462 1.8548067808151245 0.52903848886489868
1387.1981000006199 -0.94973087310791016 0.58336865901947021 0.98446846008300781 0.58879458904266357 -1.471997857093811 0.51489758491516113 1.8460429906845093 0.5499643087387085
1486.1650000009686 -0.92841655015945435 0.58259457349777222 0.91492176055908203 0.57723623514175415 -1.3904933929443359 0.50588130950927734 1.6150277853012085 0.54648071527481079
1585.4623000007123 -0.77947872877120972 0.63200300931930542 0.77678036689758301 0.55856060981750488 -0.76346629858016968 0.54105359315872192 1.2311897277832031 0.56587809324264526
1681.470900002867 -0.81323492527008057 0.62396818399429321 0.71311169862747192 0.56583499908447266 -0.67030429840087891 0.5540885329246521 0.96212917566299438 0.55335623025894165
1777.5546000003815 -0.70092028379440308 0.59735798835754395 0.74184721708297729 0.55024987459182739 -0.39414247870445251 0.53636330366134644 0.63340854644775391 0.57341068983078003
1881.6324000023305 -0.70298963785171509 0.58223742246627808 0.76769334077835083 0.55506634712219238 -0.33135607838630676 0.53263324499130249 0.62376093864440918 0.57445770502090454
1979.9176000021398 -0.67376315593719482 0.56215786933898926 0.68755960464477539 0.54948008060455322 -0.24057047069072723 0.52062481641769409 0.58450770378112793 0.56985068321228027
