12.689199997112155 -0.76434177160263062 0.66282033920288086 0.67099928855895996 0.68366527557373047 -0.76616817712783813 1.0577759742736816 0.65258151292800903 1.049015998840332
108.1273000035435 -0.74933737516403198 0.66104793548583984 0.64516454935073853 0.67470568418502808 -0.75605529546737671 1.0501869916915894 0.62915176153182983 1.0431623458862305
210.39480000175536 -0.76924806833267212 0.66149723529815674 0.65222012996673584 0.67437595129013062 -0.76101773977279663 1.0467903614044189 0.64259457588195801 1.0380098819732666
315.1188999991864 -0.74665850400924683 0.65483474731445313 0.630104660987854 0.67764681577682495 -0.73631972074508667 1.041751503944397 0.62420052289962769 1.0301253795623779
426.68079999834299 -0.73105543851852417 0.66301971673965454 0.65053385496139526 0.6772991418838501 -0.74510139226913452 1.049285888671875 0.629677414894104 1.0339210033416748
527.9957999996841 -0.71918392181396484 0.63425499200820923 0.6547430157661438 0.63727313280105591 -0.76338249444961548 1.0031822919845581 0.66076213121414185 1.0012055635452271
625.32789999991655 -0.70654255151748657 0.57849597930908203 0.6660916805267334 0.604347825050354 -0.74269270896911621 0.91614609956741333 0.69446301460266113 0.93386423587799072
727.00550000183284 -0.70446109771728516 0.58611059188842773 0.66002583503723145 0.55558109283447266 -0.63474947214126587 0.84795773029327393 0.73781806230545044 0.82501739263534546
828.31910000182688 -0.62126064300537109 0.60001569986343384 0.53987932205200195 0.5273897647857666 -0.59246355295181274 0.7721412181854248 0.62937098741531372 0.64161580801010132
923.51599999889731 -0.63964539766311646 0.69604134559631348 0.51112848520278931 0.56043249368667603 -0.53503543138504028 0.55430012941360474 0.47998520731925964 0.53621715307235718
1026.8881000000983 -0.64857447147369385 0.58278626203536987 0.46558800339698792 0.59019756317138672 -0.58149385452270508 0.80532819032669067 0.52509421110153198 0.76621431112289429
1131.9929000008851 -0.67645782232284546 0.63762581348419189 0.51623207330703735 0.5650169849395752 -0.69193476438522339 0.93068784475326538 0.57982534170150757 0.80688416957855225
1232.7858000006527 -0.68417090177536011 0.75212246179580688 0.65042346715927124 0.72775650024414063 -0.83566594123840332 1.2005102634429932 0.77548503875732422 1.1358312368392944
1333.3266999982297 -0.81346487998962402 0.73690336942672729 0.72939956188201904 0.75287187099456787 -1.0270974636077881 1.162109375 1.0276226997375488 1.1722455024719238
1438.1169000025839 -0.84346026182174683 0.62235516309738159 0.70959150791168213 0.58879971504211426 -1.0021167993545532 0.88743686676025391 0.95399343967437744 0.83369213342666626
1543.4660999979824 -1.0442155599594116 0.58349645137786865 0.75403672456741333 0.56514209508895874 -1.0856832265853882 0.46494585275650024 0.879139244556427 0.50196677446365356
1646.7159000020474 -0.97555249929428101 0.45957159996032715 0.68882638216018677 0.50466418266296387 -1.1482474803924561 0.35810393095016479 0.89151382446289063 0.38780644536018372
1745.2755999993533 -0.9871065616607666 0.46436578035354614 0.66185027360916138 0.46136894822120667 -1.1181013584136963 0.38199803233146667 0.8797447681427002 0.35547283291816711
1849.6771000027657 -0.92075890302658081 0.45437383651733398 0.64273935556411743 0.46702671051025391 -1.0606027841567993 0.428230881690979 0.88605755567550659 0.37894245982170105
1946.1456999983639 -0.92271685600280762 0.48353362083435059 0.64678317308425903 0.46106135845184326 -1.0395516157150269 0.44178488850593567 0.87635743618011475 0.36978891491889954
