36.880300000309944 -0.78269785642623901 0.63251525163650513 0.69078141450881958 0.69183248281478882 -0.87594294548034668 1.0145018100738525 0.75606197118759155 1.0717662572860718
152.00279999990016 -0.84784615039825439 0.62739646434783936 0.6831175684928894 0.6827775239944458 -0.91548901796340942 1.0294305086135864 0.8160441517829895 1.0747967958450317
276.66590000037104 -0.91089075803756714 0.66286379098892212 0.61868882179260254 0.65497922897338867 -0.99065142869949341 1.0418033599853516 0.75383609533309937 1.0263683795928955
399.413200000301 -0.84140568971633911 0.655781090259552 0.56891238689422607 0.63653111457824707 -0.96036159992218018 1.0495022535324097 0.74386715888977051 0.96906018257141113
520.63210000004619 -0.85536378622055054 0.65142035484313965 0.45544403791427612 0.6505582332611084 -0.79106414318084717 0.85288310050964355 0.56098854541778564 0.93069052696228027
659.26919999998063 -0.90127718448638916 0.61794102191925049 0.58243155479431152 0.56414318084716797 -0.8025052547454834 0.84116655588150024 0.74028337001800537 0.82228243350982666
777.43700000084937 -1.0085633993148804 0.68288725614547729 0.59118950366973877 0.68379592895507813 -1.1238234043121338 1.0601961612701416 0.84969949722290039 1.0309771299362183
891.32880000118166 -1.0866754055023193 0.69959092140197754 0.70922452211380005 0.78258335590362549 -1.162622332572937 1.0792452096939087 1.0184875726699829 1.243560791015625
1010.5906000006944 -1.0835467576980591 0.64624834060668945 0.83309483528137207 0.70396977663040161 -1.0850657224655151 1.0630203485488892 1.1885287761688232 1.0925371646881104
1122.5400000009686 -0.84697949886322021 0.57336199283599854 0.86584728956222534 0.55995607376098633 -1.3258520364761353 0.66444486379623413 1.4215549230575562 0.64228475093841553
1239.5200000004843 -1.2532697916030884 0.47152861952781677 0.72604185342788696 0.47312167286872864 -1.7113640308380127 0.41131353378295898 0.96157658100128174 0.33657816052436829
1359.9977000011131 -0.63558775186538696 0.40304908156394958 0.794727623462677 0.44636258482933044 -0.88042342662811279 0.36838120222091675 0.77543973922729492 0.31721219420433044
1477.6621000012383 -0.75912487506866455 0.40196165442466736 0.65877103805541992 0.45720013976097107 -1.0707361698150635 0.36554935574531555 0.71689993143081665 0.32837691903114319
1593.1510000005364 -0.66758126020431519 0.394339919090271 0.63012516498565674 0.4441412091255188 -0.96818512678146362 0.38167953491210938 0.67389774322509766 0.3528975248336792
1711.8494000006467 -0.95841199159622192 0.40246397256851196 1.1303650140762329 0.47751310467720032 -1.225258469581604 0.38761886954307556 0.87656182050704956 0.34948316216468811
1830.7804000005126 -0.94696557521820068 0.39105066657066345 0.87402051687240601 0.44416138529777527 -1.3171576261520386 0.38580358028411865 0.89508330821990967 0.33189025521278381
1949.3370000012219 -0.89610135555267334 0.39286413788795471 0.84909355640411377 0.44208532571792603 -1.2366459369659424 0.37056863307952881 0.92547166347503662 0.33604428172111511
