85.754600000567734 -0.53263431787490845 0.62050008773803711 0.72462761402130127 0.69387400150299072 -0.49965277314186096 1.0194147825241089 0.77126538753509521 1.039950966835022
211.87580000050366 -0.5244554877281189 0.60052818059921265 0.7262953519821167 0.68573039770126343 -0.49520841240882874 0.98390990495681763 0.76904106140136719 1.0384600162506104
335.50630000047386 -0.56812435388565063 0.6276475191116333 0.7474522590637207 0.6829184889793396 -0.5230897068977356 1.0122878551483154 0.79181170463562012 1.037920355796814
460.38810000009835 -0.58907902240753174 0.61349725723266602 0.74471211433410645 0.63092505931854248 -0.59888225793838501 1.0017029047012329 0.82014685869216919 1.0064347982406616
593.02699999976903 -0.62590312957763672 0.60798043012619019 0.70040643215179443 0.62634074687957764 -0.90480333566665649 0.99214434623718262 0.87150037288665771 0.95212244987487793
727.61380000039935 -0.5966874361038208 0.67126643657684326 0.76483643054962158 0.61065435409545898 -0.97218585014343262 0.77547675371170044 1.4269372224807739 0.76658326387405396
862.48270000051707 -0.7229124903678894 0.68240964412689209 0.82832527160644531 0.63842713832855225 -1.3224952220916748 0.67469626665115356 1.7467865943908691 0.66884589195251465
989.96049999911338 -0.80571877956390381 0.67934435606002808 0.82984733581542969 0.61086839437484741 -1.4139442443847656 0.6293255090713501 1.5561690330505371 0.63671505451202393
1111.5694000003859 -0.91383165121078491 0.6747620701789856 1.1766633987426758 0.63778120279312134 -1.5524959564208984 0.56652098894119263 1.8857276439666748 0.56456512212753296
1247.9468000009656 -0.99083679914474487 0.65558362007141113 1.2439666986465454 0.64145880937576294 -1.467826247215271 0.55892485380172729 1.9205725193023682 0.5889352560043335
1381.3639000002295 -0.95765125751495361 0.59354323148727417 0.9794851541519165 0.60435330867767334 -1.3984861373901367 0.52030503749847412 1.88653564453125 0.63973212242126465
1502.5024000005797 -0.82022994756698608 0.55613875389099121 0.7559320330619812 0.59165447950363159 -0.75235509872436523 0.62364399433135986 1.0473548173904419 0.66444134712219238
1628.5295000001788 -0.86582165956497192 0.55125653743743896 0.70863515138626099 0.47455298900604248 -0.40343567728996277 0.61681699752807617 0.73768013715744019 0.59915989637374878
1755.0942000001669 -0.81906992197036743 0.54300564527511597 0.69134056568145752 0.5038183331489563 -0.27364277839660645 0.60933959484100342 0.802093505859375 0.62241262197494507
1890.2669000001624 -0.74567383527755737 0.5484086275100708 0.791786789894104 0.55487370491027832 -0.29837384819984436 0.62391579151153564 0.69359558820724487 0.63108223676681519
