65.035400000400841 -0.68394201993942261 0.48409178853034973 0.84946262836456299 0.47039109468460083 -0.84427988529205322 0.78380876779556274 0.81512671709060669 0.76533710956573486
173.00769999995828 -0.68554985523223877 0.48902931809425354 0.85615384578704834 0.46849548816680908 -0.85873264074325562 0.79087567329406738 0.81686753034591675 0.76615458726882935
271.20779999997467 -0.67165684700012207 0.48698356747627258 0.86212188005447388 0.467103511095047 -0.82771176099777222 0.79177850484848022 0.84485632181167603 0.76063013076782227
374.7480999995023 -0.6444166898727417 0.47088569402694702 0.84435874223709106 0.4598885178565979 -0.56277656555175781 0.75414031744003296 0.93964004516601563 0.75278252363204956
478.0514000011608 -0.59385615587234497 0.45165050029754639 0.70082235336303711 0.45424500107765198 -0.72742754220962524 0.69705283641815186 0.99449771642684937 0.70908141136169434
583.72860000003129 -0.651203453540802 0.48798820376396179 0.67309445142745972 0.45426756143569946 -1.0370044708251953 0.72757673263549805 0.93827211856842041 0.70153552293777466
691.19940000027418 -0.74586498737335205 0.49117210507392883 0.79700803756713867 0.49194231629371643 -1.4487235546112061 0.5793907642364502 1.442551851272583 0.57313889265060425
800.7593000009656 -0.82018446922302246 0.4689059853553772 0.80479025840759277 0.47561320662498474 -1.1242873668670654 0.53265869617462158 1.5690525770187378 0.50483357906341553
903.17700000014156 -0.99065977334976196 0.43859380483627319 0.68465220928192139 0.49024522304534912 -1.423176646232605 0.45315068960189819 1.3327341079711914 0.47646453976631165
1008.2189000006765 -1.1969225406646729 0.42829230427742004 0.60926163196563721 0.47228816151618958 -1.4771972894668579 0.39394062757492065 1.2501399517059326 0.4765264093875885
1104.8375000003725 -1.0729221105575562 0.44574299454689026 0.57761824131011963 0.47570040822029114 -1.4121206998825073 0.37687245011329651 1.4014490842819214 0.48257505893707275
1209.4170000003651 -0.83828139305114746 0.43239429593086243 0.74473470449447632 0.45605304837226868 -1.2583760023117065 0.37234225869178772 1.4960730075836182 0.48287788033485413
1310.1397000001743 -0.72702223062515259 0.39739543199539185 0.98131191730499268 0.42853444814682007 -1.057258129119873 0.38449597358703613 1.3521586656570435 0.46535590291023254
1410.2435000007972 -0.68237382173538208 0.36651507019996643 0.65145111083984375 0.44320690631866455 -0.55574572086334229 0.38647815585136414 0.5620647668838501 0.43824148178100586
1517.9306999994442 -0.53006118535995483 0.35568651556968689 0.77720093727111816 0.41320225596427917 -0.44623106718063354 0.39717859029769897 0.78605961799621582 0.44230130314826965
1616.8947999998927 -0.43354266881942749 0.3336213231086731 0.6827588677406311 0.42766273021697998 -0.36651414632797241 0.39731183648109436 0.5818098783493042 0.43784722685813904
1717.6310000000522 -0.45581892132759094 0.33130675554275513 0.75749355554580688 0.42640084028244019 -0.39871636033058167 0.39838418364524841 0.64822262525558472 0.42014691233634949
1828.2187000000849 -0.45752301812171936 0.33554774522781372 0.7431672215461731 0.4275745153427124 -0.40725982189178467 0.39862170815467834 0.51969641447067261 0.43687313795089722
1933.3601000001654 -0.43829044699668884 0.34282895922660828 0.75527971982955933 0.43263444304466248 -0.38359007239341736 0.40171271562576294 0.54433977603912354 0.43893101811408997
