103.42190000042319 -0.57665598392486572 0.46263524889945984 0.65605431795120239 0.42506378889083862 -0.4791405200958252 0.72757929563522339 0.75060981512069702 0.63661688566207886
217.53409999981523 -0.58274692296981812 0.46627086400985718 0.66346627473831177 0.42606201767921448 -0.47144454717636108 0.72886061668395996 0.77402639389038086 0.64196491241455078
328.30199999921024 -0.51622051000595093 0.46230846643447876 0.70540660619735718 0.4214775562286377 -0.42077159881591797 0.72377872467041016 0.81323444843292236 0.632274329662323
441.22209999989718 -0.53427809476852417 0.4610646665096283 0.66930484771728516 0.41554257273674011 -0.43019801378250122 0.72566890716552734 0.77701449394226074 0.62492185831069946
557.21009999886155 -0.55091404914855957 0.46293839812278748 0.68437153100967407 0.41681396961212158 -0.91789168119430542 0.72875511646270752 0.77791124582290649 0.62296545505523682
668.80859999917448 -0.58454012870788574 0.46098104119300842 0.67029744386672974 0.42439013719558716 -0.51017522811889648 0.72298175096511841 0.76212239265441895 0.65562516450881958
781.25409999955446 -0.76708436012268066 0.43994793295860291 0.4460718035697937 0.42114681005477905 -0.72341501712799072 0.70219141244888306 0.50723075866699219 0.6363481879234314
894.88079999946058 -0.74285560846328735 0.43549904227256775 0.52826189994812012 0.4294571578502655 -0.64609354734420776 0.6987493634223938 0.66423201560974121 0.65249907970428467
1011.9868999999017 -0.69864451885223389 0.41783377528190613 0.42822778224945068 0.42620247602462769 -0.46626865863800049 0.65111756324768066 0.57695692777633667 0.62024509906768799
1122.7009999994189 -0.71390312910079956 0.41641363501548767 0.81733441352844238 0.45885789394378662 -0.46570652723312378 0.63234561681747437 0.73245322704315186 0.65677064657211304
1223.7772999992594 -0.68817615509033203 0.39666268229484558 0.74031186103820801 0.47036632895469666 -0.6526644229888916 0.54714614152908325 0.50978726148605347 0.68559926748275757
1328.7946999995038 -0.77999192476272583 0.43686410784721375 0.82532203197479248 0.48889318108558655 -0.87569427490234375 0.64788776636123657 0.57332473993301392 0.66995614767074585
1448.1307999994606 -0.57174384593963623 0.45977187156677246 0.97718614339828491 0.47383937239646912 -0.69831889867782593 0.66367638111114502 0.80265122652053833 0.63378453254699707
1549.5328999999911 -0.63582742214202881 0.51459407806396484 0.77978122234344482 0.51788091659545898 -0.85412639379501343 0.81915003061294556 1.201981782913208 0.73396807909011841
1656.6144999992102 -0.75062501430511475 0.43093186616897583 0.88943660259246826 0.40858611464500427 -0.65082329511642456 0.68350780010223389 1.3201470375061035 0.53810417652130127
1773.6691999994218 -0.85178601741790771 0.35591217875480652 1.1868654489517212 0.40291664004325867 -1.0568844079971313 0.34431743621826172 0.94187676906585693 0.34942978620529175
1893.0538999997079 -0.73802405595779419 0.31205931305885315 1.2528994083404541 0.36086738109588623 -0.7459336519241333 0.23770925402641296 1.0467838048934937 0.30472570657730103
1995.7508999994025 -1.1569473743438721 0.33657914400100708 1.1528177261352539 0.33295631408691406 -1.1831802129745483 0.27114278078079224 1.5140902996063232 0.32800596952438354
