0.0 -0.61046826839447021 0.39712384343147278 0.83244770765304565 0.40672612190246582 -0.58171588182449341 0.64621919393539429 0.86401939392089844 0.63924098014831543
88.104100000113249 -0.58878213167190552 0.40526607632637024 0.80832380056381226 0.40836429595947266 -0.54431617259979248 0.65023607015609741 0.83351022005081177 0.64018476009368896
170.73650000058115 -0.63003957271575928 0.39790031313896179 0.8188813328742981 0.40609541535377502 -0.60577374696731567 0.64826124906539917 0.84785711765289307 0.63777679204940796
258.73390000127256 -0.6034436821937561 0.39929744601249695 0.80540072917938232 0.41000518202781677 -0.56874740123748779 0.65061265230178833 0.82865309715270996 0.63975971937179565
340.61720000207424 -0.63888996839523315 0.39392530918121338 0.78062421083450317 0.40510138869285583 -0.61477023363113403 0.65211546421051025 0.79661744832992554 0.63665461540222168
423.17780000157654 -0.59534215927124023 0.39832136034965515 0.80200260877609253 0.4093492329120636 -0.59219813346862793 0.66370517015457153 0.79926896095275879 0.64233404397964478
510.71880000084639 -0.6015436053276062 0.39059925079345703 0.76375490427017212 0.39785084128379822 -0.59596121311187744 0.64981329441070557 0.78711909055709839 0.62500035762786865
596.59760000184178 -0.59820914268493652 0.37446650862693787 0.77556401491165161 0.37867355346679688 -0.61703044176101685 0.61735713481903076 0.78352367877960205 0.59142673015594482
681.73880000039935 -0.63785332441329956 0.35297545790672302 0.69526427984237671 0.37281832098960876 -0.5355721116065979 0.54723948240280151 0.81354814767837524 0.56286710500717163
765.31350000016391 -0.58467268943786621 0.37687218189239502 0.55066901445388794 0.38260540366172791 -0.45344093441963196 0.42172941565513611 0.50724560022354126 0.46271732449531555
846.75700000114739 -0.47594460844993591 0.34884563088417053 0.45876523852348328 0.33659714460372925 -0.31754842400550842 0.38142296671867371 0.52361208200454712 0.3585875928401947
934.5496000032872 -0.56538814306259155 0.30359005928039551 0.63869410753250122 0.30124416947364807 -0.086463287472724915 0.34651830792427063 0.41257670521736145 0.31512546539306641
1019.3146000020206 -0.59346866607666016 0.29675126075744629 0.58766651153564453 0.30676022171974182 -0.13701139390468597 0.3445410430431366 0.40391546487808228 0.30222135782241821
1103.9870000015944 -0.56789195537567139 0.3037874698638916 0.62941586971282959 0.30136346817016602 -0.22825506329536438 0.29488563537597656 0.42603614926338196 0.30375257134437561
1184.6455000024289 -0.49678868055343628 0.33860662579536438 0.54620224237442017 0.34781122207641602 -0.37028974294662476 0.29065197706222534 0.57738709449768066 0.30906063318252563
1267.5349000021815 -0.69878357648849487 0.3159162700176239 0.83550411462783813 0.28732851147651672 -0.77157431840896606 0.29151347279548645 0.99056649208068848 0.29786217212677002
1352.2832000013441 -0.69741296768188477 0.27814847230911255 0.68769663572311401 0.26292786002159119 -1.3139770030975342 0.35476168990135193 1.372083306312561 0.30578011274337769
1453.6631000023335 -0.73518508672714233 0.27264627814292908 0.70199954509735107 0.24748936295509338 -1.2672234773635864 0.34408625960350037 1.377244234085083 0.24958421289920807
1535.1673000007868 -0.71360039710998535 0.25945031642913818 1.2154086828231812 0.23672845959663391 -1.2356629371643066 0.32340788841247559 2.1282410621643066 0.32323962450027466
1616.7115000020713 -0.68557214736938477 0.25710853934288025 1.2843657732009888 0.23312687873840332 -1.1967774629592896 0.32944470643997192 2.1725089550018311 0.30250218510627747
1698.797800000757 -0.80027300119400024 0.27763238549232483 1.2873378992080688 0.2535535991191864 -1.4397894144058228 0.33739581704139709 2.0531816482543945 0.30943489074707031
1784.7182999998331 -0.82837224006652832 0.26207730174064636 1.3451089859008789 0.24485866725444794 -1.5182501077651978 0.32751205563545227 2.1197390556335449 0.30582618713378906
1866.8822000026703 -1.1288578510284424 0.2731461226940155 1.639542818069458 0.2562757134437561 -1.8817577362060547 0.34527450799942017 2.6767463684082031 0.31077471375465393
1951.0176000017673 -1.1835265159606934 0.25983545184135437 1.6189277172088623 0.24775509536266327 -1.964586615562439 0.33212348818778992 2.6946041584014893 0.29647189378738403
