43.56529999896884 -0.55534631013870239 0.40403851866722107 0.74862509965896606 0.40681210160255432 -0.54927551746368408 0.61246222257614136 0.79802972078323364 0.61887603998184204
197.68720000050962 -0.60024988651275635 0.40258109569549561 0.72277677059173584 0.40304607152938843 -0.782401442527771 0.614094078540802 0.79978030920028687 0.61647880077362061
343.85800000093877 -0.58381819725036621 0.40158593654632568 0.75919425487518311 0.41357824206352234 -0.79230165481567383 0.61393356323242188 0.80568152666091919 0.62486487627029419
509.58209999836981 -0.58525609970092773 0.39839941263198853 0.78193420171737671 0.40629425644874573 -0.54356443881988525 0.60920846462249756 0.85537862777709961 0.61665993928909302
662.4769999999553 -0.54888737201690674 0.34397441148757935 0.73596572875976563 0.34274384379386902 -0.65493327379226685 0.56372982263565063 0.91066533327102661 0.54861605167388916
826.16569999791682 -0.47363397479057312 0.27202406525611877 0.56823670864105225 0.28884738683700562 -0.098163492977619171 0.32977586984634399 0.56587702035903931 0.27065953612327576
990.25379999913275 -0.4658830463886261 0.23126886785030365 0.65579205751419067 0.26826661825180054 0.39563503861427307 0.22543723881244659 0.76595175266265869 0.22964993119239807
1146.7101000007242 -0.80280923843383789 0.2201361358165741 1.0617935657501221 0.22839647531509399 -0.75041460990905762 0.19936190545558929 1.0078713893890381 0.20736032724380493
1296.6751000005752 -1.1266840696334839 0.19277860224246979 1.7737011909484863 0.2046004980802536 -2.2646441459655762 0.23305414617061615 2.7664487361907959 0.23424716293811798
1453.5878000017256 -1.3207416534423828 0.19616718590259552 1.4493867158889771 0.22175920009613037 -2.2820055484771729 0.23797875642776489 2.3692305088043213 0.24269558489322662
1603.5262000001967 -1.4003994464874268 0.20176665484905243 1.3181765079498291 0.22473803162574768 -2.3916487693786621 0.24347387254238129 2.3758082389831543 0.19728304445743561
1763.4857000000775 -1.3830534219741821 0.19303295016288757 1.4823789596557617 0.2181360274553299 -2.3018064498901367 0.23873314261436462 2.4131722450256348 0.23000547289848328
1908.916899997741 -1.2774112224578857 0.19106712937355042 1.5867754220962524 0.2138095498085022 -2.2480745315551758 0.23250772058963776 2.4051847457885742 0.22899164259433746
