59.061199999880046 -0.82302039861679077 0.41502362489700317 0.63772100210189819 0.45165508985519409 -0.96139055490493774 0.66534781455993652 0.90682715177536011 0.68784290552139282
144.94879999989644 -0.82180821895599365 0.413087397813797 0.65488052368164063 0.4521862268447876 -0.93955302238464355 0.65608590841293335 0.89220559597015381 0.68984138965606689
227.43149999994785 -0.82912814617156982 0.41242942214012146 0.65290737152099609 0.45542809367179871 -0.94921189546585083 0.65364229679107666 0.90020382404327393 0.69154739379882813
311.62769999960437 -0.84179472923278809 0.41155454516410828 0.64747720956802368 0.4531002938747406 -0.9663231372833252 0.6503106951713562 0.89118123054504395 0.68513029813766479
394.13720000023022 -0.83992290496826172 0.41064578294754028 0.66682052612304688 0.45425570011138916 -0.94398379325866699 0.65324807167053223 0.89536392688751221 0.68791019916534424
477.46939999982715 -0.85230785608291626 0.41255328059196472 0.66184109449386597 0.4560391902923584 -0.99919283390045166 0.64769285917282104 0.88689452409744263 0.69501841068267822
559.2320000003092 -0.83291798830032349 0.41370749473571777 0.67564558982849121 0.45311328768730164 -0.96588689088821411 0.65245378017425537 0.9089730978012085 0.6908298134803772
644.9043000000529 -0.83947455883026123 0.41192510724067688 0.66263461112976074 0.45527738332748413 -0.95798712968826294 0.65231883525848389 0.9222714900970459 0.69764149188995361
730.28519999980927 -0.82910299301147461 0.41675698757171631 0.70044267177581787 0.4470595121383667 -0.94023656845092773 0.67331135272979736 0.80967777967453003 0.67850130796432495
812.01139999972656 -0.91097337007522583 0.40580916404724121 0.78853839635848999 0.44367590546607971 -0.97795110940933228 0.66348713636398315 0.85721898078918457 0.68616580963134766
896.33149999938905 -0.96653908491134644 0.38718366622924805 0.79154378175735474 0.42432233691215515 -0.98350286483764648 0.63621944189071655 0.74546134471893311 0.68565857410430908
981.67739999992773 -1.0127907991409302 0.35481694340705872 1.0364620685577393 0.38484025001525879 -0.97602540254592896 0.58801513910293579 0.88220149278640747 0.63033086061477661
1070.0666999998502 -1.0255709886550903 0.33480426669120789 1.0508226156234741 0.38584238290786743 -0.72939127683639526 0.57357609272003174 0.73117774724960327 0.61133182048797607
1153.7580999997444 -0.97228389978408813 0.31157475709915161 1.0296896696090698 0.35480618476867676 -0.52388828992843628 0.5494682788848877 0.79621130228042603 0.54279112815856934
1235.3182999999262 -1.0667890310287476 0.30767333507537842 0.93475806713104248 0.34518656134605408 -0.35306194424629211 0.49758395552635193 0.66219431161880493 0.45087355375289917
1323.214499999769 -1.0353981256484985 0.30788737535476685 0.97485107183456421 0.35518026351928711 -0.32641550898551941 0.47557201981544495 0.50800049304962158 0.46076825261116028
1418.2743999999948 -0.9711986780166626 0.30425062775611877 0.91243678331375122 0.34962865710258484 -0.28976953029632568 0.46521902084350586 0.42713642120361328 0.4591917097568512
1512.6702999998815 -0.99864298105239868 0.29982855916023254 0.87648344039916992 0.34583750367164612 -0.33416247367858887 0.44742116332054138 0.44287368655204773 0.44236183166503906
1601.622099999804 -0.99835610389709473 0.30281096696853638 0.90840691328048706 0.34281659126281738 -0.32503348588943481 0.45050457119941711 0.42957744002342224 0.4486926794052124
1688.0398999997415 -0.99302363395690918 0.29671800136566162 0.92479634284973145 0.33626782894134521 -0.32425478100776672 0.4444907009601593 0.4379330575466156 0.44494086503982544
1771.6477999999188 -1.0108357667922974 0.29088303446769714 0.94142180681228638 0.33627024292945862 -0.30909627676010132 0.44096419215202332 0.44855734705924988 0.43911087512969971
1855.8609999995679 -1.0619174242019653 0.29430878162384033 0.99007141590118408 0.33011442422866821 -0.30210721492767334 0.44401100277900696 0.487571120262146 0.44018518924713135
1942.6910999999382 -1.0945264101028442 0.29802551865577698 1.0299263000488281 0.33394414186477661 -0.32071736454963684 0.44724473357200623 0.49258226156234741 0.44127628207206726
