94.822100000455976 -0.61415976285934448 0.40473237633705139 0.72158223390579224 0.39537209272384644 -0.85938566923141479 0.61130243539810181 0.83392584323883057 0.6141897439956665
280.92300000041723 -0.55533838272094727 0.4001401960849762 0.74449890851974487 0.38877472281455994 -0.77470302581787109 0.60868829488754272 0.8799203634262085 0.61430013179779053
471.49560000002384 -0.59143775701522827 0.39561071991920471 0.68562793731689453 0.38862061500549316 -0.78897786140441895 0.59917789697647095 0.82134395837783813 0.60646909475326538
660.44639999978244 -0.58597099781036377 0.39667794108390808 0.78339648246765137 0.39230087399482727 -0.57638341188430786 0.60595989227294922 0.84124308824539185 0.60603779554367065
851.48020000010729 -0.68348830938339233 0.38475736975669861 0.89468914270401001 0.39949309825897217 -0.78062647581100464 0.58798986673355103 0.98245739936828613 0.59359008073806763
1054.5030999984592 -0.66383254528045654 0.26778066158294678 0.86340588331222534 0.28357985615730286 -0.82355266809463501 0.39646655321121216 0.97623378038406372 0.38451719284057617
1252.7027000002563 -0.72087842226028442 0.21031340956687927 1.0538207292556763 0.29932677745819092 -0.78176712989807129 0.2615986168384552 1.1387225389480591 0.26471313834190369
1447.0162000004202 -0.70991909503936768 0.25072085857391357 0.72800111770629883 0.28871423006057739 -0.58768290281295776 0.27132967114448547 0.8469739556312561 0.23540009558200836
1637.5229000002146 -1.0278657674789429 0.22126834094524384 1.0924235582351685 0.24735347926616669 -1.5752657651901245 0.25964382290840149 1.7623143196105957 0.27548864483833313
1830.5740000009537 -1.3609606027603149 0.22626388072967529 1.5867366790771484 0.21641412377357483 -2.1757071018218994 0.26636901497840881 2.4795646667480469 0.26933941245079041
