3.8526999987661839 -0.5816769003868103 0.39817711710929871 0.82358819246292114 0.41658478975296021 -0.56438082456588745 0.65502423048019409 0.82211136817932129 0.64067894220352173
89.825600000098348 -0.61439162492752075 0.3968721330165863 0.84464210271835327 0.41360270977020264 -0.60776013135910034 0.65371507406234741 0.82052510976791382 0.6405830979347229
173.00410000048578 -0.57907366752624512 0.39778238534927368 0.82587850093841553 0.41357538104057312 -0.57865357398986816 0.65467154979705811 0.82690799236297607 0.63553738594055176
258.74360000155866 -0.59781962633132935 0.39423173666000366 0.79883915185928345 0.40247121453285217 -0.59546458721160889 0.65203291177749634 0.7830042839050293 0.62886381149291992
343.53440000116825 -0.57998877763748169 0.39474114775657654 0.79520845413208008 0.40542864799499512 -0.58974701166152954 0.64409172534942627 0.79828453063964844 0.63260436058044434
430.94959999993443 -0.587321937084198 0.39449691772460938 0.78662729263305664 0.40231838822364807 -0.58959537744522095 0.64942562580108643 0.80601531267166138 0.63385099172592163
514.47630000114441 -0.63038122653961182 0.38818496465682983 0.73990964889526367 0.41102609038352966 -0.60768371820449829 0.64386802911758423 0.76025772094726563 0.64200174808502197
598.78060000017285 -0.55224150419235229 0.39865726232528687 0.7224959135055542 0.40790385007858276 -0.52304404973983765 0.65257829427719116 0.71967381238937378 0.64495605230331421
682.84300000220537 -0.60685044527053833 0.37756595015525818 0.68287372589111328 0.38484710454940796 -0.59296154975891113 0.61808991432189941 0.68867886066436768 0.60559451580047607
766.3179999999702 -0.59848904609680176 0.34936249256134033 0.64072418212890625 0.36300745606422424 -0.5294182300567627 0.57546460628509521 0.63769745826721191 0.55813139677047729
849.44350000098348 -0.53852158784866333 0.35221821069717407 0.55714362859725952 0.36219829320907593 -0.59899073839187622 0.52345371246337891 0.59028154611587524 0.52633023262023926
930.4941000007093 -0.72075349092483521 0.32391020655632019 0.48679828643798828 0.3282952606678009 -0.27609992027282715 0.39085924625396729 0.49992203712463379 0.38830772042274475
1014.5599000006914 -0.60163730382919312 0.29593035578727722 0.6234096884727478 0.30186399817466736 -0.12407835572957993 0.35281705856323242 0.45011445879936218 0.31034216284751892
1100.9906000010669 -0.58468645811080933 0.31466925144195557 0.57868975400924683 0.30795842409133911 -0.21797913312911987 0.32395780086517334 0.53618305921554565 0.33651149272918701
1188.8447999991477 -0.58989459276199341 0.30398264527320862 0.53544902801513672 0.32826545834541321 -0.2902505099773407 0.30091768503189087 0.42517194151878357 0.30879446864128113
1268.613500000909 -0.53361117839813232 0.34342345595359802 0.70560353994369507 0.33361521363258362 -0.40608647465705872 0.26715126633644104 0.91491615772247314 0.33471566438674927
1355.8466999996454 -0.67317956686019897 0.29372230172157288 0.92798018455505371 0.26620733737945557 -0.74352723360061646 0.27388572692871094 1.2492877244949341 0.31251722574234009
1445.813599999994 -0.67275393009185791 0.28315865993499756 0.77849423885345459 0.27324211597442627 -1.4829614162445068 0.30909043550491333 1.4009605646133423 0.31831070780754089
1528.7509000003338 -0.85659098625183105 0.27450054883956909 1.0181810855865479 0.25475889444351196 -1.3778148889541626 0.33375173807144165 1.7376476526260376 0.28857779502868652
1609.7315999995917 -0.77163457870483398 0.26254349946975708 1.1170071363449097 0.24750711023807526 -1.2721184492111206 0.32381141185760498 1.8756256103515625 0.31649452447891235
1691.4561000000685 -0.81489229202270508 0.27146750688552856 1.0347272157669067 0.24276910722255707 -1.3204497098922729 0.32882148027420044 1.8691326379776001 0.31719985604286194
1772.7780000008643 -0.83295893669128418 0.26842978596687317 1.1841722726821899 0.25027656555175781 -1.3620880842208862 0.32922112941741943 2.1656904220581055 0.31845524907112122
1853.1710999999195 -0.83232581615447998 0.26464378833770752 1.2124227285385132 0.24891968071460724 -1.4312727451324463 0.32524412870407104 2.0177206993103027 0.3067319393157959
1936.2425999995321 -0.80487477779388428 0.26956862211227417 1.3342843055725098 0.24192561209201813 -1.3779844045639038 0.32778128981590271 2.0974245071411133 0.31001958250999451
