19.462799999862909 -0.58643704652786255 0.41246083378791809 0.70206248760223389 0.39801302552223206 -0.57598459720611572 0.62201648950576782 0.77626162767410278 0.61821073293685913
185.44040000066161 -0.58555060625076294 0.40764200687408447 0.71198189258575439 0.39113768935203552 -0.582530677318573 0.61219441890716553 0.76236987113952637 0.60526782274246216
352.81109999865294 -0.58643031120300293 0.40352049469947815 0.69070327281951904 0.39218330383300781 -0.58334976434707642 0.60696059465408325 0.7752915620803833 0.60699015855789185
527.66929999925196 -0.58927667140960693 0.40134277939796448 0.69761788845062256 0.38937950134277344 -0.56104397773742676 0.60555362701416016 0.78705751895904541 0.60566866397857666
701.16160000115633 -0.57386177778244019 0.39676150679588318 0.79764246940612793 0.37346327304840088 -0.54760998487472534 0.60700327157974243 0.96903443336486816 0.60759073495864868
852.68039999902248 -0.57268029451370239 0.32347142696380615 0.77446919679641724 0.32304432988166809 -0.58136177062988281 0.48095139861106873 0.74131530523300171 0.45767298340797424
1000.9627999998629 -0.48502132296562195 0.27419507503509521 0.65533238649368286 0.29397299885749817 -0.10522051155567169 0.34052449464797974 0.50584614276885986 0.35524249076843262
1151.6277999989688 -0.68465787172317505 0.27151718735694885 0.69877064228057861 0.31282621622085571 -0.13697725534439087 0.32406461238861084 0.62312477827072144 0.36353588104248047
1291.9070999976248 -0.91908144950866699 0.23800687491893768 1.2993416786193848 0.2464154064655304 -1.0435906648635864 0.33148324489593506 1.5387160778045654 0.32600581645965576
1444.1182000003755 -1.2171463966369629 0.25406163930892944 1.542402982711792 0.27408707141876221 -1.9749399423599243 0.33161702752113342 2.4618775844573975 0.35536667704582214
1593.8953999988735 -1.2633647918701172 0.24949599802494049 1.3388628959655762 0.27094614505767822 -2.1044223308563232 0.32178503274917603 2.1601669788360596 0.32225468754768372
1743.8453999999911 -1.2258061170578003 0.25010871887207031 1.3747068643569946 0.26647454500198364 -2.0328514575958252 0.32356521487236023 2.2578461170196533 0.2976338267326355
1885.1637999992818 -1.2690300941467285 0.25150147080421448 1.4738007783889771 0.23316246271133423 -2.1240575313568115 0.3202979564666748 2.5161685943603516 0.29674822092056274
