132.42490000091493 -0.6281818151473999 0.3993116021156311 0.70356756448745728 0.39281028509140015 -0.60634982585906982 0.60675501823425293 0.77139931917190552 0.60734707117080688
282.95010000094771 -0.60084342956542969 0.40525403618812561 0.65252476930618286 0.38975533843040466 -0.56392508745193481 0.61244010925292969 0.73554039001464844 0.60675740242004395
440.07220000214875 -0.60477983951568604 0.40405833721160889 0.6527397632598877 0.38683396577835083 -0.79604434967041016 0.61335676908493042 0.74035221338272095 0.60394257307052612
596.01600000075996 -0.61613714694976807 0.40356966853141785 0.693092942237854 0.39086449146270752 -0.83982515335083008 0.61025303602218628 0.7823493480682373 0.60509437322616577
749.9284000005573 -0.59812605381011963 0.40193814039230347 0.73583519458770752 0.3951544463634491 -0.63089722394943237 0.61122947931289673 0.9185788631439209 0.62195265293121338
908.20300000160933 -0.59279102087020874 0.38566651940345764 0.90584754943847656 0.37154337763786316 -0.69549894332885742 0.5926399827003479 1.0284205675125122 0.57102346420288086
1052.413200000301 -0.56348800659179688 0.24541033804416656 0.90931499004364014 0.2658429741859436 -0.60323786735534668 0.35854622721672058 1.1741304397583008 0.34851682186126709
1202.6566000003368 -0.58132338523864746 0.25196227431297302 0.87572294473648071 0.27001166343688965 -0.39293918013572693 0.26581692695617676 0.81549346446990967 0.24970057606697083
1361.877700002864 -0.95292901992797852 0.2385019063949585 1.2045838832855225 0.2523236870765686 -0.25962263345718384 0.25286608934402466 0.77164393663406372 0.22845062613487244
1518.6219000034034 -1.0500216484069824 0.21062339842319489 1.0880447626113892 0.22960814833641052 -1.2847888469696045 0.21737715601921082 1.9347013235092163 0.24117711186408997
1678.5749000012875 -0.98019629716873169 0.20434458553791046 1.5152801275253296 0.21562671661376953 -2.0647315979003906 0.24111026525497437 2.4756653308868408 0.23934799432754517
1832.487700002268 -1.3423559665679932 0.20318064093589783 1.5591102838516235 0.2258182168006897 -2.2858967781066895 0.23771439492702484 2.2870504856109619 0.24119578301906586
1985.1737000029534 -1.314275860786438 0.18986138701438904 1.5623577833175659 0.21250638365745544 -2.218839168548584 0.22480197250843048 2.4377751350402832 0.22806946933269501
