39.341299999505281 -0.61766606569290161 0.40900617837905884 0.73670929670333862 0.40179443359375 -0.81092953681945801 0.61957603693008423 0.89218288660049438 0.62667930126190186
193.76629999838769 -0.60561060905456543 0.40615710616111755 0.67865949869155884 0.39507099986076355 -0.54421156644821167 0.60673898458480835 0.75036996603012085 0.60906296968460083
352.0905999969691 -0.6301734447479248 0.4088456928730011 0.73166036605834961 0.40076526999473572 -0.8249896764755249 0.61398583650588989 0.78028738498687744 0.61311310529708862
505.9790999982506 -0.61987030506134033 0.40291479229927063 0.74530279636383057 0.39362281560897827 -0.80933356285095215 0.61184865236282349 0.88108640909194946 0.62053674459457397
664.10809999890625 -0.56740033626556396 0.39304590225219727 0.81428134441375732 0.39697211980819702 -0.5250542163848877 0.59318488836288452 0.93764549493789673 0.5996863842010498
815.06419999711215 -0.51603323221206665 0.37651580572128296 0.56919050216674805 0.31479153037071228 -0.43326655030250549 0.40320831537246704 0.57367277145385742 0.42103010416030884
970.08169999904931 -0.69877839088439941 0.24563702940940857 0.72678375244140625 0.28477239608764648 -0.25975149869918823 0.30202189087867737 0.64649116992950439 0.29929953813552856
1120.173599999398 -1.1415640115737915 0.24425451457500458 1.098567008972168 0.22478915750980377 -0.97674202919006348 0.22516874969005585 1.4065569639205933 0.27436554431915283
1277.0179999992251 -0.98873841762542725 0.20422476530075073 1.5832722187042236 0.21824982762336731 -1.8480383157730103 0.24992680549621582 2.6506533622741699 0.26864582300186157
1422.8827999979258 -1.3056644201278687 0.21127377450466156 1.4018943309783936 0.23831021785736084 -2.1534674167633057 0.25119608640670776 2.4211931228637695 0.24347169697284698
1567.5452999994159 -1.3314341306686401 0.21001753211021423 1.5945771932601929 0.22421723604202271 -2.1666252613067627 0.25120547413825989 2.3887674808502197 0.23605522513389587
1717.6966999974102 -1.2419679164886475 0.21346078813076019 1.610069751739502 0.22214594483375549 -2.1066815853118896 0.25154039263725281 2.1471376419067383 0.22465261816978455
1870.9255999997258 -1.1687766313552856 0.21819512546062469 1.4521663188934326 0.22051253914833069 -2.0280661582946777 0.24565783143043518 1.9994525909423828 0.23303502798080444
