38.978799998760223 -0.48672389984130859 0.40019682049751282 0.77245789766311646 0.4000486433506012 -0.45266267657279968 0.64947730302810669 0.7936665415763855 0.63525587320327759
123.48409999907017 -0.520943284034729 0.39363867044448853 0.81048017740249634 0.39196521043777466 -0.50029438734054565 0.64665305614471436 0.84060937166213989 0.62906891107559204
207.2992000002414 -0.49913915991783142 0.39996552467346191 0.76181685924530029 0.39303129911422729 -0.4625416100025177 0.64915108680725098 0.79630428552627563 0.63159269094467163
289.41729999892414 -0.51414233446121216 0.39629349112510681 0.7854769229888916 0.40302878618240356 -0.50405758619308472 0.64699965715408325 0.80214840173721313 0.63814449310302734
371.15649999864399 -0.58370471000671387 0.38720822334289551 0.84292459487915039 0.39425647258758545 -0.58056122064590454 0.64882206916809082 0.88376086950302124 0.6326366662979126
454.09470000118017 -0.59999752044677734 0.37938106060028076 0.84928923845291138 0.38282516598701477 -0.62724751234054565 0.63952004909515381 0.94701135158538818 0.62386208772659302
545.08950000070035 -0.63062632083892822 0.36754000186920166 0.78197008371353149 0.37419021129608154 -0.58856111764907837 0.58202183246612549 0.90973961353302002 0.58122897148132324
630.45720000006258 -0.55131876468658447 0.34402456879615784 0.66545784473419189 0.3474578857421875 -0.47733449935913086 0.51508712768554688 0.80071675777435303 0.49469134211540222
721.34699999913573 -0.55117344856262207 0.35983049869537354 0.58431828022003174 0.31807276606559753 -0.40235182642936707 0.45942482352256775 0.5713956356048584 0.40532580018043518
810.79319999925792 -0.44583672285079956 0.36327752470970154 0.57170999050140381 0.32477334141731262 -0.24553422629833221 0.40542528033256531 0.48324361443519592 0.37126493453979492
893.87160000018775 -0.44699177145957947 0.33487758040428162 0.63111418485641479 0.29136806726455688 -0.18378166854381561 0.38453370332717896 0.4870205819606781 0.30328726768493652
977.80000000074506 -0.63450163602828979 0.31824770569801331 0.71724259853363037 0.28729626536369324 -0.10843461751937866 0.37279775738716125 0.59368115663528442 0.32617837190628052
1063.6508999988437 -0.50579679012298584 0.33635455369949341 0.54683256149291992 0.35046172142028809 -0.33261498808860779 0.35196214914321899 0.65324842929840088 0.35374429821968079
1150.8858000002801 -0.64597457647323608 0.35708567500114441 0.79645979404449463 0.28266331553459167 -0.62794274091720581 0.28046688437461853 0.9135405421257019 0.32902058959007263
1235.0580999981612 -0.74640381336212158 0.29406806826591492 0.71639925241470337 0.27613654732704163 -1.2635649442672729 0.37344995141029358 1.5691477060317993 0.34523895382881165
1315.9547999985516 -0.76064485311508179 0.26155367493629456 1.0894527435302734 0.26325961947441101 -1.40669846534729 0.34443068504333496 1.6706924438476563 0.33934155106544495
1399.1470999997109 -0.7843964695930481 0.25991049408912659 1.1598304510116577 0.27659231424331665 -1.3650788068771362 0.33689871430397034 1.8629791736602783 0.35524210333824158
1484.3507999982685 -0.77980029582977295 0.26235780119895935 1.1012395620346069 0.26003736257553101 -1.3566136360168457 0.34439036250114441 1.9663267135620117 0.35540485382080078
1567.3397000003606 -0.84223753213882446 0.26286768913269043 1.0738416910171509 0.25246855616569519 -1.4075895547866821 0.33592650294303894 1.8529292345046997 0.34913149476051331
1655.1122999992222 -0.85381394624710083 0.27069318294525146 1.0176684856414795 0.25282445549964905 -1.565561056137085 0.35307323932647705 1.9035732746124268 0.3426765501499176
1739.7199000008404 -0.83697664737701416 0.26467454433441162 0.99437505006790161 0.246861532330513 -1.5426403284072876 0.34367585182189941 1.8960191011428833 0.33424645662307739
1821.6904999986291 -0.81787490844726563 0.27118721604347229 1.0701879262924194 0.24875852465629578 -1.5355851650238037 0.35809570550918579 1.9527208805084229 0.33639448881149292
1905.501099999994 -0.84147971868515015 0.27285116910934448 0.99950772523880005 0.24927505850791931 -1.492209792137146 0.34632661938667297 1.7895592451095581 0.3501838743686676
