40.846999999135733 -0.59233182668685913 0.40173318982124329 0.80481082201004028 0.4048316478729248 -0.55492913722991943 0.64965003728866577 0.8210102915763855 0.63507086038589478
124.17059999890625 -0.60037922859191895 0.40307998657226563 0.79595917463302612 0.4079190194606781 -0.56517976522445679 0.65582478046417236 0.82175076007843018 0.63981693983078003
209.590799998492 -0.61151397228240967 0.40038442611694336 0.8086274266242981 0.40744948387145996 -0.56842482089996338 0.6513100266456604 0.82491230964660645 0.63809335231781006
297.9488999992609 -0.6150936484336853 0.40235242247581482 0.78549057245254517 0.40853646397590637 -0.56139785051345825 0.65128856897354126 0.81058740615844727 0.64062952995300293
403.96629999764264 -0.6270596981048584 0.40560659766197205 0.77424353361129761 0.41027051210403442 -0.58043408393859863 0.65272009372711182 0.82725024223327637 0.64335054159164429
492.4463999979198 -0.62919944524765015 0.40516898036003113 0.8007543683052063 0.40988555550575256 -0.5775291919708252 0.65535140037536621 0.84819161891937256 0.64651685953140259
573.32799999974668 -0.57821029424667358 0.39873450994491577 0.74512797594070435 0.40248012542724609 -0.54030907154083252 0.65353894233703613 0.78853142261505127 0.62864917516708374
657.55969999916852 -0.66854077577590942 0.36404287815093994 0.71406865119934082 0.37579154968261719 -0.56186759471893311 0.57466119527816772 0.75555050373077393 0.57708704471588135
742.36479999870062 -0.58118540048599243 0.34184131026268005 0.7008170485496521 0.35963323712348938 -0.69044524431228638 0.52193015813827515 0.79586774110794067 0.53238308429718018
828.14199999906123 -0.42353856563568115 0.37806174159049988 0.48124620318412781 0.35204604268074036 -0.33448562026023865 0.39535057544708252 0.53304022550582886 0.39784148335456848
913.8523999992758 -0.45798614621162415 0.32253018021583557 0.63047349452972412 0.30644887685775757 -0.15039573609828949 0.36039382219314575 0.53160792589187622 0.33732461929321289
997.47919999994338 -0.54298841953277588 0.28484019637107849 0.65955668687820435 0.29846101999282837 -0.24001945555210114 0.27321797609329224 0.38286927342414856 0.29882523417472839
1085.5435999985784 -0.45011010766029358 0.32355478405952454 0.77994722127914429 0.31913059949874878 -0.30981335043907166 0.25264012813568115 0.82398051023483276 0.29355582594871521
1167.4520999994129 -0.84520977735519409 0.24670696258544922 1.0331668853759766 0.24102345108985901 -0.97327673435211182 0.27082443237304688 1.2791277170181274 0.30492362380027771
1248.0762000009418 -1.0208187103271484 0.2388778030872345 1.049872875213623 0.24324160814285278 -1.5079876184463501 0.2644401490688324 1.7484015226364136 0.28149116039276123
1329.9485999997705 -0.77817344665527344 0.25341787934303284 0.93881571292877197 0.235028475522995 -1.3182189464569092 0.28754442930221558 0.99866896867752075 0.16829435527324677
1416.196799999103 -0.85912728309631348 0.2474328875541687 1.0213266611099243 0.23934891819953918 -1.3786600828170776 0.29295951128005981 1.4227561950683594 0.22371302545070648
1496.4984999988228 -0.9263845682144165 0.24669873714447021 1.0151404142379761 0.24623946845531464 -1.5002728700637817 0.30109766125679016 1.6382925510406494 0.24479472637176514
1581.6359999999404 -0.92712992429733276 0.2458832710981369 1.056988000869751 0.2439812570810318 -1.6185622215270996 0.29853859543800354 1.680061936378479 0.24753956496715546
1667.4440999981016 -1.2075808048248291 0.24953439831733704 1.2743284702301025 0.23748916387557983 -2.058274507522583 0.29500269889831543 1.6072911024093628 0.21128080785274506
1750.310399999842 -1.1644511222839355 0.24444480240345001 1.2920960187911987 0.24619266390800476 -2.092522144317627 0.29227301478385925 2.1715853214263916 0.23737651109695435
1834.7751999981701 -1.2163538932800293 0.23656022548675537 1.5157450437545776 0.23604999482631683 -2.2020485401153564 0.28537279367446899 2.5179281234741211 0.23531284928321838
1929.4013999998569 -1.221879243850708 0.23698864877223969 1.4928704500198364 0.23759114742279053 -2.1711325645446777 0.27765059471130371 2.5288798809051514 0.22803628444671631
