34.669999998062849 -0.54947578907012939 0.40266141295433044 0.73326259851455688 0.40799665451049805 -0.51626664400100708 0.65239697694778442 0.7682952880859375 0.64286196231842041
116.71919999830425 -0.58326208591461182 0.40351992845535278 0.79312855005264282 0.40695354342460632 -0.537067711353302 0.65174520015716553 0.83113718032836914 0.63966256380081177
200.65619999915361 -0.55221611261367798 0.40471956133842468 0.7796400785446167 0.41107934713363647 -0.50323623418807983 0.65794026851654053 0.82747077941894531 0.64479976892471313
283.90069999918342 -0.5312650203704834 0.40601399540901184 0.74426513910293579 0.40917512774467468 -0.49539104104042053 0.6579621434211731 0.79394698143005371 0.64168071746826172
369.97539999894798 -0.54450327157974243 0.4039880633354187 0.75683087110519409 0.4088042676448822 -0.49401870369911194 0.65257060527801514 0.78930544853210449 0.64154738187789917
455.14829999953508 -0.58771049976348877 0.40531435608863831 0.81872457265853882 0.40879440307617188 -0.52869307994842529 0.66130602359771729 0.87075477838516235 0.64299142360687256
541.01679999940097 -0.66820496320724487 0.39530465006828308 0.78551024198532104 0.40835478901863098 -0.65814989805221558 0.65643501281738281 0.84353899955749512 0.64416784048080444
623.95199999958277 -0.65297245979309082 0.3774179220199585 0.80327892303466797 0.3882700502872467 -0.65822583436965942 0.6336829662322998 0.82462614774703979 0.60613775253295898
709.75100000016391 -0.61360156536102295 0.3549044132232666 0.73824429512023926 0.37269461154937744 -0.53620874881744385 0.56992614269256592 0.75566184520721436 0.5682559609413147
800.72910000011325 -0.57896178960800171 0.34375128149986267 0.52578884363174438 0.36879709362983704 -0.57760542631149292 0.50330859422683716 0.60616540908813477 0.49020016193389893
890.87700000032783 -0.4319327175617218 0.3652692437171936 0.56492507457733154 0.33979436755180359 -0.32119655609130859 0.39552947878837585 0.59497207403182983 0.38855835795402527
976.80219999887049 -0.61848890781402588 0.31211987137794495 0.49023839831352234 0.32571259140968323 -0.14544409513473511 0.3528115451335907 0.5624803900718689 0.35226637125015259
1064.3956999983639 -0.52593380212783813 0.28350961208343506 0.60874730348587036 0.28666594624519348 -0.084600813686847687 0.32716232538223267 0.42663392424583435 0.29042363166809082
1150.005099998787 -0.55586749315261841 0.28867453336715698 0.63281059265136719 0.290021151304245 -0.085738152265548706 0.33128440380096436 0.45245549082756042 0.29981032013893127
1229.5911999996752 -0.56376421451568604 0.32543933391571045 0.53972703218460083 0.3317984938621521 -0.47940441966056824 0.24765478074550629 0.63306921720504761 0.31062233448028564
1311.700300000608 -0.98652660846710205 0.32427224516868591 0.61018037796020508 0.28774762153625488 -0.78378009796142578 0.24745556712150574 0.77824395895004272 0.2870166003704071
1399.2852999996394 -0.79904741048812866 0.27980691194534302 1.0640207529067993 0.2450719028711319 -0.97711420059204102 0.32588309049606323 1.2894734144210815 0.30461513996124268
1487.8423999994993 -0.79956132173538208 0.25074172019958496 0.92624503374099731 0.23029667139053345 -1.2955465316772461 0.32166892290115356 0.90513265132904053 0.24951827526092529
1570.9813999980688 -0.78386449813842773 0.27130711078643799 1.1072437763214111 0.24255691468715668 -1.3118569850921631 0.33713111281394958 1.4273403882980347 0.22946731746196747
1657.5597999989986 -0.78687453269958496 0.26282089948654175 0.95277500152587891 0.24927984178066254 -1.3207591772079468 0.32783934473991394 1.5758229494094849 0.27010965347290039
1738.6416999995708 -0.80994600057601929 0.25605049729347229 0.98785495758056641 0.25582990050315857 -1.3295769691467285 0.32259741425514221 1.1975834369659424 0.21686699986457825
1823.9208999983966 -0.84730684757232666 0.26211711764335632 0.8637959361076355 0.24767105281352997 -1.3764593601226807 0.31891122460365295 1.080348014831543 0.20292885601520538
1906.734999999404 -0.8927006721496582 0.26177969574928284 0.78774821758270264 0.24858419597148895 -1.4858332872390747 0.32933425903320313 0.89008086919784546 0.19910556077957153
1995.100399998948 -0.86887156963348389 0.25955897569656372 0.78157955408096313 0.2493336945772171 -1.451144814491272 0.32167339324951172 0.98483180999755859 0.19857993721961975
