74.234300000593066 -0.57931387424468994 0.41279199719429016 0.67326730489730835 0.43330782651901245 -0.61976957321166992 0.6767418384552002 0.69364464282989502 0.68744820356369019
168.00720000080764 -0.55072039365768433 0.41595444083213806 0.68816286325454712 0.43106189370155334 -0.57711690664291382 0.68023812770843506 0.70607107877731323 0.68321877717971802
252.66609999909997 -0.63795745372772217 0.4058595597743988 0.65028524398803711 0.42114388942718506 -0.60788202285766602 0.67743575572967529 0.69369792938232422 0.67750126123428345
338.79860000126064 -0.57114583253860474 0.41217565536499023 0.68101346492767334 0.42917287349700928 -0.58992385864257813 0.67450416088104248 0.71565377712249756 0.68315219879150391
422.56420000083745 -0.57661044597625732 0.41553887724876404 0.67521190643310547 0.41905099153518677 -0.6140790581703186 0.68818038702011108 0.74770188331604004 0.66893982887268066
504.87550000101328 -0.65086925029754639 0.4060552716255188 0.65052151679992676 0.41061675548553467 -0.62171041965484619 0.63736778497695923 0.7176814079284668 0.65304780006408691
601.70920000039041 -0.72648823261260986 0.3935818076133728 0.5903436541557312 0.3941841721534729 -0.70829707384109497 0.62028640508651733 0.75266182422637939 0.61342382431030273
685.5061000008136 -0.70591706037521362 0.38921752572059631 0.61366105079650879 0.37900763750076294 -0.71598780155181885 0.60663604736328125 0.72986942529678345 0.59217143058776855
771.67200000025332 -0.67322456836700439 0.37511506676673889 0.55941832065582275 0.36607003211975098 -0.74959844350814819 0.58176600933074951 0.6868431568145752 0.54588770866394043
855.88960000127554 -0.75268667936325073 0.38118496537208557 0.6102529764175415 0.3910275399684906 -0.82795935869216919 0.57179230451583862 0.65519505739212036 0.54418486356735229
935.58500000089407 -0.80060487985610962 0.3902474045753479 0.52780002355575562 0.42244991660118103 -0.85255622863769531 0.58724915981292725 0.54695785045623779 0.63435208797454834
1017.6106000002474 -0.75165069103240967 0.42313161492347717 0.57134449481964111 0.42518043518066406 -0.78694730997085571 0.6848108172416687 0.57900971174240112 0.6243935227394104
1103.5509000010788 -0.73945736885070801 0.47908544540405273 0.68664103746414185 0.4628845751285553 -0.80747014284133911 0.73599153757095337 0.73808145523071289 0.71799194812774658
1187.4956000000238 -0.7952955961227417 0.46776708960533142 0.71227151155471802 0.49055144190788269 -0.89769119024276733 0.75090968608856201 1.1723682880401611 0.75962871313095093
1269.134600000456 -0.82820504903793335 0.37958505749702454 0.67806738615036011 0.40297785401344299 -1.0536834001541138 0.5810772180557251 1.1093184947967529 0.57200109958648682
1351.1229000017047 -0.94517785310745239 0.32440242171287537 0.52107644081115723 0.30264735221862793 -1.1690522432327271 0.35756659507751465 0.89272427558898926 0.38512846827507019
1431.7785000018775 -1.0939298868179321 0.30713281035423279 0.71926617622375488 0.31764170527458191 -1.3831651210784912 0.31702184677124023 1.0092463493347168 0.364744633436203
1516.0562000013888 -0.96056252717971802 0.31041115522384644 0.72217071056365967 0.30958744883537292 -1.2051749229431152 0.30743634700775146 1.0053560733795166 0.36123305559158325
1602.6276000011712 -1.1663367748260498 0.32252806425094604 0.78109687566757202 0.32216036319732666 -1.3404368162155151 0.3015684187412262 1.169806957244873 0.37021887302398682
1685.2305000014603 -1.0279582738876343 0.31503286957740784 0.77101826667785645 0.32536754012107849 -1.2893302440643311 0.31699502468109131 1.1244348287582397 0.36983585357666016
1765.6170000005513 -1.0428959131240845 0.30568251013755798 0.75758761167526245 0.33314540982246399 -1.3293746709823608 0.33141675591468811 1.1205685138702393 0.37534108757972717
1853.7759000007063 -1.0466403961181641 0.31460058689117432 0.71513408422470093 0.32959067821502686 -1.3473664522171021 0.33817631006240845 1.0929738283157349 0.37765982747077942
1937.5762000009418 -1.0237857103347778 0.31806185841560364 0.76040852069854736 0.34167191386222839 -1.269728422164917 0.34214550256729126 1.1304044723510742 0.38455682992935181
