67.976800000295043 -0.81473052501678467 0.41530793905258179 0.63341677188873291 0.44953152537345886 -0.94605082273483276 0.65093261003494263 0.89445579051971436 0.68437302112579346
152.82970000011846 -0.83232986927032471 0.41911581158638 0.66024047136306763 0.45199921727180481 -0.85422974824905396 0.66957592964172363 0.95344841480255127 0.68774855136871338
233.5937000005506 -0.80250376462936401 0.41358593106269836 0.99932146072387695 0.44259500503540039 -0.84410750865936279 0.66213250160217285 0.89951521158218384 0.68757069110870361
316.38040000060573 -0.84730076789855957 0.41978934407234192 0.99396347999572754 0.44190022349357605 -1.0092595815658569 0.65211397409439087 0.90750277042388916 0.68917334079742432
403.0539000001736 -0.85309123992919922 0.42428949475288391 0.93573188781738281 0.44407498836517334 -0.89420098066329956 0.67163419723510742 0.87640905380249023 0.69214648008346558
486.79300000006333 -0.8423810601234436 0.42793625593185425 0.93818622827529907 0.44984695315361023 -0.9223097562789917 0.66980034112930298 0.91702878475189209 0.68572062253952026
568.50909999990836 -0.89136528968811035 0.41374346613883972 0.94700539112091064 0.43488311767578125 -0.61597692966461182 0.62092876434326172 0.91625857353210449 0.66591274738311768
655.68930000020191 -0.88793402910232544 0.4102228581905365 0.97229546308517456 0.44120481610298157 -0.64301782846450806 0.6167868971824646 0.99727296829223633 0.66969716548919678
739.98000000044703 -0.69276136159896851 0.4240415096282959 0.92412108182907104 0.44240689277648926 -0.65537744760513306 0.64626967906951904 0.96724891662597656 0.67470467090606689
822.54279999993742 -0.74580168724060059 0.42537617683410645 0.9783664345741272 0.44294202327728271 -0.76992827653884888 0.66204917430877686 1.0677099227905273 0.6665198802947998
903.9464000002481 -0.92202198505401611 0.38236501812934875 1.0962216854095459 0.41279894113540649 -0.98841738700866699 0.59689778089523315 1.0066158771514893 0.63545328378677368
1012.5882000001147 -0.90486055612564087 0.35402995347976685 1.0334949493408203 0.39065000414848328 -0.98707205057144165 0.57408952713012695 0.94518673419952393 0.60788255929946899
1111.3314999998547 -1.0018682479858398 0.32416549324989319 0.9681541919708252 0.35799428820610046 -1.029102087020874 0.50638455152511597 0.86811572313308716 0.57307994365692139
1199.9553000004962 -1.0033477544784546 0.34604468941688538 0.87079960107803345 0.39217698574066162 -1.0194411277770996 0.57273268699645996 0.68532216548919678 0.58463233709335327
1284.9553000000305 -0.89315026998519897 0.4174419641494751 0.57860714197158813 0.43996372818946838 -0.94522392749786377 0.64550065994262695 0.75793778896331787 0.63856834173202515
1371.0368000003509 -0.90900552272796631 0.46909701824188232 0.59327113628387451 0.50670576095581055 -0.92930799722671509 0.70762348175048828 0.87616574764251709 0.77200675010681152
1452.5908999997191 -0.8379477858543396 0.46134757995605469 0.66539448499679565 0.49384585022926331 -1.029489278793335 0.70645612478256226 1.0810401439666748 0.7575715184211731
1539.4986000000499 -0.8550180196762085 0.35386753082275391 0.76760554313659668 0.36934718489646912 -1.1496654748916626 0.5330885648727417 1.00209641456604 0.50785273313522339
1621.87770000007 -0.84023374319076538 0.39897963404655457 0.88391852378845215 0.39923667907714844 -0.98903560638427734 0.30544686317443848 1.2019621133804321 0.38866263628005981
1707.2831000005826 -0.8455243706703186 0.35594651103019714 0.84197866916656494 0.38689756393432617 -0.93357396125793457 0.31807857751846313 1.281123161315918 0.37071782350540161
1792.771899999585 -0.88753503561019897 0.3632243275642395 0.76028996706008911 0.3843187689781189 -0.83002465963363647 0.28932783007621765 1.2000700235366821 0.3716692328453064
1876.9531999998726 -0.97996705770492554 0.34887591004371643 0.8337407112121582 0.39306822419166565 -0.87379896640777588 0.3024299144744873 1.1703393459320068 0.37717610597610474
1961.4663000004366 -0.85216838121414185 0.34573474526405334 0.80778926610946655 0.38899606466293335 -0.89866560697555542 0.31083387136459351 1.2176252603530884 0.37993332743644714
