0.0 -0.8377869725227356 0.40805572271347046 0.90160918235778809 0.40290153026580811 -0.73750633001327515 0.65436577796936035 0.9286842942237854 0.62254178524017334
90.043399998918176 -0.81547099351882935 0.40514418482780457 0.90904110670089722 0.40086355805397034 -0.72415369749069214 0.65220534801483154 0.93356335163116455 0.62160831689834595
173.37329999916255 -0.84517836570739746 0.40783751010894775 0.9108206033706665 0.40275043249130249 -0.75020956993103027 0.6497567892074585 0.91689813137054443 0.62650781869888306
260.96360000036657 -0.79617208242416382 0.40670004487037659 0.95328068733215332 0.407875657081604 -0.71756434440612793 0.6547316312789917 0.96699917316436768 0.6313585638999939
346.30429999902844 -0.81540936231613159 0.41029950976371765 0.94673001766204834 0.40739518404006958 -0.73551249504089355 0.66297310590744019 0.95260673761367798 0.63562566041946411
432.65729999914765 -0.81094777584075928 0.40810924768447876 0.94538062810897827 0.41133424639701843 -0.74965673685073853 0.67032510042190552 0.92996293306350708 0.64372050762176514
514.05539999902248 -0.62571901082992554 0.40414902567863464 0.67236793041229248 0.4066796600818634 -0.6028868556022644 0.67170459032058716 0.67734420299530029 0.63850408792495728
596.73480000160635 -0.59934800863265991 0.41539314389228821 0.66186255216598511 0.40493091940879822 -0.65234631299972534 0.6801033616065979 0.68540674448013306 0.63392853736877441
683.91710000112653 -0.63267761468887329 0.40912970900535583 0.68849921226501465 0.40318039059638977 -0.71338367462158203 0.67928016185760498 0.72591638565063477 0.63541656732559204
774.44820000045002 -0.59769552946090698 0.41142174601554871 0.70900911092758179 0.41368186473846436 -0.67548173666000366 0.67384672164916992 0.75633341073989868 0.66063398122787476
860.25019999779761 -0.65759658813476563 0.38917061686515808 0.68178105354309082 0.39057832956314087 -0.73046618700027466 0.60985696315765381 0.89702069759368896 0.62136369943618774
945.08090000040829 -0.66389703750610352 0.38512176275253296 0.66886436939239502 0.38385486602783203 -0.783355712890625 0.60512757301330566 0.84285145998001099 0.57127737998962402
1028.2293999996036 -0.75016516447067261 0.36664864420890808 0.64294624328613281 0.35926398634910583 -0.88119620084762573 0.56653445959091187 0.80755716562271118 0.54369306564331055
1111.7856000009924 -0.80139797925949097 0.36233627796173096 0.5942995548248291 0.34443745017051697 -0.9356655478477478 0.55734193325042725 0.67373234033584595 0.49618154764175415
1199.3836000002921 -0.84801483154296875 0.37109410762786865 0.57814925909042358 0.3588775098323822 -0.89511150121688843 0.55643832683563232 0.62577915191650391 0.51431107521057129
1283.8694000020623 -0.79682040214538574 0.39034250378608704 0.53065973520278931 0.38988244533538818 -0.82816553115844727 0.59789824485778809 0.76030725240707397 0.58912712335586548
1368.7915000021458 -0.79615277051925659 0.4762938916683197 0.74516826868057251 0.46794936060905457 -0.84729135036468506 0.73059290647506714 0.8079865574836731 0.72900784015655518
1456.2100000008941 -1.0380840301513672 0.42586848139762878 0.77918869256973267 0.45701521635055542 -1.2475055456161499 0.69105851650238037 1.3152414560317993 0.71906626224517822
1536.1687000002712 -0.95552510023117065 0.36286625266075134 0.7419893741607666 0.34918221831321716 -1.1305615901947021 0.53717762231826782 1.4195919036865234 0.54466396570205688
1619.6381000000983 -0.96015655994415283 0.30324980616569519 0.67993098497390747 0.36964309215545654 -1.336226224899292 0.38734772801399231 1.2387616634368896 0.3919183611869812
1706.3476999998093 -1.0177111625671387 0.2989899218082428 0.8489411473274231 0.36440989375114441 -1.0624966621398926 0.34111830592155457 1.326230525970459 0.31115534901618958
1792.3546000011265 -1.1464484930038452 0.29019930958747864 0.96405231952667236 0.34084904193878174 -1.5270165205001831 0.29318958520889282 1.4825917482376099 0.30598542094230652
1878.7286000009626 -1.1894418001174927 0.2872127890586853 0.95596009492874146 0.33129563927650452 -1.4947104454040527 0.29690679907798767 1.376509428024292 0.28438308835029602
1964.399600001052 -1.2838407754898071 0.2950652539730072 1.0180084705352783 0.32631638646125793 -1.5362707376480103 0.2726266086101532 1.3929445743560791 0.27562141418457031
