91.606300000101328 -0.64059329032897949 0.40714177489280701 0.66528517007827759 0.40547320246696472 -0.61069053411483765 0.61884361505508423 0.74933254718780518 0.61954706907272339
245.2903000023216 -0.630950927734375 0.41055953502655029 0.67163503170013428 0.40651026368141174 -0.59999799728393555 0.61856770515441895 0.77078455686569214 0.61700868606567383
397.12830000184476 -0.61440277099609375 0.40868154168128967 0.66478812694549561 0.41210740804672241 -0.59617805480957031 0.6172490119934082 0.75696814060211182 0.62445610761642456
545.39059999957681 -0.64602512121200562 0.40541189908981323 0.67206990718841553 0.41319504380226135 -0.6022874116897583 0.61458730697631836 0.76200622320175171 0.6207423210144043
693.47930000163615 -0.64238911867141724 0.40034639835357666 0.68760854005813599 0.39832815527915955 -0.59985911846160889 0.60382920503616333 0.81013768911361694 0.61973673105239868
845.3000000026077 -0.71443849802017212 0.39437302947044373 0.68431252241134644 0.39943915605545044 -0.77514725923538208 0.59846138954162598 0.82527673244476318 0.60537451505661011
999.68600000068545 -0.82719814777374268 0.3843778669834137 0.68770343065261841 0.3361588716506958 -0.90427368879318237 0.56773918867111206 0.97693043947219849 0.54180115461349487
1150.4921000003815 -0.8012470006942749 0.30717185139656067 0.56540405750274658 0.28563070297241211 -0.8788444995880127 0.46412181854248047 0.785594642162323 0.40815043449401855
1299.4999000020325 -0.7597358226776123 0.29081100225448608 0.53106880187988281 0.28829067945480347 -0.93800991773605347 0.41309404373168945 0.62732237577438354 0.39645871520042419
1454.3051000013947 -0.91906338930130005 0.38761967420578003 0.68794155120849609 0.38837194442749023 -0.95819312334060669 0.57110428810119629 0.80296123027801514 0.58439141511917114
1612.7851000018418 -1.0657849311828613 0.41334995627403259 0.6461721658706665 0.42387792468070984 -1.1942806243896484 0.64392346143722534 1.1299014091491699 0.62711715698242188
1762.7777000013739 -0.82338762283325195 0.2957804799079895 0.66512316465377808 0.36832228302955627 -0.8273811936378479 0.36658826470375061 0.87600445747375488 0.37165325880050659
1925.0815000012517 -0.94322896003723145 0.24973312020301819 0.77059507369995117 0.34612390398979187 -1.2226556539535522 0.31350469589233398 0.63500082492828369 0.34400704503059387
