15.633899999782443 -0.52324986457824707 0.39292329549789429 0.73701614141464233 0.40086781978607178 -0.77680766582489014 0.59693467617034912 0.76980888843536377 0.6143983006477356
175.670399999246 -0.53814703226089478 0.39840793609619141 0.72117763757705688 0.4012986421585083 -0.77881413698196411 0.60136592388153076 0.74157780408859253 0.61152410507202148
333.84029999934137 -0.57093983888626099 0.40762317180633545 0.70596879720687866 0.4072272777557373 -0.53745740652084351 0.60792058706283569 0.74929296970367432 0.61446678638458252
492.68049999885261 -0.57365083694458008 0.40393349528312683 0.71146464347839355 0.41059392690658569 -0.57205533981323242 0.61510014533996582 0.77265316247940063 0.62448692321777344
635.09780000150204 -0.60633111000061035 0.40287899971008301 0.68791365623474121 0.41528913378715515 -0.60977953672409058 0.61158221960067749 0.73598325252532959 0.63071006536483765
784.88539999909699 -0.6656639575958252 0.40726479887962341 0.62831103801727295 0.3967953622341156 -0.64427465200424194 0.61670386791229248 0.73810708522796631 0.61960560083389282
944.21059999987483 -0.7794005274772644 0.3904883861541748 0.65875792503356934 0.39036732912063599 -0.84963029623031616 0.5889931321144104 0.83233016729354858 0.59214240312576294
1099.9222999997437 -0.79468387365341187 0.36359447240829468 0.6628909707069397 0.33205455541610718 -0.9333997368812561 0.54470545053482056 0.9135439395904541 0.51209747791290283
1254.5141000002623 -0.78837376832962036 0.32316499948501587 0.68851190805435181 0.30237570405006409 -0.83272433280944824 0.48337370157241821 0.85866242647171021 0.4527566134929657
1402.2214999999851 -0.80219238996505737 0.34048974514007568 0.75308346748352051 0.34406429529190063 -0.91857391595840454 0.51418602466583252 0.94493448734283447 0.50326663255691528
1555.4204000011086 -1.001508355140686 0.4287465512752533 0.83817881345748901 0.47869491577148438 -1.4455922842025757 0.63894611597061157 0.92427009344100952 0.69671213626861572
1708.0548000000417 -0.78976732492446899 0.34763047099113464 0.78960227966308594 0.37096783518791199 -1.0661202669143677 0.48519673943519592 1.1664798259735107 0.47982731461524963
1865.5343999993056 -0.95631897449493408 0.33767774701118469 0.78194218873977661 0.35180091857910156 -0.93362283706665039 0.25853961706161499 1.0161863565444946 0.29101130366325378
