9.9339999998919666 -0.84764009714126587 0.43448999524116516 0.8956025242805481 0.45937785506248474 -0.58890008926391602 0.63211774826049805 0.99346935749053955 0.68600362539291382
92.094099999871105 -0.86355435848236084 0.43108397722244263 0.88185042142868042 0.45595961809158325 -0.60763293504714966 0.62918519973754883 0.94159573316574097 0.68018627166748047
177.05339999962598 -0.84439557790756226 0.4363301694393158 0.85713309049606323 0.46064093708992004 -0.57923156023025513 0.63705968856811523 0.92949444055557251 0.68587607145309448
262.94699999969453 -0.91667425632476807 0.42555618286132813 0.84377413988113403 0.46564286947250366 -0.59174096584320068 0.64488828182220459 0.95761018991470337 0.68719154596328735
343.19399999966845 -0.64983975887298584 0.43898633122444153 0.81812810897827148 0.46473297476768494 -0.60712450742721558 0.64640307426452637 0.97470736503601074 0.67882615327835083
426.83119999989867 -0.6865156888961792 0.44680219888687134 0.8028988242149353 0.46064132452011108 -0.61662423610687256 0.65641278028488159 0.96643388271331787 0.67690509557723999
520.76629999978468 -0.73164844512939453 0.43834257125854492 0.81775134801864624 0.46713924407958984 -0.67763739824295044 0.66992908716201782 1.0125633478164673 0.68320930004119873
606.51029999973252 -0.80077344179153442 0.42358449101448059 0.82718116044998169 0.45042768120765686 -0.79223161935806274 0.66241347789764404 0.83104038238525391 0.67813926935195923
694.08509999932721 -0.83559006452560425 0.42594215273857117 0.89190930128097534 0.44727900624275208 -0.85255241394042969 0.66615313291549683 0.87452471256256104 0.67995929718017578
780.70959999971092 -0.95008218288421631 0.39249184727668762 0.54888129234313965 0.45861625671386719 -0.92736971378326416 0.67370259761810303 0.79855793714523315 0.69143944978713989
862.4816999998875 -0.952808678150177 0.46286892890930176 0.60216528177261353 0.52335119247436523 -1.0921049118041992 0.71142339706420898 0.947021484375 0.78548789024353027
946.85169999999925 -0.87579286098480225 0.45336240530014038 0.6586226224899292 0.48962840437889099 -1.1223142147064209 0.6803475022315979 1.0519057512283325 0.75050324201583862
1072.6793999997899 -0.90951377153396606 0.358897864818573 0.77933508157730103 0.37123310565948486 -1.3107215166091919 0.56643790006637573 0.95879000425338745 0.48356401920318604
1159.2192000001669 -0.94706153869628906 0.3583579957485199 0.81191414594650269 0.40363499522209167 -1.0851953029632568 0.3396611213684082 1.2047867774963379 0.30950117111206055
1246.6905000000261 -0.98014217615127563 0.3610711395740509 0.80747240781784058 0.39762935042381287 -1.1686538457870483 0.34150645136833191 1.2176330089569092 0.30032819509506226
1330.6929999999702 -1.1866376399993896 0.36292508244514465 0.88335967063903809 0.39133810997009277 -1.1646347045898438 0.30723714828491211 1.3240195512771606 0.30515843629837036
1416.9422999997623 -1.1752132177352905 0.36209303140640259 0.87305670976638794 0.38601541519165039 -1.2180147171020508 0.309958815574646 0.83768641948699951 0.33010819554328918
1507.0958999996074 -1.1428062915802002 0.3584747314453125 0.85001474618911743 0.39045587182044983 -1.1389056444168091 0.31382682919502258 1.2034152746200562 0.32006445527076721
1593.0117999999784 -1.1245284080505371 0.36371803283691406 0.87952715158462524 0.39612632989883423 -1.1194862127304077 0.32088163495063782 1.2215139865875244 0.32718214392662048
1676.5712999999523 -1.1075787544250488 0.3640759289264679 0.90319705009460449 0.39675682783126831 -1.0363398790359497 0.31559845805168152 1.2496925592422485 0.32423004508018494
1764.5898000001907 -1.154266357421875 0.3603191077709198 0.92210990190505981 0.39235305786132813 -1.1169703006744385 0.31849297881126404 0.82863962650299072 0.33636882901191711
1849.7814999995753 -1.1233973503112793 0.3618701696395874 0.91646856069564819 0.39614823460578918 -1.085052490234375 0.32869327068328857 1.3083785772323608 0.32183137536048889
1939.5498999995179 -1.0870933532714844 0.36130547523498535 0.95728600025177002 0.39390289783477783 -1.0897289514541626 0.31544172763824463 1.3695857524871826 0.32588624954223633
