29.506299998611212 -0.67915183305740356 0.41113102436065674 0.53869432210922241 0.40449410676956177 -0.59589612483978271 0.62616968154907227 0.6723480224609375 0.62092041969299316
184.90699999779463 -0.68679308891296387 0.41101366281509399 0.53485435247421265 0.40703365206718445 -0.59433037042617798 0.62538206577301025 0.57776445150375366 0.60436379909515381
351.55389999784529 -0.69421398639678955 0.40484338998794556 0.49961116909980774 0.39913499355316162 -0.62106519937515259 0.62242424488067627 0.57394498586654663 0.60313904285430908
511.21019999869168 -0.79577970504760742 0.39889413118362427 0.62204205989837646 0.4016089141368866 -0.81680285930633545 0.60897660255432129 0.78219056129455566 0.59460276365280151
662.94839999824762 -0.82338392734527588 0.38641828298568726 0.64358615875244141 0.35172444581985474 -0.90912187099456787 0.57963991165161133 0.91505777835845947 0.56926810741424561
823.66589999757707 -0.90989714860916138 0.35239684581756592 0.62560296058654785 0.34448626637458801 -0.86602950096130371 0.52170437574386597 0.90711671113967896 0.4751010537147522
983.65849999897182 -0.89047026634216309 0.34206277132034302 0.64491689205169678 0.33797004818916321 -0.85311681032180786 0.51307040452957153 0.88383692502975464 0.48054486513137817
1139.885399999097 -0.8763657808303833 0.41682741045951843 0.77723211050033569 0.42382627725601196 -0.96887284517288208 0.61582076549530029 0.90591967105865479 0.64841359853744507
1297.0007000006735 -0.87914019823074341 0.39293453097343445 0.89972096681594849 0.40558513998985291 -0.92015701532363892 0.58004903793334961 1.1383273601531982 0.5880703330039978
1449.2692999988794 -1.0392454862594604 0.28775498270988464 0.83662217855453491 0.30854025483131409 -1.229299783706665 0.28279739618301392 0.83060437440872192 0.21937963366508484
1598.2701999992132 -0.77181482315063477 0.25664669275283813 0.89916223287582397 0.27723386883735657 -1.0025749206542969 0.17821545898914337 1.0306836366653442 0.18300585448741913
1749.8050999976695 -0.92167514562606812 0.25489011406898499 0.76242446899414063 0.29170602560043335 -1.2159850597381592 0.19308023154735565 0.87402671575546265 0.22080464661121368
1901.1828999985009 -0.78756880760192871 0.2551196813583374 0.93837374448776245 0.28183397650718689 -1.0797497034072876 0.18530005216598511 1.0682984590530396 0.20332211256027222
