45.492300000041723 -0.55530786514282227 0.40410250425338745 0.66813141107559204 0.39815652370452881 -0.47510078549385071 0.65380209684371948 0.75191861391067505 0.62475425004959106
130.33469999954104 -0.72798377275466919 0.40517041087150574 0.897055983543396 0.40219387412071228 -0.6122056245803833 0.64926350116729736 0.98811489343643188 0.62674492597579956
218.24079999700189 -0.55852502584457397 0.39671772718429565 0.6817588210105896 0.40266144275665283 -0.48105552792549133 0.64663404226303101 0.76096230745315552 0.62769681215286255
301.84419999830425 -0.56780129671096802 0.40228340029716492 0.6689831018447876 0.40163356065750122 -0.49718448519706726 0.64916950464248657 0.75646859407424927 0.62937557697296143
384.00659999810159 -0.58933937549591064 0.40216827392578125 0.67860656976699829 0.40527588129043579 -0.51814818382263184 0.65606623888015747 0.73829835653305054 0.63243532180786133
466.05539999902248 -0.53192895650863647 0.40264013409614563 0.71688014268875122 0.40544703602790833 -0.46436893939971924 0.65097784996032715 0.77766400575637817 0.63427448272705078
554.79559999704361 -0.53974586725234985 0.40430054068565369 0.69501954317092896 0.39696332812309265 -0.44737353920936584 0.6473810076713562 0.76975065469741821 0.62066191434860229
642.8838999979198 -0.56942147016525269 0.41398483514785767 0.69268780946731567 0.39727994799613953 -0.50594192743301392 0.6624484658241272 0.75940382480621338 0.62185245752334595
729.15009999834001 -0.51868462562561035 0.40353813767433167 0.7428208589553833 0.39127802848815918 -0.58025497198104858 0.65225362777709961 0.82925558090209961 0.61886018514633179
816.89069999940693 -0.56110274791717529 0.40696251392364502 0.72363412380218506 0.39996501803398132 -0.58552271127700806 0.65126395225524902 0.81327062845230103 0.63010793924331665
898.87319999746978 -0.59488314390182495 0.38506236672401428 0.7553255558013916 0.38157927989959717 -0.60538637638092041 0.58877301216125488 0.8252606987953186 0.60759139060974121
985.02249999903142 -0.60764855146408081 0.38515004515647888 0.72655797004699707 0.37158966064453125 -0.68589740991592407 0.595447838306427 0.93447577953338623 0.56373172998428345
1089.5316999983042 -0.63911539316177368 0.38524386286735535 0.74171799421310425 0.37086352705955505 -0.73954975605010986 0.58504772186279297 0.87062883377075195 0.55431890487670898
1173.1571999993175 -0.67545580863952637 0.37985846400260925 0.65401154756546021 0.3689916729927063 -0.73138922452926636 0.57378292083740234 0.86622244119644165 0.53788894414901733
1257.2836999986321 -0.66664308309555054 0.38485583662986755 0.61870008707046509 0.38677805662155151 -0.74345380067825317 0.58348000049591064 0.84396183490753174 0.55921930074691772
1340.4597999975085 -0.66091156005859375 0.42829996347427368 0.6829451322555542 0.43757373094558716 -0.72749084234237671 0.69801580905914307 0.87028229236602783 0.66705065965652466
1425.3301999978721 -0.71602541208267212 0.45947125554084778 0.89673805236816406 0.47659590840339661 -0.76663923263549805 0.72166866064071655 0.94095587730407715 0.7315899133682251
1516.1884000003338 -0.78127926588058472 0.44062650203704834 0.7242775559425354 0.42854210734367371 -0.92208248376846313 0.67881309986114502 1.108878493309021 0.67464363574981689
1606.3580999989063 -0.74844831228256226 0.36212998628616333 0.76523178815841675 0.33362165093421936 -0.88860046863555908 0.51705807447433472 1.1948682069778442 0.51801556348800659
1695.8240999989212 -0.94436615705490112 0.30681464076042175 0.87330853939056396 0.37860068678855896 -1.137598991394043 0.34326690435409546 1.0891327857971191 0.35321724414825439
1785.2127999998629 -0.94198393821716309 0.28888720273971558 1.0060573816299438 0.37003162503242493 -1.0569171905517578 0.28895208239555359 1.087035059928894 0.27416008710861206
1865.7616999987513 -1.0993715524673462 0.30103936791419983 1.2684601545333862 0.35881733894348145 -1.1828045845031738 0.26993665099143982 1.2909348011016846 0.28253173828125
1950.8970999978483 -0.86767321825027466 0.30051505565643311 1.2213926315307617 0.38258785009384155 -1.115584135055542 0.27205172181129456 1.1487940549850464 0.28779000043869019
