28.510899998247623 -0.59450161457061768 0.39824816584587097 0.74607294797897339 0.38166415691375732 -0.58860230445861816 0.60330092906951904 0.90432071685791016 0.61186528205871582
185.89809999801219 -0.58744412660598755 0.39502966403961182 0.70734989643096924 0.38350433111190796 -0.5911598801612854 0.60549718141555786 0.78160828351974487 0.60615277290344238
344.08339999802411 -0.65787243843078613 0.39408901333808899 0.72160154581069946 0.39050039649009705 -0.64873760938644409 0.5988919734954834 0.88086396455764771 0.61087691783905029
500.8847000002861 -0.70766329765319824 0.39083403348922729 0.66780471801757813 0.37490499019622803 -0.69284969568252563 0.59593766927719116 0.82008683681488037 0.5894237756729126
648.68780000135303 -0.74705815315246582 0.3898845911026001 0.70908558368682861 0.36001208424568176 -0.80479204654693604 0.58545136451721191 0.94069075584411621 0.58359038829803467
797.98109999857843 -0.73671215772628784 0.35777640342712402 0.61638212203979492 0.32915031909942627 -0.80143618583679199 0.55559098720550537 0.90375107526779175 0.50390046834945679
950.10019999928772 -0.85000848770141602 0.29294499754905701 0.54694151878356934 0.29576113820075989 -0.92156893014907837 0.43653830885887146 0.57968896627426147 0.41998040676116943
1095.9980000015348 -0.92448985576629639 0.32545557618141174 0.5230669379234314 0.34379872679710388 -0.87094646692276001 0.47173604369163513 0.59937775135040283 0.50151735544204712
1252.4979999996722 -0.89442509412765503 0.45071142911911011 0.73505789041519165 0.44868460297584534 -1.0666296482086182 0.70124185085296631 1.0578171014785767 0.67336070537567139
1405.0045999996364 -0.85081720352172852 0.38086649775505066 0.72239905595779419 0.40466612577438354 -0.91605377197265625 0.56513708829879761 1.2209893465042114 0.57888138294219971
1560.263599999249 -0.80588185787200928 0.33044388890266418 0.98412454128265381 0.36354193091392517 -0.79721802473068237 0.27293792366981506 0.93810933828353882 0.25413253903388977
1721.632500000298 -1.0715048313140869 0.30633649230003357 0.84124064445495605 0.374123215675354 -1.005723237991333 0.30936899781227112 0.99094241857528687 0.29264461994171143
1876.2239999994636 -0.87661069631576538 0.27849867939949036 0.77794253826141357 0.35675659775733948 -0.96267646551132202 0.30246400833129883 0.92135989665985107 0.29006657004356384
