83.902499999850988 -0.63433068990707397 0.40587857365608215 0.6611093282699585 0.40091210603713989 -0.60471183061599731 0.65425407886505127 0.72731387615203857 0.63032376766204834
171.23070000112057 -0.60920292139053345 0.40122273564338684 0.66098755598068237 0.40022182464599609 -0.58214354515075684 0.6516873836517334 0.74269849061965942 0.63137400150299072
255.59060000255704 -0.59738385677337646 0.40115499496459961 0.67017114162445068 0.3982047438621521 -0.57216191291809082 0.65000611543655396 0.75474357604980469 0.62943214178085327
337.6197000015527 -0.63588666915893555 0.39962926506996155 0.66106206178665161 0.39727437496185303 -0.59550285339355469 0.64985746145248413 0.73121166229248047 0.63152629137039185
421.82890000008047 -0.62226289510726929 0.39845779538154602 0.67336112260818481 0.39745700359344482 -0.6023939847946167 0.64806777238845825 0.73499256372451782 0.63375550508499146
508.88090000115335 -0.63291513919830322 0.40008538961410522 0.66491615772247314 0.39805799722671509 -0.60549086332321167 0.65116864442825317 0.74202871322631836 0.63276422023773193
594.58460000157356 -0.61278605461120605 0.39716476202011108 0.68249034881591797 0.3957483172416687 -0.59703552722930908 0.6475677490234375 0.75928652286529541 0.63209402561187744
675.01230000145733 -0.58695310354232788 0.41184550523757935 0.66430896520614624 0.39471617341041565 -0.53605139255523682 0.65900564193725586 0.73294162750244141 0.62242192029953003
761.86340000294149 -0.67386078834533691 0.41194570064544678 0.61465662717819214 0.38785120844841003 -0.66614627838134766 0.66405326128005981 0.68727695941925049 0.61818653345108032
847.63660000264645 -0.64463281631469727 0.40252727270126343 0.65131783485412598 0.39288735389709473 -0.68962067365646362 0.65438592433929443 0.74059516191482544 0.62121427059173584
931.03619999997318 -0.63771086931228638 0.39747020602226257 0.69908791780471802 0.39030325412750244 -0.74193698167800903 0.6455344557762146 0.77722913026809692 0.60997164249420166
1016.4725999999791 -0.61810535192489624 0.37683889269828796 0.68977200984954834 0.36973574757575989 -0.65435665845870972 0.58906400203704834 0.91071832180023193 0.5645790696144104
1135.4633000008762 -0.67714780569076538 0.3686215877532959 0.65512269735336304 0.35977631807327271 -0.71994632482528687 0.5611649751663208 0.80563622713088989 0.53313618898391724
1223.1037000007927 -0.74304395914077759 0.37393826246261597 0.64603674411773682 0.36097848415374756 -0.78780132532119751 0.56002527475357056 0.71458554267883301 0.49764165282249451
1307.8519000001252 -0.7105981707572937 0.38634482026100159 0.60558855533599854 0.35443073511123657 -0.82311874628067017 0.58148133754730225 0.66968482732772827 0.50854206085205078
1393.0271000023931 -0.72156131267547607 0.41236397624015808 0.5752025842666626 0.38767829537391663 -0.88315320014953613 0.65445905923843384 0.82156503200531006 0.58239197731018066
1475.7968000005931 -0.71473848819732666 0.471443772315979 0.87559282779693604 0.44448068737983704 -0.85144704580307007 0.71232438087463379 0.91444534063339233 0.70390766859054565
1559.9946999996901 -0.93965214490890503 0.43463766574859619 0.90260607004165649 0.45315486192703247 -1.1758673191070557 0.6585315465927124 1.5394141674041748 0.74174541234970093
1646.3164000008255 -0.87092608213424683 0.36107251048088074 0.71679776906967163 0.3331790566444397 -1.2408759593963623 0.50032448768615723 1.1103076934814453 0.52148663997650146
1734.4916000012308 -0.82123333215713501 0.3250109851360321 0.63594740629196167 0.30403575301170349 -1.05534827709198 0.36869096755981445 1.1315087080001831 0.42209106683731079
1817.65009999834 -1.0674688816070557 0.3020508885383606 0.7849610447883606 0.35127395391464233 -1.2998098134994507 0.33518695831298828 1.069206714630127 0.35951396822929382
1910.4718000013381 -1.1369979381561279 0.31666180491447449 0.8480294942855835 0.3543475866317749 -1.2066712379455566 0.32270783185958862 1.0483459234237671 0.33588942885398865
1989.4128000028431 -1.2784900665283203 0.33072441816329956 0.80657970905303955 0.34407246112823486 -1.1160668134689331 0.29379066824913025 1.0124428272247314 0.32819917798042297
