20.66499999910593 -0.55621540546417236 0.39881685376167297 0.76455366611480713 0.39624011516571045 -0.51352912187576294 0.63838553428649902 0.79993683099746704 0.62316453456878662
105.54070000164211 -0.53819102048873901 0.4026191234588623 0.73041492700576782 0.40119880437850952 -0.48911550641059875 0.64070999622344971 0.75252926349639893 0.62736630439758301
190.11080000177026 -0.55290663242340088 0.40797984600067139 0.78216946125030518 0.40240782499313354 -0.49855464696884155 0.64570844173431396 0.8052527904510498 0.63030427694320679
272.88900000043213 -0.54595488309860229 0.40836420655250549 0.7749704122543335 0.39831060171127319 -0.47783151268959045 0.64698100090026855 0.84066712856292725 0.62570416927337646
357.56939999945462 -0.57890564203262329 0.40866610407829285 0.76185715198516846 0.4047437310218811 -0.49465402960777283 0.65032601356506348 0.79372042417526245 0.63470691442489624
447.06579999998212 -0.58557522296905518 0.41387376189231873 0.7525714635848999 0.40846884250640869 -0.5177837610244751 0.66245317459106445 0.81663233041763306 0.64207583665847778
528.94420000165701 -0.57691508531570435 0.41587460041046143 0.78787338733673096 0.40871909260749817 -0.51223546266555786 0.6639285683631897 0.82671290636062622 0.64446389675140381
613.08210000023246 -0.59280282258987427 0.42391189932823181 0.7847365140914917 0.40873029828071594 -0.5255436897277832 0.65928608179092407 0.80967575311660767 0.64634507894515991
695.50219999998808 -0.61393094062805176 0.42353162169456482 0.80516469478607178 0.41273036599159241 -0.58224666118621826 0.68135672807693481 0.85607200860977173 0.64333164691925049
782.60470000095665 -0.56848293542861938 0.42010340094566345 0.75117731094360352 0.40760079026222229 -0.62488150596618652 0.68302178382873535 0.81625074148178101 0.64308488368988037
867.27410000003874 -0.61414229869842529 0.40489408373832703 0.65894150733947754 0.40479990839958191 -0.66376441717147827 0.62788790464401245 0.75731188058853149 0.64736950397491455
952.41270000115037 -0.65335506200790405 0.39868283271789551 0.65372896194458008 0.38969114422798157 -0.70614486932754517 0.61534368991851807 0.80410903692245483 0.60988050699234009
1038.3143000006676 -0.73563438653945923 0.38263136148452759 0.60784041881561279 0.37986290454864502 -0.85645765066146851 0.63805437088012695 0.77515631914138794 0.5692175030708313
1123.7870000004768 -0.75470954179763794 0.3675747811794281 0.62369418144226074 0.35477632284164429 -0.86723655462265015 0.58865082263946533 0.74098449945449829 0.53138124942779541
1212.5124000012875 -0.73503941297531128 0.37935492396354675 0.60097521543502808 0.36362728476524353 -0.89037877321243286 0.57911550998687744 0.62203437089920044 0.48758417367935181
1332.7122000008821 -0.77355259656906128 0.38483208417892456 0.48155349493026733 0.36564236879348755 -0.97115981578826904 0.61125355958938599 0.6569398045539856 0.54562562704086304
1419.0859000012279 -0.77880692481994629 0.44357317686080933 0.66926318407058716 0.40841034054756165 -0.98343420028686523 0.69162619113922119 0.91598278284072876 0.60707074403762817
1504.6816000007093 -0.88134539127349854 0.45600944757461548 0.71989589929580688 0.4698319137096405 -0.84335559606552124 0.75512450933456421 1.3173315525054932 0.76862078905105591
1586.6712999995798 -0.88483631610870361 0.36298412084579468 0.69069170951843262 0.33456254005432129 -0.97589385509490967 0.49380859732627869 1.3132827281951904 0.47188225388526917
1677.2466000001878 -0.81517577171325684 0.3608601987361908 0.72657293081283569 0.40065896511077881 -0.80546700954437256 0.40904885530471802 1.3920620679855347 0.4028630256652832
1764.3385000023991 -0.76805156469345093 0.33843705058097839 0.70600771903991699 0.37796458601951599 -0.75084102153778076 0.38176211714744568 1.2730895280838013 0.36433702707290649
1846.6670000012964 -0.94692671298980713 0.34840512275695801 0.69597393274307251 0.35185614228248596 -1.1388471126556396 0.3397163450717926 1.3926877975463867 0.38575354218482971
1941.7307000011206 -0.94689708948135376 0.33389800786972046 0.66313761472702026 0.34927231073379517 -1.068170428276062 0.32759407162666321 1.376966118812561 0.38373595476150513
