81.437200002372265 -0.7181130051612854 0.40586861968040466 0.56762081384658813 0.4150337278842926 -0.70401650667190552 0.62559878826141357 0.68185800313949585 0.62948757410049438
234.5929000005126 -0.73035258054733276 0.41363239288330078 0.55384230613708496 0.42105793952941895 -0.68779486417770386 0.63574767112731934 0.67238336801528931 0.63587462902069092
384.00700000114739 -0.70098698139190674 0.41344243288040161 0.5494232177734375 0.41770917177200317 -0.62380683422088623 0.62876468896865845 0.66853076219558716 0.63271772861480713
540.90699999965727 -0.75477534532546997 0.40462428331375122 0.59942632913589478 0.39729258418083191 -0.76049679517745972 0.61901497840881348 0.73321789503097534 0.60185074806213379
695.80610000155866 -0.85242158174514771 0.37931764125823975 0.62241607904434204 0.35508131980895996 -0.81960833072662354 0.57466775178909302 0.88446050882339478 0.56031125783920288
845.46840000152588 -0.80221724510192871 0.31343013048171997 0.56312590837478638 0.33355215191841125 -0.93522953987121582 0.45869413018226624 0.74344664812088013 0.47119632363319397
996.76850000210106 -0.86221230030059814 0.35435199737548828 0.56770378351211548 0.36205175518989563 -0.88469165563583374 0.52522611618041992 0.64489549398422241 0.54636877775192261
1155.3443999998271 -0.95307177305221558 0.45409980416297913 0.7164345383644104 0.4792390763759613 -1.0521230697631836 0.69216495752334595 0.90077042579650879 0.70034694671630859
1310.6690999995917 -0.8934587836265564 0.37287870049476624 0.76886916160583496 0.39781346917152405 -1.1210005283355713 0.55939102172851563 0.94009202718734741 0.48350143432617188
1460.6600999999791 -0.72114843130111694 0.26746830344200134 1.0977004766464233 0.30521273612976074 -0.74066388607025146 0.22432252764701843 0.89009284973144531 0.20958779752254486
1614.8458999991417 -1.0243233442306519 0.2810540497303009 0.70489710569381714 0.30867010354995728 -0.9064638614654541 0.22633680701255798 0.88122659921646118 0.22099976241588593
1764.6106000002474 -0.95866543054580688 0.28296101093292236 0.7769051194190979 0.30250433087348938 -0.992573082447052 0.20777140557765961 0.95983988046646118 0.24443182349205017
1918.383299998939 -1.1215962171554565 0.28969335556030273 0.7820122241973877 0.30499482154846191 -0.99113142490386963 0.20155981183052063 0.93735063076019287 0.2525668740272522
