61.945000004023314 -0.63523364067077637 0.88620704412460327 0.50881463289260864 0.92005777359008789 -0.72504174709320068 1.3152272701263428 0.68741190433502197 1.3266581296920776
147.99270000308752 -0.6554298996925354 0.8934672474861145 0.49965149164199829 0.91768521070480347 -0.75014829635620117 1.3305550813674927 0.67202168703079224 1.3374420404434204
233.69749999791384 -0.66864049434661865 0.89018905162811279 0.45109376311302185 0.90034615993499756 -0.74561423063278198 1.3350375890731812 0.62899374961853027 1.3218158483505249
318.51310000196099 -0.72324252128601074 0.90236586332321167 0.40934640169143677 0.90717184543609619 -0.87515372037887573 1.3813245296478271 0.57851260900497437 1.3400865793228149
400.09349999949336 -0.83313697576522827 0.86723226308822632 0.37825003266334534 0.93008244037628174 -1.0512033700942993 1.3374505043029785 0.5209842324256897 1.3554719686508179
483.19049999862909 -1.1419718265533447 0.79740482568740845 0.33761453628540039 0.91529500484466553 -1.4734768867492676 1.2751489877700806 0.52026879787445068 1.3547646999359131
567.40860000252724 -1.2702021598815918 0.71923786401748657 0.3871816098690033 0.90971273183822632 -1.7097951173782349 1.1540271043777466 0.5415804386138916 1.3322750329971313
651.17720000073314 -1.3407763242721558 0.58287370204925537 0.37626439332962036 0.90757262706756592 -2.3144476413726807 0.86318016052246094 0.58487051725387573 1.3198279142379761
739.26850000023842 -1.0549296140670776 0.38658636808395386 0.53614377975463867 0.89826786518096924 -2.0313303470611572 0.31309208273887634 0.64347821474075317 1.2972294092178345
823.72370000183582 -1.2602511644363403 0.30786406993865967 0.55397683382034302 0.9132952094078064 -1.9073323011398315 0.053588453680276871 0.67362946271896362 1.2930618524551392
914.50330000370741 -0.99081480503082275 0.04111286997795105 0.58226335048675537 0.88144874572753906 -1.6572445631027222 -0.45067724585533142 0.83451861143112183 1.277470588684082
997.97960000485182 -1.1724495887756348 -0.097920328378677368 0.77833479642868042 0.89316892623901367 -0.86610603332519531 -0.53153461217880249 0.72867608070373535 1.2926421165466309
1081.7637000009418 -1.1634198427200317 -0.11428109556436539 0.78468316793441772 0.90674436092376709 -0.62241888046264648 -0.48593580722808838 0.67311453819274902 1.3083252906799316
1165.9929000027478 -1.2438273429870605 -0.13643528521060944 0.81675106287002563 0.88807249069213867 -0.582733154296875 -0.52696532011032104 0.71393007040023804 1.3023892641067505
1250.1968999989331 -1.3202382326126099 -0.1236739307641983 0.80623930692672729 0.91196203231811523 -0.80426102876663208 -0.51642376184463501 0.67949467897415161 1.3130775690078735
1334.4798000007868 -1.3158801794052124 -0.12178077548742294 0.76281654834747314 0.94353717565536499 -0.80792140960693359 -0.52675467729568481 0.65244156122207642 1.344935417175293
1422.094300005585 -1.3140971660614014 -0.10189259797334671 0.83998537063598633 0.95498389005661011 -0.83103740215301514 -0.53456354141235352 0.68779569864273071 1.3522167205810547
1505.9597000032663 -1.2952154874801636 -0.10711783170700073 0.83725506067276001 0.9751969575881958 -0.77888095378875732 -0.5281604528427124 0.69380420446395874 1.3479770421981812
1589.7941999994218 -1.2852340936660767 -0.11344557255506516 0.84176123142242432 0.95461481809616089 -0.77260702848434448 -0.52600473165512085 0.72255980968475342 1.3293193578720093
1672.942600004375 -1.2961232662200928 -0.12146612256765366 0.83999472856521606 0.96801429986953735 -0.76310288906097412 -0.54071539640426636 0.777923583984375 1.3460730314254761
1757.6696999967098 -1.2992578744888306 -0.11337893456220627 0.83429992198944092 0.96125990152359009 -0.77199286222457886 -0.5343635082244873 0.72708046436309814 1.352622389793396
1842.3497000001371 -1.2807457447052002 -0.11671709269285202 0.83007431030273438 0.94141846895217896 -0.73101437091827393 -0.5358741283416748 0.7319413423538208 1.3429372310638428
1927.8075999990106 -1.2644789218902588 -0.10705910623073578 0.85068362951278687 0.94661885499954224 -0.76887905597686768 -0.5208735466003418 0.75348168611526489 1.3362224102020264
