7.8734000008553267 -0.78859347105026245 0.4080890417098999 0.88230258226394653 0.40538805723190308 -0.81211316585540771 0.65018236637115479 0.94154500961303711 0.62846922874450684
91.487600000575185 -0.74512392282485962 0.40409800410270691 0.90311825275421143 0.40285524725914001 -0.74771237373352051 0.63998967409133911 0.96611148118972778 0.62475574016571045
176.09849999845028 -0.76414328813552856 0.40360212326049805 0.88960117101669312 0.4000297486782074 -1.0941213369369507 0.59624463319778442 0.93114054203033447 0.62442350387573242
262.21580000035465 -0.75925838947296143 0.40253600478172302 0.87503761053085327 0.40632134675979614 -0.74605071544647217 0.64738363027572632 0.94616317749023438 0.63137722015380859
348.15690000168979 -0.75063216686248779 0.41121956706047058 0.84908825159072876 0.40726709365844727 -0.75285929441452026 0.64706313610076904 0.93736666440963745 0.63052773475646973
429.04359999857843 -0.67847728729248047 0.40492349863052368 0.89190536737442017 0.4031505286693573 -0.7164037823677063 0.63294976949691772 1.0136897563934326 0.62227028608322144
509.71319999918342 -0.75915950536727905 0.40061807632446289 0.97143906354904175 0.39326214790344238 -0.823100745677948 0.62801796197891235 1.0396559238433838 0.60728836059570313
594.58920000120997 -0.70829272270202637 0.37667286396026611 0.70279926061630249 0.36917027831077576 -1.2737026214599609 0.60808515548706055 1.3249707221984863 0.53620368242263794
679.58260000124574 -1.2200106382369995 0.32906198501586914 0.60412949323654175 0.26726970076560974 -1.8270483016967773 0.45666709542274475 1.4298686981201172 0.39269089698791504
763.14900000020862 -1.5203328132629395 0.22597245872020721 1.3212431669235229 0.21282561123371124 -2.1650917530059814 0.23679091036319733 1.7644145488739014 0.19560953974723816
852.84779999963939 -1.2358909845352173 0.19058509171009064 0.93717151880264282 0.22262920439243317 -2.0645825862884521 0.1364881694316864 1.8217054605484009 0.12833574414253235
936.80819999985397 -1.5265029668807983 0.12985101342201233 0.93865591287612915 0.11968302726745605 -1.9499428272247314 -0.060780953615903854 1.5163000822067261 -0.0228702612221241
1019.4557999987155 -1.4139020442962646 0.11219216883182526 1.0263435840606689 0.076065734028816223 -1.393680214881897 -0.092306815087795258 1.1313478946685791 -0.082990147173404694
1100.6030000001192 -1.1754381656646729 0.078885063529014587 1.019434928894043 0.063379354774951935 -1.374140739440918 -0.18021571636199951 0.89930558204650879 -0.10513985902070999
1185.030700000003 -1.2616921663284302 0.092552229762077332 1.1611028909683228 0.0660104900598526 -1.4295653104782104 -0.15624891221523285 1.124879002571106 -0.085931055247783661
1270.666400000453 -1.2556948661804199 0.084057711064815521 0.96742051839828491 0.059069119393825531 -1.3851624727249146 -0.15617631375789642 0.96264588832855225 -0.085859499871730804
1355.3486999981105 -1.4385957717895508 0.068047001957893372 1.0105842351913452 0.060240168124437332 -1.276612401008606 -0.1750037670135498 1.0603048801422119 -0.083864383399486542
1443.886499999091 -1.3774698972702026 0.052817601710557938 0.92542451620101929 0.061295453459024429 -1.254367470741272 -0.17751096189022064 1.0934768915176392 -0.07427031546831131
1526.4077000003308 -1.2495483160018921 0.078742682933807373 1.0015383958816528 0.018863104283809662 -1.3145525455474854 -0.14762438833713531 1.0413212776184082 -0.07891574501991272
1615.3801000006497 -1.3400784730911255 0.073314480483531952 0.90080583095550537 0.057093508541584015 -1.1933581829071045 -0.11994617432355881 1.0499712228775024 -0.075566507875919342
1700.5881000012159 -1.422934889793396 0.070131406188011169 0.88272255659103394 0.063629105687141418 -1.2330094575881958 -0.094277381896972656 1.277031421661377 -0.037192393094301224
1788.0460999999195 -1.4139443635940552 0.073429107666015625 1.0043692588806152 0.065834127366542816 -1.219433069229126 -0.061911273747682571 1.2044765949249268 -0.066982045769691467
1872.3293000012636 -1.3622735738754272 0.082772783935070038 0.8867952823638916 0.068476684391498566 -1.2747286558151245 -0.02286016009747982 1.3281599283218384 -0.012886680662631989
1958.5647000018507 -1.3642259836196899 0.08141636848449707 0.98155301809310913 0.062642320990562439 -1.3230640888214111 0.025789389386773109 1.236592173576355 -0.051009334623813629
