26.574200000613928 -0.96126437187194824 0.88516467809677124 0.60925018787384033 0.8891410231590271 -0.99131143093109131 1.3720602989196777 0.78891760110855103 1.3307868242263794
116.37070000171661 -0.95545452833175659 0.88730376958847046 0.56892496347427368 0.91157341003417969 -1.0053107738494873 1.3646299839019775 0.81231141090393066 1.3281900882720947
223.15939999744296 -0.94400197267532349 0.88336867094039917 0.57350659370422363 0.87701952457427979 -0.79709708690643311 1.291701078414917 0.84426236152648926 1.2924786806106567
307.57660000026226 -0.88176709413528442 0.88904881477355957 0.59735548496246338 0.8751034140586853 -1.0625033378601074 1.3919517993927002 0.85249888896942139 1.2950271368026733
394.25510000064969 -0.85861080884933472 0.90749281644821167 0.63115894794464111 0.88833433389663696 -1.0559170246124268 1.4189416170120239 0.88698506355285645 1.3199795484542847
478.71719999983907 -0.94174432754516602 0.90221148729324341 0.61240631341934204 0.89464539289474487 -0.86916846036911011 1.3510193824768066 0.91872096061706543 1.3301818370819092
564.33980000019073 -0.90440267324447632 0.80185753107070923 0.80346298217773438 0.86896699666976929 -0.96051186323165894 1.2762086391448975 1.116757869720459 1.318185567855835
646.25219999998808 -0.99749660491943359 0.77019661664962769 0.88214725255966187 0.80500316619873047 -1.3475974798202515 1.1340624094009399 1.4121875762939453 1.1676516532897949
732.63339999690652 -1.2275282144546509 0.56571680307388306 1.1048732995986938 0.58026432991027832 -1.9371678829193115 0.77480840682983398 1.7648235559463501 0.73268890380859375
815.38120000064373 -1.3155596256256104 0.47405710816383362 1.1532193422317505 0.43314281105995178 -1.7970267534255981 0.46261557936668396 1.5922163724899292 0.49614885449409485
897.10949999839067 -2.0834674835205078 0.30034410953521729 1.9480589628219604 0.2944486141204834 -2.5829508304595947 0.043471809476613998 3.3447341918945313 -0.037363283336162567
979.03849999979138 -1.8912123441696167 0.20013129711151123 1.7467209100723267 0.21543346345424652 -2.6711969375610352 -0.20887735486030579 2.6610321998596191 -0.20380719006061554
1063.7595000006258 -1.5985283851623535 0.042461331933736801 1.5484641790390015 0.14887592196464539 -1.8005090951919556 -0.34643390774726868 1.6388849020004272 -0.2587457001209259
1149.2604000046849 -1.4038064479827881 -0.067900687456130981 1.4158844947814941 -0.031983591616153717 -1.2391340732574463 -0.40079796314239502 1.3144664764404297 -0.43235158920288086
1230.4675000011921 -1.295317530632019 -0.096853107213973999 1.2675206661224365 -0.069285571575164795 -1.1413736343383789 -0.40705719590187073 0.82621097564697266 -0.38720303773880005
1311.7349000014365 -1.1212742328643799 -0.078306145966053009 1.0091370344161987 -0.086509600281715393 -0.74338680505752563 -0.3612155020236969 0.53086602687835693 -0.33526185154914856
1399.437000002712 -0.99904423952102661 -0.088123753666877747 0.87679904699325562 -0.10532935708761215 -0.64996767044067383 -0.40095612406730652 0.3601086437702179 -0.37268298864364624
1480.3258000016212 -0.89487695693969727 -0.076861940324306488 0.88730746507644653 -0.090669319033622742 -0.64853990077972412 -0.36487287282943726 0.4044683575630188 -0.37394076585769653
1565.8852999992669 -0.94808393716812134 -0.09322645515203476 0.96204906702041626 -0.10072196274995804 -0.66603231430053711 -0.39838376641273499 0.49594676494598389 -0.33211398124694824
1646.7480999976397 -0.86817526817321777 -0.090970009565353394 0.87113666534423828 -0.097274065017700195 -0.57378000020980835 -0.37867087125778198 0.45812109112739563 -0.39719519019126892
1731.1420999988914 -0.84191328287124634 -0.1034531444311142 0.8704533576965332 -0.092784672975540161 -0.54243481159210205 -0.37317061424255371 0.42097821831703186 -0.39463713765144348
1814.3246999979019 -0.86017513275146484 -0.097009949386119843 0.83259385824203491 -0.09613027423620224 -0.57415372133255005 -0.37917077541351318 0.43582448363304138 -0.39932441711425781
1901.9389999993145 -0.84549838304519653 -0.10532347857952118 0.85827267169952393 -0.11298762261867523 -0.50703054666519165 -0.38772419095039368 0.4336702823638916 -0.37446874380111694
1987.332999996841 -0.87776398658752441 -0.10259007662534714 0.85688930749893188 -0.11928559094667435 -0.55223226547241211 -0.37696865200996399 0.40828609466552734 -0.38468688726425171
