6.3719000001437962 -0.96258765459060669 0.42139965295791626 0.82660669088363647 0.44695481657981873 -0.62072259187698364 0.62762147188186646 0.88778120279312134 0.67095941305160522
92.182299999985844 -0.97875714302062988 0.4217408299446106 0.82902121543884277 0.44847124814987183 -0.62863463163375854 0.6243937611579895 0.88927453756332397 0.6751740574836731
174.85720000043511 -0.95654499530792236 0.42443987727165222 0.82385402917861938 0.44738048315048218 -0.62109971046447754 0.62517732381820679 0.88938164710998535 0.67307502031326294
260.2461000001058 -0.9817737340927124 0.42332547903060913 0.81422984600067139 0.44602838158607483 -0.610218346118927 0.62925195693969727 0.89099001884460449 0.67172491550445557
345.96020000008866 -0.96394848823547363 0.42529714107513428 0.80090552568435669 0.44766223430633545 -0.61771821975708008 0.62837231159210205 0.86754077672958374 0.67189174890518188
431.05190000031143 -0.97253352403640747 0.4272257387638092 0.82735061645507813 0.45206409692764282 -0.61079031229019165 0.63280463218688965 0.89547884464263916 0.67583537101745605
513.15100000053644 -0.98403078317642212 0.42322584986686707 0.86055433750152588 0.44475767016410828 -0.67596811056137085 0.62811863422393799 0.91292130947113037 0.67496377229690552
600.05759999994189 -0.94507527351379395 0.42903637886047363 0.9347529411315918 0.44712457060813904 -0.73113912343978882 0.64145761728286743 1.0522898435592651 0.68357616662979126
687.59830000018701 -0.79054433107376099 0.35121995210647583 0.9820970892906189 0.38824719190597534 -1.2065752744674683 0.57987737655639648 1.5885533094406128 0.62377834320068359
775.39160000020638 -1.0040069818496704 0.32144200801849365 1.0442678928375244 0.32807058095932007 -1.5296992063522339 0.53303670883178711 1.8402607440948486 0.51565080881118774
857.6441000001505 -1.3802874088287354 0.22649119794368744 1.278769850730896 0.24301911890506744 -2.2323932647705078 0.2813001275062561 1.9862756729125977 0.28657767176628113
940.86770000029355 -1.3578594923019409 0.19729110598564148 1.2344604730606079 0.19289945065975189 -1.8683390617370605 0.15527224540710449 1.7020950317382813 0.18187461793422699
1027.8024000003934 -1.4179798364639282 0.17645475268363953 1.3752728700637817 0.15029478073120117 -1.9900017976760864 0.034475915133953094 1.5749931335449219 -0.091819427907466888
1127.5771000003442 -1.4505683183670044 0.117953822016716 1.7995748519897461 0.069471225142478943 -1.5504209995269775 -0.01987290196120739 1.4425783157348633 -0.12945148348808289
1212.2378000002354 -1.1129839420318604 0.094916440546512604 1.6451705694198608 0.016144657507538795 -1.13982093334198 0.064939677715301514 1.6310707330703735 -0.19383423030376434
1297.0898000001907 -1.3371831178665161 0.071280293166637421 1.563671350479126 0.012570347636938095 -0.93659311532974243 -0.19500885903835297 1.1972669363021851 -0.16539083421230316
1383.6730000004172 -1.2884888648986816 0.05391373485326767 1.5228954553604126 0.0088726626709103584 -0.94796174764633179 -0.1725485771894455 1.4417020082473755 -0.18923147022724152
1468.5202000001445 -1.2689340114593506 0.047419019043445587 1.4866819381713867 0.015092260204255581 -1.2967700958251953 -0.16180530190467834 1.1247472763061523 -0.16088007390499115
1553.12900000019 -1.3359503746032715 0.04133184626698494 1.5419434309005737 0.011078136973083019 -1.3220804929733276 -0.16743928194046021 1.532389760017395 -0.19922393560409546
1640.4122000001371 -1.3313205242156982 0.043872985988855362 1.4232057332992554 0.015326323918998241 -1.28733229637146 -0.17256017029285431 1.425774097442627 -0.1893770694732666
1735.4530000002123 -1.3453305959701538 0.038857933133840561 1.5084145069122314 0.0073198694735765457 -1.3091963529586792 -0.16809207201004028 1.4673218727111816 -0.19063343107700348
1831.7439999999478 -1.3304219245910645 0.043354053050279617 1.470386266708374 0.013278818689286709 -1.325588583946228 -0.16756600141525269 1.1692694425582886 -0.1595444530248642
1916.5973999998532 -1.3233329057693481 0.074142806231975555 1.4823383092880249 0.014182019047439098 -1.3447563648223877 -0.16985489428043365 1.1601327657699585 -0.15739916265010834
