47.856300000101328 -0.60281682014465332 0.88770902156829834 0.57525062561035156 0.937843918800354 -0.69068670272827148 1.3173376321792603 0.61900222301483154 1.3324717283248901
133.69539999589324 -0.60750579833984375 0.88303101062774658 0.58088237047195435 0.92334342002868652 -0.68628621101379395 1.3362313508987427 0.65274250507354736 1.3266327381134033
218.07879999652505 -0.60247278213500977 0.874900221824646 0.56845289468765259 0.92032599449157715 -0.69376260042190552 1.3270106315612793 0.63064706325531006 1.326198935508728
299.22649999707937 -0.60369831323623657 0.88120979070663452 0.56098157167434692 0.92012816667556763 -0.6831510066986084 1.3218228816986084 0.68088716268539429 1.3340451717376709
383.79209999367595 -0.65521693229675293 0.87559330463409424 0.57769405841827393 0.90358501672744751 -0.72424352169036865 1.2981879711151123 0.81119179725646973 1.3261942863464355
470.44839999824762 -0.75847423076629639 0.78514003753662109 0.66917872428894043 0.87509536743164063 -0.97178411483764648 1.2373274564743042 1.1518707275390625 1.4184144735336304
583.14499999582767 -1.007724404335022 0.79003375768661499 1.0548937320709229 0.8906257152557373 -1.2012228965759277 1.2359811067581177 1.3435313701629639 1.2766129970550537
665.35509999468923 -0.84783947467803955 0.59275525808334351 1.0126708745956421 0.57136774063110352 -1.8563836812973022 0.84176498651504517 1.7895933389663696 0.80401736497879028
749.62129999697208 -0.99225437641143799 0.50785213708877563 1.3229048252105713 0.5586317777633667 -1.7729500532150269 0.69284904003143311 2.0492403507232666 0.6476626992225647
833.02409999445081 -1.2791169881820679 0.25523722171783447 1.5230315923690796 0.24920520186424255 -1.6886268854141235 -0.046337161213159561 2.5067698955535889 -0.1436028778553009
915.04069999605417 -1.2981997728347778 0.079948075115680695 1.4303989410400391 0.1706119030714035 -1.83382248878479 -0.31262889504432678 1.9600660800933838 -0.24068993330001831
998.64179999381304 -1.4789694547653198 -0.08699837327003479 1.2479426860809326 0.042802102863788605 -1.5747239589691162 -0.47782760858535767 1.5635999441146851 -0.28671717643737793
1081.9895000010729 -1.2016708850860596 -0.092192590236663818 1.3263602256774902 -0.048427477478981018 -0.89663839340209961 -0.4302523136138916 0.92873239517211914 -0.41973417997360229
1166.6705999970436 -1.1306596994400024 -0.083744920790195465 1.1652489900588989 -0.077829636633396149 -0.8695303201675415 -0.37519064545631409 0.73430472612380981 -0.36238905787467957
1250.8586999997497 -1.1407893896102905 -0.083915784955024719 1.1438517570495605 -0.089842736721038818 -0.81944352388381958 -0.36880373954772949 0.82928174734115601 -0.32123148441314697
1338.5841000005603 -1.1551432609558105 -0.082528457045555115 1.2033635377883911 -0.094960346817970276 -0.83002066612243652 -0.36595767736434937 0.89966666698455811 -0.31289315223693848
1424.1512999981642 -1.1568710803985596 -0.078699603676795959 1.168095588684082 -0.10579869896173477 -0.85203921794891357 -0.34537726640701294 0.92528319358825684 -0.3438880443572998
1510.8659999966621 -1.1940340995788574 -0.076331943273544312 1.2329245805740356 -0.098654180765151978 -0.86296474933624268 -0.34426778554916382 0.92344766855239868 -0.35001513361930847
1594.9419999979436 -1.1903864145278931 -0.083478420972824097 1.2055096626281738 -0.086315132677555084 -0.85488367080688477 -0.37704163789749146 0.92623192071914673 -0.31948027014732361
1680.2340999990702 -1.2692317962646484 -0.084174029529094696 1.2607213258743286 -0.09413515031337738 -0.89264982938766479 -0.38458830118179321 0.96054697036743164 -0.3362366259098053
1766.6430999971926 -1.2399359941482544 -0.090762808918952942 1.2441079616546631 -0.081657066941261292 -0.83237618207931519 -0.37567827105522156 0.96923220157623291 -0.32441413402557373
1849.8104999959469 -1.2571556568145752 -0.092508077621459961 1.2466130256652832 -0.090906225144863129 -0.83979582786560059 -0.38612625002861023 0.90644317865371704 -0.31931361556053162
1932.7836999967694 -1.20671546459198 -0.084962844848632813 1.1889681816101074 -0.10458444803953171 -0.79454797506332397 -0.37451007962226868 0.89171463251113892 -0.31672894954681396
