53.867000002413988 -0.91827094554901123 0.84615558385848999 0.60109823942184448 0.86033719778060913 -0.75146275758743286 1.2447487115859985 0.72988492250442505 1.2562369108200073
139.59250000491738 -0.91614770889282227 0.83784604072570801 0.56636756658554077 0.86432904005050659 -0.76288634538650513 1.246508002281189 0.6551518440246582 1.2659264802932739
227.09329999983311 -0.94135540723800659 0.84716922044754028 0.56832784414291382 0.86819213628768921 -0.78313273191452026 1.2514632940292358 0.68389910459518433 1.2785497903823853
313.30020000040531 -0.93386286497116089 0.85540062189102173 0.55207890272140503 0.87676233053207397 -0.77701163291931152 1.2651517391204834 0.82136285305023193 1.2803115844726563
398.37150000035763 -0.92757612466812134 0.89174389839172363 0.57755613327026367 0.8879467248916626 -0.767433762550354 1.3091194629669189 0.86410737037658691 1.4073746204376221
480.81630000472069 -0.87407654523849487 0.89272421598434448 0.82536542415618896 0.84333282709121704 -0.72579467296600342 1.2963976860046387 1.3212704658508301 1.3178349733352661
565.25950000062585 -0.55474853515625 0.89610457420349121 0.86329138278961182 0.7150689959526062 -0.64837157726287842 1.3364522457122803 1.6720852851867676 1.1059138774871826
647.25390000268817 -0.49963364005088806 0.880454421043396 1.0432825088500977 0.55476051568984985 -0.63863146305084229 1.3271090984344482 1.7940915822982788 0.7978178858757019
733.16860000044107 -0.47777140140533447 0.89859521389007568 1.2321122884750366 0.38337647914886475 -0.57427626848220825 1.3323034048080444 1.7347567081451416 0.45324769616127014
819.17210000380874 -0.49440696835517883 0.90700608491897583 1.3916594982147217 0.29691633582115173 -0.57194602489471436 1.3153886795043945 2.2495121955871582 0.088812276721000671
901.25909999758005 -0.5017055869102478 0.90491527318954468 1.3626425266265869 0.18522071838378906 -0.62361162900924683 1.3439117670059204 2.0118389129638672 -0.14084921777248383
985.9117000028491 -0.91903454065322876 0.87166035175323486 1.3261972665786743 0.12396210432052612 -0.791900634765625 1.3577132225036621 1.8844537734985352 -0.25369107723236084
1073.0821999981999 -0.96518445014953613 0.85693615674972534 1.3812953233718872 -0.057801678776741028 -0.8813750147819519 1.3058415651321411 1.1223599910736084 -0.47772407531738281
1158.195499997586 -1.0063763856887817 0.83994746208190918 1.2739344835281372 -0.094549693167209625 -0.91268503665924072 1.2964768409729004 0.83802032470703125 -0.43947052955627441
1245.1608000025153 -0.76272308826446533 0.8647235631942749 1.2586956024169922 -0.094170935451984406 -0.87979334592819214 1.2874977588653564 0.82430249452590942 -0.43278017640113831
1329.5303999967873 -0.99527740478515625 0.87456125020980835 1.2504823207855225 -0.091597892343997955 -0.83200418949127197 1.3083087205886841 0.75527513027191162 -0.44219925999641418
1413.1830000020564 -0.7148669958114624 0.88778197765350342 1.2866352796554565 -0.078756034374237061 -0.82806438207626343 1.3292604684829712 0.78640609979629517 -0.44749546051025391
1494.8495999984443 -0.69102644920349121 0.89218175411224365 1.252072811126709 -0.091922037303447723 -0.80187839269638062 1.3410810232162476 0.76293033361434937 -0.46308574080467224
1579.6457000002265 -0.70044928789138794 0.89158636331558228 1.2343976497650146 -0.088312864303588867 -0.80435824394226074 1.3420836925506592 0.77646374702453613 -0.44137617945671082
1665.4209000021219 -0.70324718952178955 0.88001197576522827 1.2139936685562134 -0.096900537610054016 -0.80678164958953857 1.3119533061981201 0.78033977746963501 -0.4341508150100708
1746.8525000028312 -0.69779133796691895 0.87432825565338135 1.229628324508667 -0.091532327234745026 -0.79623794555664063 1.3152053356170654 0.74092864990234375 -0.43812054395675659
1831.9228999987245 -0.68512493371963501 0.87935638427734375 1.1518380641937256 -0.10547520220279694 -0.76361560821533203 1.314106822013855 0.74333220720291138 -0.42909952998161316
1915.2576000019908 -0.68329316377639771 0.87092304229736328 1.1696954965591431 -0.10097987204790115 -0.75294011831283569 1.301332950592041 0.71264278888702393 -0.42876794934272766
1997.9320000000298 -0.67489141225814819 0.86707824468612671 1.1747490167617798 -0.10753902792930603 -0.77363747358322144 1.304571270942688 0.69745439291000366 -0.44398674368858337
