122.61859999969602 -0.70839077234268188 0.4054894745349884 0.65189141035079956 0.41524383425712585 -0.75620973110198975 0.62739676237106323 0.69383895397186279 0.64665001630783081
300.76429999992251 -0.73779082298278809 0.40193405747413635 0.66384518146514893 0.41324812173843384 -0.78593945503234863 0.62442082166671753 0.71062344312667847 0.64227336645126343
462.06509999744594 -0.73557770252227783 0.39965668320655823 0.66571563482284546 0.40895003080368042 -0.7829548716545105 0.62313711643218994 0.73180067539215088 0.63408726453781128
642.93500000052154 -0.86138606071472168 0.36156070232391357 1.0789123773574829 0.30034071207046509 -1.5812036991119385 0.53700220584869385 1.3843952417373657 0.44885095953941345
795.25819999910891 -1.0464112758636475 0.22699828445911407 1.0309076309204102 0.17911575734615326 -1.5528111457824707 0.21795213222503662 1.4901164770126343 0.15222001075744629
950.02269999869168 -1.3925750255584717 0.12147390842437744 1.5400378704071045 0.026592802256345749 -1.5206136703491211 -0.11068476736545563 1.3179706335067749 -0.16966566443443298
1109.3815000001341 -1.1739423274993896 0.05687444657087326 1.4381345510482788 -0.0014541235286742449 -1.1962169408798218 -0.18308719992637634 1.3504871129989624 -0.18641291558742523
1262.226499998942 -1.058396577835083 0.028789401054382324 1.3253217935562134 -0.044821999967098236 -0.90647649765014648 -0.20292098820209503 1.0658239126205444 -0.20380935072898865
1406.3355000000447 -1.063684344291687 0.03265366330742836 1.2333897352218628 -0.040158446878194809 -0.90873688459396362 -0.19135260581970215 1.0472556352615356 -0.19624239206314087
1561.9781999997795 -1.1166810989379883 0.046448145061731339 1.2987864017486572 -0.037550792098045349 -0.93207859992980957 -0.16806448996067047 1.0401831865310669 -0.1900869756937027
1718.4322999995202 -1.1909294128417969 0.058830302208662033 1.16106116771698 -0.019436802715063095 -1.00348961353302 -0.14613230526447296 0.97669762372970581 -0.1633390486240387
1879.4195000007749 -1.0768717527389526 0.037573482841253281 1.1985706090927124 -0.041128784418106079 -0.90623921155929565 -0.16544799506664276 0.98303377628326416 -0.19076547026634216
