48.558200001716614 -0.60745459794998169 0.87596714496612549 0.52007567882537842 0.90220242738723755 -0.69334352016448975 1.3052214384078979 0.7462623119354248 1.3086123466491699
134.58880000188947 -0.59218496084213257 0.87308520078659058 0.52265101671218872 0.89136809110641479 -0.67057865858078003 1.3129494190216064 0.71340358257293701 1.2962760925292969
222.66780000552535 -0.60937380790710449 0.85675531625747681 0.49669933319091797 0.8781769871711731 -0.69970136880874634 1.2822788953781128 0.67780470848083496 1.2913700342178345
311.9518000036478 -0.61358606815338135 0.86075520515441895 0.48606696724891663 0.88492870330810547 -0.70603954792022705 1.2999657392501831 0.71861594915390015 1.292041540145874
404.77039999887347 -0.64335274696350098 0.86101490259170532 0.59152954816818237 0.89098316431045532 -0.78617727756500244 1.3130408525466919 0.8928368091583252 1.3205194473266602
487.31150000169873 -0.67282360792160034 0.87156528234481812 0.60565978288650513 0.90739202499389648 -0.79522961378097534 1.3255330324172974 0.96162599325180054 1.2945936918258667
573.47030000388622 -0.90477144718170166 0.82295876741409302 0.76221650838851929 0.86538195610046387 -1.2128149271011353 1.3074724674224854 1.1490247249603271 1.3805389404296875
655.32070000097156 -1.1006429195404053 0.63873577117919922 1.1414715051651001 0.65298837423324585 -1.7951909303665161 1.0659898519515991 1.7621511220932007 0.89442664384841919
738.97030000388622 -1.0927503108978271 0.50350290536880493 1.3564554452896118 0.5242619514465332 -1.6906763315200806 0.61672043800354004 -1.7063828706741333 0.68230491876602173
831.53440000116825 -1.5035781860351563 0.36239591240882874 1.643683910369873 0.31698137521743774 -2.3508367538452148 0.1434331089258194 2.7814455032348633 0.064129821956157684
916.80070000141859 -1.4679569005966187 0.21712756156921387 1.3413053750991821 0.19456703960895538 -2.0853579044342041 -0.15434530377388 2.2703299522399902 -0.17523354291915894
1001.7445000037551 -1.3795903921127319 -0.075712338089942932 1.2697175741195679 -0.0083604594692587852 -1.3447954654693604 -0.46995794773101807 1.3772224187850952 -0.38162750005722046
1083.9332999996841 -1.3921289443969727 -0.12321586906909943 1.2682602405548096 -0.069361105561256409 -1.2458639144897461 -0.51161086559295654 1.0400114059448242 -0.48440933227539063
1170.5340999998152 -1.2947746515274048 -0.075895890593528748 1.2157789468765259 -0.080607987940311432 -0.9476885199546814 -0.39181616902351379 0.6776241660118103 -0.42199930548667908
1256.7482000030577 -1.3745867013931274 -0.05564405769109726 1.1828470230102539 -0.09712623804807663 -1.0734050273895264 -0.33285313844680786 0.83158469200134277 -0.35607144236564636
1348.7461000047624 -1.4236505031585693 -0.065500713884830475 1.1687434911727905 -0.11605596542358398 -1.0866695642471313 -0.33252668380737305 0.75791800022125244 -0.3368506133556366
1433.90170000121 -1.3737350702285767 -0.096180848777294159 1.136377215385437 -0.11563628166913986 -0.98352456092834473 -0.36466190218925476 0.77154499292373657 -0.34098976850509644
1519.9444000050426 -1.3379578590393066 -0.076532632112503052 1.1288759708404541 -0.12676119804382324 -1.0687217712402344 -0.34675136208534241 0.72128307819366455 -0.34398657083511353
1608.4210000000894 -1.3884502649307251 -0.091414764523506165 1.1521272659301758 -0.10921690613031387 -1.0243761539459229 -0.35010638833045959 0.79388386011123657 -0.34420979022979736
1692.2719000019133 -1.3241547346115112 -0.10971584916114807 1.0572285652160645 -0.11843622475862503 -1.0886075496673584 -0.34236645698547363 0.84258466958999634 -0.35252681374549866
1776.1341999992728 -1.3098818063735962 -0.087125390768051147 1.1680487394332886 -0.1209101527929306 -1.0320807695388794 -0.34188029170036316 0.89990878105163574 -0.35190120339393616
1860.7465000040829 -1.3171865940093994 -0.096653461456298828 1.2280750274658203 -0.12589527666568756 -1.0730723142623901 -0.34312355518341064 0.77726709842681885 -0.36706727743148804
1966.4310000017285 -1.2988905906677246 -0.077178120613098145 1.1362618207931519 -0.11210482567548752 -0.95205426216125488 -0.34230762720108032 0.79535949230194092 -0.35115376114845276
