46.007699998095632 -0.66595703363418579 0.41212594509124756 0.61402571201324463 0.40783673524856567 -0.67715448141098022 0.63510078191757202 0.72046518325805664 0.64602166414260864
197.21419999934733 -0.67692446708679199 0.42074549198150635 0.61127740144729614 0.41171360015869141 -0.69078254699707031 0.64230674505233765 0.70175504684448242 0.63137489557266235
343.96150000020862 -0.68970561027526855 0.40908834338188171 0.62375950813293457 0.40343707799911499 -0.71282666921615601 0.63505560159683228 0.69982308149337769 0.62662339210510254
493.02730000019073 -0.72997897863388062 0.39644485712051392 0.7299993634223938 0.39733806252479553 -0.82017552852630615 0.61331677436828613 0.84276717901229858 0.60943448543548584
649.07109999842942 -0.80429810285568237 0.33115255832672119 1.0314012765884399 0.30351114273071289 -1.5670933723449707 0.48629707098007202 1.4120677709579468 0.44063484668731689
812.33400000073016 -1.1436665058135986 0.20691627264022827 1.0577561855316162 0.19663600623607635 -1.6498086452484131 0.1724221408367157 1.6098685264587402 0.10888858884572983
970.22239999845624 -1.6030881404876709 0.13397417962551117 1.4768247604370117 0.088125616312026978 -1.6546263694763184 -0.10926242917776108 1.4913548231124878 -0.12231572717428207
1127.4877000004053 -1.1821763515472412 0.10079710185527802 1.6088260412216187 0.027855794876813889 -1.5224978923797607 -0.1596771776676178 1.5295554399490356 -0.12638241052627563
1292.8962999992073 -1.281160831451416 0.059034954756498337 1.4288647174835205 0.00017068033048417419 -1.2355064153671265 -0.14501339197158813 1.3118160963058472 -0.18563874065876007
1442.2332999985665 -1.2284040451049805 0.061426695436239243 1.2636144161224365 0.0016437298618257046 -1.1361271142959595 -0.1398901641368866 1.0420966148376465 -0.16820645332336426
1598.6265999991447 -1.2284330129623413 0.064520388841629028 1.2666077613830566 0.001914049731567502 -1.1012381315231323 -0.14187330007553101 1.0555458068847656 -0.16622823476791382
1747.1293999999762 -1.2232785224914551 0.049250304698944092 1.2929633855819702 -0.0052531752735376358 -1.0478208065032959 -0.15700262784957886 1.0408890247344971 -0.1739257425069809
1896.9413000009954 -1.1542285680770874 0.056487511843442917 1.2990628480911255 -0.00025124868261627853 -1.0673079490661621 -0.15245985984802246 1.0843280553817749 -0.16640865802764893
