27.049800001084805 -0.80515015125274658 0.4008713960647583 0.65055090188980103 0.42137643694877625 -0.80784469842910767 0.61605674028396606 0.72122389078140259 0.65125125646591187
177.15539999864995 -0.76052963733673096 0.40334916114807129 0.62658965587615967 0.41873598098754883 -0.73651498556137085 0.61641532182693481 0.69494599103927612 0.65350800752639771
324.14389999955893 -0.81120359897613525 0.40404269099235535 0.74097597599029541 0.40225464105606079 -0.97153675556182861 0.61130756139755249 0.97104173898696899 0.61964058876037598
473.64550000056624 -0.949912428855896 0.37108844518661499 0.95152783393859863 0.36128929257392883 -1.0265811681747437 0.57660764455795288 1.1745301485061646 0.562977135181427
623.32650000043213 -1.1293166875839233 0.26328349113464355 0.90126067399978638 0.22903206944465637 -1.6786235570907593 0.33783069252967834 1.29481041431427 0.28159236907958984
766.77060000039637 -1.5945934057235718 0.18127419054508209 1.6163344383239746 0.16276629269123077 -1.8985277414321899 0.059109129011631012 1.8867114782333374 0.0059356242418289185
917.24119999818504 -1.1849329471588135 0.13269524276256561 1.5017637014389038 0.041721612215042114 -1.6217085123062134 -0.093102343380451202 1.2957801818847656 -0.18516139686107635
1057.3969000019133 -1.4723173379898071 0.072674140334129333 1.4655319452285767 0.021538687869906425 -1.4127731323242188 -0.135313481092453 1.3063781261444092 -0.18299338221549988
1208.3007999993861 -1.401314377784729 0.070907674729824066 1.4045088291168213 0.018783783540129662 -1.2836889028549194 -0.1358475536108017 1.2394949197769165 -0.16230100393295288
1459.784200001508 -1.4239233732223511 0.051779866218566895 1.4953790903091431 0.020194120705127716 -1.3054585456848145 -0.14377859234809875 1.3201445341110229 -0.16177560389041901
1740.196799999103 -1.3090014457702637 0.072690859436988831 1.2106140851974487 0.0071349609643220901 -1.2078436613082886 -0.12698160111904144 1.1057198047637939 -0.15595842897891998
