47.314300000667572 -0.69169390201568604 0.80704802274703979 0.75890755653381348 0.79926866292953491 -0.7614249587059021 1.2411537170410156 0.89666229486465454 1.220555305480957
133.17190000042319 -0.6596413254737854 0.81102228164672852 0.75823479890823364 0.79676634073257446 -0.73896068334579468 1.2328832149505615 0.8540952205657959 1.2374708652496338
214.42809999734163 -0.74700671434402466 0.81043416261672974 0.75626552104949951 0.79919826984405518 -0.83468770980834961 1.2450324296951294 0.9053342342376709 1.225412130355835
304.41399999707937 -0.72697430849075317 0.82858580350875854 0.65381646156311035 0.79451620578765869 -0.82154989242553711 1.2584242820739746 0.84671175479888916 1.2280021905899048
386.73629999905825 -0.66521251201629639 0.79154807329177856 0.70661842823028564 0.79543930292129517 -0.78917306661605835 1.2034131288528442 0.94863301515579224 1.2235760688781738
473.30089999735355 -0.74393749237060547 0.84158891439437866 0.71399372816085815 0.79325681924819946 -1.0963230133056641 1.2713309526443481 0.84688419103622437 1.1893211603164673
559.37889999896288 -0.95433205366134644 0.81885731220245361 0.75917237997055054 0.78969663381576538 -1.0993682146072388 1.1947388648986816 1.3651289939880371 1.2072662115097046
642.72260000184178 -0.91506707668304443 0.71167343854904175 1.0046976804733276 0.61746126413345337 -1.5168685913085938 1.01631760597229 1.6782974004745483 0.92248159646987915
729.53159999847412 -0.99590325355529785 0.58422070741653442 1.1003768444061279 0.54444390535354614 -2.0132100582122803 0.8358004093170166 1.9431439638137817 0.76045942306518555
821.86080000177026 -1.1287815570831299 0.30484235286712646 1.3037636280059814 0.3600725531578064 -2.26572585105896 0.22243942320346832 2.8209841251373291 0.21966251730918884
914.82520000264049 -1.0224053859710693 0.15321691334247589 1.5718584060668945 0.22873206436634064 -1.7794562578201294 -0.090427160263061523 2.6098737716674805 -0.063929066061973572
998.75869999825954 -1.1985718011856079 -0.033094748854637146 1.4158055782318115 0.10856214165687561 -1.6589947938919067 -0.46865165233612061 1.5412518978118896 -0.28842675685882568
1083.8068000003695 -1.0809552669525146 -0.12694178521633148 1.3232136964797974 -0.021801404654979706 -1.0201470851898193 -0.52922999858856201 1.3447893857955933 -0.36787512898445129
1164.7114000022411 -1.1369694471359253 -0.17317502200603485 1.581966757774353 -0.12700638175010681 -0.82159757614135742 -0.47089815139770508 1.2793219089508057 -0.49676698446273804
1250.596899997443 -1.0400643348693848 -0.14585506916046143 1.5236446857452393 -0.165509432554245 -0.49127715826034546 -0.45934766530990601 1.0186479091644287 -0.43847280740737915
1335.5192999988794 -1.3546831607818604 -0.083743445575237274 1.1586946249008179 -0.13339699804782867 -0.90753430128097534 -0.35970109701156616 0.76135909557342529 -0.40483561158180237
1421.5289999991655 -0.99627166986465454 -0.14079068601131439 1.567041277885437 -0.16147954761981964 -0.50225847959518433 -0.43632331490516663 0.85088181495666504 -0.4519399106502533
1507.6017000004649 -1.3403314352035522 -0.0870804563164711 1.1073648929595947 -0.12493505328893661 -0.8479156494140625 -0.36436426639556885 0.70412427186965942 -0.39691102504730225
1595.9038999974728 -1.3520848751068115 -0.089057900011539459 1.2093414068222046 -0.10467503219842911 -0.78980505466461182 -0.37820366024971008 0.58418625593185425 -0.38027045130729675
1688.0589000023901 -1.3776860237121582 -0.098568670451641083 1.1070939302444458 -0.098433665931224823 -0.73084920644760132 -0.37915313243865967 0.59180420637130737 -0.39278072118759155
1771.0503000020981 -1.2589170932769775 -0.094212867319583893 1.0303475856781006 -0.10583704710006714 -0.77346199750900269 -0.37636783719062805 0.45153409242630005 -0.40672752261161804
1854.4631999991834 -1.3065502643585205 -0.11790027469396591 1.0703361034393311 -0.16075135767459869 -0.73507362604141235 -0.41802206635475159 0.48036295175552368 -0.42143845558166504
1933.5248999968171 -1.0791822671890259 -0.098170019686222076 0.81417810916900635 -0.15259858965873718 -0.62220042943954468 -0.40469872951507568 0.33293232321739197 -0.42327165603637695
