4.8709999993443489 -0.75836622714996338 0.81112241744995117 0.71785628795623779 0.81433242559432983 -0.87786543369293213 1.3011031150817871 0.92281877994537354 1.27162766456604
90.870300002396107 -0.76476526260375977 0.79575532674789429 0.67891860008239746 0.81054455041885376 -0.93346035480499268 1.2830030918121338 0.8765750527381897 1.2396707534790039
178.85940000414848 -0.79817503690719604 0.79606282711029053 0.73698824644088745 0.78164398670196533 -0.93660444021224976 1.2749443054199219 0.91612750291824341 1.2470369338989258
261.01979999989271 -0.71191078424453735 0.81569874286651611 0.66994631290435791 0.83297246694564819 -0.90567570924758911 1.3281377553939819 0.91526162624359131 1.2724119424819946
340.96290000155568 -0.75911718606948853 0.83770650625228882 0.65880441665649414 0.83106684684753418 -1.0292273759841919 1.3816471099853516 1.0133349895477295 1.240291953086853
425.13720000162721 -0.74759668111801147 0.78663927316665649 1.0215749740600586 0.83021754026412964 -0.8962482213973999 1.2287325859069824 1.4026181697845459 1.2009398937225342
510.55570000037551 -0.61377072334289551 0.78795188665390015 0.95320934057235718 0.74407368898391724 -1.2889643907546997 1.3328309059143066 1.6280902624130249 1.1396678686141968
596.2102999985218 -1.1941330432891846 0.72647291421890259 1.0110019445419312 0.577167809009552 -2.0467038154602051 1.005334734916687 1.7305595874786377 0.79697483777999878
679.63630000129342 -1.0895116329193115 0.53186559677124023 1.2760328054428101 0.45663052797317505 -1.7160611152648926 0.55282080173492432 2.0902388095855713 0.50693774223327637
764.70679999887943 -1.0507926940917969 0.25395140051841736 0.91529166698455811 0.23598784208297729 -1.8661987781524658 -0.088120341300964355 0.76473909616470337 0.074536509811878204
846.6119000017643 -0.99874913692474365 0.10111773014068604 1.1246095895767212 0.12145537883043289 -1.4205758571624756 -0.26569294929504395 1.4359530210494995 -0.32143893837928772
931.49690000340343 -0.89453881978988647 0.031843923032283783 1.2828608751296997 0.057175751775503159 -1.2205440998077393 -0.35946172475814819 1.7865302562713623 -0.31944125890731812
1018.9174000024796 -0.86474460363388062 -0.089824505150318146 0.99519240856170654 -0.049825709313154221 -0.78634089231491089 -0.43819057941436768 0.9086114764213562 -0.44577258825302124
1109.9814000017941 -1.0616922378540039 -0.07917989045381546 0.88215744495391846 -0.10585115849971771 -0.65937149524688721 -0.43135863542556763 0.61224722862243652 -0.39990812540054321
1206.818700004369 -1.0820767879486084 -0.070123381912708282 0.9013475775718689 -0.092364303767681122 -0.64518016576766968 -0.39460441470146179 0.66031080484390259 -0.36990430951118469
1292.1062000021338 -1.0393238067626953 -0.063675276935100555 0.9364970326423645 -0.12160631269216537 -0.62884193658828735 -0.39917746186256409 0.72043865919113159 -0.38200750946998596
1376.8643000014126 -1.1172457933425903 -0.05410374328494072 0.97389531135559082 -0.11880902945995331 -0.68211710453033447 -0.382546067237854 0.71113079786300659 -0.37004828453063965
1459.7050999999046 -0.78266686201095581 -0.10304931551218033 0.87451714277267456 -0.098764367401599884 -0.58633631467819214 -0.3873964250087738 0.66390025615692139 -0.39074757695198059
1546.0544000007212 -1.1372448205947876 -0.064464211463928223 0.92872440814971924 -0.09355279803276062 -0.68608593940734863 -0.39734834432601929 0.72062164545059204 -0.38715329766273499
1629.4698000028729 -1.1221734285354614 -0.059918995946645737 0.91989248991012573 -0.10004274547100067 -0.64042705297470093 -0.37409818172454834 0.66310763359069824 -0.36181396245956421
1716.1605000011623 -0.91053736209869385 -0.09302966296672821 0.99310731887817383 -0.10850191116333008 -0.6758652925491333 -0.3715568482875824 0.67629188299179077 -0.36407500505447388
1799.5786000005901 -0.84690225124359131 -0.087917715311050415 0.88011890649795532 -0.070431023836135864 -0.71346187591552734 -0.36058595776557922 0.68724274635314941 -0.36124971508979797
1882.0848000012338 -1.1415337324142456 -0.037540122866630554 1.0016403198242188 -0.095664791762828827 -0.72819024324417114 -0.33866158127784729 0.69117414951324463 -0.3570244312286377
1970.179200001061 -0.80835086107254028 -0.084310472011566162 0.8287767767906189 -0.046547118574380875 -0.65382212400436401 -0.35620337724685669 0.73308587074279785 -0.32380935549736023
