75.386799998581409 -0.65675461292266846 0.90460377931594849 0.46138337254524231 0.93957102298736572 -0.71358513832092285 1.362256646156311 0.5821387767791748 1.3642863035202026
162.59050000086427 -0.65634804964065552 0.91548079252243042 0.50756973028182983 0.93692958354949951 -0.7231256365776062 1.3951538801193237 0.55515909194946289 1.3669434785842896
246.46189999952912 -0.664500892162323 0.93005192279815674 0.45445209741592407 0.93882137537002563 -0.71115940809249878 1.4149893522262573 0.56981813907623291 1.3788570165634155
335.44390000030398 -0.68528920412063599 0.92769044637680054 0.44311383366584778 0.93862885236740112 -0.73795723915100098 1.423332691192627 0.58470809459686279 1.3517609834671021
423.58940000087023 -0.64574891328811646 0.91591489315032959 0.52269285917282104 0.94507485628128052 -0.73532426357269287 1.3915648460388184 0.76138794422149658 1.326781153678894
513.43310000002384 -0.62458509206771851 0.92291074991226196 0.62158578634262085 0.94695961475372314 -0.717876136302948 1.4128975868225098 1.001304030418396 1.3300122022628784
597.81959999725223 -0.6455039381980896 0.93491923809051514 0.81824982166290283 0.92616128921508789 -0.71281254291534424 1.4327856302261353 1.3274997472763062 1.4077333211898804
699.89469999447465 -0.55206537246704102 0.92782312631607056 0.9672476053237915 0.69785940647125244 -0.54267358779907227 1.3813527822494507 1.7177480459213257 1.0008989572525024
790.45379999652505 -0.59991580247879028 0.93259185552597046 1.3368662595748901 0.56416958570480347 -0.58692705631256104 1.3867220878601074 2.1437852382659912 0.71118712425231934
874.06059999763966 -0.57157540321350098 0.94554758071899414 1.4400770664215088 0.29914781451225281 -0.58478003740310669 1.412986159324646 2.296750545501709 0.078830517828464508
959.53979999944568 -0.61902225017547607 0.96324199438095093 1.3028813600540161 0.17504195868968964 -0.63624221086502075 1.4638533592224121 2.1109037399291992 -0.17260400950908661
1044.8895999975502 -0.68462961912155151 0.94739466905593872 1.2996665239334106 0.11400994658470154 -0.74668627977371216 1.4335089921951294 1.8480677604675293 -0.2981019914150238
1137.0470999963582 -0.74401271343231201 0.92419236898422241 1.2636768817901611 -0.055686037987470627 -0.83692824840545654 1.3874436616897583 1.1220498085021973 -0.52505731582641602
1221.4567999951541 -0.82771116495132446 0.91989260911941528 1.0936229228973389 -0.1055186465382576 -0.90949004888534546 1.3793684244155884 0.64745324850082397 -0.50015717744827271
1305.9349999986589 -0.82639807462692261 0.91554421186447144 1.1288193464279175 -0.12453275173902512 -0.90256428718566895 1.3786389827728271 0.51659131050109863 -0.51613420248031616
1394.5183999948204 -0.79840242862701416 0.93065750598907471 1.2474384307861328 -0.12345604598522186 -0.87641555070877075 1.4085358381271362 0.58618736267089844 -0.51288175582885742
1476.3399999961257 -0.74447792768478394 0.91360735893249512 1.2397993803024292 -0.10803498327732086 -0.80052816867828369 1.3587130308151245 0.68440967798233032 -0.48410403728485107
1559.1068999953568 -0.72570598125457764 0.9032752513885498 1.2057884931564331 -0.1091596931219101 -0.78652471303939819 1.3517098426818848 0.68613284826278687 -0.49556559324264526
1641.8561999984086 -0.75508558750152588 0.91367298364639282 1.1593464612960815 -0.12158447504043579 -0.80757606029510498 1.3626105785369873 0.67595118284225464 -0.47979998588562012
1737.3679999932647 -0.77109342813491821 0.92055118083953857 1.2060697078704834 -0.12682564556598663 -0.81837987899780273 1.3627574443817139 0.7224382758140564 -0.50439292192459106
1824.2454000003636 -0.7575523853302002 0.90629321336746216 1.1531533002853394 -0.12254873663187027 -0.81173431873321533 1.3507828712463379 0.69567775726318359 -0.49059271812438965
1909.2802999988198 -0.77766793966293335 0.91313463449478149 1.248464822769165 -0.098639063537120819 -0.8260388970375061 1.3616803884506226 0.69500917196273804 -0.48934903740882874
1995.8972999975085 -0.74176937341690063 0.90824073553085327 1.2158246040344238 -0.1161624938249588 -0.79417902231216431 1.3576146364212036 0.67764079570770264 -0.50041675567626953
