7.7989999987185001 -0.70146816968917847 0.81380850076675415 0.72236019372940063 0.7602003812789917 -0.68205547332763672 1.2409631013870239 0.96363353729248047 1.2341865301132202
93.662499997764826 -0.6789124608039856 0.82900631427764893 0.73930239677429199 0.76052522659301758 -0.68437421321868896 1.265169620513916 0.96314162015914917 1.2662433385848999
181.50610000267625 -0.66953319311141968 0.83042722940444946 0.78440314531326294 0.76640492677688599 -0.6867215633392334 1.2559409141540527 1.0293033123016357 1.2158613204956055
265.23669999837875 -0.58698278665542603 0.88365441560745239 0.69182467460632324 0.77268344163894653 -0.5982353687286377 1.3345173597335815 0.8734709620475769 1.2100019454956055
352.11429999768734 -0.47045412659645081 0.87862849235534668 0.99596565961837769 0.68035632371902466 -0.54367411136627197 1.3062855005264282 1.5177788734436035 1.0716831684112549
439.41649999842048 -0.5331108570098877 0.8446621298789978 0.982532799243927 0.54559993743896484 -0.57871341705322266 1.270976185798645 1.7019729614257813 0.79335927963256836
520.71939999982715 -0.47199928760528564 0.88863521814346313 1.16037917137146 0.4601176381111145 -0.53227120637893677 1.3497632741928101 1.9215205907821655 0.599079430103302
605.05169999599457 -0.45578688383102417 0.87889081239700317 1.4670350551605225 0.3764435350894928 -0.61571556329727173 1.2851980924606323 2.5990629196166992 0.40859141945838928
687.79019999876618 -0.57161462306976318 0.8730805516242981 1.1489382982254028 0.14472308754920959 -0.61247867345809937 1.2924296855926514 1.6639057397842407 -0.16375555098056793
771.96319999918342 -0.66979247331619263 0.83637422323226929 1.2350668907165527 0.089791476726531982 -0.71091771125793457 1.2512212991714478 1.4613749980926514 -0.18763464689254761
855.63039999827743 -0.69959896802902222 0.88399356603622437 1.195859432220459 0.039644133299589157 -0.75257128477096558 1.3305807113647461 1.3888168334960938 -0.27560397982597351
939.8880999982357 -0.66046142578125 0.89973366260528564 1.3157341480255127 -0.098296292126178741 -0.73713064193725586 1.3324122428894043 0.86464667320251465 -0.42074239253997803
1019.7636999972165 -0.66175287961959839 0.88583481311798096 1.3274341821670532 -0.092371359467506409 -0.76087242364883423 1.3089967966079712 0.80354446172714233 -0.41667145490646362
1105.3745999969542 -0.54802709817886353 0.859794020652771 1.3751178979873657 -0.11683604866266251 -0.58814835548400879 1.2979878187179565 0.89447766542434692 -0.46904662251472473
1193.2834999971092 -0.67774677276611328 0.84434759616851807 1.2443556785583496 -0.097178824245929718 -0.69955301284790039 1.2633336782455444 0.81403958797454834 -0.41322460770606995
1274.1464999988675 -0.54413497447967529 0.83454877138137817 1.4609651565551758 -0.11698227375745773 -0.55230897665023804 1.2579272985458374 1.0508500337600708 -0.4565683901309967
1354.6686999984086 -0.89657968282699585 0.82401764392852783 1.5774978399276733 -0.094220101833343506 -0.88977473974227905 1.2420315742492676 1.024800181388855 -0.44971746206283569
1439.8535999991 -0.74193567037582397 0.81780332326889038 1.6923118829727173 -0.12141930311918259 -0.73660212755203247 1.2680227756500244 1.2469607591629028 -0.48231911659240723
1522.0676999986172 -0.70210725069046021 0.86839163303375244 1.723132848739624 -0.12014316767454147 -0.72769081592559814 1.303051233291626 1.2077679634094238 -0.47683116793632507
1604.0841000005603 -0.85980945825576782 0.84856241941452026 1.5688520669937134 -0.085046328604221344 -0.86990809440612793 1.273529052734375 1.0465115308761597 -0.43584981560707092
1688.7247000001371 -0.69068771600723267 0.86645424365997314 1.7024798393249512 -0.11700943857431412 -0.72404682636260986 1.3029094934463501 1.258359432220459 -0.4589914083480835
1773.1437999978662 -0.61349684000015259 0.85057848691940308 1.3973780870437622 -0.10961948335170746 -0.61833012104034424 1.2881119251251221 0.99714088439941406 -0.45905303955078125
1857.7778999991715 -0.71291512250900269 0.85369473695755005 1.2814604043960571 -0.078776635229587555 -0.70762389898300171 1.2796834707260132 0.88099879026412964 -0.4132595956325531
1941.5434999987483 -0.71422338485717773 0.85752779245376587 1.3217315673828125 -0.084322646260261536 -0.71974939107894897 1.2781193256378174 0.83235359191894531 -0.4332696795463562
