23.775000002235174 -0.66138213872909546 0.94716101884841919 0.46260577440261841 0.9136841893196106 -0.71479302644729614 1.4127715826034546 0.70682269334793091 1.3455222845077515
105.65199999883771 -0.66442042589187622 0.92493045330047607 0.46234533190727234 0.86638808250427246 -0.72543066740036011 1.3972415924072266 0.73024570941925049 1.2921913862228394
189.87010000273585 -0.6183236837387085 0.92489588260650635 0.49438610672950745 0.90108931064605713 -0.70313739776611328 1.4096784591674805 0.69520992040634155 1.3094841241836548
274.27930000051856 -0.63871830701828003 0.91338682174682617 0.52583509683609009 0.91303306818008423 -0.73166000843048096 1.4002898931503296 0.75443869829177856 1.3244223594665527
361.27369999885559 -0.6499861478805542 0.91132420301437378 0.58708655834197998 0.88926708698272705 -0.73165059089660645 1.4012864828109741 0.82677263021469116 1.3409510850906372
445.35740000009537 -0.67244434356689453 0.88469773530960083 0.64908266067504883 0.84524828195571899 -0.81824326515197754 1.3350688219070435 1.0413922071456909 1.3507485389709473
529.24049999937415 -0.91660404205322266 0.82321733236312866 0.93608015775680542 0.81146013736724854 -1.1470378637313843 1.264986515045166 1.4212784767150879 1.1300615072250366
611.31300000101328 -1.0398101806640625 0.79637432098388672 0.83029955625534058 0.69957023859024048 -1.8074109554290771 1.216042160987854 1.4139034748077393 0.81478625535964966
705.44970000162721 -1.1757431030273438 0.59070384502410889 1.094710111618042 0.48066383600234985 -2.4078350067138672 0.91127943992614746 1.6153626441955566 0.5711066722869873
795.77969999983907 -1.3473724126815796 0.46104267239570618 1.3318979740142822 0.35423099994659424 -2.0760602951049805 0.51110076904296875 2.4889931678771973 0.23418517410755157
877.4417000003159 -1.4258517026901245 0.18742814660072327 1.2004325389862061 0.20462949573993683 -2.3393609523773193 -0.1359923928976059 1.9324573278427124 -0.18906331062316895
961.60070000216365 -1.6158046722412109 0.069478623569011688 1.2095118761062622 0.12173610180616379 -2.2701113224029541 -0.36241909861564636 1.8249354362487793 -0.20331896841526031
1046.0940999984741 -1.5744997262954712 -0.056259442120790482 1.3288023471832275 -0.041104566305875778 -1.2149801254272461 -0.42983782291412354 1.0374858379364014 -0.41375410556793213
1126.7806000001729 -1.3934903144836426 -0.059524223208427429 1.1814106702804565 -0.075523249804973602 -0.93993616104125977 -0.38436594605445862 0.7028038501739502 -0.40544393658638
1210.0161000005901 -1.3796039819717407 -0.052719607949256897 1.15659499168396 -0.11959298700094223 -0.90834426879882813 -0.35257256031036377 0.69538277387619019 -0.38577041029930115
1298.1479000002146 -1.2815550565719604 -0.043945856392383575 1.1144320964813232 -0.11917359381914139 -0.88640177249908447 -0.32735013961791992 0.83196544647216797 -0.3260541558265686
1382.6132000014186 -1.3135342597961426 -0.051108226180076599 1.1909890174865723 -0.10059931129217148 -0.81379342079162598 -0.34712699055671692 0.74040919542312622 -0.34294721484184265
1469.1970000006258 -1.3231326341629028 -0.040701087564229965 1.1943213939666748 -0.1188613697886467 -0.86576634645462036 -0.34186676144599915 0.74047482013702393 -0.37969115376472473
1554.0547000020742 -1.3595806360244751 -0.045424405485391617 1.1940840482711792 -0.10844822227954865 -0.86071091890335083 -0.34022822976112366 0.71995550394058228 -0.36035460233688354
1638.6182000003755 -1.3162490129470825 -0.054619736969470978 1.1965839862823486 -0.11463602632284164 -0.87691426277160645 -0.33961024880409241 0.74178433418273926 -0.3680708110332489
1722.9686000011861 -1.3163585662841797 -0.046127602458000183 1.1390951871871948 -0.12724019587039948 -0.85204172134399414 -0.36115121841430664 0.81502264738082886 -0.3203432559967041
1805.126599997282 -1.3019595146179199 -0.048903904855251312 1.1727437973022461 -0.10368632525205612 -0.86024361848831177 -0.35022294521331787 0.72580021619796753 -0.34537273645401001
1885.8930999971926 -1.2744395732879639 -0.063746608793735504 1.1944323778152466 -0.1225028857588768 -0.8872830867767334 -0.33220019936561584 0.72561895847320557 -0.3625723123550415
1970.5922999978065 -1.2946370840072632 -0.05857250839471817 1.2265607118606567 -0.11466304212808609 -0.8504946231842041 -0.34247031807899475 0.76714587211608887 -0.35783290863037109
