11.475899998098612 -0.71705877780914307 0.81137096881866455 0.79474383592605591 0.83720862865447998 -0.94539672136306763 1.2806863784790039 0.69069552421569824 1.3197798728942871
98.612700000405312 -0.79549896717071533 0.83135062456130981 0.77194929122924805 0.82207095623016357 -0.9687989354133606 1.2808114290237427 0.93082278966903687 1.2791764736175537
180.2048000022769 -0.85167598724365234 0.8353649377822876 0.77641922235488892 0.85422086715698242 -0.97936701774597168 1.3123399019241333 0.92707401514053345 1.3473266363143921
264.15240000188351 -0.95976537466049194 0.86716926097869873 0.57603299617767334 0.87833166122436523 -0.83947551250457764 1.2932983636856079 0.76826983690261841 1.3918414115905762
351.332300003618 -0.86260581016540527 0.89248847961425781 0.57049494981765747 0.93565261363983154 -0.74266558885574341 1.3408875465393066 0.70712339878082275 1.4182708263397217
433.58320000395179 -0.62954896688461304 0.8512226939201355 0.49877762794494629 0.91271597146987915 -0.78286999464035034 1.31288743019104 0.71442538499832153 1.3936591148376465
517.72269999980927 -0.7244676947593689 0.78753781318664551 0.72799307107925415 0.88052749633789063 -1.0300341844558716 1.2080587148666382 0.94207561016082764 1.3397860527038574
604.02770000323653 -0.94770592451095581 0.77634167671203613 0.80797916650772095 0.7849348783493042 -1.3624467849731445 1.2410678863525391 1.3543721437454224 1.1845008134841919
686.86180000379682 -1.2146648168563843 0.71817350387573242 0.98569858074188232 0.70105481147766113 -1.8536008596420288 1.1612099409103394 1.4523652791976929 0.84897184371948242
770.2635000012815 -1.2556555271148682 0.50525450706481934 1.1018890142440796 0.50424623489379883 -1.9977912902832031 0.58233380317687988 -2.0235607624053955 0.56032532453536987
858.96560000628233 -1.4358165264129639 0.34437566995620728 1.7253891229629517 0.33662384748458862 2.5277385711669922 0.085847720503807068 2.953312873840332 0.095535099506378174
962.15350000187755 -1.7093645334243774 0.14637945592403412 1.5445443391799927 0.22308243811130524 -2.6852316856384277 -0.18075765669345856 2.5190412998199463 -0.084152728319168091
1060.8699000030756 -1.3697963953018188 -0.030899034813046455 1.2877024412155151 -0.023709716275334358 -1.4100303649902344 -0.21384540200233459 1.378347635269165 -0.33928006887435913
1149.0133000016212 -1.326939582824707 -0.15099246799945831 1.2873769998550415 -0.090968623757362366 -1.1575025320053101 -0.47101610898971558 1.0290043354034424 -0.4837491512298584
1233.3188000023365 -1.224035382270813 -0.1471947580575943 1.0844178199768066 -0.15131652355194092 -0.8319467306137085 -0.40766862034797668 0.54403406381607056 -0.4261040985584259
1314.825900003314 -1.0202052593231201 -0.13439732789993286 1.021821141242981 -0.1574687659740448 -0.65507340431213379 -0.4448254406452179 0.53809869289398193 -0.4007466733455658
1398.9485000036657 -1.0411401987075806 -0.10594659298658371 1.0897700786590576 -0.14961603283882141 -0.81239306926727295 -0.37957668304443359 0.68378263711929321 -0.40134188532829285
1481.763900000602 -1.1084096431732178 -0.10796826332807541 1.0644537210464478 -0.16153347492218018 -0.98820734024047852 -0.3625730574131012 0.68169379234313965 -0.39568129181861877
1563.7524000033736 -1.046643853187561 -0.067134357988834381 1.1149072647094727 -0.15922227501869202 -0.94341778755187988 -0.36165449023246765 0.71240371465682983 -0.37922227382659912
1646.7125000022352 -1.103583812713623 -0.10425882786512375 1.142809271812439 -0.15453718602657318 -0.99042642116546631 -0.36621221899986267 0.80700302124023438 -0.38788908720016479
1730.2357000038028 -1.1134852170944214 -0.073603831231594086 1.1555309295654297 -0.17166264355182648 -1.0825077295303345 -0.35730332136154175 0.81764090061187744 -0.38016495108604431
1815.0186000019312 -1.0768569707870483 -0.075122922658920288 1.1206620931625366 -0.16247840225696564 -1.0110900402069092 -0.35954102873802185 0.79417353868484497 -0.39180290699005127
1895.9652000069618 -1.0790529251098633 -0.10566495358943939 1.0776187181472778 -0.14884777367115021 -0.9574245810508728 -0.37508639693260193 0.78760981559753418 -0.38159066438674927
1976.5143000036478 -1.0731306076049805 -0.044605948030948639 1.0948976278305054 -0.16536979377269745 -0.97415173053741455 -0.37896838784217834 0.80060893297195435 -0.40333709120750427
