62.39190000295639 -0.72622621059417725 0.99819689989089966 0.70637285709381104 1.054046630859375 -0.77032262086868286 1.518073558807373 0.77469617128372192 1.5666292905807495
145.17420000210404 -0.72845190763473511 0.99005162715911865 0.70836341381072998 1.0432333946228027 -0.78517752885818481 1.4903727769851685 0.76711469888687134 1.4676650762557983
227.23900000378489 -0.71333855390548706 1.0073070526123047 0.65361005067825317 1.0002566576004028 -0.76532977819442749 1.5239111185073853 0.78210914134979248 1.5581592321395874
309.14810000360012 -0.73420459032058716 0.9995768666267395 0.69886082410812378 1.0633686780929565 -0.78080672025680542 1.5113992691040039 0.79055273532867432 1.5696010589599609
390.38060000166297 -0.67958229780197144 1.0094919204711914 0.83538597822189331 0.97049760818481445 -0.72315239906311035 1.5111299753189087 0.87903833389282227 1.3867597579956055
475.85020000115037 -0.66567373275756836 0.99511837959289551 0.81262856721878052 0.97610223293304443 -0.72102618217468262 1.504031777381897 1.3738726377487183 1.3525066375732422
558.63030000403523 -0.73393315076828003 1.0020600557327271 1.2814449071884155 0.87458270788192749 -0.78523939847946167 1.511242151260376 2.1015067100524902 1.1207205057144165
644.00650000199676 -0.72240519523620605 0.99697190523147583 1.4096111059188843 0.59404850006103516 -0.78942793607711792 1.491462230682373 2.397404670715332 1.0071613788604736
724.12610000371933 -0.98392742872238159 0.99374830722808838 1.6685276031494141 0.26286473870277405 -1.1291099786758423 1.4847139120101929 2.2786781787872314 0.10743024945259094
807.45640000328422 -0.95900821685791016 0.96553140878677368 1.3922314643859863 0.27122730016708374 -1.0996944904327393 1.4619489908218384 2.1615855693817139 -0.036643106490373611
889.36409999802709 -0.79944151639938354 0.95606863498687744 1.2553688287734985 0.14916011691093445 -0.92139303684234619 1.4543720483779907 1.7978065013885498 -0.22889693081378937
975.82490000128746 -0.85024118423461914 0.97578710317611694 1.1234369277954102 0.093628637492656708 -0.9039381742477417 1.4942973852157593 1.4368431568145752 -0.28903123736381531
1058.5088000036776 -0.69222491979598999 0.98383253812789917 1.4540950059890747 -0.15924085676670074 -0.68482458591461182 1.5494524240493774 0.93865466117858887 -0.54341340065002441
1138.9851999990642 -0.76498270034790039 1.0034778118133545 1.5915167331695557 -0.1330382227897644 -0.71588796377182007 1.5364407300949097 1.0850807428359985 -0.48246344923973083
1221.9401000030339 -0.68194872140884399 1.012941837310791 1.4125999212265015 -0.14482875168323517 -0.66500073671340942 1.5618398189544678 0.93329817056655884 -0.5013958215713501
1307.9394000060856 -0.69232982397079468 0.96917623281478882 1.4435805082321167 -0.16330033540725708 -0.70162630081176758 1.4940348863601685 0.94103926420211792 -0.51852649450302124
1390.5740000009537 -0.69887000322341919 0.94734114408493042 1.4700678586959839 -0.1638275533914566 -0.7294885516166687 1.4414241313934326 0.99042797088623047 -0.5253409743309021
1476.493100002408 -0.71569728851318359 0.92424511909484863 1.4762513637542725 -0.15680995583534241 -0.76518470048904419 1.4285494089126587 0.94708943367004395 -0.54436695575714111
1562.0736000016332 -0.72439765930175781 0.93091440200805664 1.4593716859817505 -0.16548237204551697 -0.75461244583129883 1.4335349798202515 0.93472599983215332 -0.54456973075866699
1644.3646000027657 -0.85116690397262573 0.94466716051101685 1.6739571094512939 -0.15163011848926544 -0.88987904787063599 1.445525050163269 1.1909451484680176 -0.49354648590087891
1724.1688000001013 -0.87719923257827759 0.95190465450286865 1.3225455284118652 -0.12104544043540955 -0.93923592567443848 1.4187191724777222 0.86488348245620728 -0.47416535019874573
1811.9603000022471 -0.76860803365707397 0.97025394439697266 1.4988859891891479 -0.1622435450553894 -0.80100089311599731 1.4589152336120605 1.0336991548538208 -0.52477878332138062
1904.2157000042498 -0.85742753744125366 1.0095193386077881 1.7220944166183472 -0.17520143091678619 -0.84392189979553223 1.5442807674407959 1.2085456848144531 -0.53419274091720581
1995.9972999989986 -0.74912762641906738 1.0340059995651245 1.4667116403579712 -0.16207528114318848 -0.73407495021820068 1.5962365865707397 1.0156018733978271 -0.54466068744659424
