38.214099999517202 -0.63280218839645386 0.87675148248672485 0.62300586700439453 0.77591699361801147 -0.66618162393569946 1.284372091293335 0.84251832962036133 1.2441428899765015
121.50239999964833 -0.6347421407699585 0.95598345994949341 0.66696810722351074 0.83577555418014526 -0.67186599969863892 1.3846838474273682 0.84453749656677246 1.3429105281829834
207.68009999766946 -0.67520308494567871 0.92694574594497681 0.68618178367614746 0.83898574113845825 -0.72003412246704102 1.371618390083313 0.85369467735290527 1.3381932973861694
292.95969999581575 -0.65531635284423828 0.8934897780418396 0.74269568920135498 0.80815064907073975 -0.68928468227386475 1.3342134952545166 0.83839315176010132 1.2266237735748291
376.97039999812841 -0.64823269844055176 0.8734285831451416 0.62858039140701294 0.76761436462402344 -0.69647091627120972 1.2979370355606079 0.85107570886611938 1.2354241609573364
486.569699998945 -0.74354356527328491 0.86216592788696289 0.8331836462020874 0.70823121070861816 -0.82632821798324585 1.3068405389785767 1.2808765172958374 1.1770120859146118
575.17329999431968 -0.85141158103942871 0.82427167892456055 0.88719022274017334 0.7475554347038269 -0.91999703645706177 1.2617157697677612 1.2876580953598022 1.1753711700439453
660.37859999760985 -1.2891786098480225 0.5761757493019104 1.5778312683105469 0.51665502786636353 -2.2659099102020264 0.7347986102104187 -1.8501274585723877 0.75322872400283813
746.38719999417663 -1.0722771883010864 0.41848394274711609 1.3330835103988647 0.32873740792274475 -1.5403558015823364 0.42921110987663269 2.6228992938995361 0.25982323288917542
832.99089999869466 -1.0898300409317017 0.25010764598846436 1.7757418155670166 0.21399645507335663 -1.9647157192230225 0.03962266817688942 2.587684154510498 -0.047933794558048248
917.44299999624491 -1.0819594860076904 0.18466930091381073 1.4136818647384644 0.17689338326454163 -1.7014731168746948 -0.041519429534673691 2.0871632099151611 -0.073186114430427551
999.54259999841452 -0.8236459493637085 0.044210195541381836 1.2947272062301636 0.098399661481380463 -1.1807920932769775 -0.32021093368530273 1.721882700920105 -0.10307256877422333
1082.6820999979973 -0.7350422739982605 -0.063865125179290771 1.322650671005249 -0.025365933775901794 -0.633880615234375 -0.34528535604476929 1.2428210973739624 -0.30792829394340515
1165.631400000304 -0.76993948221206665 -0.056199483573436737 1.35809326171875 -0.091308869421482086 -0.54397761821746826 -0.33855250477790833 0.80801624059677124 -0.41573917865753174
1249.7808999978006 -0.70716291666030884 -0.07172037661075592 1.3817794322967529 -0.096779525279998779 -0.54773396253585815 -0.31146720051765442 0.96903514862060547 -0.33256390690803528
1333.1708000004292 -0.75894027948379517 -0.097283437848091125 1.3417187929153442 -0.12669216096401215 -0.59278589487075806 -0.31783899664878845 0.9798743724822998 -0.34439796209335327
1415.3622999973595 -0.96614944934844971 -0.091774359345436096 1.2851324081420898 -0.10490434616804123 -0.76085513830184937 -0.3168451189994812 0.90456205606460571 -0.30871623754501343
1500.8112000003457 -1.0381383895874023 -0.083190396428108215 1.2822481393814087 -0.10278303176164627 -0.96098321676254272 -0.30529746413230896 0.92217612266540527 -0.28549841046333313
1583.8326999992132 -1.0787597894668579 -0.10092083364725113 1.3439244031906128 -0.11532518267631531 -0.88133412599563599 -0.32251155376434326 0.88912284374237061 -0.29588040709495544
1666.4366999976337 -0.97745376825332642 -0.085500478744506836 1.2493174076080322 -0.10271535813808441 -0.84229624271392822 -0.30765104293823242 0.83291721343994141 -0.29373693466186523
1753.3530999980867 -1.0957717895507813 -0.094813920557498932 1.3515399694442749 -0.11301237344741821 -0.91717952489852905 -0.31809163093566895 0.88563263416290283 -0.31923305988311768
1839.5669999979436 -1.1369773149490356 -0.099496945738792419 1.3526443243026733 -0.10759591311216354 -0.95134872198104858 -0.32364130020141602 0.8622816801071167 -0.30553191900253296
1925.3392999991775 -1.1676381826400757 -0.094015531241893768 1.302094578742981 -0.095922589302062988 -0.96833264827728271 -0.31491383910179138 0.81316804885864258 -0.28789833188056946
