112.4621999990195 -0.70542377233505249 0.40610185265541077 0.58937323093414307 0.398835688829422 -0.64259541034698486 0.62261873483657837 0.6993674635887146 0.62744742631912231
264.9805999994278 -0.69295638799667358 0.4043431282043457 0.58227425813674927 0.40100887417793274 -0.62903106212615967 0.61971026659011841 0.68096882104873657 0.62634974718093872
418.02359999902546 -0.70348960161209106 0.40343448519706726 0.60414993762969971 0.39529380202293396 -0.6559181809425354 0.61803674697875977 0.73238354921340942 0.62222272157669067
577.97729999944568 -0.91099375486373901 0.39352351427078247 0.90994095802307129 0.38477352261543274 -1.2034379243850708 0.59744411706924438 1.1186673641204834 0.57890194654464722
739.3523999992758 -0.98101454973220825 0.27588513493537903 0.75309991836547852 0.22864922881126404 -1.7087690830230713 0.38311010599136353 1.4641873836517334 0.31300762295722961
885.89309999905527 -1.5022817850112915 0.17235969007015228 1.3277658224105835 0.15523181855678558 -2.2484259605407715 0.10278449952602386 1.848440408706665 0.083821199834346771
1044.4104999992996 -1.2858611345291138 0.12915967404842377 1.5602281093597412 0.050809044390916824 -1.6771695613861084 -0.083113573491573334 1.4318971633911133 -0.16960567235946655
1206.7023999989033 -1.601056694984436 0.093311071395874023 1.5778186321258545 0.032688461244106293 -1.8270437717437744 -0.11097878962755203 1.534510612487793 -0.12490002810955048
1374.4969999995083 -1.4208172559738159 0.098256945610046387 1.4685391187667847 0.0242325309664011 -1.8115215301513672 -0.12806752324104309 1.6991950273513794 -0.082357123494148254
1525.4356999993324 -1.5980274677276611 0.074276752769947052 1.2800524234771729 0.028867835178971291 -1.5115236043930054 -0.13161371648311615 1.4606956243515015 -0.099320612847805023
1682.1648999992758 -1.4493067264556885 0.070434793829917908 1.3484666347503662 0.049092561006546021 -1.4814268350601196 -0.13379897177219391 1.5238393545150757 -0.075779303908348083
1832.8903000000864 -1.3475174903869629 0.06760840117931366 1.3592358827590942 0.017125850543379784 -1.4464848041534424 -0.14000892639160156 1.455400824546814 -0.086126543581485748
1991.8073999993503 -1.4724540710449219 0.06217643991112709 1.2938871383666992 0.022515179589390755 -1.3913781642913818 -0.1339765340089798 1.4035168886184692 -0.1004595085978508
