6.985700000077486 -0.89223450422286987 0.68370276689529419 0.70723074674606323 0.75332093238830566 -0.90244269371032715 1.0548653602600098 0.62595587968826294 1.1521507501602173
92.418500002473593 -0.83203631639480591 0.68165838718414307 0.64019668102264404 0.75230079889297485 -0.85274434089660645 1.0425668954849243 0.61756753921508789 1.1364078521728516
176.49930000305176 -0.72842341661453247 0.66429024934768677 0.85004287958145142 0.74216139316558838 -0.74943065643310547 1.0263222455978394 0.80149859189987183 1.1211981773376465
263.09870000183582 -0.83756726980209351 0.66784262657165527 0.58416223526000977 0.73746579885482788 -0.83949077129364014 1.0454130172729492 0.61329525709152222 1.1167783737182617
348.13810000196099 -0.97371745109558105 0.68997770547866821 0.70637613534927368 0.73562121391296387 -1.0168963670730591 1.0828251838684082 0.82022619247436523 1.1118752956390381
430.9814000017941 -0.89268702268600464 0.76250052452087402 0.67058485746383667 0.7348940372467041 -0.94155502319335938 1.178142786026001 0.71597230434417725 1.1329222917556763
516.9134000018239 -0.90840017795562744 0.72760587930679321 0.71608942747116089 0.74780172109603882 -1.0329380035400391 1.140008807182312 0.73453527688980103 1.1530230045318604
598.13460000604391 -0.94162410497665405 0.74685162305831909 0.6840558648109436 0.77329826354980469 -1.0685763359069824 1.1520907878875732 0.69724553823471069 1.1846014261245728
680.02900000289083 -0.98396265506744385 0.57904642820358276 0.64665675163269043 0.76233857870101929 -1.6084661483764648 0.86788642406463623 0.66475361585617065 1.1801755428314209
766.49690000340343 -1.2857507467269897 0.52333348989486694 0.59379637241363525 0.74007755517959595 -1.9492511749267578 0.6772998571395874 0.62248086929321289 1.1403751373291016
848.6870000064373 -1.0935039520263672 0.33624422550201416 0.643047034740448 0.75182968378067017 -0.93998599052429199 0.81812012195587158 0.66037207841873169 1.1119428873062134
932.67380000278354 -1.1013644933700562 0.28948187828063965 0.69576734304428101 0.72638791799545288 -1.5212830305099487 0.24921230971813202 0.74702697992324829 1.0824300050735474
1018.6682000048459 -1.1747074127197266 0.089426249265670776 0.68367576599121094 0.72398805618286133 -1.4360640048980713 -0.14131130278110504 0.65016543865203857 1.1777094602584839
1104.3686000034213 -0.99885022640228271 0.051055122166872025 0.69442975521087646 0.7580568790435791 -1.33745276927948 -0.28002405166625977 0.69155329465866089 1.2065401077270508
1187.7370000071824 -1.1917409896850586 -0.030751779675483704 0.62815910577774048 0.72195643186569214 -0.94327044486999512 -0.34634110331535339 0.67196041345596313 1.1687419414520264
1275.617800001055 -1.2396266460418701 -0.045330755412578583 0.60491049289703369 0.7296871542930603 -0.6679648756980896 -0.33622220158576965 0.67174315452575684 1.1901160478591919
1362.6575000025332 -1.2294361591339111 -0.050791114568710327 0.60414111614227295 0.74045932292938232 -0.67027574777603149 -0.33434301614761353 0.70149838924407959 1.2072299718856812
1460.1499000042677 -1.2423082590103149 -0.048926066607236862 0.63591927289962769 0.76232224702835083 -0.71656477451324463 -0.35853999853134155 0.69128227233886719 1.2318893671035767
1542.7063999995589 -1.2074310779571533 -0.051858823746442795 0.63345330953598022 0.74508839845657349 -0.7401394248008728 -0.35172063112258911 0.69268178939819336 1.2158231735229492
1626.9309000037611 -1.2329361438751221 -0.047429300844669342 0.6075437068939209 0.7713356614112854 -0.75959807634353638 -0.36453843116760254 0.67568874359130859 1.223845362663269
1712.2668000012636 -1.2212058305740356 -0.047480050474405289 0.65038400888442993 0.7540886402130127 -0.74181675910949707 -0.35887899994850159 0.70899289846420288 1.2135109901428223
1796.8366000019014 -1.2748905420303345 -0.018304957076907158 0.65643978118896484 0.75470316410064697 -0.76246339082717896 -0.35352221131324768 0.72278612852096558 1.2203779220581055
1882.5436000078917 -1.2188539505004883 -0.046442568302154541 0.66207385063171387 0.74169284105300903 -0.7588312029838562 -0.35094329714775085 0.72387295961380005 1.2026015520095825
1966.7758000008762 -1.2370638847351074 -0.052989881485700607 0.6165773868560791 0.73180860280990601 -0.75314021110534668 -0.36334812641143799 0.68587630987167358 1.1447030305862427
