2.9059000015258789 -0.98093730211257935 1.01398766040802 0.7518470287322998 1.0100589990615845 -1.0654561519622803 1.5618820190429688 0.8146207332611084 1.5166821479797363
87.828099999576807 -0.79565322399139404 1.03180992603302 0.70092886686325073 1.0512102842330933 -0.89895999431610107 1.5639007091522217 0.70324838161468506 1.5510553121566772
173.05389999970794 -0.81756269931793213 1.0398739576339722 0.66082930564880371 1.0434468984603882 -0.92683398723602295 1.5603574514389038 0.70824992656707764 1.6622183322906494
258.84270000085235 -0.81052535772323608 1.0462346076965332 0.64933317899703979 1.0222136974334717 -0.90693819522857666 1.556912899017334 0.76767367124557495 1.6188753843307495
346.15320000052452 -0.93528628349304199 1.0333923101425171 0.76910752058029175 0.99271965026855469 -0.98535090684890747 1.5544216632843018 0.87014549970626831 1.5454745292663574
431.51190000027418 -0.91147142648696899 1.0463783740997314 0.74362426996231079 0.98819077014923096 -0.93514621257781982 1.5684648752212524 0.89103418588638306 1.5558212995529175
536.2381999976933 -0.85038614273071289 1.0166621208190918 0.87603515386581421 0.96767157316207886 -0.88956105709075928 1.5226904153823853 1.0169956684112549 1.3478177785873413
623.29810000583529 -0.9080466628074646 1.0048151016235352 1.1714122295379639 0.85012644529342651 -0.94577610492706299 1.5322709083557129 2.0068137645721436 1.1050229072570801
710.80560000240803 -0.79365342855453491 0.98985779285430908 1.1237359046936035 0.5072212815284729 -0.81588667631149292 1.503656268119812 1.7159024477005005 0.70629411935806274
796.28870000317693 -1.0970199108123779 1.0091551542282104 1.655515193939209 0.39654496312141418 -1.1684110164642334 1.4985311031341553 2.7868902683258057 0.35748663544654846
881.54950000345707 -1.0862512588500977 0.98968589305877686 1.328937292098999 0.30975630879402161 -1.1656004190444946 1.4781527519226074 1.9081306457519531 0.15714961290359497
962.8623000010848 -0.94290751218795776 0.97003680467605591 1.3361096382141113 0.19855281710624695 -1.0479693412780762 1.4560810327529907 1.7919102907180786 -0.12552797794342041
1048.9393000006676 -0.82161474227905273 0.98156148195266724 1.1527094841003418 0.17551864683628082 -0.94271653890609741 1.4881362915039063 1.2563880681991577 -0.12686575949192047
1131.8988000005484 -0.8112030029296875 0.97107303142547607 1.4502613544464111 -0.025555398315191269 -0.88601678609848022 1.5029836893081665 1.0237866640090942 -0.56584000587463379
1219.9565999992192 -0.79333454370498657 0.95816385746002197 1.317058801651001 -0.092598885297775269 -0.81567412614822388 1.4803957939147949 0.99975019693374634 -0.41492095589637756
1300.8782000020146 -0.83288717269897461 0.97735834121704102 1.4747945070266724 -0.096758835017681122 -0.86529970169067383 1.4973138570785522 1.1164346933364868 -0.43791574239730835
1383.0783000029624 -0.85475611686706543 0.95894014835357666 1.4960393905639648 -0.089395567774772644 -0.90523654222488403 1.4716823101043701 1.1383931636810303 -0.44911998510360718
1469.1027000024915 -0.85042655467987061 0.95322799682617188 1.4299612045288086 -0.080979697406291962 -0.93022561073303223 1.4626840353012085 1.1374584436416626 -0.42209577560424805
1553.9564000032842 -0.84367549419403076 0.9428364634513855 1.4042297601699829 -0.074227355420589447 -0.9203106164932251 1.4564123153686523 1.142125129699707 -0.41679376363754272
1638.5718000009656 -0.86561065912246704 0.96278250217437744 1.39394211769104 -0.077952779829502106 -0.93826943635940552 1.473171591758728 1.118340015411377 -0.41663512587547302
1725.5755000002682 -0.85566139221191406 0.95630443096160889 1.4453669786453247 -0.075650408864021301 -0.92261028289794922 1.4604474306106567 1.1505783796310425 -0.42784637212753296
1811.0729999989271 -0.95231378078460693 0.95250415802001953 1.5333025455474854 -0.078141123056411743 -1.0304480791091919 1.4509552717208862 1.216738224029541 -0.4255688488483429
1900.2912000007927 -0.9644465446472168 0.97266978025436401 1.5587786436080933 -0.07918781042098999 -1.0253283977508545 1.4990377426147461 1.2249631881713867 -0.42727360129356384
1983.4756000004709 -0.92282980680465698 0.99297791719436646 1.5195417404174805 -0.07449234277009964 -0.97401046752929688 1.5272475481033325 1.1206715106964111 -0.45061147212982178
