89.746799999848008 -0.76832717657089233 0.40169769525527954 0.60735821723937988 0.40755933523178101 -0.70104777812957764 0.62577664852142334 0.67151337862014771 0.64225739240646362
239.68630000017583 -0.72732019424438477 0.40668687224388123 0.62090885639190674 0.40262278914451599 -0.68226456642150879 0.62818306684494019 0.66413801908493042 0.6449466347694397
391.21599999815226 -0.70445942878723145 0.4061465859413147 0.60655891895294189 0.40611445903778076 -0.69364070892333984 0.628337562084198 0.68835359811782837 0.64641320705413818
544.11459999904037 -0.76722508668899536 0.39527982473373413 0.89430040121078491 0.37519761919975281 -1.0503960847854614 0.61259669065475464 1.205435037612915 0.58844423294067383
706.13739999942482 -0.87726020812988281 0.32759597897529602 0.84539681673049927 0.28448078036308289 -1.3796236515045166 0.48665738105773926 1.3195352554321289 0.39300942420959473
862.63169999979436 -1.274399995803833 0.19967260956764221 1.1465610265731812 0.1529371589422226 -1.9172006845474243 0.10859347879886627 1.8247940540313721 0.077330827713012695
1023.8050999995321 -1.3280794620513916 0.12039576470851898 1.2164081335067749 0.097487583756446838 -1.6235085725784302 -0.028850436210632324 1.4374827146530151 -0.086707174777984619
1172.232100000605 -1.349509596824646 0.094228155910968781 1.4160284996032715 0.031982466578483582 -1.3904001712799072 -0.11575673520565033 1.2821624279022217 -0.16937588155269623
1330.2204999998212 -1.2473824024200439 0.063666075468063354 1.4933667182922363 0.011643300764262676 -1.1256402730941772 -0.14297623932361603 1.3335214853286743 -0.17057926952838898
1491.1420999988914 -1.2079449892044067 0.059632580727338791 1.3091994524002075 0.0039189490489661694 -1.0239949226379395 -0.14384929835796356 1.1228097677230835 -0.1836095005273819
1646.8004999998957 -1.1756917238235474 0.049987930804491043 1.3724392652511597 -0.0033259405754506588 -0.97060233354568481 -0.15019053220748901 1.1777111291885376 -0.18258635699748993
1808.8955000005662 -1.2535057067871094 0.052715197205543518 1.4287146329879761 -0.0089550185948610306 -1.1199960708618164 -0.15528053045272827 1.2299306392669678 -0.17965732514858246
1967.3651000000536 -1.1823863983154297 0.051575630903244019 1.3202587366104126 -0.015879720449447632 -0.99150103330612183 -0.17634569108486176 1.108267068862915 -0.17954017221927643
