10.867500001564622 -0.78734451532363892 0.38718429207801819 0.9219125509262085 0.39071378111839294 -0.68173927068710327 0.63284027576446533 0.98422789573669434 0.60210710763931274
93.066700000315905 -0.78723561763763428 0.38612633943557739 0.88596141338348389 0.39014095067977905 -0.69346755743026733 0.62795430421829224 0.95700246095657349 0.60471075773239136
179.25560000166297 -0.7984653115272522 0.38917633891105652 0.86578625440597534 0.39064490795135498 -0.71530264616012573 0.62916046380996704 0.93360269069671631 0.60796546936035156
291.53630000166595 -0.76202517747879028 0.39049419760704041 0.9063454270362854 0.39574241638183594 -0.65795415639877319 0.63449090719223022 0.97938263416290283 0.61162394285202026
375.28900000080466 -0.7828601598739624 0.39206224679946899 0.9060099720954895 0.39388495683670044 -0.69690436124801636 0.63707631826400757 0.97641563415527344 0.6102755069732666
458.03040000237525 -0.59621590375900269 0.38554093241691589 0.65865993499755859 0.39161330461502075 -0.52866822481155396 0.6275862455368042 0.71571481227874756 0.60931968688964844
544.65160000137985 -0.56568890810012817 0.38576734066009521 0.68639993667602539 0.39424407482147217 -0.49563592672348022 0.63236188888549805 0.76223284006118774 0.61431366205215454
628.68590000085533 -0.70547658205032349 0.3730323314666748 0.69938576221466064 0.35699161887168884 -0.78343623876571655 0.62570071220397949 1.1270123720169067 0.52465206384658813
713.43889999948442 -0.83782756328582764 0.33943039178848267 0.77314656972885132 0.27878931164741516 -1.1230877637863159 0.53120714426040649 1.3069390058517456 0.37636202573776245
798.1290000025183 -1.033505916595459 0.25396212935447693 0.80562090873718262 0.20472462475299835 -1.4671611785888672 0.30902042984962463 0.82728660106658936 0.23212519288063049
885.607899999246 -1.3417700529098511 0.18049031496047974 1.2355555295944214 0.20593151450157166 -1.7440550327301025 0.1696116179227829 1.6401771306991577 0.13619118928909302
971.15149999968708 -1.6796518564224243 0.1537872850894928 1.0096393823623657 0.16186420619487762 -1.914516806602478 0.031208992004394531 1.4076036214828491 0.029307294636964798
1055.2248000018299 -1.0622632503509521 0.14414292573928833 0.74670791625976563 0.067270435392856598 -1.3556348085403442 0.039738662540912628 0.98411387205123901 -0.14879965782165527
1138.1955000013113 -1.7119841575622559 0.087422609329223633 0.82834422588348389 0.056775253266096115 -1.5158913135528564 -0.15255104005336761 1.2236762046813965 -0.059093404561281204
1244.7689000014216 -1.0037598609924316 0.074015192687511444 0.72712695598602295 0.036582283675670624 -1.0661261081695557 -0.12501175701618195 0.95187407732009888 -0.017344372346997261
1331.9880000017583 -1.2982348203659058 0.056515224277973175 0.69162404537200928 0.01861022412776947 -1.0742727518081665 -0.15852561593055725 0.84278291463851929 -0.055311817675828934
1415.9700000025332 -1.0551937818527222 0.045148380100727081 0.67797690629959106 0.022472959011793137 -1.0865428447723389 -0.17129234969615936 0.83894145488739014 -0.11819005012512207
1501.471400000155 -1.1301029920578003 0.060060203075408936 0.70364880561828613 0.037543158978223801 -1.1093580722808838 -0.1524951159954071 0.76123815774917603 -0.12530657649040222
1587.2876000013202 -1.1691820621490479 0.059290673583745956 0.69282615184783936 0.035305384546518326 -1.165863037109375 -0.15217414498329163 0.76444107294082642 -0.10370336472988129
1671.2949000000954 -1.1480799913406372 0.052855957299470901 0.63165408372879028 0.031741295009851456 -1.1198288202285767 -0.15976832807064056 0.84404301643371582 -0.10812489688396454
1753.0991000011563 -1.1246039867401123 0.05099804699420929 0.71016228199005127 0.032686546444892883 -1.1061893701553345 -0.16758479177951813 0.78626871109008789 -0.12399626523256302
1842.2741999998689 -1.2467595338821411 0.053558290004730225 0.75100398063659668 0.024475468322634697 -1.1511064767837524 -0.15666678547859192 0.82569372653961182 -0.13143287599086761
1927.6486000008881 -1.1978024244308472 0.059456456452608109 0.72856849431991577 0.038014668971300125 -1.1817042827606201 -0.15172550082206726 0.91383713483810425 -0.0981784388422966
2015.6290000006557 -1.1457122564315796 0.056938730180263519 0.68163836002349854 0.039059992879629135 -1.1107999086380005 -0.16065342724323273 0.81926673650741577 -0.10077071189880371
