79.883899997919798 -0.64814245700836182 0.37125253677368164 0.99045538902282715 0.36659404635429382 -0.76675254106521606 0.58392304182052612 0.89440435171127319 0.58945459127426147
160.76259999908507 -0.7180970311164856 0.3699176013469696 0.94577950239181519 0.36180868744850159 -0.79878044128417969 0.62574923038482666 0.85344785451889038 0.59063869714736938
245.52799999900162 -0.74156343936920166 0.38943576812744141 0.96923726797103882 0.38776728510856628 -1.2607979774475098 0.62072581052780151 0.89199137687683105 0.60880208015441895
329.62909999862313 -0.66838079690933228 0.38690543174743652 1.0534534454345703 0.39322194457054138 -0.70382028818130493 0.63396334648132324 0.98376309871673584 0.61729145050048828
412.16049999929965 -0.71011471748352051 0.38517001271247864 1.0190613269805908 0.39041030406951904 -0.7501680850982666 0.62949550151824951 0.97201055288314819 0.61150681972503662
494.89319999888539 -0.78461366891860962 0.39813730120658875 0.98912471532821655 0.39189985394477844 -0.86231744289398193 0.63476121425628662 0.99961364269256592 0.6142277717590332
578.4750999994576 -0.77604198455810547 0.3943164050579071 1.1238875389099121 0.38295578956604004 -0.89641165733337402 0.62833660840988159 1.0499106645584106 0.60657733678817749
662.95659999921918 -1.2177597284317017 0.33477619290351868 1.0467630624771118 0.33343744277954102 -1.4310402870178223 0.52098971605300903 1.5330566167831421 0.50282222032546997
749.86399999819696 -1.0532200336456299 0.27402552962303162 0.90122407674789429 0.24206100404262543 -1.6101739406585693 0.38613694906234741 1.5705327987670898 0.3394748866558075
835.04689999856055 -1.3959378004074097 0.18940147757530212 1.2184377908706665 0.20139917731285095 -1.8662256002426147 0.19331684708595276 1.2838252782821655 0.18194442987442017
919.83469999954104 -1.5660258531570435 0.14460621774196625 1.3528264760971069 0.15148147940635681 -1.5921410322189331 0.016687970608472824 1.9400480985641479 0.016301661729812622
1005.6013999991119 -1.4523056745529175 0.1344999223947525 1.2533079385757446 0.070927910506725311 -1.6133835315704346 -0.09993366152048111 1.341575026512146 -0.075312137603759766
1093.4794999994338 -1.2584128379821777 0.12548159062862396 1.2541894912719727 0.062708586454391479 -1.4790905714035034 -0.14483298361301422 1.1852161884307861 -0.071359075605869293
1183.1860999967903 -1.2563999891281128 0.084150753915309906 1.1253863573074341 0.016630705446004868 -1.2068512439727783 -0.14698387682437897 1.2872163057327271 -0.087909899652004242
1268.4519999977201 -1.447070837020874 0.081815235316753387 0.98725354671478271 0.023244151845574379 -1.391587495803833 -0.14462709426879883 1.1292012929916382 -0.061785012483596802
1352.9016999993473 -1.2342536449432373 0.071897953748703003 0.77366334199905396 0.058603920042514801 -1.3457953929901123 -0.14735910296440125 1.1130232810974121 0.0020206877961754799
1442.4127999991179 -1.0749034881591797 0.06125173345208168 0.78684151172637939 0.025916112586855888 -1.0784295797348022 -0.1506965309381485 1.0272508859634399 -0.06448671966791153
1532.354399997741 -1.1652669906616211 0.06654425710439682 0.81950658559799194 0.038478948175907135 -1.207661509513855 -0.14247101545333862 1.3521199226379395 -0.025718444958329201
1620.9373000003397 -0.9888119101524353 0.065337508916854858 0.78696578741073608 0.021767761558294296 -1.0921971797943115 -0.15850168466567993 1.1045292615890503 -0.047967895865440369
1703.5439999997616 -1.192772388458252 0.056610804051160812 0.66169899702072144 0.025129381567239761 -1.2243235111236572 -0.15767143666744232 0.86428171396255493 -0.091922976076602936
1788.1547999996692 -1.206737756729126 0.060494545847177505 0.5853847861289978 0.026118665933609009 -1.3063570261001587 -0.15142010152339935 0.86501061916351318 -0.064347162842750549
1871.9878999982029 -1.1395794153213501 0.059621233493089676 0.62057977914810181 0.025830868631601334 -1.1788811683654785 -0.1529996246099472 0.95693188905715942 -0.069274947047233582
1960.316499998793 -1.432477593421936 0.063378311693668365 0.63003432750701904 0.033576469868421555 -1.2007964849472046 -0.16550047695636749 0.96560275554656982 -0.077384166419506073
