63.950299999210984 -0.88294434547424316 0.4154869019985199 0.90840083360671997 0.43926331400871277 -0.53911799192428589 0.62555086612701416 0.90937685966491699 0.66505968570709229
160.07859999965876 -0.91560858488082886 0.41600880026817322 0.88891524076461792 0.44455623626708984 -0.57647573947906494 0.62889677286148071 0.91489559412002563 0.66902154684066772
246.5832999991253 -0.91310930252075195 0.41745656728744507 0.90273571014404297 0.44440317153930664 -0.55456703901290894 0.62924903631210327 0.9198724627494812 0.66927528381347656
328.53109999978915 -0.91164696216583252 0.4116520881652832 0.85814899206161499 0.4368283748626709 -0.57960778474807739 0.62386900186538696 0.88100755214691162 0.66377300024032593
420.06889999983832 -0.90264147520065308 0.41508033871650696 0.86089432239532471 0.44471228122711182 -0.55323600769042969 0.62849998474121094 0.8919062614440918 0.66956257820129395
505.30879999976605 -0.92282313108444214 0.41536954045295715 0.89170598983764648 0.43708375096321106 -0.58979493379592896 0.62641161680221558 0.96952587366104126 0.65962737798690796
590.85690000001341 -0.87759530544281006 0.39675259590148926 1.0964832305908203 0.37106084823608398 -1.2202818393707275 0.6254386305809021 1.7010271549224854 0.61367827653884888
675.12719999952242 -0.90541434288024902 0.31399241089820862 1.1000411510467529 0.32159018516540527 -1.3003770112991333 0.48371905088424683 1.851810097694397 0.50885629653930664
784.32609999971464 -1.0386060476303101 0.29576119780540466 1.2309644222259521 0.29499021172523499 -1.6175192594528198 0.39417174458503723 1.7930276393890381 0.4050266444683075
872.23879999993369 -1.4741562604904175 0.24616831541061401 1.392966628074646 0.25160729885101318 -2.2478320598602295 0.22136673331260681 1.7220644950866699 0.24019967019557953
955.02329999953508 -1.4020370244979858 0.1972164660692215 1.7793041467666626 0.17503392696380615 -1.9953118562698364 0.086433149874210358 2.0258581638336182 0.015646293759346008
1039.2072999994271 -1.2020342350006104 0.13958130776882172 1.4330880641937256 0.11260786652565002 -1.4251399040222168 -0.025772180408239365 1.5037848949432373 -0.10811913013458252
1121.6946999998763 -1.2442972660064697 0.11312886327505112 1.561335563659668 0.075149953365325928 -1.3611724376678467 -0.12043507397174835 1.3388316631317139 -0.11921507865190506
1209.1997999995947 -1.2776095867156982 0.10545387864112854 1.5843018293380737 0.054631471633911133 -1.3195579051971436 -0.13530358672142029 1.177987813949585 -0.19026866555213928
1290.9918999997899 -1.2289584875106812 0.080329924821853638 1.6375049352645874 0.022602491080760956 -1.1276806592941284 -0.17281807959079742 1.223741888999939 -0.18425360321998596
1378.1239999998361 -1.1394870281219482 0.078405663371086121 1.5491905212402344 0.016719333827495575 -1.0521477460861206 -0.16178236901760101 1.178180456161499 -0.17689782381057739
1466.30179999955 -1.1491636037826538 0.072847716510295868 1.5431281328201294 0.010899796150624752 -0.97817564010620117 -0.18508780002593994 1.1823569536209106 -0.18768702447414398
1550.0083999997005 -1.1433448791503906 0.072202011942863464 1.4864382743835449 0.042242813855409622 -1.0249691009521484 -0.17653977870941162 1.1792861223220825 -0.1860993504524231
1633.4030999997631 -1.1771693229675293 0.072751067578792572 1.5018033981323242 0.047078244388103485 -1.0043445825576782 -0.18005786836147308 1.2081139087677002 -0.1897156834602356
1715.9550000000745 -1.1989842653274536 0.076499700546264648 1.5204133987426758 0.043367113918066025 -1.0692281723022461 -0.17162327468395233 1.2937511205673218 -0.19190971553325653
1805.4732999997213 -1.0720353126525879 0.07897968590259552 1.5565353631973267 0.016725065186619759 -1.0031092166900635 -0.15501515567302704 1.2162501811981201 -0.18495871126651764
1887.931599999778 -1.0940918922424316 0.083091579377651215 1.5566139221191406 0.040524821728467941 -1.101861834526062 -0.13026736676692963 1.286036491394043 -0.20000538229942322
1976.4955999995582 -1.0947210788726807 0.075537323951721191 1.4715073108673096 0.039667285978794098 -1.0362503528594971 -0.14878596365451813 1.1849230527877808 -0.17970031499862671
