31.16160000115633 -0.54975104331970215 0.39237380027770996 0.65196835994720459 0.39273729920387268 -0.50213122367858887 0.63361197710037231 0.69448018074035645 0.60323572158813477
114.98709999956191 -0.72356122732162476 0.39247363805770874 0.92111706733703613 0.39036747813224792 -0.65045654773712158 0.62781858444213867 0.95632445812225342 0.60070419311523438
200.59259999915957 -0.5616108775138855 0.39172050356864929 0.66633737087249756 0.39070305228233337 -0.50596410036087036 0.63501065969467163 0.69418889284133911 0.60231459140777588
287.59090000018477 -0.54477304220199585 0.39089760184288025 0.65736234188079834 0.39322590827941895 -0.50891894102096558 0.63003557920455933 0.6922873854637146 0.60344386100769043
376.19270000047982 -0.53997284173965454 0.39101848006248474 0.66093719005584717 0.39281433820724487 -0.49028933048248291 0.63176780939102173 0.69310104846954346 0.60567998886108398
454.59849999845028 -0.53477782011032104 0.38867801427841187 0.68530732393264771 0.39127901196479797 -0.46609252691268921 0.6296379566192627 0.70794320106506348 0.60368824005126953
539.66149999946356 -0.55190354585647583 0.38506683707237244 0.6573522686958313 0.39083206653594971 -0.52675867080688477 0.62709337472915649 0.6795540452003479 0.60559111833572388
657.58620000258088 -0.57653599977493286 0.39008679986000061 0.67339551448822021 0.39046508073806763 -0.57383507490158081 0.63608467578887939 0.72868013381958008 0.60218548774719238
740.07990000024438 -0.83129698038101196 0.37226632237434387 0.74150365591049194 0.37129127979278564 -0.95151418447494507 0.62402206659317017 0.9925992488861084 0.55887377262115479
826.91229999996722 -1.1007981300354004 0.26541092991828918 0.97317135334014893 0.26732128858566284 -1.5869787931442261 0.34680062532424927 1.3021165132522583 0.33129268884658813
913.80379999987781 -1.3667802810668945 0.19869537651538849 0.90098929405212402 0.21893963217735291 -1.8071262836456299 0.19342510402202606 1.5615332126617432 0.1700485497713089
1000.9786000009626 -1.3144829273223877 0.17604649066925049 1.147250771522522 0.20636604726314545 -1.9125009775161743 0.052497249096632004 1.8538464307785034 0.089996680617332458
1088.1662999987602 -1.5266155004501343 0.12037043273448944 1.076113224029541 0.056205153465270996 -1.5823652744293213 -0.10107447952032089 1.5453599691390991 -0.09616842120885849
1169.8941999990493 -1.1689523458480835 0.12685704231262207 0.79705178737640381 0.10814039409160614 -1.4288703203201294 0.070421434938907623 1.1541050672531128 0.070172891020774841
1251.4456000011414 -1.467583179473877 0.063095659017562866 0.92614614963531494 0.08064742386341095 -1.2847139835357666 -0.13579343259334564 1.3405512571334839 0.017917953431606293
1333.306400001049 -1.5153931379318237 0.054637838155031204 1.1209408044815063 0.063000112771987915 -1.3049001693725586 -0.13732920587062836 1.2091829776763916 0.034256085753440857
1414.5538999997079 -1.602877140045166 0.046642351895570755 1.0994349718093872 0.049770019948482513 -1.3313654661178589 -0.14309501647949219 1.2249209880828857 -0.039351034909486771
1500.3057000003755 -1.6534521579742432 0.055840503424406052 0.98268681764602661 0.061416398733854294 -1.2841389179229736 -0.15216413140296936 1.2358143329620361 -0.036610245704650879
1582.6641999986023 -1.6900069713592529 0.045134831219911575 1.0562030076980591 0.045583117753267288 -1.3745166063308716 -0.15674751996994019 1.4040577411651611 -0.036506365984678268
1663.3260000012815 -1.2138165235519409 0.039946120232343674 0.84428697824478149 0.018659152090549469 -1.0766013860702515 -0.16042535006999969 1.0558546781539917 -0.09896068274974823
1748.4290999993682 -1.2965329885482788 0.049622185528278351 0.85889053344726563 0.032463133335113525 -1.04706871509552 -0.14427773654460907 1.0549978017807007 -0.071994960308074951
1871.7949999999255 -1.6668025255203247 0.04220135509967804 1.3137632608413696 -0.015633828938007355 -1.3731734752655029 -0.17710845172405243 1.3734333515167236 -0.11261581629514694
1960.160300001502 -1.6936826705932617 0.054514177143573761 1.0814365148544312 0.043562516570091248 -1.3538576364517212 -0.14749373495578766 1.3847440481185913 -0.070028580725193024
