64.24239999987185 -0.71096605062484741 0.38545581698417664 0.98248666524887085 0.39244845509529114 -0.65841811895370483 0.62871277332305908 1.0610947608947754 0.61364567279815674
153.37389999814332 -0.74071931838989258 0.38370624184608459 0.97899013757705688 0.39242804050445557 -0.68462157249450684 0.62933593988418579 1.066902756690979 0.6132807731628418
239.09569999948144 -0.7144884467124939 0.39103522896766663 0.90768194198608398 0.39120858907699585 -0.64060211181640625 0.63285690546035767 1.0110325813293457 0.61293846368789673
321.49339999817312 -0.74986940622329712 0.38726285099983215 0.95647710561752319 0.38762721419334412 -0.68219393491744995 0.63242679834365845 1.012748122215271 0.60835129022598267
420.22899999655783 -0.74364775419235229 0.38394683599472046 0.90887141227722168 0.39346373081207275 -0.65536290407180786 0.62340319156646729 0.98960936069488525 0.61788517236709595
541.30239999853075 -0.55445963144302368 0.38880306482315063 0.65562981367111206 0.38759535551071167 -0.48234280943870544 0.6313251256942749 0.72997134923934937 0.61086082458496094
624.82699999772012 -0.58881741762161255 0.38019594550132751 0.75060075521469116 0.37694826722145081 -0.56099164485931396 0.6347050666809082 0.85421377420425415 0.5852171778678894
711.51999999769032 -0.68406969308853149 0.37642836570739746 0.68457686901092529 0.35785588622093201 -0.7404245138168335 0.62559127807617188 0.90910631418228149 0.57599759101867676
793.32549999840558 -0.83799010515213013 0.32418110966682434 0.672588050365448 0.26334023475646973 -1.0099109411239624 0.49705556035041809 1.1785986423492432 0.39715197682380676
878.60249999910593 -0.87284606695175171 0.25835579633712769 0.68543773889541626 0.24702116847038269 -1.1960794925689697 0.34250390529632568 1.063372015953064 0.27955198287963867
961.2438999991864 -1.3341174125671387 0.20145778357982635 1.5755693912506104 0.18224193155765533 -1.9107117652893066 0.18932700157165527 1.8172192573547363 0.1615750789642334
1060.7046999987215 -1.4420375823974609 0.15150304138660431 1.3847068548202515 0.11876531690359116 -1.680635929107666 -0.020814791321754456 1.5641583204269409 -0.065131373703479767
1143.5008999984711 -1.3243032693862915 0.092557467520236969 0.73472821712493896 0.10570988804101944 -1.3184082508087158 -0.13716998696327209 1.1153424978256226 0.031741321086883545
1226.9183999989182 -1.1750800609588623 0.083047084510326385 0.6223558783531189 0.071379750967025757 -1.1836463212966919 -0.16249991953372955 0.78907430171966553 -0.0075006089173257351
1309.8947999998927 -1.2454427480697632 0.052957121282815933 0.78182101249694824 0.053851891309022903 -1.1046544313430786 -0.173061802983284 0.82548832893371582 -0.020497854799032211
1394.0924999974668 -1.2236365079879761 0.01301151979714632 0.5933147668838501 0.065115891396999359 -1.1237860918045044 -0.18455860018730164 0.78034043312072754 0.0022498266771435738
1480.5021999981254 -1.1529484987258911 0.011858821846544743 0.54432445764541626 0.069730475544929504 -1.0947412252426147 -0.1627572774887085 0.78553640842437744 0.0048119761049747467
1567.5031999982893 -1.1679933071136475 0.046287648379802704 0.57042419910430908 0.089331202208995819 -1.0412862300872803 -0.16129717230796814 0.90318679809570313 0.039003830403089523
1654.2628999985754 -1.2268692255020142 0.040126513689756393 0.67283719778060913 0.089338764548301697 -1.0519181489944458 -0.16191613674163818 0.96857017278671265 0.027373487129807472
1740.9773999974132 -1.221295952796936 0.033643294125795364 0.70575249195098877 0.068576782941818237 -1.0830866098403931 -0.1621442437171936 0.87884521484375 -0.0054009794257581234
1826.7499999981374 -1.4254254102706909 0.030553756281733513 0.73181986808776855 0.07077258825302124 -1.2710815668106079 -0.16291579604148865 1.0363225936889648 0.016084877774119377
1919.052899999544 -1.2541050910949707 0.044499486684799194 0.57693791389465332 0.090124621987342834 -1.0635241270065308 -0.16654945909976959 0.91018587350845337 0.023403618484735489
